Résultats obtenus à instance fixe: lam = 0.1, mu = 1.1, nu = 1.7

résultat avec heuristique déterministe : 951

--------------------
time = 500, gs = 30
--------------------

0  1083.3739610696712
1  1122.5968746771218
2  1010.6297882430314
3  1039.7474998526695
4  1036.9532110324078
5  1041.1008993521325
6  1148.6165388581403
7  1126.5561883928247
8  1052.10695916502
9  1032.2908923865846
10 1085.6895787434648
11 1123.6850760347584
12 1055.6867435755848
13 1103.8551936191266
14 1145.3009000320524
15 1064.1520209266826
16 1059.2069430570118
17 1052.4226113149257
18 1067.3793850106429
19 1059.0931506276736

[1083.3739610696712, 1122.5968746771218, 1010.6297882430314, 1039.7474998526695, 1036.9532110324078, 1041.1008993521325, 1148.6165388581403, 1126.5561883928247, 1052.10695916502, 1032.2908923865846, 1085.6895787434648, 1123.6850760347584, 1055.6867435755848, 1103.8551936191266, 1145.3009000320524, 1064.1520209266826, 1059.2069430570118, 1052.4226113149257, 1067.3793850106429, 1059.0931506276736]

mean = 1075.5222207985764
min  = 1032.2908923865846

--------------
time = 1000, gs = 30
--------------

0 1026.611220183726
1 1059.8527141371349
2 1155.505087847665
3 1121.0381105063427
4 988.7336937590297
5 1108.2845842342233
6 1067.7891197784677
7 1016.034376170618
8 1029.4970178222338
9 1048.8975042355978
10 1094.7241111392993
11 1114.1511813804284
12 1013.776851361049
13 1037.934459557688
14 1077.7199363468735
15 1046.0924270390897
16 1127.482815099393
17 1001.22733451512
18 1093.951850108356
19 1078.267260723113

[1026.611220183726, 1059.8527141371349, 1155.505087847665, 1121.0381105063427, 988.7336937590297, 1108.2845842342233, 1067.7891197784677, 1016.034376170618, 1029.4970178222338, 1048.8975042355978, 1094.7241111392993, 1114.1511813804284, 1013.776851361049, 1037.934459557688, 1077.7199363468735, 1046.0924270390897, 1127.482815099393, 1001.22733451512, 1093.951850108356, 1078.267260723113]

mean = 1065.3785827972724
min = 988.7336937590297


---------------
time = 2000, gs = 30
---------------

0 1142.6662275331166
1 1031.5381976790354
2 1051.8533214222398
3 1022.6660305909296
4 1062.7337302354667
5 1046.4224422339582
6 1000.4312905846456
7 1064.8860496081481
8 1078.692620599722
9 1076.1907577578534
10 1070.9642084624268
11 1097.3290430934007
12 1072.6577600214841
13 1105.188637925877
14 1076.014397370996
15 972.575294531666
16 1062.699249136071
17 1007.1058900952091
18 1029.9515767332691
19 1058.8579817852678

[1142.6662275331166, 1031.5381976790354, 1051.8533214222398, 1022.6660305909296, 1062.7337302354667, 1046.4224422339582, 1000.4312905846456, 1064.8860496081481, 1078.692620599722, 1076.1907577578534, 1070.9642084624268, 1097.3290430934007, 1072.6577600214841, 1105.188637925877, 1076.014397370996, 972.575294531666, 1062.699249136071, 1007.1058900952091, 1029.9515767332691, 1058.8579817852678]

mean = 1056.5712353700394

min = 972.575294531666


------------------
time = 2000, gs = 25
------------------

0 1039.8585356157873
1 1001.6670582064038
2 1029.4590444691798
3 1055.2379200841128
4 1034.0380004322806
5 1022.7051285573181
6 999.6160961681867
7 1050.1067448844012
8 1040.6665311193192
9 993.241568138369
10 973.8673346709206
11 1074.9192729230476
12 1030.1870473178876
13 1028.7948954280794
14 1078.783810975327
15 1003.813232688768
16 1107.4536635538589
17 1058.55454750109
18 977.916560037524
19 1002.3810950670132

[1039.8585356157873, 1001.6670582064038, 1029.4590444691798, 1055.2379200841128, 1034.0380004322806, 1022.7051285573181, 999.6160961681867, 1050.1067448844012, 1040.6665311193192, 993.241568138369, 973.8673346709206, 1074.9192729230476, 1030.1870473178876, 1028.7948954280794, 1078.783810975327, 1003.813232688768, 1107.4536635538589, 1058.55454750109, 977.916560037524, 1002.3810950670132]

mean = 1030.1634043919437
min = 973.8673346709206

--------------------
time = 2000, gs = 20
--------------------

0 1059.6253585901795
1 1029.1338117215714
2 1001.1257998299744
3 1027.689160897953
4 948.6827364747086
5 1083.2216301011797
6 1060.5215113798545
7 1065.0205401487078
8 1024.5479865748355
9 1035.6714571944674
10 1023.411021317767
11 985.3681652087075
12 1091.7133329097517
13 1056.1884041034375
14 1002.6430724198513
15 1030.2921706744617
16 1005.6935545980815
17 1062.9294578072968
18 1042.3676548223193
19 1104.4927010109532
[1059.6253585901795, 1029.1338117215714, 1001.1257998299744, 1027.689160897953, 948.6827364747086, 1083.2216301011797, 1060.5215113798545, 1065.0205401487078, 1024.5479865748355, 1035.6714571944674, 1023.411021317767, 985.3681652087075, 1091.7133329097517, 1056.1884041034375, 1002.6430724198513, 1030.2921706744617, 1005.6935545980815, 1062.9294578072968, 1042.3676548223193, 1104.4927010109532]

mean = 1037.016976389303

min = 948.6827364747086

0 1098.1874790030504
1 1119.2788184412416
2 1000.6701064778421
3 1117.1305523263472
4 1068.2059879405133
5 1022.0506259621515
6 1025.349526323639
7 985.7845764971296
8 1097.431937455836
9 1009.0027081245032
10 1000.4932044621646
11 1051.2369959963098
12 1073.9015530093989
13 1080.8432396280189
14 1096.8642060531388
15 1038.8632717242106
16 1032.5238199021753
17 1043.3235368435703
18 1072.8399080113131
19 989.3091371092403
20 1079.7424815928941
21 1101.1012054892299
22 1019.9779823463587
23 1029.0974843346507
24 996.0521638255145
25 1011.8336953650945
26 1075.7665985169906
27 1029.7493645096836
28 988.4650888109182
29 1065.8389374355665
30 1011.9876129953324
31 1118.332054263496
32 1143.2892149152412
33 1062.9289395171882
34 1006.8443261148553
35 1037.9571464087155
36 1048.8841839974145
37 1031.3634191332808
38 1005.7398119182026
39 1063.9630278472612
40 1056.8693633111359
41 1016.0414585610545
42 1000.635633000843
43 1093.6913778121789
44 1001.7181039942462
45 1068.1103612164625
46 996.6729447560865
47 1052.1921249403383
48 1052.3374943946824
49 1033.426429340233

[1098.1874790030504, 1119.2788184412416, 1000.6701064778421, 1117.1305523263472, 1068.2059879405133, 1022.0506259621515, 1025.349526323639, 985.7845764971296, 1097.431937455836, 1009.0027081245032, 1000.4932044621646, 1051.2369959963098, 1073.9015530093989, 1080.8432396280189, 1096.8642060531388, 1038.8632717242106, 1032.5238199021753, 1043.3235368435703, 1072.8399080113131, 989.3091371092403, 1079.7424815928941, 1101.1012054892299, 1019.9779823463587, 1029.0974843346507, 996.0521638255145, 1011.8336953650945, 1075.7665985169906, 1029.7493645096836, 988.4650888109182, 1065.8389374355665, 1011.9876129953324, 1118.332054263496, 1143.2892149152412, 1062.9289395171882, 1006.8443261148553, 1037.9571464087155, 1048.8841839974145, 1031.3634191332808, 1005.7398119182026, 1063.9630278472612, 1056.8693633111359, 1016.0414585610545, 1000.635633000843, 1093.6913778121789, 1001.7181039942462, 1068.1103612164625, 996.6729447560865, 1052.1921249403383, 1052.3374943946824, 1033.426429340233]

mean = 1046.4780244391388

min = 985.7845764971296

[[0, 26, 9, 33, 5, 3, 1, 8], [0, 14, 18, 4, 35, 25], [0, 20, 19, 31, 34, 17, 13], [0, 24, 16, 6, 36, 29], [0, 27, 11, 12, 22, 23, 28, 2, 21], [0, 10, 30, 15, 32, 7]]
------------------------
time = 2000, gs = 15
----------------------

0 1064.9886108984156
1 1072.961049794524
2 959.3231098905479
3 1078.7993689787065
4 1009.4722926710974
5 1019.2046337977063
6 991.4894166584222
7 1050.4797649655645
8 976.6745609155781
9 1108.4559973405492
10 1008.4811519060016
11 1044.433947430185
12 990.0510486096426
13 993.071514160795
14 1011.1564165855949
15 1041.5983145553812
16 1100.3351970709514
17 991.7002413135831
18 1095.3707785495112
19 974.2249840503041

[1064.9886108984156, 1072.961049794524, 959.3231098905479, 1078.7993689787065, 1009.4722926710974, 1019.2046337977063, 991.4894166584222, 1050.4797649655645, 976.6745609155781, 1108.4559973405492, 1008.4811519060016, 1044.433947430185, 990.0510486096426, 993.071514160795, 1011.1564165855949, 1041.5983145553812, 1100.3351970709514, 991.7002413135831, 1095.3707785495112, 974.2249840503041]

mean = 1029.1136200071528

min = 959.3231098905479


------------------------
time = 2000, gs = 10
----------------------

0 1019.5516562799525
1 1050.3831092978253
2 1091.2300345552771
3 993.1359796303343
4 1044.4237171892064
5 1064.2451283954767
6 1059.6024428274998
7 1066.108971128727
8 1042.2425420275354
9 1053.5198900775242
10 1049.459946436531
11 1067.899880297941
12 961.920353274187
13 1005.8740148544186
14 1001.3082066941633
15 979.1598421858307
16 1034.4819218040245
17 1011.300546210222
18 1122.9137696713474
19 1081.4205165225299

[1019.5516562799525, 1050.3831092978253, 1091.2300345552771, 993.1359796303343, 1044.4237171892064, 1064.2451283954767, 1059.6024428274998, 1066.108971128727, 1042.2425420275354, 1053.5198900775242, 1049.459946436531, 1067.899880297941, 961.920353274187, 1005.8740148544186, 1001.3082066941633, 979.1598421858307, 1034.4819218040245, 1011.300546210222, 1122.9137696713474, 1081.4205165225299]

1040.0091234680276
961.920353274187

[[0, 35, 32, 15, 11, 23], [0, 22, 12, 10, 30, 25, 27, 7, 16], [0, 20, 8, 5, 2, 28, 21, 26], [0, 18, 4, 31, 19, 9, 33, 3, 1], [0, 24, 29, 36], [0, 14, 6, 34, 17, 13]]


0 1019.4226791126438
1 1052.7898862680418
2 966.4215890191633
3 972.2411978080991
4 997.039940167391
5 1006.6389387692161
6 1058.662346703648
7 1024.1173407546307
8 1047.5004507936771
9 1024.3537404772146
10 1017.282279425239
11 1041.0475468494976
12 982.4176811471932
13 1053.1742548126722
14 992.0656084189263
15 1075.5669860904477
16 1092.5817915406583
17 994.1061625515624
18 1044.7137310616602
19 1079.2577193543234

[1019.4226791126438, 1052.7898862680418, 966.4215890191633, 972.2411978080991, 997.039940167391, 1006.6389387692161, 1058.662346703648, 1024.1173407546307, 1047.5004507936771, 1024.3537404772146, 1017.282279425239, 1041.0475468494976, 982.4176811471932, 1053.1742548126722, 992.0656084189263, 1075.5669860904477, 1092.5817915406583, 994.1061625515624, 1044.7137310616602, 1079.2577193543234]

mean = 1027.070093556295

min = 966.4215890191633

[[0, 8, 3, 5, 33, 9, 2], [0, 27, 35, 25, 11, 22], [0, 13, 17, 34, 19, 31, 6], [0, 16, 4, 26, 10, 12, 23, 28, 21, 1, 20], [0, 36, 29, 24], [0, 7, 32, 15, 30, 18, 14]]


0 960.4799033834777
1 1110.1174848461194
2 1018.2631937530552
3 1026.1726064026666
4 1028.0126474047681
5 1003.5408887088647
6 986.5045938776872
7 1052.9494923275251
8 1051.8623620186427
9 1028.6781044132308
10 973.0131958345753
11 1013.1879084568307
12 966.3767692003867
13 1072.5949430503254
14 1004.4629620017092
15 1060.4130663705253
16 1042.607986834329
17 1048.7873226822423
18 1052.3575505130343
19 982.76376770908
20 984.8505223403497
21 1072.0681008905246
22 1040.6427354778943
23 1116.018057617421
24 1014.5821754752103
25 1040.4262907686168
26 1000.2327304505372
27 1074.127404698374
28 1021.2524798343849
29 1109.558315004493
30 1049.4692958356068
31 1051.1200776146597
32 1005.9284890356257
33 1009.1522606553629
34 1045.6626978348713
35 1011.7086187250937
36 1014.7377177536252
37 1009.3795978425135
38 1022.052646330959
39 1036.6507262481366
40 982.2409531876884
41 990.4645074981031
42 1055.5376506441114
43 1107.254546464666
44 972.9808520304637
45 965.1256661298565
46 1015.6385326849847
47 1034.487308064724
48 1032.5560922328282
49 1007.3687278630441

[960.4799033834777, 1110.1174848461194, 1018.2631937530552, 1026.1726064026666, 1028.0126474047681, 1003.5408887088647, 986.5045938776872, 1052.9494923275251, 1051.8623620186427, 1028.6781044132308, 973.0131958345753, 1013.1879084568307, 966.3767692003867, 1072.5949430503254, 1004.4629620017092, 1060.4130663705253, 1042.607986834329, 1048.7873226822423, 1052.3575505130343, 982.76376770908, 984.8505223403497, 1072.0681008905246, 1040.6427354778943, 1116.018057617421, 1014.5821754752103, 1040.4262907686168, 1000.2327304505372, 1074.127404698374, 1021.2524798343849, 1109.558315004493, 1049.4692958356068, 1051.1200776146597, 1005.9284890356257, 1009.1522606553629, 1045.6626978348713, 1011.7086187250937, 1014.7377177536252, 1009.3795978425135, 1022.052646330959, 1036.6507262481366, 982.2409531876884, 990.4645074981031, 1055.5376506441114, 1107.254546464666, 972.9808520304637, 965.1256661298565, 1015.6385326849847, 1034.487308064724, 1032.5560922328282, 1007.3687278630441]

mean = 1027.5284505404761
min = 960.4799033834777

[[0, 18, 17, 35, 27, 16, 7], [0, 6, 20, 8, 5, 3, 1, 34, 4], [0, 36, 29, 24], [0, 9, 21, 22, 12, 23, 28, 2, 33], [0, 14, 31, 19, 30, 13], [0, 25, 32, 15, 11, 10, 26]]


0 1061.7564005391296
1 1002.955739111218
2 1049.4233572269202
3 1027.6525917054048
4 1041.5295580551021
5 1001.1217721370035
6 1045.2520703572268
7 1037.5449700871884
8 1017.229721216431
9 1029.8938142315917
10 994.8102823624257
11 1040.2255465115954
12 1038.78264488137
13 1009.2956860365499
14 1079.7137738485374
15 1062.6002850929794
16 1106.2602502216662
17 951.1732947142605
18 1017.2636963418621
19 1100.437522685274
20 994.7783520064968
21 997.2751965493311
22 1044.9234177802891
23 1004.6440576428568
24 1126.4364898263068
25 951.2966165017843
26 1011.435285565042
27 974.03904624062
28 1019.7334992472141
29 1116.8976350377648
30 1013.9975770344465
31 1024.2600252048003
32 974.564191584328
33 969.0002024290065
34 1142.1733105606224
35 1025.9673914838554
36 1012.6112076720641
37 1034.9334300816
38 1024.406400725513
39 963.4219289953987
40 1019.9014659247825
41 1117.4828177182342
42 1058.0132365448226
43 1064.1907077725475
44 1017.0020733435082
45 997.0510498646294
46 1004.9120909848473
47 1023.2852393672608
48 997.1885326036279
49 1014.2887367250563

[1061.7564005391296, 1002.955739111218, 1049.4233572269202, 1027.6525917054048, 1041.5295580551021, 1001.1217721370035, 1045.2520703572268, 1037.5449700871884, 1017.229721216431, 1029.8938142315917, 994.8102823624257, 1040.2255465115954, 1038.78264488137, 1009.2956860365499, 1079.7137738485374, 1062.6002850929794, 1106.2602502216662, 951.1732947142605, 1017.2636963418621, 1100.437522685274, 994.7783520064968, 997.2751965493311, 1044.9234177802891, 1004.6440576428568, 1126.4364898263068, 951.2966165017843, 1011.435285565042, 974.03904624062, 1019.7334992472141, 1116.8976350377648, 1013.9975770344465, 1024.2600252048003, 974.564191584328, 969.0002024290065, 1142.1733105606224, 1025.9673914838554, 1012.6112076720641, 1034.9334300816, 1024.406400725513, 963.4219289953987, 1019.9014659247825, 1117.4828177182342, 1058.0132365448226, 1064.1907077725475, 1017.0020733435082, 997.0510498646294, 1004.9120909848473, 1023.2852393672608, 997.1885326036279, 1014.2887367250563]

mean = 1029.1006838076482
min = 951.1732947142605

[[0, 4, 32, 15, 17, 34, 31, 6], [0, 7, 13, 30, 10, 18, 14], [0, 27, 35, 25, 16], [0, 24, 29, 36], [0, 20, 8, 5, 2, 28, 23, 22, 12, 11], [0, 1, 3, 33, 9, 21, 26, 19]]

0 1020.4364984604358
1 1034.3128850661515
2 994.6626971990938
3 994.3420482205222
4 1006.7654751682023
5 1056.5518140677634
6 1014.7834227513326
7 979.7506601072388
8 1043.8353169618654
9 975.8160699241146
10 1025.779845537076
11 1034.507872795424
12 1102.8550451283866
13 1036.6292684161956
14 1006.413730413349
15 1064.4295357880653
16 1014.1682060651988
17 1037.0057104212337
18 992.9479033864346
19 987.0429340832409
20 1036.4445719991043
21 1023.2078320064604
22 1027.5522190900174
23 1095.566020413333
24 1040.234860386739
25 1087.1335810528858
26 1006.7211790555673
27 1007.1708733818423
28 1063.6349907915323
29 979.1200608575859
30 1006.0139119235535
31 995.449023025583
32 1083.5074017180154
33 996.6033255900845
34 993.9595158427549
35 1022.3373515558333
36 1049.3929535369373
37 976.7504923818403
38 1013.9405005552117
39 939.0651740631849
40 1039.8006443932632
41 969.6040413157126
42 983.9263336928904
43 989.0748151735448
44 1019.8097820567975
45 1091.0274840925035
46 969.8056320618538
47 1056.8392357262715
48 1041.4419044361614
49 914.4068906112286

[1020.4364984604358, 1034.3128850661515, 994.6626971990938, 994.3420482205222, 1006.7654751682023, 1056.5518140677634, 1014.7834227513326, 979.7506601072388, 1043.8353169618654, 975.8160699241146, 1025.779845537076, 1034.507872795424, 1102.8550451283866, 1036.6292684161956, 1006.413730413349, 1064.4295357880653, 1014.1682060651988, 1037.0057104212337, 992.9479033864346, 987.0429340832409, 1036.4445719991043, 1023.2078320064604, 1027.5522190900174, 1095.566020413333, 1040.234860386739, 1087.1335810528858, 1006.7211790555673, 1007.1708733818423, 1063.6349907915323, 979.1200608575859, 1006.0139119235535, 995.449023025583, 1083.5074017180154, 996.6033255900845, 993.9595158427549, 1022.3373515558333, 1049.3929535369373, 976.7504923818403, 1013.9405005552117, 939.0651740631849, 1039.8006443932632, 969.6040413157126, 983.9263336928904, 989.0748151735448, 1019.8097820567975, 1091.0274840925035, 969.8056320618538, 1056.8392357262715, 1041.4419044361614, 914.4068906112286]

mean = 1018.8515908549927

min = 914.4068906112286 (erreur dans l'algo)

[[0, 6, 20, 19, 31, 34, 17, 18, 4], [0, 8, 1, 3, 5, 33, 9, 21, 26], [0, 10, 11, 12, 22, 23, 28, 2, 14], [0, 13, 30, 15, 32, 27], [0, 24, 29, 36], [0, 7, 25, 35, 16]]


0 998.4482247249493
1 1078.8611975112908
2 986.5580164380988
3 1074.896343859869
4 1014.6979380971612
5 1021.3658805718449
6 1060.6060144855323
7 989.1130663388083
8 1037.430923211456
9 1013.1034502831003
10 1004.8959539037452
11 1077.3851093891192
12 1013.5185031026721
13 1025.4729034891
14 1057.2245253071123
15 967.7978323963131
16 974.3978206903205
17 979.907119671877
18 973.7720171194705
19 1005.5247998371773
20 1073.1563013277887
21 989.7834521756481
22 1061.5724836404506
23 1028.2259305497755
24 1058.0663349908555
25 1060.6044100936817
26 973.4874536980176
27 991.4676926134783
28 1017.780693118972
29 1071.4212873769502
30 1041.6820203351626
31 1033.401431197359
32 1041.5515204087237
33 1067.7527471303624
34 1040.9185907579774
35 974.3811581413227
36 1016.5492690159226
37 1000.1226826373393
38 1040.2836006546154
39 1053.5042396576994
40 1018.3377851961959
41 1079.487632103441
42 1004.4927404426776
43 1026.9940424418705
44 997.1133968630568
45 989.1014229913493
46 1039.940685688974
47 1045.2644037532227
48 1045.7236580750746
49 1056.5759692688084

[998.4482247249493, 1078.8611975112908, 986.5580164380988, 1074.896343859869, 1014.6979380971612, 1021.3658805718449, 1060.6060144855323, 989.1130663388083, 1037.430923211456, 1013.1034502831003, 1004.8959539037452, 1077.3851093891192, 1013.5185031026721, 1025.4729034891, 1057.2245253071123, 967.7978323963131, 974.3978206903205, 979.907119671877, 973.7720171194705, 1005.5247998371773, 1073.1563013277887, 989.7834521756481, 1061.5724836404506, 1028.2259305497755, 1058.0663349908555, 1060.6044100936817, 973.4874536980176, 991.4676926134783, 1017.780693118972, 1071.4212873769502, 1041.6820203351626, 1033.401431197359, 1041.5515204087237, 1067.7527471303624, 1040.9185907579774, 974.3811581413227, 1016.5492690159226, 1000.1226826373393, 1040.2836006546154, 1053.5042396576994, 1018.3377851961959, 1079.487632103441, 1004.4927404426776, 1026.9940424418705, 997.1133968630568, 989.1014229913493, 1039.940685688974, 1045.2644037532227, 1045.7236580750746, 1056.5759692688084]

mean = 1025.8744535355156
min = 967.7978323963131

[[0, 16, 35, 25, 7], [0, 4, 18, 14, 36, 29, 24], [0, 31, 33, 5, 3, 1, 8, 6], [0, 27, 32, 15, 21, 34, 17], [0, 13, 30, 10, 26, 20], [0, 11, 12, 22, 23, 28, 2, 9, 19]]



Nouvelle instance: lam = 0.8, mu = 1.1, nu = 0.8
on fixe times = 2000 et gs = 10 au regard des résultats précédents

valeur algo déterministe : 999

0 998.6776225889349
1 982.0423897992363
2 984.6203881737383
3 998.6776225889349
4 992.7580415862946
5 967.8192384757481
6 993.9966015934453
7 1008.229393759884
8 984.4637008867004
9 998.6776225889349
10 1006.3844506761135
11 993.182213713748
12 998.6776225889349
13 972.9838382584065
14 986.7912776929965
15 981.0316711891535
16 959.8332522398408
17 984.0261745435557
18 998.677622588935
19 998.6776225889349
20 965.8859471567581
21 990.5211914340338
22 972.0249722796647
23 1003.1034950074884
24 986.3404777672175
25 994.8451242903412
26 998.677622588935
27 977.9689923872093
28 1001.4017842353536
29 998.6776225889349
30 1005.2367436529223
31 997.1379849061153
32 998.6776225889349
33 984.329169341165
34 982.0423897992363
35 990.5211914340339
36 1003.1034950074884
37 963.2610442865085
38 990.2633230190821
39 990.5211914340339

[998.6776225889349, 982.0423897992363, 984.6203881737383, 998.6776225889349, 992.7580415862946, 967.8192384757481, 993.9966015934453, 1008.229393759884, 984.4637008867004, 998.6776225889349, 1006.3844506761135, 993.182213713748, 998.6776225889349, 972.9838382584065, 986.7912776929965, 981.0316711891535, 959.8332522398408, 984.0261745435557, 998.677622588935, 998.6776225889349, 965.8859471567581, 990.5211914340338, 972.0249722796647, 1003.1034950074884, 986.3404777672175, 994.8451242903412, 998.677622588935, 977.9689923872093, 1001.4017842353536, 998.6776225889349, 1005.2367436529223, 997.1379849061153, 998.6776225889349, 984.329169341165, 982.0423897992363, 990.5211914340339, 1003.1034950074884, 963.2610442865085, 990.2633230190821, 990.5211914340339]

mean = 989.6192438331984

min = 959.8332522398408

[[0, 6, 20, 8, 5, 3, 17, 14], [0, 7, 16, 24, 29, 36], [0, 35, 25, 13], [0, 10, 30, 15, 32, 27], [0, 18, 2, 28, 23, 22, 12, 11, 26, 4], [0, 34, 31, 19, 21, 9, 33, 1]]
