code inutile


# Tests #


##########
A_n32_k05 = read("Instances/A-n32-k05.xml")
# sol_A3205 = [[[0, 30, 16, 1, 12], 100], [[0, 14, 24], 82], [[0, 20, 5, 25, 10, 29, 15, 22, 9, 18, 8, 28, 4, 11], 82], [[0, 7, 13, 26], 47], [[0, 27, 6, 23, 3, 2, 17, 19, 31, 21], 99]]
init_A3205 = [[0, 18, 22, 9, 11, 4, 28, 8], [0, 29, 15, 10, 25, 5, 20], [
    0, 21, 31, 19, 17, 13, 7, 26], [0, 27, 23, 2, 3, 6, 14, 24], [0, 12, 1, 16, 30]]
sol_A3205 = [[0, 21, 31, 19, 17, 13, 7, 26], [0, 28, 11, 4, 23, 2, 3, 6], [
    0, 20, 5, 25, 10, 29, 15, 22, 9, 8, 18], [0, 27, 24, 14], [0, 12, 1, 16, 30]]
##########
A_n33_k05 = read("Instances/A-n33-k05.xml")

# sol_A3305 = [[[0, 22, 15, 16, 3, 9, 17], 94], [[0, 23, 11, 6, 24, 2], 82], [[0, 28, 18, 19, 14, 21, 1, 31, 29], 98], [[0, 20, 32, 13, 8, 7, 26, 4], 78], [[0, 10, 30, 25, 27, 5, 12], 94]]
init_A3305 = [[0, 10, 30, 25, 27, 5, 12], [0, 4, 26, 7, 8, 13, 32, 20], [
    0, 29, 3, 9, 17, 16, 15], [0, 28, 18, 31, 1, 21, 14, 19, 11], [0, 2, 24, 6, 23, 22]]
sol_A3305 = [[0, 20, 32, 13, 8, 7, 26, 4, 22], [0, 10, 30, 25, 27, 5, 12], [
    0, 11, 19, 14, 21, 1, 31, 18, 28], [0, 2, 24, 6, 23], [0, 15, 17, 9, 3, 16, 29]]
##########
A_n33_k06 = read("Instances/A-n33-k06.xml")
init_A3306 = [[0, 4, 8, 3, 9, 15, 20, 2, 5], [0, 11, 29, 6, 7, 19], [0, 13, 1, 18, 17], [
    0, 21, 12, 10], [0, 31, 23, 24, 26, 22, 14], [0, 32, 25, 16, 30, 27, 28]]
sol_A3306 = [[0, 4, 8, 3, 9, 15, 20, 2, 5], [0, 17, 11, 29, 19, 7], [0, 21, 12, 10], [
    0, 32, 25, 16, 30, 27, 28], [0, 31, 23, 24, 26, 22], [0, 13, 6, 18, 1, 14]]
##########
A_n34_k05 = read("Instances/A-n34-k05.xml")
init_A3405 = [[0, 8, 11, 23, 27, 1, 29], [0, 7, 15, 19, 17, 25, 28, 32, 31], [
    0, 21, 3, 12, 9, 22, 16, 2, 33], [0, 4, 26, 30, 24, 5], [0, 14, 6, 13, 10, 20, 18]]
sol_A3405 = [[0, 5, 30, 24, 29, 6, 7], [0, 27, 1, 23, 11, 8, 15, 14], [
    0, 19, 17, 25, 31, 28, 13, 10], [0, 26, 4, 33, 16, 2, 18], [0, 21, 32, 3, 12, 9, 22, 20]]
##########
A_n36_k05 = read("Instances/A-n36-k05.xml")
init_A3605 = [[0, 9, 23, 2, 35, 8, 34, 14], [0, 21, 18, 33, 29, 30, 17, 13, 32, 22, 1], [
    0, 12, 31, 19, 4, 3, 6, 28, 15], [0, 26, 7, 10], [0, 20, 5, 25, 27, 24, 11, 16]]
sol_A3605 = [[0, 28, 14, 34, 23, 2, 35, 8, 15], [0, 1, 22, 32, 13, 17, 30, 29, 33, 18, 21], [
    0, 12, 31, 19, 4, 3, 6, 9], [0, 10, 7, 26], [0, 20, 5, 25, 27, 24, 11, 16]]
##########
A_n37_k05 = read("Instances/A-n37-k05.xml")
init_A3705 = [[0, 30, 25, 35, 18, 26, 31, 28, 32, 29], [0, 17, 14, 23, 20, 19, 2, 12, 1], [
    0, 22, 13, 10, 6, 5, 33, 4, 7], [0, 21, 16], [0, 3, 24, 9, 11, 27, 8, 34, 36, 15]]
sol_A3705 = [[0, 22, 13, 10, 6, 5, 33, 4, 7], [0, 21, 16], [0, 1, 12, 2, 19, 20, 23, 14, 17], [
    0, 3, 24, 9, 11, 27, 8, 25, 35, 18, 26, 15], [0, 34, 36, 29, 32, 28, 31, 30]]
##########
A_n37_k06 = read("Instances/A-n37-k06.xml")
init_A3706 = [[0, 4], [0, 5, 3], [0, 6], [0, 7], [0, 8], [0, 9], [0, 10], [0, 11], [0, 12], [0, 13], [0, 14], [0, 16], [0, 18], [0, 20], [0, 21], [
    0, 22], [0, 23], [0, 24], [0, 26], [0, 27], [0, 29], [0, 32], [0, 33], [0, 36], [0, 25, 35], [0, 19, 31], [0, 15, 30], [0, 2, 28], [0, 17, 34], [0, 1]]
# sol_A3706 = [[[0, 29, 36, 14], 65], [[0, 24, 16, 7], 47], [[0, 27, 32, 15, 30, 13], 89], [[0, 25, 35], 81], [[0, 26, 21, 9, 1, 3, 5, 8], 96], [[0, 10, 11, 12, 22, 23, 28, 2, 33, 20], 97], [[0, 18, 4, 17, 34, 19, 31, 6], 95]]
# sol_A3706 = [[0, 7, 25, 35, 16], [0, 13, 30, 15, 32, 27], [0, 10, 11, 12, 22, 23, 28, 2, 33], [0, 24, 29, 36, 6, 14], [0, 4, 26, 19, 31, 34, 17, 18], [0, 20, 8, 5, 3, 1, 9, 21]]
sol_A3706 = [[0, 7, 25, 35, 16], [0, 27, 32, 15, 30, 13], [0, 24, 29, 36, 6, 14], [0, 10, 11, 12, 22, 23, 28, 2, 33], [0, 20, 8, 5, 3, 1, 34, 17, 18], [0, 31, 19, 9, 21, 26, 4]]
##########
A_n38_k05 = read("Instances/A-n38-k05.xml")
init_A3805 = [[0, 2], [0, 9], [0, 14], [0, 15], [0, 24], [0, 4, 16, 25], [0, 12, 1, 3, 26], [0, 7, 22, 27, 11, 5], [
    0, 31, 37, 28], [0, 8, 23, 35, 33], [0, 18, 6, 34, 29, 19], [0, 10, 30, 21], [0, 17, 36, 13], [0, 20, 32]]
sol_A3805 = [[0, 18, 19, 34, 29, 30, 10], [0, 28, 31, 37, 11, 27, 22, 5], [0, 7, 20, 32,
                                                                           15, 13, 36, 17, 2, 24], [0, 9, 8, 23, 35, 33, 14], [0, 6, 25, 16, 4, 1, 3, 12, 26, 21]]
##########
A_n39_k05 = read("Instances/A-n39-k05.xml")
init_A3905 = [[0, 2, 22, 3, 7, 16, 32, 10, 20], [0, 38, 15, 5, 29, 23, 1, 31, 12], [
    0, 13, 28, 6, 26, 17, 11, 8, 9], [0, 24, 35, 37, 34, 27, 36, 30, 21], [0, 4, 18, 33, 25, 19, 14]]
sol_A3905 = [[0, 2, 22, 3, 7, 16, 32, 10], [0, 38, 15, 5, 29, 20, 23, 1, 31, 12], [
    0, 14, 19, 25, 33, 18, 9, 4], [0, 6, 36, 27, 28, 13, 30, 21], [0, 17, 24, 35, 37, 34, 26, 11, 8]]
##########
A_n39_k06 = read("Instances/A-n39-k06.xml")
init_A3906 = [[0, 3], [0, 5], [0, 11], [0, 13], [0, 15], [0, 20], [0, 24], [0, 26], [0, 30], [0, 27, 16, 10], [
    0, 2, 33, 19, 4, 7, 8], [0, 12, 38], [0, 9, 28, 29], [0, 32, 34, 22, 18], [0, 21, 23, 17, 36, 1, 6], [0, 37, 31, 35, 25, 14]]
sol_A3906 = [[0, 15, 30, 13], [0, 24, 3, 38, 12, 9, 28, 29], [0, 7, 8, 4, 16, 10, 27, 18], [
    0, 5, 26, 11], [0, 37, 31, 14, 35, 25, 33, 19, 2], [0, 6, 1, 36, 17, 23, 21, 22, 34, 32, 20]]
##########
A_n65_k09 = read("Instances/A-n65-k09.xml")
