(resultats avec rangs < 1 et decroit de 0.1 en 0.1, avec nvelles bornes de temps, et apprentissage direct)
Time = 1.2985124588012695

res = 1169.76
solution = [[0, 22, 5, 30, 37, 1, 42], [0, 8, 10, 15, 25, 23, 17, 38, 13], [0, 9, 14, 33, 33, 24, 21], [0, 44, 41, 43, 11, 3, 28, 6, 2], [0, 31, 19, 36, 29, 27], [0, 12, 4, 26, 34], [0, 40, 20, 16, 7, 18, 32, 35, 39]]

res = 1172.485
solution = [[0, 6, 28, 3, 11, 43, 41, 44], [0, 8, 10, 15, 25, 23, 17, 38, 13], [0, 24, 33, 33, 14, 9], [0, 22, 5, 30, 37, 1, 42], [0, 40, 20, 16, 7, 18, 32, 35, 39], [0, 31, 19, 36, 29, 27, 21], [0, 34, 26, 4, 2, 12]]

res = 1172.486
solution = [[0, 6, 28, 3, 11, 43, 41, 44], [0, 22, 5, 30, 37, 1, 42], [0, 27, 29, 36, 19, 31], [0, 8, 10, 15, 25, 23, 17, 38, 13], [0, 21, 24, 33, 33, 14, 9], [0, 34, 26, 4, 2, 12], [0, 39, 35, 32, 18, 7, 16, 20, 40]]

res = 1172.486
solution = [[0, 6, 28, 3, 11, 43, 41, 44], [0, 22, 5, 30, 37, 1, 42], [0, 27, 29, 36, 19, 31], [0, 8, 10, 15, 25, 23, 17, 38, 13], [0, 9, 14, 33, 33, 24, 21], [0, 12, 2, 4, 26, 34], [0, 35, 39, 32, 18, 7, 16, 20, 40]]

res = 1172.486
solution = [[0, 31, 19, 36, 29, 27], [0, 44, 41, 43, 11, 3, 28, 6], [0, 34, 26, 4, 2, 12], [0, 8, 10, 15, 25, 23, 17, 38, 13], [0, 9, 14, 33, 33, 24, 21], [0, 40, 20, 16, 7, 18, 32, 39, 35], [0, 22, 5, 30, 37, 1, 42]]

res = 1229.857
solution = [[0, 33, 33, 44, 24, 21], [0, 30, 36, 19, 31, 29, 41], [0, 9, 15, 37, 1, 42, 23, 25, 8], [0, 13, 10, 22, 22, 5, 14], [0, 18, 40, 7, 16, 20, 17, 38, 32], [0, 2, 6, 28, 3, 11, 43, 27, 39], [0, 35, 34, 26, 4, 12]]

res = 1241.517
solution = [[0, 39, 27, 43, 11, 3, 28, 6, 2], [0, 33, 33, 44, 24], [0, 41, 29, 31, 36, 19, 30], [0, 14, 5, 22, 22, 10, 13], [0, 8, 25, 23, 42, 1, 37, 15, 9], [0, 32, 38, 17, 20, 16, 7, 40, 18], [0, 35, 34, 26, 21, 4, 12]]

res = 1245.999
solution = [[0, 31, 29, 36, 19, 30], [0, 18, 40, 7, 16, 20, 17, 38, 32], [0, 12], [0, 27, 41, 43, 11, 3, 28, 6], [0, 14, 5, 22, 22, 10, 13], [0, 9, 15, 37, 1, 42, 23, 25, 8], [0, 33, 33, 44, 24, 21], [0, 2, 4, 26, 34, 39, 35]]

res = 1245.999
solution = [[0, 33, 33, 44, 24, 21], [0, 12], [0, 32, 38, 17, 20, 16, 7, 40, 18], [0, 30, 19, 36, 29, 31], [0, 9, 15, 37, 1, 42, 23, 25, 8], [0, 14, 5, 22, 22, 10, 13], [0, 27, 41, 43, 11, 3, 28, 6], [0, 2, 4, 26, 34, 35, 39]]

res = 1246.156
solution = [[0, 12], [0, 31, 29, 36, 19, 30], [0, 14, 5, 22, 22, 10, 13], [0, 25, 23, 42, 1, 37, 15, 9], [0, 33, 33, 44, 24, 21], [0, 35, 39, 34, 26, 4], [0, 18, 40, 7, 16, 20, 17, 38, 8, 32], [0, 27, 41, 43, 11, 3, 28, 6, 2]]

Mean = 120.69231546251369
Execution = 829.9864373207092

(resultats avec rangs < 0.5 decroit de 0.05 en 0.05 avec nvelles bornes de temps, et apprentissage direct)
Time = 1.2649638652801514

res = 1148.354
solution = [[0, 21, 27, 41, 43, 11, 3, 28, 6, 2], [0, 22, 5, 30, 37, 1, 42], [0, 13, 38, 17, 23, 25, 15, 10, 8], [0, 33, 29, 36, 19, 31], [0, 40, 20, 16, 7, 18], [0, 32, 9, 14, 44, 24, 34], [0, 39, 35, 26, 4, 12]]

res = 1148.354
solution = [[0, 21, 27, 41, 43, 11, 3, 28, 6, 2], [0, 22, 5, 30, 37, 1, 42], [0, 33, 29, 36, 19, 31], [0, 34, 24, 44, 14, 9, 32], [0, 13, 38, 17, 23, 25, 15, 10, 8], [0, 12, 4, 26, 39, 35], [0, 40, 20, 16, 7, 18]]

res = 1148.354
solution = [[0, 21, 27, 41, 43, 11, 3, 28, 6, 2], [0, 35, 39, 26, 4, 12], [0, 22, 5, 30, 37, 1, 42], [0, 33, 29, 36, 19, 31], [0, 34, 24, 44, 14, 9, 32], [0, 8, 10, 15, 25, 23, 17, 38, 13], [0, 18, 7, 16, 20, 40]]

res = 1148.354
solution = [[0, 21, 27, 41, 43, 11, 3, 28, 6, 2], [0, 35, 39, 26, 4, 12], [0, 22, 5, 30, 37, 1, 42], [0, 33, 29, 36, 19, 31], [0, 34, 24, 44, 14, 9, 32], [0, 8, 10, 15, 25, 23, 17, 38, 13], [0, 18, 7, 16, 20, 40]]

res = 1148.354
solution = [[0, 21, 27, 41, 43, 11, 3, 28, 6, 2], [0, 35, 39, 26, 4, 12], [0, 22, 5, 30, 37, 1, 42], [0, 33, 29, 36, 19, 31], [0, 34, 24, 44, 14, 9, 32], [0, 8, 10, 15, 25, 23, 17, 38, 13], [0, 18, 7, 16, 20, 40]]

res = 1148.354
solution = [[0, 33, 29, 36, 19, 31], [0, 8, 10, 15, 25, 23, 17, 38, 13], [0, 42, 1, 37, 30, 5, 22], [0, 40, 20, 16, 7, 18], [0, 21, 27, 41, 43, 11, 3, 28, 6, 2], [0, 34, 24, 44, 14, 9, 32], [0, 35, 39, 26, 4, 12]]

res = 1148.803
solution = [[0, 31, 36, 19, 29, 33], [0, 22, 5, 30, 37, 1, 42], [0, 27, 41, 43, 11, 3, 28, 6, 2], [0, 8, 10, 15, 25, 23, 17, 38, 13], [0, 40, 20, 16, 7, 18], [0, 32, 9, 14, 44, 24, 21, 39], [0, 35, 34, 26, 4, 12]]

res = 1148.803
solution = [[0, 27, 41, 43, 11, 3, 28, 6, 2], [0, 22, 5, 30, 37, 1, 42], [0, 33, 29, 36, 19, 31], [0, 8, 10, 15, 25, 23, 17, 38, 13], [0, 18, 7, 16, 20, 40], [0, 12, 4, 26, 34, 35], [0, 32, 9, 14, 44, 24, 21, 39]]

res = 1148.803
solution = [[0, 27, 41, 43, 11, 3, 28, 6, 2], [0, 33, 29, 36, 19, 31], [0, 32, 9, 14, 44, 24, 21, 39], [0, 12, 4, 26, 34, 35], [0, 8, 10, 15, 25, 23, 17, 38, 13], [0, 40, 20, 16, 7, 18], [0, 22, 5, 30, 37, 1, 42]]

res = 1148.803
solution = [[0, 27, 41, 43, 11, 3, 28, 6, 2], [0, 33, 29, 36, 19, 31], [0, 22, 5, 30, 37, 1, 42], [0, 8, 10, 15, 25, 23, 17, 38, 13], [0, 18, 7, 16, 20, 40], [0, 12, 4, 26, 34, 35], [0, 32, 9, 14, 44, 24, 21, 39]]

Mean = 114.85339353116882
Execution = 882.5606245994568

Time = 1.2435839176177979
Time = 1.2505238056182861
