Aretes fixées après apprentissage pour cette exécution
Fixed edges = [[0, 10, 71, 14, 18, 48, 28, 52, 11, 0], [0, 26, 35, 65, 69, 56, 47, 19, 0], [0, 34, 2, 37, 8, 68, 43, 16, 61, 0], [0, 58, 32, 4, 22, 45, 50, 76, 72, 0], [0, 55, 9, 54, 0], [0, 20, 75, 57, 0], [0, 25, 41, 0], [0, 39, 60, 0], [0, 21, 40, 0], [0, 12, 44, 0], [0, 27, 59, 0], [0, 1, 7, 0], [0, 49, 73, 0], [0, 46, 64, 0], [0, 30, 6, 24, 0], [0, 17, 31, 0], [0, 3, 0], [0, 5, 0], [0, 13, 0], [0, 15, 0], [0, 23, 0], [0, 29, 0], [0, 33, 0], [0, 36, 0], [0, 38, 0], [0, 42, 0], [0, 51, 0], [0, 53, 0], [0, 62, 0], [0, 63, 0], [0, 66, 0], [0, 67, 0], [0, 70, 0], [0, 74, 0], [0, 77, 0], [0, 78, 0], [0, 79, 0]]
Time = 4.2655980587005615


#################

init = 2147.554
res = 1825.715
gap = 3.435

solution = [[0, 12, 44, 5, 29, 74, 60, 39], [0, 50, 45, 22, 4, 32, 38], [0, 20, 75, 57, 61, 16, 43, 68, 78, 30], [0, 47, 19, 26, 35, 65, 69, 56, 55, 9, 54, 72, 76, 58], [0, 64, 33, 15, 41, 25, 46, 59, 27, 31, 17], [0, 23, 24, 6, 8, 37, 2, 34], [0, 40, 1, 13, 73, 49], [0, 42, 51, 77, 3, 53, 70, 66, 67, 36], [0, 14, 48, 18, 79, 28, 52, 11], [0, 62, 63, 71, 10, 7, 21]]


#################

init = 2147.554
res = 1831.907
gap = 3.762

solution = [[0, 58, 32, 4, 22, 45, 50, 76, 70], [0, 72, 54, 9, 55, 56, 69, 65, 35, 26, 19, 47, 25, 31], [0, 64, 33, 15, 41, 46, 27, 59, 23, 1], [0, 14, 48, 18, 79, 28, 52, 11], [0, 34, 2, 37, 8, 6, 24, 62], [0, 20, 75, 57, 61, 16, 43, 68, 78, 30], [0, 39, 60, 17, 29, 5, 44, 12], [0, 7, 63, 71, 10, 21, 40], [0, 73, 36, 53, 66, 67, 38, 49], [0, 13, 74, 3, 77, 51, 42]]


#################

init = 2147.554
res = 1828.415
gap = 3.578

solution = [[0, 20, 75, 57, 61, 16, 43, 68, 78, 30], [0, 50, 45, 22, 4, 32, 38], [0, 36, 67, 66, 70, 53, 3, 77, 51, 42], [0, 58, 76, 72, 54, 9, 55, 56, 69, 65, 35, 26, 19, 47], [0, 34, 2, 37, 8, 6, 24, 23], [0, 14, 48, 18, 79, 28, 52, 11], [0, 40, 1, 13, 73, 49], [0, 21, 7, 10, 71, 63, 62], [0, 12, 44, 5, 59, 27, 39, 60], [0, 64, 33, 15, 41, 25, 46, 31, 17, 29, 74]]


#################

init = 2147.554
res = 1824.771
gap = 3.385

solution = [[0, 30, 6, 24, 8, 37, 2, 34, 11], [0, 58, 76, 72, 54, 9, 55, 56, 69, 65, 35, 26, 19, 47], [0, 71, 14, 48, 18, 79, 28, 52], [0, 78, 68, 43, 16, 61, 57, 75, 20, 60], [0, 74, 29, 27, 59, 46, 25, 41, 15, 33, 64], [0, 12, 44, 5, 17, 31, 39, 42], [0, 40, 21, 7, 1], [0, 51, 77, 3, 23, 62, 63, 10], [0, 50, 45, 22, 4, 32, 38], [0, 49, 73, 36, 66, 67, 70, 53, 13]]


#################

init = 2147.554
res = 1824.725
gap = 3.383

solution = [[0, 20, 75, 57, 61, 16, 43, 68, 78, 30], [0, 62, 63, 71, 10, 7, 21], [0, 74, 29, 17, 31, 60, 39, 53], [0, 58, 32, 4, 22, 45, 50, 76, 70], [0, 64, 33, 15, 47, 19, 26, 35, 65, 69, 56, 55, 9, 54, 72, 73], [0, 12, 44, 5, 27, 59, 25, 41, 46], [0, 34, 2, 37, 8, 6, 24, 23], [0, 14, 48, 18, 79, 28, 52, 11], [0, 49, 38, 67, 66, 36], [0, 40, 1, 3, 77, 51, 42, 13]]


#################

init = 2073.121
res = 1824.725
gap = 3.383

solution = [[0, 14, 48, 18, 79, 28, 52, 11], [0, 46, 41, 25, 59, 27, 5, 44, 12], [0, 58, 32, 4, 22, 45, 50, 76, 70], [0, 74, 29, 17, 31, 60, 39, 53], [0, 40, 1, 3, 77, 51, 42, 13], [0, 73, 72, 54, 9, 55, 56, 69, 65, 35, 26, 19, 47, 15, 33, 64], [0, 62, 63, 71, 10, 7, 21], [0, 36, 67, 66, 38, 49], [0, 23, 24, 6, 8, 37, 2, 34], [0, 20, 75, 57, 61, 16, 43, 68, 78, 30]]


#################

init = 2073.121
res = 1840.744
gap = 4.223

solution = [[0, 14, 48, 18, 79, 28, 52, 11], [0, 24, 78, 8, 68, 43, 16, 61, 57, 75, 20], [0, 54, 9, 55, 56, 69, 65, 35, 26, 19, 47, 25, 46], [0, 36, 67, 66, 38, 70, 53, 3, 77, 51], [0, 40, 21, 7, 10, 71, 63], [0, 5, 30, 6, 37, 2, 34, 62], [0, 74, 31, 17, 29, 44, 12, 1], [0, 76, 72, 50, 45, 22, 4, 32, 58], [0, 49, 73, 42, 13], [0, 60, 39, 64, 33, 15, 41, 27, 59, 23]]


#################

init = 2073.121
res = 1814.567
gap = 2.842

solution = [[0, 20, 75, 57, 61, 16, 43, 68, 78, 30], [0, 12, 44, 5, 29, 60, 39, 3], [0, 72, 54, 9, 55, 56, 69, 65, 35, 26, 19, 47, 25, 64], [0, 51, 77, 74, 17, 31, 27, 59, 46, 41, 15, 33], [0, 23, 24, 6, 8, 37, 2, 34], [0, 58, 32, 4, 22, 45, 50, 76, 70], [0, 73, 36, 53, 67, 66, 38, 49], [0, 40, 1, 13, 42], [0, 62, 63, 71, 10, 7, 21], [0, 14, 48, 18, 79, 28, 52, 11]]


#################

init = 2073.121
res = 1810.852
gap = 2.643

solution = [[0, 54, 9, 55, 56, 69, 65, 35, 26, 19, 47, 25, 46], [0, 64, 33, 15, 41, 59, 27, 31, 17, 29, 74], [0, 20, 75, 57, 61, 16, 43, 68, 78, 30], [0, 24, 6, 8, 37, 2, 34, 11, 10], [0, 12, 44, 5, 23, 62, 63], [0, 1, 7, 21, 40], [0, 71, 14, 48, 18, 79, 28, 52], [0, 70, 72, 76, 50, 32, 45, 22, 4], [0, 42, 51, 77, 39, 60, 3, 13], [0, 73, 36, 53, 66, 67, 58, 38, 49]]


#################

init = 2073.121
res = 1822.378
gap = 3.258

solution = [[0, 14, 48, 18, 79, 28, 52, 11], [0, 23, 24, 6, 8, 37, 2, 34], [0, 70, 64, 33, 15, 41, 25, 46, 59, 27, 31, 17], [0, 40, 1, 12, 44, 5, 29, 74], [0, 62, 63, 71, 10, 7, 21], [0, 58, 76, 72, 54, 9, 55, 56, 69, 65, 35, 26, 19, 47], [0, 20, 75, 57, 61, 16, 43, 68, 78, 30], [0, 42, 51, 77, 39, 60, 3, 13], [0, 50, 45, 22, 4, 32, 38], [0, 49, 73, 36, 66, 67, 53]]


#################

init = 2007.683
res = 1795.911
gap = 1.833

solution = [[0, 54, 9, 55, 56, 69, 65, 35, 26, 19, 47, 41, 15, 33, 64], [0, 20, 75, 57, 61, 16, 43, 68, 78, 30, 44], [0, 14, 48, 18, 79, 28, 52, 11], [0, 74, 17, 31, 46, 25, 59, 27, 29], [0, 53, 39, 60, 3, 77, 51, 42], [0, 34, 2, 37, 8, 6, 24, 62], [0, 49, 38, 70, 66, 67, 36, 73], [0, 76, 72, 50, 45, 22, 4, 32, 58], [0, 1, 7, 21, 40], [0, 10, 71, 63, 23, 5, 12, 13]]


#################

init = 2007.683
res = 1800.836
gap = 2.101

solution = [[0, 54, 9, 55, 56, 69, 65, 35, 26, 19, 47, 41, 15, 33, 64], [0, 29, 27, 59, 25, 46, 31, 17, 74], [0, 13, 51, 77, 3, 60, 39, 53, 36], [0, 20, 75, 57, 61, 16, 43, 68, 78, 30], [0, 10, 63, 11, 23, 5, 44, 12], [0, 34, 2, 37, 8, 6, 24, 62], [0, 1, 7, 21, 40], [0, 71, 14, 48, 18, 79, 28, 52], [0, 49, 73, 38, 70, 66, 67, 42], [0, 58, 32, 4, 22, 45, 50, 76, 72]]


#################

init = 2007.683
res = 1800.081
gap = 2.06

solution = [[0, 54, 9, 55, 56, 69, 65, 35, 26, 19, 47, 41, 15, 33, 64], [0, 70, 72, 76, 50, 45, 22, 4, 32], [0, 74, 29, 17, 31, 27, 59, 25, 46], [0, 73, 36, 53, 66, 67, 58, 38, 49], [0, 42, 51, 77, 39, 60, 3, 13], [0, 24, 6, 8, 37, 2, 34, 11], [0, 52, 28, 79, 18, 48, 14, 71], [0, 20, 75, 57, 61, 16, 43, 68, 78, 30], [0, 1, 7, 21, 40], [0, 10, 63, 62, 23, 5, 44, 12]]


#################

init = 2007.683
res = 1800.207
gap = 2.067

solution = [[0, 54, 9, 55, 56, 69, 65, 35, 26, 19, 47, 41, 15, 33, 64], [0, 20, 75, 57, 61, 16, 43, 68, 78, 30, 24], [0, 76, 72, 50, 45, 22, 4, 32, 58], [0, 74, 17, 31, 46, 25, 59, 27, 29], [0, 14, 48, 18, 79, 28, 71, 10], [0, 12, 44, 5, 23, 11, 63], [0, 52, 34, 2, 37, 8, 6, 62], [0, 1, 7, 21, 40], [0, 42, 51, 77, 39, 60, 3, 13], [0, 73, 36, 53, 66, 67, 70, 38, 49]]


#################

init = 2007.683
res = 1798.561
gap = 1.977

solution = [[0, 74, 17, 31, 46, 25, 59, 27, 29], [0, 54, 9, 55, 56, 69, 65, 35, 26, 19, 47, 41, 15, 33, 64], [0, 70, 72, 76, 50, 45, 22, 4, 32], [0, 1, 7, 21, 40], [0, 71, 14, 48, 18, 79, 28, 52], [0, 10, 63, 11, 23, 5, 44, 12], [0, 62, 24, 6, 8, 37, 2, 34], [0, 20, 75, 57, 61, 16, 43, 68, 78, 30], [0, 13, 3, 60, 39, 77, 51, 42], [0, 73, 36, 53, 66, 67, 58, 38, 49]]


#################

init = 2018.289
res = 1847.151
gap = 4.556

solution = [[0, 30, 78, 68, 43, 16, 61, 57, 75, 20], [0, 76, 72, 50, 45, 22, 4, 32, 58], [0, 42, 53, 70, 38, 67, 66, 36], [0, 1, 21, 40], [0, 52, 34, 2, 37, 8, 6, 24, 23], [0, 64, 15, 33, 54, 9, 55, 56, 69, 65, 35, 26, 19, 47, 41], [0, 51, 77, 3, 39, 60, 5, 44, 12], [0, 29, 27, 59, 25, 46, 31, 17, 74], [0, 10, 71, 28, 79, 18, 48, 14], [0, 7, 63, 11, 62, 13], [0, 73, 49]]


#################

init = 2018.289
res = 1786.515
gap = 1.316

solution = [[0, 20, 75, 57, 61, 16, 43, 68, 78, 30, 44], [0, 42, 3, 39, 60, 74], [0, 70, 76, 50, 45, 22, 4, 32, 58], [0, 73, 36, 53, 66, 67, 38, 49], [0, 17, 31, 46, 41, 25, 59, 27, 29], [0, 51, 77, 64, 33, 15, 47, 19, 26, 35, 65, 69, 56, 55, 9, 54, 72], [0, 63, 62, 23, 5, 12, 13], [0, 52, 28, 79, 18, 48, 14, 71], [0, 40, 21, 7, 1], [0, 24, 6, 8, 37, 2, 34, 11, 10]]


#################

init = 2018.289
res = 1811.838
gap = 2.695

solution = [[0, 20, 75, 57, 61, 16, 43, 68, 78, 30], [0, 17, 31, 46, 41, 25, 59, 27, 29], [0, 73, 51, 77, 3, 39, 60, 74], [0, 34, 2, 37, 8, 6, 24, 62], [0, 1, 7, 21, 40], [0, 64, 33, 15, 47, 19, 26, 35, 65, 69, 56, 55, 9, 54, 72, 36], [0, 14, 48, 18, 79, 28, 52, 11], [0, 10, 71, 63, 23, 5, 44, 12], [0, 76, 50, 45, 22, 4, 32, 49], [0, 13, 42, 53, 66, 67, 70, 58, 38]]


#################

init = 2018.289
res = 1836.747
gap = 4.015

solution = [[0, 54, 9, 55, 56, 69, 65, 35, 26, 19, 47, 41, 15, 33, 64], [0, 20, 75, 57, 61, 16, 43, 68, 78, 30], [0, 44, 5, 29, 17, 31, 46, 25, 59, 27], [0, 51, 77, 3, 39, 60, 74, 13], [0, 71, 14, 48, 18, 79, 28, 52], [0, 24, 6, 8, 37, 2, 34, 11, 10], [0, 49, 73], [0, 40, 21, 1], [0, 12, 23, 62, 63, 7], [0, 36, 38, 58, 67, 66, 53, 42], [0, 70, 72, 76, 50, 45, 22, 4, 32]]


#################

init = 2018.289
res = 1822.752
gap = 3.278

solution = [[0, 20, 75, 57, 61, 16, 43, 68, 78, 30], [0, 51, 77, 3, 60, 31, 17, 27, 59, 29], [0, 70, 76, 72, 54, 9, 55, 56, 69, 65, 35, 26, 19, 47], [0, 74, 39, 46, 25, 41, 15, 33, 64, 36], [0, 13, 42, 53, 66, 67, 38, 49], [0, 50, 45, 22, 4, 32, 58, 73], [0, 52, 28, 79, 18, 48, 14, 71], [0, 34, 2, 37, 8, 6, 24, 62], [0, 40, 21, 7, 1], [0, 12, 44, 5, 23, 11, 63, 10]]


#################

init = 2000.267
res = 1809.631
gap = 2.577

solution = [[0, 44, 5, 29, 17, 31, 46, 25, 59, 27], [0, 51, 77, 3, 39, 60, 74, 13], [0, 70, 72, 76, 50, 45, 22, 4, 32], [0, 63, 62, 23, 12, 42], [0, 30, 78, 68, 43, 16, 61, 57, 75, 20], [0, 54, 9, 55, 56, 69, 65, 35, 26, 19, 47, 41, 15, 33, 64], [0, 40, 21, 7, 1], [0, 49, 38, 58, 66, 67, 53, 36, 73], [0, 52, 28, 79, 18, 48, 14, 71], [0, 10, 11, 34, 2, 37, 8, 6, 24]]


#################

init = 2000.267
res = 1822.432
gap = 3.261

solution = [[0, 52, 28, 79, 18, 48, 14, 71], [0, 24, 6, 8, 37, 2, 34, 11, 10], [0, 39, 60, 46, 25, 59, 27, 5, 44], [0, 30, 78, 68, 43, 16, 61, 57, 20, 75], [0, 54, 9, 55, 56, 69, 65, 35, 26, 19, 47, 41, 15, 33, 64], [0, 1, 7, 21, 40], [0, 51, 77, 3, 74, 31, 17, 29, 13], [0, 63, 62, 23, 12, 73, 49], [0, 36, 67, 66, 38, 70, 53, 42], [0, 76, 72, 50, 45, 22, 4, 32, 58]]


#################

init = 2000.267
res = 1820.996
gap = 3.185

solution = [[0, 44, 5, 29, 17, 31, 46, 25, 59, 27], [0, 51, 77, 3, 74, 60, 39, 53], [0, 76, 72, 50, 45, 22, 4, 32, 58], [0, 24, 30, 78, 68, 43, 16, 61, 57, 75, 20], [0, 54, 9, 55, 56, 69, 65, 35, 26, 19, 47, 41, 15, 33, 64], [0, 11, 34, 2, 37, 8, 6, 12], [0, 42, 13, 1, 21, 40], [0, 73, 36, 66, 67, 70, 38, 49], [0, 71, 14, 48, 18, 79, 28, 52], [0, 7, 10, 63, 62, 23]]


#################

init = 2000.267
res = 1796.372
gap = 1.858

solution = [[0, 51, 77, 3, 39, 60, 74, 13], [0, 12, 44, 5, 6, 24, 23, 62], [0, 17, 31, 46, 41, 25, 59, 27, 29], [0, 42, 53, 66, 67, 38, 73, 49], [0, 58, 32, 4, 22, 45, 50, 76, 70], [0, 30, 78, 68, 43, 16, 61, 57, 75, 20], [0, 64, 33, 15, 47, 19, 26, 35, 65, 69, 56, 55, 9, 54, 72, 36], [0, 14, 48, 18, 79, 28, 71, 10], [0, 40, 21, 7, 1], [0, 63, 11, 34, 8, 37, 2, 52]]


#################

init = 2000.267
res = 1795.607
gap = 1.816

solution = [[0, 20, 75, 57, 61, 16, 43, 68, 78, 30], [0, 54, 9, 55, 56, 69, 65, 35, 26, 19, 47, 41, 15, 33, 64], [0, 24, 6, 8, 37, 2, 34, 11, 10], [0, 71, 14, 48, 18, 79, 28, 52], [0, 42, 51, 77, 39, 60, 3, 13], [0, 74, 17, 31, 46, 25, 59, 27, 29], [0, 70, 72, 76, 50, 45, 22, 4, 32], [0, 73, 36, 53, 66, 67, 58, 38, 49], [0, 1, 7, 21, 40], [0, 12, 44, 5, 23, 62, 63]]
Execution = 1578.203872680664
Aretes fixées après apprentissage pour cette exécution
Fixed edges = [[0, 26, 35, 65, 69, 56, 47, 19, 0], [0, 10, 71, 14, 18, 48, 28, 52, 0], [0, 11, 34, 2, 37, 8, 0], [0, 58, 32, 4, 22, 45, 50, 0], [0, 61, 16, 43, 68, 0], [0, 55, 9, 54, 0], [0, 72, 76, 0], [0, 20, 75, 57, 0], [0, 21, 40, 0], [0, 67, 66, 70, 0], [0, 25, 41, 0], [0, 1, 7, 0], [0, 39, 60, 0], [0, 12, 44, 0], [0, 49, 73, 0], [0, 27, 59, 0], [0, 6, 24, 0], [0, 3, 0], [0, 5, 0], [0, 13, 0], [0, 15, 0], [0, 17, 0], [0, 23, 0], [0, 29, 0], [0, 30, 0], [0, 31, 0], [0, 33, 0], [0, 36, 0], [0, 38, 0], [0, 42, 0], [0, 46, 0], [0, 51, 0], [0, 53, 0], [0, 62, 0], [0, 63, 0], [0, 64, 0], [0, 74, 0], [0, 77, 0], [0, 78, 0], [0, 79, 0]]
Time = 4.277803421020508


#################

init = 2074.686
res = 1897.814
gap = 7.104

solution = [[0, 49, 73], [0, 11, 34, 24, 6, 2, 37, 8], [0, 30, 78, 68, 43, 16, 61, 59, 27, 17, 31], [0, 76, 72, 45, 22, 4, 32, 50, 58], [0, 19, 47, 56, 69, 65, 35, 26, 57, 75, 20, 29], [0, 10, 71, 14, 18, 48, 28, 52, 62], [0, 64, 46, 25, 41, 15, 33, 55, 9, 54, 53], [0, 51, 77, 3, 39, 60, 74, 13], [0, 40, 21, 1, 7], [0, 42, 36, 66, 67, 70, 38], [0, 63, 79, 23, 5, 44, 12]]


#################

init = 2074.686
res = 1910.275
gap = 7.71

solution = [[0, 49, 73], [0, 11, 34, 24, 6, 2, 37, 8], [0, 30, 78, 68, 43, 16, 61, 59, 27, 17, 31], [0, 76, 72, 45, 22, 4, 32, 50, 58], [0, 20, 75, 19, 47, 56, 69, 65, 35, 26, 57, 5], [0, 10, 71, 14, 18, 48, 28, 52, 62], [0, 64, 46, 25, 41, 15, 33, 55, 9, 54, 53], [0, 3, 74, 29, 60, 39, 77, 51], [0, 40, 21, 1, 7], [0, 13, 42, 36, 66, 67, 70, 38], [0, 63, 79, 23, 44, 12]]


#################

init = 2074.686
res = 1893.293
gap = 6.882

solution = [[0, 49, 73], [0, 11, 34, 24, 6, 2, 37, 8], [0, 30, 78, 68, 43, 16, 61, 59, 27, 31, 17], [0, 76, 72, 50, 45, 22, 4, 32, 58], [0, 64, 33, 15, 47, 56, 69, 65, 35, 26, 19, 57, 75, 20, 29], [0, 10, 71, 14, 18, 48, 28, 52, 62], [0, 74, 46, 25, 41, 55, 9, 54], [0, 40, 21, 1, 7], [0, 12, 44, 5, 23, 63, 79], [0, 42, 51, 77, 39, 60, 3, 13], [0, 36, 53, 66, 67, 70, 38]]


#################

init = 2074.686
res = 1893.293
gap = 6.882

solution = [[0, 49, 73], [0, 11, 34, 24, 6, 2, 37, 8], [0, 30, 78, 68, 43, 16, 61, 59, 27, 31, 17], [0, 76, 72, 50, 45, 22, 4, 32, 58], [0, 64, 33, 15, 47, 56, 69, 65, 35, 26, 19, 57, 75, 20, 29], [0, 10, 71, 14, 18, 48, 28, 52, 62], [0, 74, 46, 25, 41, 55, 9, 54], [0, 40, 21, 1, 7], [0, 12, 44, 5, 23, 63, 79], [0, 36, 53, 66, 67, 70, 38], [0, 42, 51, 77, 39, 60, 3, 13]]


#################

init = 2074.686
res = 1917.151
gap = 8.041

solution = [[0, 49, 73], [0, 11, 34, 24, 6, 2, 37, 8], [0, 29, 78, 68, 43, 16, 61, 59, 27, 17, 31], [0, 76, 72, 50, 45, 22, 4, 32, 58], [0, 5, 30, 20, 75, 19, 47, 56, 69, 65, 35, 26, 57], [0, 10, 71, 14, 18, 48, 28, 52, 62], [0, 54, 9, 55, 33, 15, 41, 25, 46, 64], [0, 51, 77, 3, 74, 60, 39, 53], [0, 40, 21, 1, 7], [0, 13, 42, 36, 66, 67, 70, 38], [0, 12, 44, 23, 63, 79]]


#################

init = 2060.509
res = 1889.86
gap = 6.713

solution = [[0, 10, 71, 14, 18, 48, 28, 52, 62], [0, 49, 73], [0, 8, 37, 2, 79, 63], [0, 29, 17, 31, 27, 59, 61, 16, 43, 68, 78], [0, 20, 75, 19, 47, 56, 69, 65, 35, 26, 57, 5], [0, 12, 44, 23, 30, 6, 24, 34, 11], [0, 64, 33, 54, 9, 55, 15, 41, 25, 46], [0, 76, 72, 50, 45, 22, 4, 32], [0, 40, 21, 7, 1], [0, 36, 66, 67, 38, 58, 70, 53, 42], [0, 51, 77, 3, 39, 60, 74, 13]]


#################

init = 2060.509
res = 1891.354
gap = 6.786

solution = [[0, 10, 71, 14, 18, 48, 28, 52, 62], [0, 49, 73], [0, 8, 37, 2, 79, 63], [0, 29, 17, 31, 27, 59, 61, 16, 43, 68, 78], [0, 64, 33, 54, 9, 55, 15, 41, 25, 46], [0, 40, 21, 7, 1], [0, 36, 51, 77, 3, 39, 60, 74], [0, 20, 75, 19, 47, 56, 69, 65, 35, 26, 57, 5], [0, 12, 44, 23, 30, 6, 24, 34, 11], [0, 38, 70, 67, 66, 53, 42, 13], [0, 76, 72, 50, 45, 22, 4, 32, 58]]


#################

init = 2060.509
res = 1888.426
gap = 6.642

solution = [[0, 10, 71, 14, 18, 48, 28, 52, 62], [0, 49, 73], [0, 8, 37, 2, 79, 63], [0, 29, 17, 31, 27, 59, 61, 16, 43, 68, 78], [0, 19, 47, 56, 69, 65, 35, 26, 57, 75, 20, 5], [0, 12, 44, 23, 30, 6, 24, 34, 11], [0, 64, 33, 54, 9, 55, 15, 41, 25, 46], [0, 76, 72, 50, 45, 22, 4, 32], [0, 40, 21, 7, 1], [0, 42, 53, 70, 58, 38, 67, 66, 36], [0, 51, 77, 3, 39, 60, 74, 13]]


#################

init = 2060.509
res = 1894.512
gap = 6.942

solution = [[0, 10, 71, 14, 18, 48, 28, 52, 62], [0, 49, 73], [0, 8, 37, 2, 79, 63], [0, 29, 17, 31, 27, 59, 61, 16, 43, 68, 78], [0, 20, 75, 19, 47, 56, 69, 65, 35, 26, 57, 5], [0, 11, 34, 24, 6, 30, 23, 12, 44], [0, 64, 33, 54, 9, 55, 15, 41, 25, 46], [0, 40, 21, 7, 1, 13], [0, 51, 77, 3, 39, 60, 74], [0, 42, 36, 53, 66, 67, 70, 38], [0, 76, 72, 50, 45, 22, 4, 32, 58]]


#################

init = 2060.509
res = 1888.309
gap = 6.636

solution = [[0, 10, 71, 14, 18, 48, 28, 52, 62], [0, 49, 73], [0, 8, 37, 2, 79, 63], [0, 29, 17, 31, 27, 59, 61, 16, 43, 68, 78], [0, 20, 75, 19, 47, 56, 69, 65, 35, 26, 57, 5], [0, 11, 34, 24, 6, 30, 23, 12, 44], [0, 64, 33, 54, 9, 55, 15, 41, 25, 46], [0, 76, 72, 50, 45, 22, 4, 32, 58], [0, 40, 21, 7, 1], [0, 42, 36, 53, 67, 66, 70, 38], [0, 51, 77, 3, 39, 60, 74, 13]]


#################

init = 2066.94
res = 1896.487
gap = 7.039

solution = [[0, 10, 71, 14, 18, 48, 28, 52, 62], [0, 49, 73], [0, 11, 34, 24, 6, 30, 8, 37, 2], [0, 29, 17, 31, 27, 59, 61, 16, 43, 68, 78], [0, 12, 44, 23, 63, 79], [0, 70, 72, 76, 50, 32, 4, 22, 45], [0, 40, 21, 7, 1], [0, 36, 53, 66, 67, 58, 38], [0, 42, 51, 77, 39, 60, 3, 13], [0, 64, 33, 15, 47, 56, 69, 65, 35, 26, 19, 57, 75, 20, 5], [0, 54, 9, 55, 41, 25, 46, 74]]


#################

init = 2066.94
res = 1892.319
gap = 6.834

solution = [[0, 10, 71, 14, 18, 48, 28, 52, 62], [0, 49, 73], [0, 11, 34, 24, 6, 30, 8, 37, 2], [0, 29, 17, 31, 27, 59, 61, 16, 43, 68, 78], [0, 64, 33, 15, 47, 56, 69, 65, 35, 26, 19, 57, 75, 20, 5], [0, 12, 44, 23, 63, 79], [0, 70, 72, 76, 50, 45, 22, 4, 32], [0, 54, 9, 55, 41, 25, 46, 74], [0, 40, 21, 7, 1], [0, 38, 58, 67, 66, 53, 36], [0, 42, 51, 77, 39, 60, 3, 13]]


#################

init = 2066.94
res = 1900.886
gap = 7.254

solution = [[0, 10, 71, 14, 18, 48, 28, 52, 62], [0, 49, 73], [0, 11, 34, 24, 6, 30, 8, 37, 2], [0, 29, 17, 31, 27, 59, 61, 16, 43, 68, 78], [0, 64, 33, 56, 69, 65, 35, 26, 47, 19, 57, 75, 20], [0, 12, 44, 5, 23, 63, 79], [0, 54, 9, 55, 15, 41, 25, 46, 74], [0, 40, 21, 7, 1], [0, 42, 51, 77, 39, 60, 3, 13], [0, 36, 53, 66, 67, 58, 38], [0, 70, 72, 76, 50, 32, 4, 22, 45]]


#################

init = 2066.94
res = 1896.487
gap = 7.039

solution = [[0, 10, 71, 14, 18, 48, 28, 52, 62], [0, 49, 73], [0, 11, 34, 24, 6, 30, 8, 37, 2], [0, 29, 17, 31, 27, 59, 61, 16, 43, 68, 78], [0, 12, 44, 23, 63, 79], [0, 70, 72, 76, 50, 32, 4, 22, 45], [0, 40, 21, 7, 1], [0, 38, 58, 66, 67, 53, 36], [0, 42, 51, 77, 39, 60, 3, 13], [0, 64, 33, 15, 47, 56, 69, 65, 35, 26, 19, 57, 75, 20, 5], [0, 54, 9, 55, 41, 25, 46, 74]]


#################

init = 2066.94
res = 1912.258
gap = 7.805

solution = [[0, 10, 71, 14, 18, 48, 28, 52, 62], [0, 49, 73], [0, 11, 34, 24, 6, 30, 8, 37, 2], [0, 29, 17, 31, 27, 59, 61, 16, 43, 68, 78], [0, 19, 47, 56, 69, 65, 35, 26, 57, 75, 20], [0, 12, 44, 5, 23, 63, 79], [0, 70, 72, 76, 50, 32, 4, 22, 45], [0, 54, 9, 55, 33, 15, 41, 25, 46, 64], [0, 40, 21, 7, 1], [0, 42, 53, 67, 66, 58, 38, 36], [0, 51, 77, 3, 39, 60, 74, 13]]


#################

init = 2084.12
res = 1917.336
gap = 8.049

solution = [[0, 10, 71, 14, 18, 48, 28, 52, 62], [0, 49, 73], [0, 11, 34, 24, 6, 8, 37, 2], [0, 29, 17, 31, 27, 59, 61, 16, 43, 68, 78], [0, 5, 30, 20, 75, 19, 47, 56, 69, 65, 35, 26, 57], [0, 12, 44, 23, 63, 79], [0, 70, 72, 76, 50, 32, 4, 22, 45], [0, 54, 9, 55, 33, 15, 41, 25, 46, 64], [0, 40, 21, 1, 7], [0, 42, 36, 53, 67, 66, 58, 38], [0, 51, 77, 3, 39, 60, 74, 13]]


#################

init = 2084.12
res = 1902.044
gap = 7.31

solution = [[0, 10, 71, 14, 18, 48, 28, 52, 62], [0, 49, 73], [0, 11, 34, 24, 6, 30, 8, 37, 2], [0, 29, 17, 31, 27, 59, 61, 16, 43, 68, 78], [0, 12, 44, 23, 63, 79], [0, 70, 72, 76, 50, 32, 4, 22, 45], [0, 40, 21, 1, 7], [0, 64, 33, 56, 69, 65, 35, 26, 47, 19, 57, 75, 20, 5], [0, 54, 9, 55, 15, 41, 25, 46, 74], [0, 38, 58, 67, 66, 53, 36], [0, 42, 51, 77, 39, 60, 3, 13]]
Aretes fixées après apprentissage pour cette exécution
Fixed edges = [[0, 10, 71, 14, 18, 48, 28, 52, 11, 34, 2, 37, 8, 0], [0, 26, 35, 65, 69, 56, 47, 19, 0], [0, 20, 75, 57, 61, 16, 43, 68, 0], [0, 58, 32, 4, 22, 45, 50, 76, 72, 0], [0, 54, 9, 55, 0], [0, 25, 41, 0], [0, 12, 44, 0], [0, 6, 24, 0], [0, 39, 60, 0], [0, 1, 7, 21, 40, 0], [0, 49, 73, 0], [0, 23, 62, 0], [0, 3, 0], [0, 5, 0], [0, 13, 0], [0, 15, 0], [0, 17, 0], [0, 27, 0], [0, 29, 0], [0, 30, 0], [0, 31, 0], [0, 33, 0], [0, 36, 0], [0, 38, 0], [0, 42, 0], [0, 46, 0], [0, 51, 0], [0, 53, 0], [0, 59, 0], [0, 63, 0], [0, 64, 0], [0, 66, 0], [0, 67, 0], [0, 70, 0], [0, 74, 0], [0, 77, 0], [0, 78, 0], [0, 79, 0]]
Time = 4.265425682067871


#################

init = 1974.182
res = 1802.177
gap = 2.174

solution = [[0, 10, 71, 14, 28, 48, 18, 2, 37, 8], [0, 20, 75, 57, 61, 16, 43, 68, 78, 30], [0, 46, 25, 41, 47, 56, 69, 65, 35, 26, 19, 59, 27], [0, 62, 23, 12, 44, 5, 29, 74], [0, 63, 11, 52, 79, 34, 24, 6], [0, 42, 51, 77, 39, 60, 3, 13], [0, 17, 31, 64, 33, 15, 55, 9, 54, 72, 76, 58, 70], [0, 50, 45, 22, 4, 32, 38], [0, 1, 7, 21, 40], [0, 53, 67, 66, 36, 73, 49]]


#################

init = 1974.182
res = 1827.092
gap = 3.508

solution = [[0, 10, 71, 14, 28, 52, 34, 2, 37, 8], [0, 1, 7, 21, 40], [0, 20, 75, 57, 61, 16, 43, 68, 78, 30], [0, 46, 25, 41, 47, 56, 69, 65, 35, 26, 19, 59, 27], [0, 54, 9, 55, 15, 33, 64, 31, 17, 29, 74], [0, 48, 18, 79, 11, 63], [0, 12, 44, 5, 6, 24, 23, 62], [0, 58, 32, 4, 22, 45, 50, 72, 76], [0, 73, 36, 53, 66, 67, 70, 38, 49], [0, 13, 3, 60, 39, 77, 51, 42]]


#################

init = 1974.182
res = 1820.518
gap = 3.159

solution = [[0, 20, 75, 57, 61, 16, 43, 68, 78, 30], [0, 46, 25, 41, 47, 56, 69, 65, 35, 26, 19, 59, 27], [0, 54, 9, 55, 15, 33, 64, 31, 17, 29, 74], [0, 49, 73, 38, 58, 67, 66, 53, 36], [0, 32, 4, 22, 45, 50, 76, 72, 70], [0, 71, 14, 48, 18, 79, 28, 52], [0, 10, 63, 11, 34, 2, 37, 8], [0, 42, 51, 77, 39, 60, 3, 13], [0, 1, 7, 21, 40], [0, 62, 23, 24, 6, 5, 44, 12]]


#################

init = 1974.182
res = 1837.011
gap = 4.029

solution = [[0, 10, 71, 14, 28, 18, 2, 37, 8], [0, 58, 32, 4, 22, 45, 50, 76, 70], [0, 20, 75, 57, 61, 16, 43, 68, 78, 30], [0, 46, 25, 41, 47, 56, 69, 65, 35, 26, 19, 59, 27], [0, 72, 54, 9, 55, 15, 33, 64, 31, 17, 74], [0, 53, 39, 60, 3, 77, 51, 42], [0, 23, 6, 24, 34, 79, 48, 52, 11], [0, 63, 62, 12, 44, 5, 29, 13], [0, 49, 38, 67, 66, 36, 73], [0, 1, 7, 21, 40]]


#################

init = 1974.182
res = 1819.912
gap = 3.127

solution = [[0, 46, 25, 41, 47, 56, 69, 65, 35, 26, 19, 59, 27], [0, 54, 9, 55, 15, 33, 64, 31, 17, 29, 74], [0, 42, 51, 77, 39, 60, 3, 13], [0, 70, 72, 76, 50, 45, 22, 4, 32], [0, 73, 36, 53, 66, 67, 58, 38, 49], [0, 10, 63, 11, 34, 2, 37, 8], [0, 12, 44, 5, 6, 24, 23, 62], [0, 20, 75, 57, 61, 16, 43, 68, 78, 30], [0, 1, 7, 21, 40], [0, 52, 28, 79, 18, 48, 14, 71]]
Aretes fixées après apprentissage pour cette exécution
Fixed edges = [[0, 26, 35, 65, 69, 56, 47, 19, 0], [0, 71, 14, 48, 18, 79, 28, 52, 0], [0, 55, 9, 54, 0], [0, 57, 61, 16, 43, 68, 0], [0, 8, 37, 2, 34, 0], [0, 50, 45, 22, 4, 32, 58, 0], [0, 21, 40, 0], [0, 66, 67, 0], [0, 15, 33, 0], [0, 72, 76, 0], [0, 49, 73, 0], [0, 27, 59, 0], [0, 25, 41, 0], [0, 20, 75, 0], [0, 1, 7, 0], [0, 24, 6, 30, 78, 0], [0, 39, 60, 0], [0, 3, 0], [0, 5, 0], [0, 10, 0], [0, 11, 0], [0, 12, 0], [0, 13, 0], [0, 17, 0], [0, 23, 0], [0, 29, 0], [0, 31, 0], [0, 36, 0], [0, 38, 0], [0, 42, 0], [0, 44, 0], [0, 46, 0], [0, 51, 0], [0, 53, 0], [0, 62, 0], [0, 63, 0], [0, 64, 0], [0, 70, 0], [0, 74, 0], [0, 77, 0]]
Time = 4.2441065311431885


#################

init = 2041.38
res = 1847.149
gap = 4.556

solution = [[0, 68, 43, 16, 61, 57, 26, 35, 65, 69, 56, 47, 19], [0, 46, 20, 75, 25, 41, 15, 33, 55, 9, 54], [0, 76, 72, 50, 45, 22, 4, 32, 58], [0, 51, 77, 3, 74, 60, 39, 64, 53], [0, 6, 24, 34, 2, 37, 8, 78, 30, 5], [0, 29, 17, 31, 27, 59, 23, 12, 44], [0, 71, 14, 48, 18, 79, 28, 52], [0, 49, 38, 70, 66, 67, 36, 73], [0, 1, 7, 21, 40], [0, 13, 42, 62, 11, 63, 10]]


#################

init = 2041.38
res = 1845.394
gap = 4.465

solution = [[0, 68, 43, 16, 61, 57, 26, 35, 65, 69, 56, 47, 19], [0, 54, 9, 55, 33, 15, 41, 25, 75, 20, 46], [0, 58, 32, 4, 22, 45, 50, 72, 76], [0, 6, 24, 34, 2, 37, 8, 78, 30, 5], [0, 29, 17, 31, 27, 59, 23, 44, 12], [0, 51, 77, 3, 74, 60, 39, 64, 53], [0, 73, 36, 66, 67, 70, 38, 49], [0, 1, 7, 21, 40], [0, 71, 14, 48, 18, 79, 28, 52], [0, 10, 63, 11, 62, 42, 13]]


#################

init = 2041.38
res = 1843.026
gap = 4.342

solution = [[0, 68, 43, 16, 61, 57, 26, 35, 65, 69, 56, 47, 19], [0, 46, 20, 75, 25, 41, 15, 33, 55, 9, 54], [0, 58, 32, 4, 22, 45, 50, 72, 76], [0, 6, 24, 34, 2, 37, 8, 78, 30, 5], [0, 51, 77, 3, 39, 64, 60, 74, 13], [0, 73, 36, 53, 67, 66, 70, 38, 49], [0, 14, 48, 18, 79, 28, 52, 11], [0, 12, 44, 23, 59, 27, 31, 17, 29], [0, 1, 7, 40], [0, 21, 10, 71, 63, 62, 42]]


#################

init = 2041.38
res = 1849.261
gap = 4.665

solution = [[0, 68, 43, 16, 61, 57, 26, 35, 65, 69, 56, 47, 19], [0, 46, 20, 75, 25, 41, 15, 33, 55, 9, 54], [0, 32, 4, 22, 45, 50, 76, 72, 70], [0, 6, 24, 34, 2, 37, 8, 78, 30, 5], [0, 29, 17, 31, 27, 59, 23, 12, 44], [0, 51, 77, 3, 39, 64, 60, 74, 13], [0, 73, 36, 53, 66, 67, 58, 38, 49], [0, 52, 28, 79, 18, 48, 14, 71], [0, 1, 7, 40], [0, 42, 62, 11, 63, 10, 21]]


#################

init = 2041.38
res = 1846.094
gap = 4.501

solution = [[0, 68, 43, 16, 61, 57, 26, 35, 65, 69, 56, 47, 19], [0, 54, 9, 55, 33, 15, 41, 25, 75, 20, 46], [0, 6, 24, 34, 2, 37, 8, 78, 30, 5], [0, 29, 17, 31, 27, 59, 23, 44, 12], [0, 51, 77, 3, 39, 64, 60, 74, 13], [0, 70, 72, 76, 50, 45, 22, 4, 32], [0, 73, 36, 53, 67, 66, 58, 38, 49], [0, 14, 48, 18, 79, 28, 52, 11], [0, 42, 62, 63, 71, 10, 21], [0, 40, 7, 1]]


#################

init = 2187.141
res = 1859.636
gap = 5.197

solution = [[0, 68, 43, 16, 61, 57, 26, 35, 65, 69, 56, 47, 19], [0, 20, 75, 25, 46, 41, 15, 33, 55, 9, 54], [0, 14, 48, 18, 79, 28, 52, 11], [0, 5, 30, 78, 8, 37, 2, 6, 24, 34], [0, 12, 44, 29, 17, 31, 27, 59, 23], [0, 51, 77, 3, 39, 64, 60, 74, 13], [0, 70, 72, 76, 50, 32, 45, 22, 4], [0, 73, 36, 53, 66, 67, 58, 38, 49], [0, 21, 10, 71, 63, 62, 42], [0, 40, 7, 1]]


#################

init = 2187.141
res = 1859.876
gap = 5.209

solution = [[0, 68, 43, 16, 61, 57, 26, 35, 65, 69, 56, 47, 19], [0, 46, 20, 75, 25, 41, 15, 33, 55, 9, 54], [0, 5, 30, 78, 8, 37, 2, 34, 6, 24], [0, 12, 44, 29, 17, 31, 27, 59, 23], [0, 51, 77, 3, 39, 64, 60, 74, 13], [0, 70, 72, 76, 50, 32, 45, 22, 4], [0, 73, 36, 53, 66, 67, 58, 38, 49], [0, 14, 48, 18, 79, 28, 52, 11], [0, 42, 62, 63, 71, 10, 21], [0, 1, 7, 40]]


#################

init = 2187.141
res = 1846.419
gap = 4.518

solution = [[0, 68, 43, 16, 61, 57, 26, 35, 65, 69, 56, 47, 19], [0, 46, 20, 75, 25, 41, 15, 33, 55, 9, 54], [0, 14, 48, 18, 79, 28, 52, 11], [0, 6, 24, 34, 2, 37, 8, 78, 30, 5], [0, 76, 72, 50, 45, 22, 4, 32, 58], [0, 12, 44, 29, 17, 31, 27, 59, 23], [0, 73, 36, 53, 67, 66, 70, 38, 49], [0, 51, 77, 3, 39, 64, 60, 74, 13], [0, 21, 10, 71, 63, 62, 42], [0, 40, 7, 1]]


#################

init = 2187.141
res = 1816.277
gap = 2.933

solution = [[0, 68, 43, 16, 61, 57, 26, 35, 65, 69, 56, 47, 19], [0, 14, 48, 18, 79, 28, 52, 11], [0, 6, 24, 34, 2, 37, 8, 78, 30, 5], [0, 40, 21, 7, 1], [0, 10, 71, 63, 62, 23, 44, 12], [0, 29, 27, 59, 20, 75, 31, 17, 74], [0, 70, 76, 50, 32, 45, 22, 4], [0, 72, 54, 9, 55, 33, 15, 41, 25, 46, 64, 53], [0, 42, 51, 77, 39, 60, 3, 13], [0, 73, 36, 67, 66, 58, 38, 49]]


#################

init = 2187.141
res = 1853.956
gap = 4.906

solution = [[0, 68, 43, 16, 61, 57, 26, 35, 65, 69, 56, 47, 19], [0, 46, 20, 75, 25, 41, 15, 33, 55, 9, 54], [0, 14, 48, 18, 79, 28, 52, 11], [0, 21, 7, 10, 71, 63, 62], [0, 76, 72, 50, 45, 22, 4, 32, 58], [0, 51, 77, 39, 60, 64, 31, 17, 27, 59], [0, 6, 24, 34, 2, 37, 8, 78, 30, 5], [0, 3, 74, 29, 44, 12, 23], [0, 40, 1, 13, 42], [0, 73, 36, 53, 66, 67, 70, 38, 49]]


#################

init = 2103.544
res = 1817.449
gap = 2.996

solution = [[0, 68, 43, 16, 61, 57, 26, 35, 65, 69, 56, 47, 19], [0, 11, 52, 28, 79, 18, 48, 14], [0, 5, 30, 6, 24, 34, 2, 8, 37], [0, 29, 27, 59, 78, 20, 75, 31, 17, 74], [0, 40, 21, 7, 1], [0, 10, 71, 63, 62, 23, 44, 12], [0, 64, 46, 25, 41, 15, 33, 55, 9, 54, 72, 76], [0, 53, 70, 50, 45, 22, 4, 32, 58], [0, 13, 3, 60, 39, 77, 51, 42], [0, 73, 36, 67, 66, 38, 49]]


#################

init = 2103.544
res = 1815.03
gap = 2.867

solution = [[0, 68, 43, 16, 61, 57, 26, 35, 65, 69, 56, 47, 19], [0, 72, 54, 9, 55, 33, 15, 41, 25, 46, 64, 53], [0, 10, 71, 63, 62, 23, 44, 12], [0, 58, 32, 4, 22, 45, 50, 76, 70], [0, 49, 38, 67, 66, 36, 73], [0, 42, 51, 77, 39, 60, 3, 13], [0, 5, 30, 6, 24, 34, 8, 37, 2], [0, 74, 17, 31, 75, 20, 78, 59, 27, 29], [0, 14, 48, 18, 79, 28, 52, 11], [0, 40, 21, 7, 1]]


#################

init = 2103.544
res = 1815.061
gap = 2.868

solution = [[0, 5, 30, 6, 24, 34, 2, 8, 37], [0, 10, 71, 63, 62, 23, 44, 12], [0, 72, 54, 9, 55, 33, 15, 41, 25, 46, 64, 53], [0, 68, 43, 16, 61, 57, 26, 35, 65, 69, 56, 47, 19], [0, 29, 27, 59, 78, 20, 75, 31, 17, 74], [0, 58, 32, 4, 22, 45, 50, 76, 70], [0, 42, 51, 77, 39, 60, 3, 13], [0, 11, 52, 28, 79, 18, 48, 14], [0, 1, 7, 21, 40], [0, 73, 36, 66, 67, 38, 49]]


#################

init = 2103.544
res = 1815.061
gap = 2.868

solution = [[0, 68, 43, 16, 61, 57, 26, 35, 65, 69, 56, 47, 19], [0, 11, 52, 28, 79, 18, 48, 14], [0, 5, 30, 6, 24, 34, 2, 8, 37], [0, 29, 27, 59, 78, 20, 75, 31, 17, 74], [0, 10, 71, 63, 62, 23, 44, 12], [0, 40, 21, 7, 1], [0, 72, 54, 9, 55, 33, 15, 41, 25, 46, 64, 53], [0, 42, 51, 77, 39, 60, 3, 13], [0, 58, 32, 4, 22, 45, 50, 76, 70], [0, 73, 36, 66, 67, 38, 49]]


#################

init = 2103.544
res = 1815.061
gap = 2.868

solution = [[0, 11, 52, 28, 79, 18, 48, 14], [0, 5, 30, 6, 24, 34, 2, 8, 37], [0, 29, 27, 59, 78, 20, 75, 31, 17, 74], [0, 68, 43, 16, 61, 57, 26, 35, 65, 69, 56, 47, 19], [0, 72, 54, 9, 55, 33, 15, 41, 25, 46, 64, 53], [0, 1, 7, 21, 40], [0, 10, 71, 63, 62, 23, 44, 12], [0, 70, 76, 50, 45, 22, 4, 32, 58], [0, 42, 51, 77, 39, 60, 3, 13], [0, 49, 38, 67, 66, 36, 73]]


#################

init = 2253.517
res = 1807.647
gap = 2.47

solution = [[0, 19, 47, 56, 69, 65, 35, 26, 57, 61, 68, 16, 43], [0, 6, 24, 34, 2, 37, 8, 78, 30, 5], [0, 10, 71, 63, 62, 23, 44, 12], [0, 29, 27, 59, 20, 75, 31, 17, 74], [0, 42, 51, 77, 39, 60, 3, 13], [0, 14, 48, 18, 79, 28, 52, 11], [0, 72, 54, 9, 55, 33, 15, 41, 25, 46, 64, 53], [0, 58, 32, 4, 22, 45, 50, 76, 70], [0, 73, 36, 67, 66, 38, 49], [0, 40, 21, 7, 1]]


#################

init = 2253.517
res = 1801.595
gap = 2.142

solution = [[0, 11, 34, 2, 37, 8, 24, 6, 30], [0, 29, 27, 59, 78, 20, 75, 31, 17, 74], [0, 10, 63, 62, 23, 5, 44, 12], [0, 72, 54, 9, 55, 33, 15, 41, 25, 46, 64, 53], [0, 58, 32, 4, 22, 45, 50, 76, 70], [0, 40, 21, 7, 1], [0, 52, 28, 79, 18, 48, 14, 71], [0, 19, 47, 56, 69, 65, 35, 26, 57, 61, 16, 43, 68], [0, 73, 36, 66, 67, 38, 49], [0, 42, 51, 77, 39, 60, 3, 13]]


#################

init = 2253.517
res = 1818.052
gap = 3.028

solution = [[0, 19, 47, 56, 69, 65, 35, 26, 57, 61, 68, 43, 16], [0, 64, 46, 25, 41, 15, 33, 55, 9, 54, 72, 76], [0, 29, 27, 59, 20, 75, 31, 17, 74], [0, 6, 24, 34, 2, 37, 8, 78, 30, 5], [0, 58, 32, 4, 22, 45, 50, 70, 53], [0, 40, 21, 7, 1], [0, 14, 48, 18, 79, 28, 71, 10], [0, 62, 63, 52, 11, 23, 44, 12], [0, 42, 51, 77, 39, 60, 3, 13], [0, 73, 36, 66, 67, 38, 49]]


#################

init = 2253.517
res = 1838.003
gap = 4.081

solution = [[0, 19, 47, 56, 69, 65, 35, 26, 57, 61, 68, 43, 16], [0, 29, 27, 59, 20, 75, 31, 17, 74], [0, 42, 51, 77, 39, 60, 3, 13], [0, 73, 36, 66, 67, 58, 38, 49], [0, 70, 76, 50, 32, 45, 22, 4], [0, 72, 54, 9, 55, 33, 15, 41, 25, 46, 64, 53], [0, 1, 7, 21, 40], [0, 10, 71, 28, 52, 11, 23, 44, 12], [0, 62, 63, 79, 18, 48, 14], [0, 34, 2, 37, 8, 78, 30, 6, 24, 5]]


#################

init = 2253.517
res = 1825.981
gap = 3.449

solution = [[0, 19, 47, 56, 69, 65, 35, 26, 57, 61, 68, 43, 16], [0, 74, 17, 31, 75, 20, 78, 59, 27, 29], [0, 10, 71, 63, 62, 23, 44, 12], [0, 53, 64, 46, 25, 41, 15, 33, 55, 9, 54, 72], [0, 40, 21, 7, 1], [0, 42, 51, 77, 39, 60, 3, 13], [0, 70, 76, 50, 45, 22, 4, 32, 58], [0, 49, 38, 66, 67, 36, 73], [0, 11, 52, 28, 79, 18, 48], [0, 14, 34, 2, 37, 8, 24, 6, 30, 5]]


#################

init = 2161.564
res = 1800.478
gap = 2.082

solution = [[0, 14, 48, 18, 79, 28, 52, 11], [0, 19, 47, 56, 69, 65, 35, 26, 57, 61, 16, 43, 68], [0, 72, 54, 9, 55, 33, 15, 41, 25, 46, 64, 53], [0, 10, 71, 63, 62, 23, 44, 12], [0, 42, 51, 77, 39, 60, 3, 13], [0, 6, 24, 34, 2, 37, 8, 78, 30, 5], [0, 74, 17, 31, 75, 20, 59, 27, 29], [0, 1, 7, 21, 40], [0, 58, 32, 4, 22, 45, 50, 76, 70], [0, 73, 36, 66, 67, 38, 49]]


#################

init = 2161.564
res = 1802.866
gap = 2.211

solution = [[0, 19, 47, 56, 69, 65, 35, 26, 57, 61, 16, 43, 68], [0, 29, 27, 59, 20, 75, 31, 17, 74], [0, 14, 48, 18, 79, 28, 52, 11], [0, 6, 24, 34, 2, 37, 8, 78, 30, 5], [0, 42, 51, 77, 39, 60, 3, 13], [0, 64, 46, 25, 41, 15, 33, 55, 9, 54, 72, 76], [0, 40, 21, 7, 1], [0, 12, 44, 23, 62, 63, 71, 10], [0, 53, 70, 50, 45, 22, 4, 32, 58], [0, 73, 36, 66, 67, 38, 49]]


#################

init = 2161.564
res = 1800.478
gap = 2.082

solution = [[0, 19, 47, 56, 69, 65, 35, 26, 57, 61, 16, 43, 68], [0, 14, 48, 18, 79, 28, 52, 11], [0, 12, 44, 23, 62, 63, 71, 10], [0, 40, 21, 7, 1], [0, 42, 51, 77, 39, 60, 3, 13], [0, 73, 36, 66, 67, 38, 49], [0, 72, 54, 9, 55, 33, 15, 41, 25, 46, 64, 53], [0, 58, 32, 4, 22, 45, 50, 76, 70], [0, 6, 24, 34, 2, 37, 8, 78, 30, 5], [0, 29, 27, 59, 20, 75, 31, 17, 74]]


#################

init = 2161.564
res = 1802.866
gap = 2.211

solution = [[0, 19, 47, 56, 69, 65, 35, 26, 57, 61, 16, 43, 68], [0, 29, 27, 59, 20, 75, 31, 17, 74], [0, 64, 46, 25, 41, 15, 33, 55, 9, 54, 72, 76], [0, 6, 24, 34, 2, 37, 8, 78, 30, 5], [0, 42, 51, 77, 39, 60, 3, 13], [0, 12, 44, 23, 62, 63, 71, 10], [0, 14, 48, 18, 79, 28, 52, 11], [0, 1, 7, 21, 40], [0, 49, 38, 67, 66, 36, 73], [0, 53, 70, 50, 45, 22, 4, 32, 58]]


#################

init = 2161.564
res = 1802.866
gap = 2.211

solution = [[0, 19, 47, 56, 69, 65, 35, 26, 57, 61, 16, 43, 68], [0, 29, 27, 59, 20, 75, 31, 17, 74], [0, 14, 48, 18, 79, 28, 52, 11], [0, 6, 24, 34, 2, 37, 8, 78, 30, 5], [0, 42, 51, 77, 39, 60, 3, 13], [0, 64, 46, 25, 41, 15, 33, 55, 9, 54, 72, 76], [0, 40, 21, 7, 1], [0, 10, 71, 63, 62, 23, 44, 12], [0, 58, 32, 4, 22, 45, 50, 70, 53], [0, 73, 36, 66, 67, 38, 49]]
Execution = 1123.660705089569
Aretes fixées après apprentissage pour cette exécution
Fixed edges = [[0, 26, 35, 65, 69, 56, 47, 19, 0], [0, 71, 14, 48, 18, 79, 28, 52, 0], [0, 34, 2, 37, 8, 0], [0, 58, 32, 4, 22, 45, 50, 0], [0, 54, 9, 55, 0], [0, 20, 75, 57, 61, 16, 43, 68, 0], [0, 49, 73, 0], [0, 21, 40, 0], [0, 1, 7, 0], [0, 72, 76, 0], [0, 24, 6, 30, 0], [0, 12, 44, 0], [0, 66, 67, 0], [0, 25, 41, 0], [0, 39, 60, 0], [0, 17, 31, 0], [0, 3, 74, 0], [0, 15, 33, 0], [0, 51, 77, 0], [0, 5, 0], [0, 10, 0], [0, 11, 0], [0, 13, 0], [0, 23, 0], [0, 27, 0], [0, 29, 0], [0, 36, 0], [0, 38, 0], [0, 42, 0], [0, 46, 0], [0, 53, 0], [0, 59, 0], [0, 62, 0], [0, 63, 0], [0, 64, 0], [0, 70, 0], [0, 78, 0]]
Time = 4.225487947463989


#################

init = 2034.237
res = 1811.13
gap = 2.657

solution = [[0, 46, 25, 41, 56, 69, 65, 35, 26, 47, 19, 59, 27], [0, 20, 75, 57, 61, 16, 43, 68, 78, 30], [0, 24, 6, 8, 37, 2, 34, 11, 10], [0, 76, 72, 50, 45, 22, 4, 32, 58], [0, 54, 9, 55, 15, 33, 64, 31, 17, 29, 74], [0, 73, 36, 53, 66, 67, 70, 38, 49], [0, 42, 51, 77, 39, 60, 3, 13], [0, 12, 44, 5, 23, 62, 63], [0, 1, 7, 21, 40], [0, 52, 28, 79, 18, 48, 14, 71]]


#################

init = 2034.237
res = 1819.915
gap = 3.127

solution = [[0, 12, 23, 62, 63, 7], [0, 78, 68, 43, 16, 61, 57, 59, 27, 29], [0, 10, 11, 34, 24, 6, 2, 37, 8], [0, 64, 33, 15, 47, 56, 69, 65, 35, 26, 19, 75, 20, 30, 5, 44], [0, 58, 32, 4, 22, 45, 50, 76, 70], [0, 17, 31, 46, 25, 41, 55, 9, 54, 72], [0, 52, 28, 79, 18, 48, 14, 71], [0, 13, 1, 21, 40], [0, 42, 53, 66, 67, 38, 73, 49], [0, 36, 51, 77, 3, 39, 60, 74]]


#################

init = 2034.237
res = 1806.777
gap = 2.423

solution = [[0, 46, 25, 41, 47, 56, 69, 65, 35, 26, 19, 59, 27], [0, 54, 9, 55, 15, 33, 64, 31, 17, 29, 74], [0, 76, 72, 50, 45, 22, 4, 32, 58], [0, 20, 75, 57, 61, 16, 43, 68, 78, 30], [0, 49, 38, 70, 67, 66, 53, 36, 73], [0, 13, 3, 60, 39, 77, 51, 42], [0, 24, 6, 8, 37, 2, 34, 11, 10], [0, 52, 28, 79, 18, 48, 14, 71], [0, 12, 44, 5, 23, 62, 63], [0, 1, 7, 21, 40]]


#################

init = 2034.237
res = 1806.957
gap = 2.433

solution = [[0, 12, 44, 5, 23, 62, 63, 10], [0, 74, 17, 31, 60, 39, 3, 77], [0, 29, 27, 59, 19, 26, 35, 65, 69, 56, 47, 25, 46, 51], [0, 64, 41, 15, 33, 55, 9, 54, 72, 76, 38], [0, 20, 75, 57, 61, 16, 43, 68, 78, 30], [0, 52, 28, 79, 18, 48, 14, 71], [0, 11, 34, 24, 6, 8, 2, 37], [0, 1, 7, 21, 40], [0, 13, 42, 53, 66, 67, 36, 73], [0, 70, 50, 45, 22, 4, 32, 58, 49]]


#################

init = 2034.237
res = 1819.182
gap = 3.088

solution = [[0, 71, 14, 48, 18, 79, 28, 52], [0, 46, 25, 41, 47, 56, 69, 65, 35, 26, 19, 59, 27], [0, 11, 34, 24, 6, 30, 2, 37, 8], [0, 58, 32, 4, 22, 45, 50, 76, 70], [0, 72, 54, 9, 55, 15, 33, 64, 31, 17, 74], [0, 49, 38, 67, 66, 53, 36, 73], [0, 13, 3, 60, 39, 77, 51, 42], [0, 40, 21, 7, 1], [0, 78, 68, 43, 16, 61, 57, 75, 20, 29], [0, 12, 44, 5, 23, 62, 63, 10]]


#################

init = 2067.613
res = 1801.633
gap = 2.144

solution = [[0, 30, 6, 24, 8, 37, 2, 34, 11], [0, 12, 44, 5, 23, 62, 63, 10], [0, 54, 9, 55, 56, 69, 65, 35, 26, 19, 47, 25, 46], [0, 70, 72, 76, 50, 45, 22, 4, 32], [0, 73, 36, 66, 67, 58, 38, 49], [0, 42, 51, 77, 39, 60, 3, 13], [0, 52, 28, 79, 18, 48, 14, 71], [0, 1, 7, 21, 40], [0, 74, 17, 27, 59, 41, 15, 33, 64, 53], [0, 31, 20, 75, 57, 61, 16, 43, 68, 78, 29]]


#################

init = 2067.613
res = 1783.005
gap = 1.122

solution = [[0, 30, 6, 24, 8, 37, 2, 34, 11], [0, 12, 44, 5, 23, 62, 63, 10], [0, 20, 75, 19, 47, 26, 35, 65, 69, 56, 55, 9, 54, 72], [0, 29, 27, 59, 57, 61, 16, 43, 68, 78], [0, 58, 32, 4, 22, 45, 50, 76, 70], [0, 74, 17, 31, 46, 25, 41, 15, 33, 64, 53], [0, 49, 38, 67, 66, 36, 73], [0, 42, 51, 77, 39, 60, 3, 13], [0, 52, 28, 79, 18, 48, 14, 71], [0, 40, 21, 7, 1]]


#################

init = 2067.613
res = 1794.142
gap = 1.736

solution = [[0, 30, 6, 24, 8, 37, 2, 34, 11], [0, 12, 44, 5, 23, 62, 63, 10], [0, 78, 68, 43, 16, 61, 57, 59, 27, 29], [0, 20, 75, 19, 26, 35, 65, 69, 56, 47, 41, 25, 46], [0, 17, 31, 64, 33, 15, 55, 9, 54, 72, 76, 58, 70], [0, 50, 45, 22, 4, 32, 38], [0, 51, 77, 3, 39, 60, 74, 13], [0, 42, 53, 67, 66, 36, 73, 49], [0, 1, 7, 21, 40], [0, 52, 28, 79, 18, 48, 14, 71]]


#################

init = 2067.613
res = 1792.791
gap = 1.662

solution = [[0, 30, 6, 24, 8, 37, 2, 34, 11], [0, 12, 44, 5, 23, 62, 63, 10], [0, 78, 68, 43, 16, 61, 57, 59, 27, 29], [0, 1, 7, 21, 40], [0, 52, 28, 79, 18, 48, 14, 71], [0, 46, 25, 41, 47, 56, 69, 65, 35, 26, 19, 75, 20, 31], [0, 51, 77, 3, 39, 60, 74, 13], [0, 49, 73, 36, 66, 67, 53, 42], [0, 38, 58, 32, 4, 22, 45], [0, 17, 64, 33, 15, 55, 9, 54, 72, 50, 76, 70]]


#################

init = 2067.613
res = 1806.088
gap = 2.386

solution = [[0, 30, 6, 24, 8, 37, 2, 34, 11], [0, 76, 50, 45, 22, 4, 32, 58], [0, 52, 28, 79, 18, 48, 14, 71], [0, 73, 36, 53, 66, 67, 38, 49], [0, 12, 44, 5, 23, 62, 63, 10], [0, 78, 68, 43, 16, 61, 75, 20, 59, 27, 29], [0, 1, 7, 21, 40], [0, 42, 51, 77, 39, 60, 3, 13], [0, 74, 17, 31, 64, 33, 15, 55, 9, 54, 72, 70], [0, 57, 19, 26, 35, 65, 69, 56, 47, 41, 25, 46]]


#################

init = 2088.237
res = 1805.263
gap = 2.341

solution = [[0, 12, 44, 5, 23, 62, 63, 10], [0, 78, 68, 43, 16, 61, 59, 27, 31, 17, 29], [0, 30, 6, 24, 8, 37, 2, 34, 11], [0, 20, 75, 57, 19, 47, 26, 35, 65, 69, 56, 55, 64], [0, 58, 76, 72, 54, 9, 33, 15, 41, 25, 46, 60], [0, 50, 45, 22, 4, 32, 38], [0, 52, 28, 79, 18, 48, 14, 71], [0, 40, 21, 7, 1], [0, 13, 53, 70, 67, 66, 36, 73, 49], [0, 42, 51, 77, 3, 39, 74]]


#################

init = 2088.237
res = 1793.758
gap = 1.715

solution = [[0, 12, 44, 5, 23, 62, 63, 10], [0, 78, 68, 43, 16, 61, 59, 27, 17, 29], [0, 30, 6, 24, 8, 37, 2, 34, 11], [0, 38, 58, 32, 4, 22, 45, 70], [0, 49, 73, 36, 66, 67, 53, 42], [0, 50, 76, 72, 54, 9, 55, 33, 15, 41, 46, 64], [0, 40, 21, 7, 1], [0, 52, 28, 79, 18, 48, 14, 71], [0, 51, 77, 3, 39, 60, 74, 13], [0, 31, 20, 75, 57, 26, 35, 65, 69, 56, 47, 19, 25]]


#################

init = 2088.237
res = 1790.949
gap = 1.561

solution = [[0, 12, 44, 23, 62, 63, 10], [0, 30, 6, 24, 8, 37, 2, 34, 11], [0, 50, 45, 22, 4, 32, 38], [0, 51, 77, 3, 39, 60, 74, 13], [0, 42, 53, 70, 66, 67, 36, 73, 49], [0, 1, 7, 21, 40], [0, 71, 14, 48, 18, 79, 28, 52], [0, 78, 68, 43, 16, 61, 59, 27, 31, 17, 29], [0, 64, 33, 56, 69, 65, 35, 26, 47, 19, 57, 75, 20, 5], [0, 58, 76, 72, 54, 9, 55, 15, 41, 25, 46]]


#################

init = 2088.237
res = 1801.181
gap = 2.12

solution = [[0, 12, 44, 23, 62, 63, 10], [0, 11, 34, 24, 6, 30, 8, 37, 2], [0, 58, 76, 72, 54, 9, 55, 15, 41, 25, 46], [0, 50, 45, 22, 4, 32, 38], [0, 40, 21, 7, 1], [0, 71, 14, 48, 18, 79, 28, 52], [0, 78, 68, 43, 16, 61, 59, 27, 31, 17, 29], [0, 64, 33, 56, 69, 65, 35, 26, 47, 19, 57, 75, 20, 5], [0, 49, 73, 36, 66, 67, 70, 53, 42], [0, 51, 77, 3, 39, 60, 74, 13]]


#################

init = 2088.237
res = 1794.501
gap = 1.755

solution = [[0, 12, 44, 5, 23, 62, 63, 10], [0, 78, 68, 43, 16, 61, 59, 27, 31, 17, 29], [0, 30, 6, 24, 8, 37, 2, 34, 11], [0, 45, 22, 4, 32, 58, 38], [0, 49, 73, 36, 66, 67, 53, 42], [0, 51, 77, 3, 39, 60, 74, 13], [0, 40, 21, 7, 1], [0, 52, 28, 79, 18, 48, 14, 71], [0, 64, 25, 47, 56, 69, 65, 35, 26, 19, 57, 75, 20], [0, 70, 76, 50, 72, 54, 9, 55, 33, 15, 41, 46]]


#################

init = 2126.454
res = 1822.567
gap = 3.268

solution = [[0, 10, 63, 62, 23, 5, 44, 12], [0, 3, 39, 60, 74, 13], [0, 70, 72, 76, 50, 32, 45, 22, 4], [0, 73, 36, 54, 9, 55, 41, 25, 46], [0, 42, 53, 67, 66, 58, 38, 49], [0, 11, 34, 2, 37, 8, 24, 6, 30], [0, 40, 21, 7, 1], [0, 52, 28, 79, 18, 48, 14, 71], [0, 78, 68, 43, 16, 61, 57, 59, 27, 29], [0, 17, 31, 20, 75, 19, 47, 26, 35, 65, 69, 56, 15, 33, 64, 77, 51]]


#################

init = 2126.454
res = 1789.26
gap = 1.468

solution = [[0, 11, 34, 2, 37, 8, 24, 6, 30], [0, 78, 68, 43, 16, 61, 59, 27, 17, 29], [0, 13, 74, 60, 39, 3, 77, 51], [0, 31, 20, 75, 57, 26, 35, 65, 69, 56, 47, 19, 25], [0, 10, 63, 62, 23, 5, 44, 12], [0, 40, 21, 7, 1], [0, 71, 14, 48, 18, 79, 28, 52], [0, 49, 73, 36, 66, 67, 53, 42], [0, 58, 32, 4, 22, 45, 50, 76, 70], [0, 38, 72, 54, 9, 55, 33, 15, 41, 46, 64]]


#################

init = 2126.454
res = 1790.811
gap = 1.553

solution = [[0, 11, 34, 2, 37, 8, 24, 6, 30], [0, 78, 68, 43, 16, 61, 59, 27, 31, 17, 29], [0, 49, 73, 36, 66, 67, 70, 53, 42], [0, 38, 32, 4, 22, 45, 50], [0, 58, 76, 72, 54, 9, 55, 41, 25, 46], [0, 10, 63, 62, 23, 44, 12], [0, 51, 77, 3, 39, 60, 74, 13], [0, 64, 33, 15, 47, 56, 69, 65, 35, 26, 19, 57, 75, 20, 5], [0, 40, 21, 7, 1], [0, 52, 28, 79, 18, 48, 14, 71]]


#################

init = 2126.454
res = 1784.701
gap = 1.216

solution = [[0, 52, 28, 79, 18, 48, 14, 71], [0, 64, 33, 15, 56, 69, 65, 35, 26, 47, 19, 57, 75, 20, 5], [0, 38, 72, 54, 9, 55, 41, 25, 46], [0, 51, 77, 3, 39, 60, 74, 13], [0, 49, 73, 36, 67, 66, 53, 42], [0, 58, 32, 4, 22, 45, 50, 76, 70], [0, 17, 31, 61, 16, 43, 68, 78, 59, 27, 29], [0, 30, 6, 24, 8, 37, 2, 34, 11], [0, 1, 7, 21, 40], [0, 10, 63, 62, 23, 44, 12]]


#################

init = 2126.454
res = 1795.841
gap = 1.829

solution = [[0, 10, 63, 62, 23, 5, 44, 12], [0, 11, 34, 2, 37, 8, 24, 6, 30], [0, 70, 76, 50, 45, 22, 4, 32], [0, 49, 73, 36, 66, 67, 53, 42], [0, 51, 77, 3, 39, 60, 74, 13], [0, 38, 58, 72, 54, 9, 55, 25, 46, 64], [0, 40, 21, 7, 1], [0, 52, 28, 79, 18, 48, 14, 71], [0, 78, 68, 43, 16, 61, 59, 27, 17, 29], [0, 33, 15, 41, 47, 56, 69, 65, 35, 26, 19, 57, 75, 20, 31]]


#################

init = 2090.755
res = 1790.767
gap = 1.551

solution = [[0, 31, 20, 75, 57, 26, 35, 65, 69, 56, 47, 19, 25, 64], [0, 49, 73, 36, 66, 67, 70, 53, 42], [0, 58, 76, 72, 54, 9, 55, 33, 15, 41, 46, 29], [0, 38, 32, 4, 22, 45, 50], [0, 17, 27, 59, 61, 16, 43, 68, 78, 30], [0, 24, 6, 8, 37, 2, 34, 11, 10], [0, 71, 14, 48, 18, 79, 28, 52], [0, 63, 62, 23, 5, 44, 12], [0, 1, 7, 21, 40], [0, 13, 74, 60, 39, 3, 77, 51]]


#################

init = 2090.755
res = 1793.165
gap = 1.682

solution = [[0, 17, 27, 59, 61, 16, 43, 68, 78, 5], [0, 31, 20, 75, 57, 26, 35, 65, 69, 56, 47, 19, 25, 64], [0, 30, 6, 24, 8, 37, 2, 34, 11], [0, 29, 44, 12, 23, 62, 63, 10], [0, 49, 73, 36, 67, 66, 53, 42], [0, 70, 76, 50, 45, 22, 4, 32, 58], [0, 40, 21, 7, 1], [0, 52, 28, 79, 18, 48, 14, 71], [0, 51, 77, 3, 39, 60, 74, 13], [0, 38, 72, 54, 9, 55, 33, 15, 41, 46]]


#################

init = 2090.755
res = 1790.665
gap = 1.545

solution = [[0, 30, 6, 24, 8, 37, 2, 34, 11], [0, 29, 17, 31, 27, 59, 61, 16, 43, 68, 78], [0, 10, 63, 62, 23, 5, 44, 12], [0, 20, 75, 57, 26, 35, 65, 69, 56, 47, 19, 25, 64], [0, 38, 72, 54, 9, 55, 33, 15, 41, 46], [0, 51, 77, 3, 39, 60, 74, 13], [0, 49, 73, 36, 67, 66, 53, 42], [0, 58, 32, 4, 22, 45, 50, 76, 70], [0, 40, 21, 7, 1], [0, 52, 28, 79, 18, 48, 14, 71]]


#################

init = 2090.755
res = 1797.105
gap = 1.898

solution = [[0, 52, 28, 79, 18, 48, 14, 71], [0, 74, 60, 39, 3, 42], [0, 51, 77, 46, 25, 41, 15, 55, 9, 54, 72, 53], [0, 10, 63, 62, 23, 5, 44, 12], [0, 29, 20, 75, 57, 19, 47, 26, 35, 65, 69, 56, 33, 64], [0, 17, 31, 27, 59, 61, 16, 43, 68, 78, 30], [0, 24, 6, 8, 37, 2, 34, 11], [0, 40, 21, 7, 1, 13], [0, 49, 38, 67, 66, 36, 73], [0, 58, 32, 4, 22, 45, 50, 76, 70]]


#################

init = 2090.755
res = 1784.013
gap = 1.178

solution = [[0, 30, 6, 24, 8, 37, 2, 34, 11], [0, 29, 17, 31, 27, 59, 61, 16, 43, 68, 78], [0, 51, 77, 3, 39, 60, 74, 13], [0, 49, 73, 36, 67, 66, 53, 42], [0, 12, 44, 23, 62, 63, 10], [0, 58, 32, 4, 22, 45, 50, 76, 70], [0, 38, 72, 54, 9, 55, 41, 25, 46], [0, 5, 20, 75, 57, 19, 26, 35, 65, 69, 56, 47, 15, 33, 64], [0, 40, 21, 7, 1], [0, 52, 28, 79, 18, 48, 14, 71]]


#################

init = 2062.381
res = 1805.52
gap = 2.355

solution = [[0, 30, 6, 24, 8, 37, 2, 34, 11], [0, 29, 17, 31, 27, 59, 61, 16, 43, 68, 78], [0, 20, 75, 57, 19, 47, 26, 35, 65, 69, 56, 33, 64, 53], [0, 72, 54, 9, 55, 15, 41, 25, 46, 77, 51, 13], [0, 10, 63, 62, 23, 12, 44, 5], [0, 52, 28, 79, 18, 48, 14, 71], [0, 1, 7, 21, 40], [0, 58, 32, 4, 22, 45, 50, 76, 70], [0, 49, 38, 66, 67, 36, 73], [0, 74, 60, 39, 3, 42]]


#################

init = 2062.381
res = 1812.0
gap = 2.704

solution = [[0, 44, 5, 78, 68, 43, 16, 61, 59, 27, 29], [0, 30, 6, 24, 8, 37, 2, 34, 11], [0, 74, 60, 39, 3, 42], [0, 20, 75, 57, 26, 35, 65, 69, 56, 47, 19, 25, 64], [0, 70, 72, 54, 9, 55, 33, 15, 41, 46, 31, 17, 77, 51], [0, 52, 28, 79, 18, 48, 14, 71], [0, 53, 76, 50, 32, 45, 22, 4], [0, 73, 36, 66, 67, 58, 38, 49], [0, 13, 12, 23, 62, 63, 10], [0, 40, 21, 7, 1]]


#################

init = 2062.381
res = 1794.598
gap = 1.761

solution = [[0, 10, 63, 62, 23, 12, 44, 5], [0, 30, 6, 24, 8, 37, 2, 34, 11], [0, 29, 17, 31, 27, 59, 61, 16, 43, 68, 78], [0, 20, 75, 57, 26, 35, 65, 69, 56, 47, 19, 25, 64], [0, 51, 77, 46, 41, 15, 33, 55, 9, 54, 72, 38], [0, 58, 32, 4, 22, 45, 50, 76, 70], [0, 3, 39, 60, 74, 13], [0, 49, 73, 36, 66, 67, 53, 42], [0, 52, 28, 79, 18, 48, 14, 71], [0, 1, 7, 21, 40]]


#################

init = 2062.381
res = 1822.546
gap = 3.267

solution = [[0, 74, 60, 39, 3, 42], [0, 10, 63, 11, 23, 12, 44, 5], [0, 17, 31, 46, 25, 41, 15, 33, 55, 9, 54], [0, 30, 20, 75, 57, 19, 26, 35, 65, 69, 56, 47, 64, 77, 51], [0, 73, 36, 53, 66, 67, 70, 38, 49], [0, 76, 72, 50, 45, 22, 4, 32, 58], [0, 1, 7, 21, 40], [0, 52, 28, 79, 18, 48, 14, 71], [0, 13, 29, 27, 59, 61, 16, 43, 68, 78], [0, 62, 24, 6, 8, 37, 2, 34]]


#################

init = 2062.381
res = 1808.31
gap = 2.506

solution = [[0, 76, 72, 50, 45, 22, 4, 32, 58], [0, 73, 36, 53, 67, 66, 70, 38, 49], [0, 17, 31, 46, 25, 41, 15, 55, 9, 54], [0, 51, 77, 64, 33, 56, 69, 65, 35, 26, 47, 19, 57, 75, 29, 13], [0, 27, 59, 20, 61, 16, 43, 68, 78, 5, 44], [0, 52, 28, 79, 18, 48, 14, 71], [0, 74, 60, 39, 3, 42], [0, 40, 7, 1], [0, 30, 6, 24, 8, 37, 2, 34, 11], [0, 21, 10, 63, 62, 23, 12]]


#################

init = 2075.005
res = 1785.901
gap = 1.282

solution = [[0, 13, 74, 60, 39, 3, 77, 51], [0, 58, 32, 4, 22, 45, 50, 76, 70], [0, 38, 72, 54, 9, 55, 41, 25, 46], [0, 12, 44, 5, 23, 62, 63, 10], [0, 42, 53, 67, 66, 36, 73, 49], [0, 1, 7, 21, 40], [0, 64, 33, 15, 19, 47, 56, 69, 65, 35, 26, 57, 75, 20, 27], [0, 2, 37, 8, 68, 43, 16, 61, 78, 29], [0, 52, 28, 79, 18, 48, 14, 71], [0, 11, 34, 24, 6, 30, 59, 17, 31]]


#################

init = 2075.005
res = 1811.661
gap = 2.686

solution = [[0, 76, 72, 50, 22, 4, 32, 58, 38], [0, 46, 25, 41, 15, 55, 9, 54, 45], [0, 30, 78, 61, 57, 19, 47, 26, 35, 65, 69, 56, 33, 64], [0, 23, 24, 6, 59, 27, 31, 17], [0, 42, 53, 70, 66, 67, 36, 73, 49], [0, 51, 77, 3, 39, 60, 74, 13], [0, 40, 21, 7, 1], [0, 10, 71, 63, 62, 12, 44, 5], [0, 14, 48, 18, 79, 28, 52, 11], [0, 34, 2, 37, 8, 68, 43, 16, 75, 20, 29]]


#################

init = 2075.005
res = 1810.463
gap = 2.622

solution = [[0, 78, 20, 75, 57, 26, 35, 65, 69, 56, 47, 19, 25, 64], [0, 44, 5, 6, 30, 59, 27, 31, 17], [0, 24, 34, 2, 37, 8, 68, 43, 16, 61], [0, 76, 72, 50, 45, 22, 4, 32, 58], [0, 38, 54, 9, 55, 33, 15, 41, 46, 29], [0, 51, 77, 3, 39, 60, 74, 13], [0, 49, 73, 36, 66, 67, 70, 53, 42], [0, 1, 7, 21, 40], [0, 10, 71, 63, 62, 23, 12], [0, 11, 52, 28, 79, 18, 48, 14]]


#################

init = 2075.005
res = 1800.006
gap = 2.056

solution = [[0, 58, 32, 4, 22, 45, 50, 76, 70], [0, 1, 7, 21, 40], [0, 24, 34, 2, 37, 8, 68, 43, 16, 61], [0, 44, 5, 6, 30, 59, 27, 17, 31], [0, 3, 39, 60, 29, 74, 13], [0, 42, 53, 66, 67, 36, 73, 49], [0, 10, 71, 63, 62, 23, 12], [0, 14, 48, 18, 79, 28, 52, 11], [0, 51, 77, 46, 41, 15, 33, 55, 9, 54, 72, 38], [0, 78, 20, 75, 57, 26, 35, 65, 69, 56, 47, 19, 25, 64]]


#################

init = 2075.005
res = 1776.638
gap = 0.768

solution = [[0, 34, 2, 37, 8, 68, 43, 16, 61, 78, 5], [0, 10, 71, 63, 62, 23, 44, 12], [0, 29, 17, 27, 59, 30, 6, 24], [0, 42, 53, 70, 66, 67, 36, 73, 49], [0, 38, 32, 4, 22, 45, 50], [0, 58, 76, 72, 54, 9, 55, 15, 41, 25, 46], [0, 40, 21, 7, 1], [0, 14, 48, 18, 79, 28, 52, 11], [0, 51, 77, 3, 39, 60, 74, 13], [0, 64, 33, 56, 69, 65, 35, 26, 47, 19, 57, 75, 20, 31]]


#################

init = 2197.856
res = 1805.984
gap = 2.38

solution = [[0, 2, 37, 8, 68, 43, 16, 61, 78, 30], [0, 52, 28, 79, 18, 48, 14, 71], [0, 25, 19, 47, 56, 69, 65, 35, 26, 57, 75, 20, 27], [0, 38, 58, 32, 4, 22, 45], [0, 50, 76, 72, 54, 9, 55, 33, 15, 41, 46, 64], [0, 49, 73, 36, 66, 67, 70, 53, 42], [0, 44, 23, 5, 59, 31, 17, 74], [0, 51, 77, 3, 39, 60, 29, 12, 13], [0, 62, 6, 24, 34, 11, 63, 10], [0, 1, 7, 21, 40]]


#################

init = 2197.856
res = 1805.623
gap = 2.361

solution = [[0, 2, 37, 8, 68, 43, 16, 61, 78, 30], [0, 76, 72, 50, 45, 22, 4, 32, 58], [0, 20, 75, 57, 26, 35, 65, 69, 56, 47, 19, 25, 64], [0, 29, 31, 46, 41, 15, 33, 55, 9, 54, 70, 66, 67], [0, 1, 7, 21, 40], [0, 52, 28, 79, 18, 48, 14, 71], [0, 49, 73, 36, 38, 53, 42], [0, 51, 77, 3, 39, 60, 74, 13], [0, 10, 63, 11, 34, 24, 6, 23], [0, 62, 12, 44, 5, 59, 27, 17]]


#################

init = 2197.856
res = 1806.854
gap = 2.427

solution = [[0, 2, 37, 8, 68, 43, 16, 61, 78, 30], [0, 58, 32, 4, 22, 45, 50, 76, 70], [0, 74, 17, 27, 59, 5, 44, 62], [0, 31, 20, 75, 57, 19, 47, 25, 41, 15, 33, 64], [0, 38, 72, 54, 9, 55, 56, 69, 65, 35, 26, 46], [0, 52, 28, 79, 18, 48, 14, 71], [0, 40, 21, 7, 1], [0, 23, 6, 24, 34, 11, 63, 10], [0, 51, 77, 3, 39, 60, 29, 12, 13], [0, 49, 73, 36, 67, 66, 53, 42]]


#################

init = 2197.856
res = 1824.506
gap = 3.371

solution = [[0, 2, 37, 8, 68, 43, 16, 61, 78, 30], [0, 52, 28, 79, 18, 48, 14, 71], [0, 20, 75, 57, 26, 35, 65, 69, 56, 47, 19, 25, 64], [0, 29, 17, 31, 27, 59, 5, 44, 12], [0, 58, 32, 4, 22, 45, 50, 76, 70], [0, 72, 54, 9, 55, 33, 15, 41, 46, 42], [0, 40, 21, 1, 7, 62], [0, 23, 6, 24, 34, 11, 63, 10], [0, 51, 77, 3, 39, 60, 74, 13], [0, 49, 38, 67, 66, 53, 36, 73]]


#################

init = 2197.856
res = 1806.864
gap = 2.428

solution = [[0, 2, 37, 8, 68, 43, 16, 61, 78, 30], [0, 20, 75, 57, 26, 35, 65, 69, 56, 47, 19, 25, 64], [0, 42, 51, 77, 3, 74, 29, 12], [0, 62, 44, 5, 59, 27, 17, 31, 60], [0, 23, 6, 24, 34, 11, 63, 10], [0, 39, 46, 41, 15, 33, 55, 9, 54, 72, 70], [0, 49, 38, 66, 67, 53, 36, 73], [0, 58, 32, 4, 22, 45, 50, 76], [0, 40, 21, 7, 1, 13], [0, 52, 28, 79, 18, 48, 14, 71]]


#################

init = 2126.958
res = 1814.406
gap = 2.833

solution = [[0, 2, 37, 8, 68, 43, 16, 61, 78, 30], [0, 10, 63, 11, 34, 24, 6, 23], [0, 76, 72, 50, 45, 22, 4, 32, 58], [0, 62, 12, 44, 5, 29, 17, 74], [0, 64, 25, 47, 56, 69, 65, 35, 26, 19, 57, 75, 20, 31], [0, 27, 59, 46, 41, 15, 33, 54, 9, 55], [0, 42, 51, 77, 39, 60, 3, 13], [0, 73, 36, 53, 66, 67, 70, 38, 49], [0, 40, 21, 7, 1], [0, 52, 28, 79, 18, 48, 14, 71]]


#################

init = 2126.958
res = 1798.526
gap = 1.975

solution = [[0, 2, 37, 8, 68, 43, 16, 61, 78, 30], [0, 53, 76, 50, 45, 22, 4, 32], [0, 31, 27, 20, 75, 57, 19, 47, 26, 35, 65, 69, 56, 15, 33, 64], [0, 72, 54, 9, 55, 41, 25, 46, 59], [0, 62, 12, 44, 5, 29, 17, 74], [0, 52, 28, 79, 18, 48, 14, 71], [0, 40, 21, 7, 1], [0, 10, 63, 11, 34, 24, 6, 23], [0, 42, 51, 77, 39, 60, 3, 13], [0, 73, 36, 66, 67, 70, 58, 38, 49]]


#################

init = 2126.958
res = 1776.686
gap = 0.77

solution = [[0, 2, 37, 8, 68, 43, 16, 61, 78, 30], [0, 64, 33, 15, 56, 69, 65, 35, 26, 47, 19, 57, 75, 20, 5], [0, 46, 25, 41, 55, 9, 54, 72, 38], [0, 62, 12, 44, 59, 27, 31, 17, 29], [0, 58, 32, 4, 22, 45, 50, 76, 70], [0, 51, 77, 3, 39, 60, 74, 13], [0, 40, 21, 7, 1], [0, 42, 53, 66, 67, 36, 73, 49], [0, 10, 63, 11, 34, 24, 6, 23], [0, 52, 28, 79, 18, 48, 14, 71]]


#################

init = 2126.958
res = 1792.704
gap = 1.657

solution = [[0, 52, 28, 79, 18, 48, 14, 71], [0, 10, 63, 11, 34, 24, 6, 23, 44], [0, 12, 5, 59, 31, 17, 29, 74], [0, 40, 21, 7, 62, 1], [0, 2, 37, 8, 68, 43, 16, 61, 78, 30], [0, 64, 46, 41, 15, 33, 55, 9, 54, 72, 38], [0, 27, 20, 75, 57, 26, 35, 65, 69, 56, 47, 19, 25, 51], [0, 36, 67, 66, 53, 39, 60, 3, 77], [0, 49, 73, 42, 13], [0, 58, 32, 4, 22, 45, 50, 76, 70]]


#################

init = 2126.958
res = 1796.622
gap = 1.871

solution = [[0, 2, 37, 8, 68, 43, 16, 61, 78, 30], [0, 10, 63, 11, 34, 24, 6, 23], [0, 62, 12, 44, 29, 17, 31, 59, 27], [0, 64, 33, 56, 69, 65, 35, 26, 47, 19, 57, 75, 20, 5], [0, 74, 46, 25, 41, 15, 55, 9, 54, 72], [0, 42, 51, 77, 39, 60, 3, 13], [0, 52, 28, 79, 18, 48, 14, 71], [0, 40, 21, 7, 1], [0, 49, 38, 66, 67, 53, 36, 73], [0, 58, 32, 4, 22, 45, 50, 76, 70]]


#################

init = 2029.837
res = 1806.467
gap = 2.406

solution = [[0, 52, 28, 79, 18, 48, 14, 71], [0, 23, 6, 24, 34, 11, 63, 10], [0, 70, 76, 50, 45, 22, 4, 32, 58], [0, 77, 64, 46, 41, 15, 33, 55, 9, 54, 72, 38], [0, 40, 21, 7, 1, 13], [0, 62, 5, 59, 27, 31, 17, 74], [0, 49, 73, 42, 36, 53, 66, 67], [0, 12, 44, 29, 60, 39, 3, 51], [0, 2, 37, 8, 68, 43, 16, 61, 78, 30], [0, 20, 75, 57, 26, 35, 65, 69, 56, 47, 19, 25]]


#################

init = 2029.837
res = 1790.354
gap = 1.528

solution = [[0, 46, 25, 41, 15, 55, 9, 54, 72, 76, 58], [0, 50, 45, 22, 4, 32, 38], [0, 51, 77, 3, 39, 60, 74, 13], [0, 12, 44, 23, 5, 17, 31, 59, 27], [0, 42, 53, 70, 67, 66, 36, 73, 49], [0, 64, 33, 56, 69, 65, 35, 26, 47, 19, 57, 75, 20, 29], [0, 30, 78, 61, 16, 43, 68, 8, 37, 2], [0, 52, 28, 79, 18, 48, 14, 71], [0, 40, 21, 7, 1], [0, 62, 6, 24, 34, 11, 63, 10]]


#################

init = 2029.837
res = 1808.342
gap = 2.507

solution = [[0, 2, 37, 8, 68, 43, 16, 61, 78, 30], [0, 52, 28, 79, 18, 48, 14, 71], [0, 58, 32, 4, 22, 45, 50, 76, 70], [0, 73, 36, 53, 66, 67, 38, 49], [0, 64, 25, 75, 20, 57, 26, 35, 65, 69, 56, 47, 19], [0, 42, 51, 77, 39, 60, 3, 13], [0, 72, 54, 9, 55, 33, 15, 41, 46, 59, 29], [0, 62, 12, 44, 5, 27, 31, 17, 74], [0, 40, 21, 7, 1], [0, 23, 6, 24, 34, 11, 63, 10]]


#################

init = 2029.837
res = 1774.447
gap = 0.645

solution = [[0, 52, 28, 79, 18, 48, 14, 71], [0, 58, 32, 4, 22, 45, 50, 76, 70], [0, 51, 77, 3, 39, 60, 74, 13], [0, 38, 72, 54, 9, 55, 41, 25, 46], [0, 2, 37, 8, 68, 43, 16, 61, 78, 30], [0, 62, 12, 44, 5, 59, 27, 17, 31], [0, 64, 33, 15, 56, 69, 65, 35, 26, 47, 19, 57, 75, 20, 29], [0, 42, 53, 67, 66, 36, 73, 49], [0, 40, 21, 7, 1], [0, 23, 6, 24, 34, 11, 63, 10]]


#################

init = 2029.837
res = 1784.78
gap = 1.22

solution = [[0, 52, 28, 79, 18, 48, 14, 71], [0, 23, 6, 24, 34, 11, 63, 10], [0, 31, 20, 75, 57, 26, 35, 65, 69, 56, 47, 19, 25, 64], [0, 38, 32, 4, 22, 45, 50], [0, 58, 76, 72, 54, 9, 55, 33, 15, 41, 46, 29], [0, 2, 37, 8, 68, 43, 16, 61, 78, 30], [0, 62, 12, 44, 5, 59, 27, 17], [0, 1, 7, 21, 40], [0, 13, 74, 60, 39, 3, 77, 51], [0, 42, 53, 70, 66, 67, 36, 73, 49]]
Execution = 2867.703813791275
