Time = 1.2823545932769775

res = 695.025
solution = [[0, 38, 41, 31, 21, 9, 18], [0, 24, 14, 17, 2, 36, 10, 11, 43], [0, 25, 42, 1, 5, 30], [0, 39, 22, 8, 28, 12, 32, 23, 37, 19, 27], [0, 20, 33, 15, 3, 40, 44, 35, 4], [0, 16, 13, 26, 6, 34, 7, 29]]

res = 699.869
solution = [[0, 39, 22, 8, 28, 12, 32, 23, 37, 19, 27], [0, 18, 9, 21, 31, 41, 38], [0, 24, 17, 14, 2, 36, 10, 11, 43], [0, 29, 13, 30, 1, 5], [0, 35, 44, 34, 26, 25, 42, 16], [0, 6, 15, 3, 40, 33, 7, 20, 4]]

res = 699.869
solution = [[0, 38, 41, 31, 21, 9, 18], [0, 35, 44, 34, 26, 25, 42, 16], [0, 4, 20, 7, 33, 40, 3, 15, 6], [0, 39, 22, 8, 28, 12, 32, 23, 37, 19, 27], [0, 43, 11, 10, 36, 2, 14, 17, 24], [0, 29, 13, 30, 1, 5]]

res = 699.869
solution = [[0, 38, 41, 31, 21, 9, 18], [0, 35, 44, 34, 26, 25, 42, 16], [0, 4, 20, 7, 33, 40, 3, 15, 6], [0, 39, 22, 8, 28, 12, 32, 23, 37, 19, 27], [0, 43, 11, 10, 36, 2, 14, 17, 24], [0, 29, 13, 30, 1, 5]]

res = 699.869
solution = [[0, 38, 41, 31, 21, 9, 18], [0, 35, 44, 34, 26, 25, 42, 16], [0, 4, 20, 7, 33, 40, 3, 15, 6], [0, 39, 22, 8, 28, 12, 32, 23, 37, 19, 27], [0, 43, 11, 10, 36, 2, 14, 17, 24], [0, 29, 13, 30, 1, 5]]

res = 699.869
solution = [[0, 38, 41, 31, 21, 9, 18], [0, 35, 44, 34, 26, 25, 42, 16], [0, 4, 20, 7, 33, 40, 3, 15, 6], [0, 39, 22, 8, 28, 12, 32, 23, 37, 19, 27], [0, 43, 11, 10, 36, 2, 14, 17, 24], [0, 29, 13, 30, 1, 5]]

res = 705.992
solution = [[0, 38, 41, 31, 21, 9, 18], [0, 35, 44, 33, 40, 3, 15, 7, 20], [0, 43, 16, 30, 42, 5], [0, 12, 1, 11, 10, 36, 2, 14, 17, 24], [0, 29, 34, 6, 26, 25, 13], [0, 39, 8, 22, 28, 32, 23, 37, 19, 27, 4]]

res = 715.906
solution = [[0, 38, 41, 31, 21, 9, 18], [0, 39, 22, 8, 28, 12, 32, 23, 37, 19, 27], [0, 35, 44, 33, 40, 3, 15, 7, 20], [0, 4], [0, 24, 14, 17, 2, 36, 10, 11, 5], [0, 16, 30, 1, 42, 43], [0, 29, 34, 6, 26, 25, 13]]

res = 716.251
solution = [[0, 38, 41, 31, 21, 9, 18], [0, 35, 44, 33, 40, 3, 15, 7, 20], [0, 24, 14, 17, 2, 36, 10, 11, 1], [0, 39, 8, 22, 28, 12, 32, 23, 37, 19, 27], [0, 4], [0, 29, 34, 6, 26, 25, 13], [0, 5, 42, 30, 16, 43]]

res = 716.251
solution = [[0, 38, 41, 31, 21, 9, 18], [0, 27, 19, 37, 23, 32, 12, 28, 8, 22, 39], [0, 7, 20, 15, 3, 40, 33, 44, 35], [0, 29, 34, 6, 26, 25, 13], [0, 5, 42, 30, 16, 43], [0, 4], [0, 24, 14, 17, 2, 36, 10, 11, 1]]

Mean = 70.48767102725695
Execution = 563.5233001708984


Time = 72.25789594650269
