Aretes fixées après apprentissage pour cette exécution
Fixed edges = [[0, 37, 42, 32, 21, 0], [0, 25, 29, 43, 40, 23, 0], [0, 16, 20, 18, 35, 1, 30, 0], [0, 22, 36, 9, 38, 13, 14, 41, 2, 0], [0, 27, 28, 0], [0, 3, 0], [0, 4, 0], [0, 5, 0], [0, 6, 0], [0, 7, 0], [0, 8, 0], [0, 10, 0], [0, 11, 0], [0, 12, 0], [0, 15, 0], [0, 17, 0], [0, 19, 0], [0, 24, 0], [0, 26, 0], [0, 31, 0], [0, 33, 0], [0, 34, 0], [0, 39, 0]]
Time = 0.5216126441955566


#################

init = 1093.356
res = 961.735
gap = -773.837

solution = [[0, 31], [0, 22, 36, 9, 38, 13, 14, 41, 2], [0, 7, 28, 27, 19, 15, 8], [0, 24, 5, 21, 32, 42, 37, 11, 10, 33], [0, 4, 34, 39, 12, 3, 25, 6], [0, 26, 16, 20, 18, 35, 1, 43], [0, 29, 40, 23, 30, 17]]


#################

init = 1093.356
res = 943.02
gap = -791.18

solution = [[0, 2, 41, 14, 13, 38, 9, 36, 22], [0, 25, 29, 43, 40, 23, 17], [0, 30, 1, 35, 18, 20, 16, 26], [0, 6, 3, 12, 39, 34, 4, 31], [0, 24, 33, 10, 11, 37, 42, 32, 21, 5, 15], [0, 7, 28, 27, 19, 8]]


#################

init = 1093.356
res = 955.439
gap = -779.596

solution = [[0, 22, 36, 9, 38, 13, 14, 41, 2], [0, 30, 1, 35, 18, 20, 16], [0, 6, 3, 12, 39, 34, 4, 31], [0, 25, 29, 43, 40, 23, 17], [0, 26, 10, 11, 37, 42, 32, 21, 5, 7], [0, 19, 33, 24, 27, 28, 15, 8]]


#################

init = 1093.356
res = 943.02
gap = -791.18

solution = [[0, 22, 36, 9, 38, 13, 14, 41, 2], [0, 30, 1, 35, 18, 20, 16, 26], [0, 6, 3, 12, 39, 34, 4, 31], [0, 25, 29, 43, 40, 23, 17], [0, 7, 28, 27, 19, 8], [0, 24, 33, 10, 11, 37, 42, 32, 21, 5, 15]]


#################

init = 1093.356
res = 943.479
gap = -790.746

solution = [[0, 22, 36, 9, 38, 13, 14, 41, 2], [0, 30, 1, 35, 18, 20, 16, 26], [0, 6, 3, 12, 39, 34, 4, 31], [0, 25, 29, 43, 40, 23, 17], [0, 7, 28, 27, 19, 15, 8], [0, 33, 10, 11, 37, 42, 32, 21, 5, 24]]


#################

init = 1111.241
res = 951.939
gap = -782.83

solution = [[0, 16, 20, 18, 35, 1, 43, 29], [0, 5, 21, 32, 42, 37, 11, 10, 26, 39], [0, 30, 23, 40, 25, 6], [0, 22, 36, 9, 38, 13, 14, 41, 2], [0, 7, 28, 27, 24, 33, 19, 15, 8], [0, 3, 12, 17, 34, 4, 31]]


#################

init = 1111.241
res = 949.772
gap = -784.844

solution = [[0, 16, 20, 18, 35, 1, 43, 29], [0, 30, 23, 40, 25, 6], [0, 22, 36, 9, 38, 13, 14, 41, 2], [0, 17, 3, 12, 39, 34, 4, 31], [0, 19, 33, 24, 27, 28, 15, 8], [0, 26, 10, 11, 37, 42, 32, 21, 5, 7]]


#################

init = 1111.241
res = 949.772
gap = -784.844

solution = [[0, 16, 20, 18, 35, 1, 43, 29], [0, 30, 23, 40, 25, 6], [0, 19, 33, 24, 27, 28, 15, 8], [0, 26, 10, 11, 37, 42, 32, 21, 5, 7], [0, 17, 3, 12, 39, 34, 4, 31], [0, 22, 36, 9, 38, 13, 14, 41, 2]]


#################

init = 1111.241
res = 951.939
gap = -782.83

solution = [[0, 16, 20, 18, 35, 1, 43, 29], [0, 5, 21, 32, 42, 37, 11, 10, 26, 39], [0, 30, 23, 40, 25, 6], [0, 7, 28, 27, 24, 33, 19, 15, 8], [0, 3, 12, 17, 34, 4, 31], [0, 22, 36, 9, 38, 13, 14, 41, 2]]


#################

init = 1111.241
res = 949.772
gap = -784.844

solution = [[0, 16, 20, 18, 35, 1, 43, 29], [0, 30, 23, 40, 25, 6], [0, 22, 36, 9, 38, 13, 14, 41, 2], [0, 17, 3, 12, 39, 34, 4, 31], [0, 26, 10, 11, 37, 42, 32, 21, 5, 7], [0, 19, 33, 24, 27, 28, 15, 8]]


#################

init = 1129.011
res = 949.711
gap = -784.901

solution = [[0, 22, 36, 9, 38, 13, 14, 41, 2], [0, 6, 3, 17, 34, 4, 31], [0, 30, 1, 35, 18, 20, 16, 39], [0, 25, 29, 43, 40, 23, 12], [0, 26, 10, 11, 37, 42, 32, 21, 5, 7], [0, 19, 33, 24, 27, 28, 15, 8]]


#################

init = 1129.011
res = 943.02
gap = -791.18

solution = [[0, 22, 36, 9, 38, 13, 14, 41, 2], [0, 25, 29, 43, 40, 23, 17], [0, 6, 3, 12, 39, 34, 4, 31], [0, 26, 16, 20, 18, 35, 1, 30], [0, 24, 33, 10, 11, 37, 42, 32, 21, 5, 15], [0, 7, 28, 27, 19, 8]]


#################

init = 1129.011
res = 953.012
gap = -781.836

solution = [[0, 19, 33, 24, 27, 28, 15, 8], [0, 26, 10, 11, 37, 42, 32, 21, 5, 7], [0, 39, 30, 20, 16, 18, 35, 1], [0, 6, 3, 17, 34, 4, 31], [0, 22, 36, 9, 38, 13, 14, 41, 2], [0, 25, 29, 43, 40, 23, 12]]


#################

init = 1129.011
res = 951.963
gap = -782.808

solution = [[0, 3, 25, 40, 23, 30, 12], [0, 19, 33, 24, 27, 28, 15, 8], [0, 22, 36, 9, 38, 13, 14, 41, 2], [0, 6, 17, 39, 34, 4, 31], [0, 26, 10, 11, 37, 42, 32, 21, 5, 7], [0, 16, 20, 18, 35, 1, 43, 29]]


#################

init = 1129.011
res = 953.012
gap = -781.836

solution = [[0, 26, 10, 11, 37, 42, 32, 21, 5, 7], [0, 22, 36, 9, 38, 13, 14, 41, 2], [0, 19, 33, 24, 27, 28, 15, 8], [0, 39, 30, 20, 16, 18, 35, 1], [0, 25, 29, 43, 40, 23, 12], [0, 6, 3, 17, 34, 4, 31]]


#################

init = 1077.168
res = 943.02
gap = -791.18

solution = [[0, 22, 36, 9, 38, 13, 14, 41, 2], [0, 25, 29, 43, 40, 23, 17], [0, 31, 4, 34, 39, 12, 3, 6], [0, 30, 1, 35, 18, 20, 16, 26], [0, 7, 28, 27, 19, 8], [0, 24, 33, 10, 11, 37, 42, 32, 21, 5, 15]]


#################

init = 1077.168
res = 949.786
gap = -784.831

solution = [[0, 31, 4, 34, 17, 3, 6], [0, 29, 43, 1, 35, 18, 20, 16], [0, 19, 33, 24, 27, 28, 15, 8], [0, 26, 10, 11, 37, 42, 32, 21, 5, 7], [0, 22, 36, 9, 38, 13, 14, 41, 2], [0, 25, 40, 23, 30, 39, 12]]


#################

init = 1077.168
res = 949.711
gap = -784.901

solution = [[0, 22, 36, 9, 38, 13, 14, 41, 2], [0, 30, 1, 35, 18, 20, 16, 39], [0, 25, 29, 43, 40, 23, 12], [0, 31, 4, 34, 17, 3, 6], [0, 26, 10, 11, 37, 42, 32, 21, 5, 7], [0, 8, 15, 28, 27, 24, 33, 19]]


#################

init = 1077.168
res = 943.02
gap = -791.18

solution = [[0, 22, 36, 9, 38, 13, 14, 41, 2], [0, 25, 29, 43, 40, 23, 17], [0, 31, 4, 34, 39, 12, 3, 6], [0, 30, 1, 35, 18, 20, 16, 26], [0, 7, 28, 27, 19, 8], [0, 24, 33, 10, 11, 37, 42, 32, 21, 5, 15]]
