Aretes fixées après apprentissage pour cette exécution
Fixed edges = [[0, 26, 10, 11, 37, 42, 32, 21, 5, 24, 33, 0], [0, 4, 34, 39, 0], [0, 6, 12, 17, 0], [0, 19, 27, 28, 7, 0], [0, 3, 23, 40, 43, 29, 25, 0], [0, 16, 20, 18, 35, 1, 30, 0], [0, 22, 36, 9, 38, 13, 14, 41, 2, 0], [0, 8, 0], [0, 15, 0], [0, 31, 0]]
Time = 0.5133898258209229


#################

init = 1011.913
res = 952.446
gap = -782.36

solution = [[0, 22, 36, 9, 38, 13, 14, 41, 2], [0, 16, 20, 18, 35, 1, 43, 29], [0, 34, 30, 23, 40, 25], [0, 7, 28, 27, 24, 33, 19, 15, 8], [0, 6, 3, 12, 17, 4, 31], [0, 39, 26, 10, 11, 37, 42, 32, 21, 5]]


#################

init = 1011.913
res = 954.334
gap = -780.614

solution = [[0, 22, 36, 9, 38, 13, 14, 41, 2], [0, 7, 28, 27, 15, 8, 31], [0, 30, 1, 35, 18, 20, 16, 26], [0, 33, 10, 11, 37, 42, 32, 21, 5, 24], [0, 25, 29, 43, 40, 23, 17], [0, 6, 3, 12, 39, 34, 4, 19]]


#################

init = 1011.913
res = 949.711
gap = -784.901

solution = [[0, 22, 36, 9, 38, 13, 14, 41, 2], [0, 6, 3, 17, 34, 4, 31], [0, 25, 29, 43, 40, 23, 12], [0, 30, 1, 35, 18, 20, 16, 39], [0, 26, 10, 11, 37, 42, 32, 21, 5, 7], [0, 19, 33, 24, 27, 28, 15, 8]]


#################

init = 1011.913
res = 949.711
gap = -784.901

solution = [[0, 22, 36, 9, 38, 13, 14, 41, 2], [0, 6, 3, 17, 34, 4, 31], [0, 30, 1, 35, 18, 20, 16, 39], [0, 25, 29, 43, 40, 23, 12], [0, 26, 10, 11, 37, 42, 32, 21, 5, 7], [0, 19, 33, 24, 27, 28, 15, 8]]


#################

init = 1011.913
res = 951.963
gap = -782.808

solution = [[0, 22, 36, 9, 38, 13, 14, 41, 2], [0, 6, 17, 39, 34, 4, 31], [0, 29, 43, 1, 35, 18, 20, 16], [0, 3, 25, 40, 23, 30, 12], [0, 26, 10, 11, 37, 42, 32, 21, 5, 7], [0, 19, 33, 24, 27, 28, 15, 8]]


#################

init = 1100.124
res = 946.276
gap = -788.113

solution = [[0, 22, 36, 9, 38, 13, 14, 41, 2], [0, 6, 3, 17, 34, 4, 31], [0, 25, 29, 40, 23, 30, 12], [0, 43, 1, 35, 18, 20, 16, 39], [0, 26, 10, 11, 37, 42, 32, 21, 5, 7], [0, 8, 15, 28, 27, 24, 33, 19]]


#################

init = 1100.124
res = 949.711
gap = -784.901

solution = [[0, 22, 36, 9, 38, 13, 14, 41, 2], [0, 19, 33, 24, 27, 28, 15, 8], [0, 30, 1, 35, 18, 20, 16, 39], [0, 26, 10, 11, 37, 42, 32, 21, 5, 7], [0, 25, 29, 43, 40, 23, 12], [0, 6, 3, 17, 34, 4, 31]]


#################

init = 1100.124
res = 948.51
gap = -786.021

solution = [[0, 22, 36, 9, 38, 13, 14, 41, 2], [0, 43, 1, 35, 18, 20, 16, 26], [0, 8, 15, 19, 33, 24, 27, 28, 7], [0, 25, 29, 40, 23, 30, 39], [0, 6, 3, 12, 17, 4, 31], [0, 5, 21, 32, 42, 37, 11, 10, 34]]


#################

init = 1100.124
res = 943.02
gap = -791.18

solution = [[0, 22, 36, 9, 38, 13, 14, 41, 2], [0, 25, 29, 43, 40, 23, 17], [0, 6, 3, 12, 39, 34, 4, 31], [0, 26, 16, 20, 18, 35, 1, 30], [0, 24, 33, 10, 11, 37, 42, 32, 21, 5, 15], [0, 7, 28, 27, 19, 8]]


#################

init = 1100.124
res = 948.245
gap = -786.268

solution = [[0, 22, 36, 9, 38, 13, 14, 41, 2], [0, 29, 43, 1, 35, 18, 20, 16], [0, 19, 33, 24, 27, 28, 15, 8], [0, 26, 10, 11, 37, 42, 32, 21, 5, 7], [0, 25, 40, 23, 30, 17], [0, 6, 3, 12, 39, 34, 4, 31]]


#################

init = 1106.797
res = 958.858
gap = -776.46

solution = [[0, 8, 19, 33, 24, 27, 28, 7], [0, 6, 3, 17, 34, 4, 31], [0, 22, 36, 9, 38, 13, 14, 41, 2], [0, 25, 29, 43, 40, 23], [0, 12, 30, 20, 16, 18, 35, 1], [0, 39, 26, 10, 11, 37, 42, 32, 21, 5, 15]]


#################

init = 1106.797
res = 946.276
gap = -788.113

solution = [[0, 22, 36, 9, 38, 13, 14, 41, 2], [0, 31, 4, 34, 17, 3, 6], [0, 19, 33, 24, 27, 28, 15, 8], [0, 25, 29, 40, 23, 30, 12], [0, 43, 1, 35, 18, 20, 16, 39], [0, 26, 10, 11, 37, 42, 32, 21, 5, 7]]


#################

init = 1106.797
res = 953.012
gap = -781.836

solution = [[0, 22, 36, 9, 38, 13, 14, 41, 2], [0, 39, 30, 20, 16, 18, 35, 1], [0, 25, 29, 43, 40, 23, 12], [0, 31, 4, 34, 17, 3, 6], [0, 7, 5, 21, 32, 42, 37, 11, 10, 26], [0, 19, 33, 24, 27, 28, 15, 8]]


#################

init = 1106.797
res = 957.405
gap = -777.789

solution = [[0, 15, 5, 21, 32, 42, 37, 11, 10, 26, 39], [0, 31, 4, 34, 17, 3, 6], [0, 7, 28, 27, 24, 33, 19, 8], [0, 12, 30, 20, 16, 18, 35, 1], [0, 41, 14, 13, 38, 9, 36, 2], [0, 25, 23, 40, 29, 43, 22]]


#################

init = 1106.797
res = 949.711
gap = -784.901

solution = [[0, 22, 36, 9, 38, 13, 14, 41, 2], [0, 25, 29, 43, 40, 23, 12], [0, 31, 4, 34, 17, 3, 6], [0, 30, 1, 35, 18, 20, 16, 39], [0, 19, 33, 24, 27, 28, 15, 8], [0, 26, 10, 11, 37, 42, 32, 21, 5, 7]]


#################

init = 1085.988
res = 953.012
gap = -781.836

solution = [[0, 22, 36, 9, 38, 13, 14, 41, 2], [0, 39, 30, 20, 16, 18, 35, 1], [0, 25, 29, 43, 40, 23, 12], [0, 31, 4, 34, 17, 3, 6], [0, 26, 10, 11, 37, 42, 32, 21, 5, 7], [0, 19, 33, 24, 27, 28, 15, 8]]


#################

init = 1085.988
res = 949.711
gap = -784.901

solution = [[0, 22, 36, 9, 38, 13, 14, 41, 2], [0, 30, 1, 35, 18, 20, 16, 39], [0, 25, 29, 43, 40, 23, 12], [0, 31, 4, 34, 17, 3, 6], [0, 26, 10, 11, 37, 42, 32, 21, 5, 7], [0, 19, 33, 24, 27, 28, 15, 8]]


#################

init = 1085.988
res = 953.012
gap = -781.836

solution = [[0, 22, 36, 9, 38, 13, 14, 41, 2], [0, 39, 30, 20, 16, 18, 35, 1], [0, 25, 29, 43, 40, 23, 12], [0, 31, 4, 34, 17, 3, 6], [0, 26, 10, 11, 37, 42, 32, 21, 5, 7], [0, 19, 33, 24, 27, 28, 15, 8]]
