Aretes fixées après apprentissage pour cette exécution
Fixed edges = [[0, 226, 227, 228, 229, 230, 231, 232, 233, 234, 235, 195, 196, 236, 237, 238, 239, 198, 197, 0], [0, 220, 221, 181, 180, 179, 0], [0, 206, 207, 208, 209, 210, 211, 212, 213, 214, 215, 0], [0, 162, 161, 201, 240, 200, 199, 0], [0, 182, 222, 223, 224, 225, 185, 186, 0], [0, 202, 203, 204, 205, 165, 164, 163, 0], [0, 187, 188, 189, 0], [0, 183, 184, 0], [0, 154, 155, 156, 157, 158, 0], [0, 150, 151, 152, 153, 0], [0, 124, 125, 126, 127, 128, 0], [0, 111, 112, 113, 114, 115, 116, 117, 118, 0], [0, 108, 109, 110, 0], [0, 95, 96, 97, 98, 0], [0, 75, 76, 77, 78, 79, 80, 41, 42, 43, 44, 0], [0, 30, 31, 32, 33, 34, 35, 36, 37, 38, 39, 40, 1, 0], [0, 175, 176, 216, 217, 218, 219, 0], [0, 171, 172, 173, 174, 0], [0, 167, 168, 0], [0, 143, 144, 145, 146, 0], [0, 121, 122, 0], [0, 119, 120, 81, 0], [0, 91, 92, 93, 94, 0], [0, 48, 49, 50, 51, 52, 53, 0], [0, 25, 26, 27, 28, 29, 0], [0, 134, 135, 136, 137, 138, 0], [0, 129, 130, 131, 132, 133, 0], [0, 89, 90, 0], [0, 82, 83, 84, 85, 86, 87, 47, 0], [0, 68, 69, 70, 71, 0], [0, 54, 55, 56, 57, 58, 59, 60, 61, 62, 63, 64, 65, 66, 67, 0], [0, 10, 11, 12, 13, 14, 15, 16, 17, 18, 19, 20, 21, 22, 23, 24, 0], [0, 2, 3, 4, 5, 6, 7, 8, 9, 0], [0, 148, 149, 0], [0, 139, 140, 141, 142, 0], [0, 101, 102, 103, 104, 105, 106, 107, 0], [0, 193, 194, 0], [0, 177, 178, 0], [0, 169, 170, 0], [0, 99, 100, 0], [0, 72, 73, 0], [0, 190, 191, 192, 0], [0, 45, 46, 0], [0, 74, 0], [0, 88, 0], [0, 123, 0], [0, 147, 0], [0, 159, 0], [0, 160, 0], [0, 166, 0]]
Time = 57.427900314331055


#################

init = 9357.883
res = 6075.532
gap = 7.448

solution = [[0, 49, 50, 51, 52, 53, 54, 94, 93, 92, 91, 90, 130, 131, 132, 133, 134, 174, 173, 172, 171, 170, 169, 129, 89, 88, 48, 7], [0, 206, 207, 208, 209, 210, 211, 212, 213, 214, 215, 175, 176, 216, 217, 218, 178, 177, 137, 136, 135, 95, 96, 97, 98, 58, 18], [0, 11, 12, 13, 14, 15, 16, 17, 19, 20, 21, 22, 23, 24, 63, 62, 61, 100, 99, 138, 139, 140, 180, 179, 219, 220, 221, 181, 141, 101], [0, 154, 153, 152, 151, 150, 190, 191, 192, 193, 194, 195, 155, 156], [0, 55, 56, 57, 59, 60, 102, 103, 142, 182, 222, 223, 224, 225, 185, 184, 183, 143, 144, 145, 146, 147, 148, 108, 68, 69, 70, 29, 28], [0, 196, 197, 198, 199, 200, 161, 201, 240, 239, 238, 237, 236, 235, 234, 233, 232, 231, 230, 229, 228, 227, 226, 186, 187, 188, 189, 149, 109], [0, 71, 72, 73, 74, 75, 76, 117, 157, 158, 159, 160, 121, 122, 81, 120, 119, 118, 79, 80, 41], [0, 25, 26, 27, 67, 66, 65, 64, 104, 105, 106, 107, 110, 111, 112, 113, 114, 115, 116, 77, 78, 38], [0, 6, 5, 44, 84, 164, 163, 162, 202, 203, 204, 205, 165, 166, 167, 168, 128, 127, 126, 87, 47, 8, 9, 10], [0, 30, 31, 32, 33, 34, 35, 36, 37, 39, 40, 1, 2, 3, 4, 45, 46, 86, 85, 125, 124, 123, 83, 82, 42, 43]]


#################

init = 9357.883
res = 6155.313
gap = 8.648

solution = [[0, 49, 50, 51, 52, 53, 54, 94, 93, 92, 91, 90, 130, 131, 132, 133, 134, 174, 173, 172, 171, 170, 169, 129, 128, 88, 89, 48, 7], [0, 26, 27, 28, 29, 31, 30], [0, 32, 33, 34, 35, 36, 37, 38, 39, 40, 119, 120, 81, 121, 122, 163, 203, 204, 205, 165, 164, 124, 123, 83, 82, 42, 41], [0, 1, 2, 3, 4, 5, 6, 45, 44, 43, 84, 125, 166, 206, 207, 208, 168, 167, 127, 126, 85, 86, 87, 47, 46, 8, 9], [0, 68, 69, 70, 71, 72, 73, 114, 115, 155, 154, 153, 111, 110, 108, 107, 106, 105, 104, 103, 62, 63, 64, 24], [0, 56, 57, 58, 59, 100, 101, 102, 182, 222, 223, 183, 143, 144, 145, 146, 147, 148, 189, 190, 191, 150, 67, 66, 65, 25], [0, 77, 76, 75, 74, 113, 112, 151, 152, 192, 193, 194, 195, 157, 158, 159, 199, 239, 240, 201, 202, 162, 161, 200, 160, 80, 79, 78], [0, 118, 117, 116, 156, 196, 197, 198, 238, 237, 236, 235, 234, 233, 232, 231, 230, 229, 228, 227, 226, 225, 224, 184, 185, 186, 187, 188, 149, 109], [0, 209, 210, 211, 212, 213, 214, 215, 216, 175, 176, 177, 217, 218, 219, 178, 137, 97, 96, 136, 135, 95, 55, 15], [0, 10, 11, 12, 13, 14, 16, 17, 18, 19, 20, 21, 22, 23, 61, 60, 99, 98, 139, 140, 141, 142, 181, 221, 220, 180, 179, 138]]


#################

init = 9357.883
res = 5961.951
gap = 5.685

solution = [[0, 222, 223, 224, 225, 226, 227, 228, 229, 230, 231, 232, 233, 234, 235, 236, 237, 238, 239, 199, 198, 197, 196, 195, 155, 156], [0, 3, 43, 42, 41, 82, 121, 161, 162, 202, 201, 240, 200, 160, 159, 158, 157, 117, 116, 115, 114, 75, 76, 77, 79, 80, 40, 1, 2], [0, 9, 49, 50, 51, 52, 53, 54, 94, 93, 92, 91, 90, 130, 131, 132, 133, 134, 174, 173, 172, 171, 170, 169, 168, 128, 129, 89, 88, 48, 8], [0, 74, 73, 72, 113, 112, 152, 153, 154, 194, 193, 192, 191, 190, 189, 188, 187, 186, 146, 106, 66, 65, 64, 63, 62, 61, 60], [0, 19, 20, 21, 22, 23, 24, 25, 26, 27, 28, 29, 30, 31, 71, 70, 110, 109, 108, 107, 147, 148, 149, 150, 151, 111], [0, 32, 33, 34, 35, 36, 37, 38, 39, 78, 118, 119, 120, 81, 122, 123, 83, 44, 4], [0, 6, 5, 45, 46, 86, 85, 84, 124, 125, 126, 166, 165, 164, 163, 203, 204, 205, 206, 207, 167, 127, 87, 47, 7], [0, 208, 209, 210, 211, 212, 213, 214, 215, 175, 176, 216, 217, 218, 219, 220, 221, 180, 179, 178, 177, 137, 136, 135, 95, 96, 97, 56, 55, 15], [0, 10, 11, 12, 13, 14, 16, 17, 57], [0, 18, 58, 59, 100, 99, 98, 138, 139, 140, 141, 181, 182, 183, 184, 185, 145, 144, 143, 142, 101, 102, 103, 104, 105, 67, 68, 69]]


#################

init = 9357.883
res = 6024.077
gap = 6.658

solution = [[0, 25, 26, 27, 28, 29, 69, 70, 71, 73, 74, 75, 76, 77], [0, 56, 57, 58, 59, 99, 98, 97, 137, 138, 139, 179, 180, 140, 101, 102, 103, 105, 106, 147, 148, 149, 150, 110, 109, 108, 68, 30], [0, 168, 167, 207, 208, 209, 210, 211, 212, 213, 214, 215, 216, 217, 177, 176, 175, 135, 136, 96, 95, 55], [0, 31, 32, 33, 34, 35, 36, 37, 38, 39, 40, 41, 42, 43, 82, 81, 121, 161, 200, 240, 201, 202, 203, 204, 205, 206, 166, 165, 86], [0, 6, 5, 4, 44, 45, 85, 84, 83, 123, 122, 162, 163, 164, 124, 125, 126, 127, 88, 89, 49, 48, 47, 7, 8, 9], [0, 50, 51, 52, 53, 54, 94, 93, 92, 91, 90, 130, 131, 132, 133, 134, 174, 173, 172, 171, 170, 169, 129, 128, 87, 46], [0, 72, 112, 113, 114, 115, 116, 117, 158, 198, 197, 237, 238, 239, 199, 159, 160, 120, 119, 79, 80, 1, 2, 3], [0, 10, 11, 12, 13, 14, 15, 16, 17, 18, 19, 20, 21, 22, 62, 61, 60, 100, 141, 142, 181, 182, 222, 221, 220, 219, 218, 178], [0, 23, 24, 64, 65, 66, 67, 107, 146, 145, 185, 186, 187, 188, 189, 190, 191, 192, 193, 194, 154, 153, 152, 151, 111], [0, 78, 118, 157, 156, 155, 195, 196, 236, 235, 234, 233, 232, 231, 230, 229, 228, 227, 226, 225, 224, 223, 183, 184, 144, 143, 104, 63]]


#################

init = 9357.883
res = 6023.003
gap = 6.641

solution = [[0, 48, 47, 87, 127, 126, 166, 167, 168, 128, 88, 89, 49, 10], [0, 11, 12, 13, 14, 16, 17, 18, 19, 20, 21, 22, 23, 24, 65, 64, 63, 103, 102, 100, 99, 98, 139, 140, 180, 220, 219, 179], [0, 51, 52, 53, 54, 94, 93, 92, 91, 131, 132, 133, 134, 175, 174, 173, 172, 171, 170, 169, 129, 130, 90, 50, 9, 8, 7], [0, 206, 207, 208, 209, 210, 211, 212, 213, 214, 215, 216, 176, 177, 217, 218, 178, 138, 137, 136, 135, 95, 96, 97, 55, 15], [0, 157, 197, 198, 199, 200, 240, 239, 238, 237, 236, 235, 234, 233, 232, 231, 230, 229, 228, 227, 226, 225, 185, 147, 148, 149, 150, 151, 152, 153], [0, 40, 1, 2, 3, 4, 44, 43, 42, 41, 80, 79, 78, 118, 119, 120, 81, 82, 83, 84, 86, 46], [0, 39, 38, 37, 36, 35, 77, 76, 116, 117, 158, 159, 160, 121, 122, 162, 161, 201, 202, 203, 204, 205, 165, 164, 163, 123, 124, 125, 85, 45, 5, 6], [0, 56, 57, 58, 59, 60, 61, 101, 141, 142, 182, 181, 221, 222, 223, 224, 184, 183, 143, 144, 145, 105, 106, 107, 108, 109, 69, 68, 67, 66, 25], [0, 70, 110, 111, 112, 113, 114, 115, 154, 155, 156, 196, 195, 194, 193, 192, 191, 190, 189, 188, 187, 186, 146, 104, 62], [0, 26, 27, 28, 29, 30, 31, 32, 33, 34, 71, 72, 73, 74, 75]]


#################

init = 9357.883
res = 6131.94
gap = 8.3

solution = [[0, 8, 48, 88, 89, 129, 169, 170, 171, 172, 173, 174, 134, 133, 132, 131, 130, 90, 91, 92, 93, 94, 52, 51, 50, 49, 9], [0, 23, 24, 25, 26, 27, 28, 29, 30, 31, 32], [0, 55, 56, 57, 58, 59, 60, 61, 62, 63, 103, 143, 183, 184, 185, 186, 187, 106, 107, 68, 69, 70, 71, 72, 73, 74], [0, 1, 40, 79, 78, 77, 76, 75, 115, 116, 117, 118, 157, 158, 198, 199, 239, 240, 201, 202, 162, 161, 200, 159, 80, 2], [0, 3, 4, 5, 44, 45, 85, 125, 126, 166, 167, 168, 128, 127, 87, 86, 46, 47, 6, 7], [0, 33, 34, 35, 36, 37, 38, 39, 41, 42, 43, 83, 82, 81, 120, 119, 160, 121, 122, 123, 164, 163, 203, 204, 205, 165, 124, 84], [0, 206, 207, 208, 209, 210, 211, 212, 213, 214, 215, 175, 176, 216, 217, 218, 179, 180, 139, 138, 136, 135, 96, 95, 54, 53], [0, 10, 11, 12, 13, 14, 15, 16, 17, 18, 19, 20, 21, 22, 64, 65, 105, 104, 142, 141, 140, 181, 221, 220, 219, 178, 177, 137, 97, 99, 98], [0, 100, 101, 102, 144, 145, 146, 147, 148, 188, 189, 190, 191, 152, 153, 154, 155, 156, 114, 113, 112, 111, 110, 109, 108, 67, 66], [0, 182, 222, 223, 224, 225, 226, 227, 228, 229, 230, 231, 232, 233, 234, 235, 236, 237, 238, 197, 196, 195, 194, 193, 192, 151, 150, 149]]


#################

init = 9357.883
res = 6077.097
gap = 7.472

solution = [[0, 199, 200, 161, 162, 202, 201, 240, 239, 238, 237, 236, 235, 234, 233, 232, 231, 230, 229, 228, 227, 226, 225, 185, 186, 187, 188, 148, 108, 109], [0, 48, 49, 50, 51, 52, 53, 54, 55, 95, 94, 93, 92, 91, 90, 130, 131, 132, 172, 171, 170, 169, 129, 89, 88, 86, 46], [0, 127, 128, 168, 167, 166, 206, 207, 208, 209, 210, 211, 212, 213, 214, 174, 173, 133, 134, 135, 136, 96, 56, 57, 58, 19], [0, 22, 21, 20, 59, 99, 98, 97, 137, 138, 139, 140, 141, 182, 222, 223, 224, 184, 183, 143, 144, 105, 106, 66, 65, 64, 24, 23], [0, 10, 11, 12, 13, 14, 15, 16, 17, 18, 60, 100, 101, 102, 142, 181, 221, 220, 219, 218, 217, 216, 215, 175, 176, 177, 178, 179, 180], [0, 75, 74, 73, 72, 112, 113, 114, 115, 155, 154, 153, 152, 192, 193, 194, 195, 196, 197, 198, 158, 159, 160, 121, 122, 123], [0, 25, 26, 27, 28, 29, 30, 71, 111, 110, 150, 149, 189, 190, 191, 151], [0, 61, 62, 63, 103, 104, 145, 146, 147, 107, 67, 68, 69, 70, 31, 32], [0, 33, 34, 35, 36, 37, 38, 39, 40, 124, 164, 163, 203, 204, 205, 165, 125, 126, 87, 47, 5, 6], [0, 1, 2, 3, 4, 44, 43, 42, 41, 80, 79, 78, 77, 76, 116, 156, 157, 117, 118, 119, 120, 81, 82, 83, 84, 85, 45, 7, 8, 9]]


#################

init = 9357.883
res = 5991.672
gap = 6.153

solution = [[0, 3, 4, 5, 6, 7, 8, 9, 11, 12, 13, 14, 15, 16, 17, 18, 19, 59, 98, 99, 100, 101, 141, 181, 221, 220, 180, 140, 139, 138], [0, 51, 52, 53, 54, 94, 93, 92, 91, 131, 132, 133, 134, 135, 175, 174, 173, 172, 171, 170, 169, 129, 130, 90, 50, 10], [0, 208, 209, 210, 211, 212, 213, 214, 215, 216, 217, 218, 219, 179, 178, 177, 176, 136, 137, 97, 96, 95, 55], [0, 103, 102, 142, 143, 183, 182, 222, 223, 224, 184, 144, 145, 146, 147, 148, 149, 109, 108, 107, 106, 105, 104], [0, 56, 57, 58, 60, 61, 62, 63, 64, 65, 66, 67, 68, 69, 70, 71, 111, 151, 191, 192, 152, 112, 113, 72, 73, 74, 75, 76], [0, 20, 21, 22, 23, 24, 25, 26, 27, 28, 29], [0, 45, 44, 43, 42, 82, 83, 84, 125, 124, 123, 162, 202, 203, 204, 205, 206, 207, 167, 168, 128, 127, 86, 85, 46, 47], [0, 30, 31, 32, 33, 34, 35, 36, 37, 38, 39, 40, 1, 41, 81, 120, 160, 121, 122, 163, 164, 165, 166, 126, 87, 88, 89, 49, 48], [0, 156, 157, 158, 198, 238, 237, 236, 235, 234, 233, 232, 231, 230, 229, 228, 227, 226, 225, 185, 186, 187, 188, 189, 190, 150, 110], [0, 78, 77, 117, 116, 115, 114, 155, 154, 153, 193, 194, 195, 196, 197, 239, 240, 201, 161, 200, 199, 159, 119, 118, 79, 80, 2]]


#################

init = 9357.883
res = 5995.018
gap = 6.205

solution = [[0, 49, 50, 51, 52, 53, 54, 94, 93, 92, 91, 90, 130, 131, 132, 133, 134, 174, 173, 172, 171, 170, 169, 129, 89, 88, 48, 6, 5], [0, 31, 32, 33, 34, 35, 36, 37, 38, 39, 40, 1, 80, 81, 82, 123, 163, 162, 202, 203, 204, 205, 165, 164, 124, 125, 85, 45, 46, 7], [0, 119, 120, 160, 121, 122, 83, 84, 86, 127, 167, 168, 128, 87, 47, 8, 9, 10], [0, 126, 166, 206, 207, 208, 209, 210, 211, 212, 213, 214, 215, 175, 176, 216, 217, 177, 137, 136, 135, 95, 55, 15], [0, 25, 26, 27, 28, 29, 30, 69, 68, 67, 66, 65, 64, 63, 24, 23, 22, 21, 20], [0, 56, 57, 58, 59, 60, 61, 102, 103, 104, 105, 106, 146, 145, 185, 186, 187, 188, 189, 149, 148, 147, 107, 108, 109, 110, 71, 72, 73, 74], [0, 11, 12, 13, 14, 16, 17, 18, 19, 99, 100, 140, 180, 181, 182, 222, 221, 220, 219, 218, 178, 179, 139, 138, 98, 97, 96], [0, 158, 198, 197, 236, 235, 234, 233, 232, 231, 230, 229, 228, 227, 226, 225, 224, 223, 183, 184, 144, 143, 142, 141, 101, 62], [0, 70, 111, 151, 150, 190, 191, 192, 193, 194, 195, 196, 237, 238, 239, 240, 201, 161, 200, 199, 159, 118, 117, 116, 75], [0, 2, 3, 4, 44, 43, 42, 41, 79, 78, 77, 76, 115, 114, 113, 112, 152, 153, 154, 155, 156, 157]]


#################

init = 9357.883
res = 5959.468
gap = 5.646

solution = [[0, 37, 38, 39, 40, 1, 2, 3, 4, 5, 6, 46, 86, 85, 125, 126, 127, 87, 47, 7, 8, 9, 10], [0, 45, 44, 43, 42, 41, 80, 79, 78], [0, 83, 84, 124, 123, 163, 164, 165, 166, 206, 205, 204, 203, 202, 162, 122, 82, 81, 120, 119, 118, 77, 76, 36], [0, 27, 28, 30, 31, 32, 33, 34, 35, 75, 74, 73, 72, 112, 113, 114, 115, 116, 117, 157, 158, 159, 160, 200, 199, 239, 240, 201, 161, 121], [0, 55, 56, 57, 58, 59, 60, 61, 102, 103, 143, 183, 182, 181, 221, 222, 223, 224, 184, 144, 145, 105, 104, 64, 65, 66, 67, 68, 69, 29], [0, 11, 12, 13, 15, 16, 17, 18, 19, 20, 21, 22, 23, 24, 25, 26, 63, 62, 100, 101, 142, 141, 140, 180, 220, 219, 179, 139], [0, 90, 91, 133, 134, 135, 136, 176, 175, 215, 216, 217, 218, 178, 177, 137, 138, 99, 98, 97, 96, 95, 94, 54, 14], [0, 50, 51, 52, 53, 93, 92, 132, 172, 173, 174, 214, 213, 212, 211, 210, 209, 208, 207, 167, 168, 169, 170, 171, 131, 130, 129, 128, 88, 89, 49, 48], [0, 109, 108, 107, 106, 146, 147, 148, 189, 190, 191, 192, 193, 194, 195, 155, 154, 153, 152, 151, 111, 71], [0, 156, 196, 197, 198, 238, 237, 236, 235, 234, 233, 232, 231, 230, 229, 228, 227, 226, 225, 185, 186, 187, 188, 149, 150, 110, 70]]


#################

init = 9357.883
res = 6105.824
gap = 7.908

solution = [[0, 206, 207, 208, 209, 210, 211, 212, 213, 214, 215, 175, 176, 216, 217, 218, 178, 177, 137, 136, 135, 95, 96, 55], [0, 192, 191, 190, 189, 188, 187, 227, 228, 229, 230, 231, 232, 233, 234, 235, 236, 237, 238, 239, 199, 198, 197, 196, 195, 194, 193, 153], [0, 10, 11, 12, 13, 14, 15, 16, 17, 18, 19, 59, 60, 61, 101, 100, 99, 98, 97, 138, 139, 140, 141, 181, 221, 220, 219, 179, 180], [0, 27, 28, 68, 67, 107, 108, 109, 110, 111, 112, 113, 114, 154, 155, 156, 157, 158, 159, 160, 200, 240, 201, 161, 121, 82, 83], [0, 1, 40, 39, 38, 77, 78, 119, 118, 117, 116, 115, 76, 75, 74, 73, 72, 71, 70, 69, 30, 29], [0, 31, 32, 33, 34, 35, 36, 37, 79, 80, 41, 120, 81, 122, 162, 202, 203, 204, 205, 165, 164, 163, 123, 124, 84], [0, 152, 151, 150, 149, 148, 147, 146, 104, 103, 63, 62, 22, 21, 20], [0, 56, 57, 58, 102, 142, 143, 144, 184, 183, 182, 222, 223, 224, 225, 226, 186, 185, 145, 105, 106, 66, 65, 64, 26, 25, 24, 23], [0, 49, 50, 51, 52, 53, 54, 94, 93, 92, 91, 90, 130, 131, 132, 133, 134, 174, 173, 172, 171, 170, 169, 129, 89, 88, 48, 47, 5], [0, 4, 3, 2, 42, 43, 44, 45, 85, 125, 126, 166, 167, 168, 128, 127, 87, 86, 46, 6, 7, 8, 9]]


#################

init = 9357.883
res = 6146.007
gap = 8.51

solution = [[0, 44, 43, 42, 41, 80, 79, 78, 77, 76, 75, 74, 73, 72, 112, 113, 114, 155, 156, 157, 158, 159, 160, 200, 161, 201, 240, 239, 199, 198], [0, 10, 11, 12, 13, 14, 15, 16, 17, 18, 19, 20, 21, 22, 23, 24, 25, 65, 64, 61, 60, 99, 140, 141, 181, 221, 220, 180, 179, 139, 98, 97], [0, 206, 207, 208, 209, 210, 211, 212, 213, 214, 215, 175, 176, 216, 217, 218, 219, 178, 177, 138, 137, 136, 135, 95, 96, 55], [0, 51, 52, 53, 54, 94, 93, 92, 91, 90, 130, 131, 132, 133, 134, 174, 173, 172, 171, 170, 169, 129, 89, 49, 50, 8], [0, 30, 31, 32, 33, 34, 35, 36, 37, 38, 120, 121, 122, 162, 202, 203, 204, 205, 165, 164, 163, 123, 124, 85, 45, 46, 47, 7], [0, 115, 116, 117, 118, 119], [0, 9, 48, 88, 87, 86, 127, 128, 168, 167, 166, 126, 125, 84, 83, 82, 81, 39, 40, 1, 2, 3, 4, 5, 6], [0, 105, 144, 184, 183, 182, 222, 223, 224, 225, 226, 227, 228, 229, 230, 231, 232, 233, 234, 235, 236, 237, 238, 197, 196, 195, 194, 154], [0, 70, 71, 111, 110, 150, 151, 152, 153, 193, 192, 191, 190, 189, 188, 187, 186, 185, 104, 103, 63, 62], [0, 56, 57, 58, 59, 100, 101, 102, 142, 143, 145, 146, 147, 148, 149, 109, 108, 107, 106, 66, 67, 68, 69, 29, 28, 27, 26]]


#################

init = 9357.883
res = 6129.7
gap = 8.266

solution = [[0, 48, 49, 50, 51, 52, 53, 54, 94, 93, 92, 91, 90, 130, 131, 132, 133, 134, 174, 173, 172, 171, 170, 169, 129, 89, 88, 47], [0, 10, 11, 12, 13, 14, 15, 16, 17, 18, 19, 58, 98, 97, 137, 138, 178, 218, 219, 220, 221, 181, 180, 179, 139, 99], [0, 166, 206, 207, 208, 209, 210, 211, 212, 213, 214, 215, 216, 217, 177, 176, 175, 135, 136, 95, 96], [0, 196, 197, 198, 238, 237, 236, 235, 234, 233, 232, 231, 230, 229, 228, 227, 226, 225, 224, 223, 222, 182, 183, 184, 185, 186, 187, 188], [0, 3, 2, 1, 81, 82, 83, 84, 125, 126, 127, 167, 168, 128, 87, 86, 46, 8, 9], [0, 6, 5, 4, 44, 43, 42, 41, 80, 77, 76, 75, 74, 73, 114, 113, 112, 152, 153, 154, 155, 156, 157, 158, 159, 160, 200, 161, 201, 240, 239, 199], [0, 31, 32, 33, 34, 35, 36, 37, 38, 39, 79, 119, 120, 121, 122, 162, 202, 203, 204, 205, 165, 164, 163, 123, 124, 85, 45, 7], [0, 25, 26, 66, 67, 68, 107, 106, 105, 65, 64, 63, 24, 23, 20, 21, 22], [0, 27, 28, 29, 30, 69, 111, 151, 150, 149, 189, 190, 191, 192, 193, 194, 195, 115, 116, 117, 118, 78, 40], [0, 55, 56, 57, 59, 60, 61, 62, 102, 101, 100, 140, 141, 142, 143, 103, 104, 144, 145, 146, 147, 148, 108, 109, 110, 70, 71, 72]]


#################

init = 9357.883
res = 5976.551
gap = 5.916

solution = [[0, 49, 50, 51, 52, 53, 54, 94, 93, 92, 91, 90, 130, 131, 132, 133, 134, 174, 173, 172, 171, 170, 169, 129, 89, 88, 48, 6, 5], [0, 182, 181, 221, 222, 223, 224, 225, 226, 227, 228, 229, 230, 231, 232, 233, 234, 235, 236, 237, 238, 239, 240, 199, 198, 197, 157, 118], [0, 57, 59, 60, 61, 102, 101, 100, 99, 98, 138, 139, 179, 219, 220, 180, 140, 141, 142, 143, 183, 184, 185, 145, 144, 103, 63, 62], [0, 11, 12, 13, 14, 16, 17, 18, 58], [0, 128, 168, 167, 207, 208, 209, 210, 211, 212, 213, 214, 215, 175, 176, 216, 217, 218, 178, 177, 137, 136, 135, 95, 96, 97, 56, 55, 15], [0, 78, 77, 76, 74, 73, 72, 71, 111, 112, 113, 114, 116, 117, 158, 159, 160, 121, 162, 163, 164, 165, 125, 124, 123], [0, 4, 3, 2, 42, 122, 161, 200, 201, 202, 203, 204, 205, 206, 166, 126, 127, 87, 47, 7, 8, 9, 10], [0, 30, 31, 32, 33, 34, 35, 36, 37, 38, 39, 40, 1, 41, 80, 79, 119, 120, 81, 82, 83, 84, 85, 86, 46, 45, 44, 43], [0, 19, 20, 21, 22, 23, 24, 25, 26, 27, 68, 69, 70, 110, 109, 108, 148, 149, 150, 151, 152, 153, 154, 155, 115, 75], [0, 156, 196, 195, 194, 193, 192, 191, 190, 189, 188, 187, 186, 146, 147, 107, 106, 105, 104, 64, 65, 66, 67, 28, 29]]


#################

init = 9357.883
res = 5976.122
gap = 5.909

solution = [[0, 157, 156, 196, 197, 198, 238, 237, 236, 235, 234, 233, 232, 231, 230, 229, 228, 227, 226, 225, 224, 223, 222, 182, 183, 184, 144, 143, 104, 105], [0, 56, 57, 58, 60, 62, 63, 64, 65, 66, 67, 107, 106, 146, 147, 148, 149, 150, 151, 152, 153, 154, 115, 116, 117], [0, 44, 43, 42, 41, 119, 118, 158, 159, 160, 121, 122, 123, 162, 163, 164, 204, 203, 202, 201, 240, 239, 199, 200, 161], [0, 10, 11, 12, 13, 14, 15, 16, 17, 18, 19, 59, 99, 100, 141, 142, 181, 221, 220, 219, 179, 180, 140, 139, 138, 98, 97, 96], [0, 3, 4, 5, 6, 47, 87, 88, 49], [0, 9, 50, 51, 52, 53, 54, 94, 93, 92, 91, 90, 130, 131, 132, 133, 134, 174, 173, 172, 171, 170, 169, 168, 167, 128, 129, 89, 48, 8], [0, 166, 165, 205, 206, 207, 208, 209, 210, 211, 212, 213, 214, 215, 175, 176, 216, 217, 218, 178, 177, 137, 136, 135, 95, 55], [0, 29, 30, 31, 32, 33, 34, 35, 36, 37, 38, 39, 80, 120, 81, 82, 83, 84, 124, 125, 126, 127, 86, 85, 45, 46, 7], [0, 22, 23, 24, 25, 26, 27, 68, 108, 109, 110, 111, 112, 113, 75, 76, 77, 78, 79, 40, 1, 2], [0, 20, 21, 61, 101, 102, 103, 145, 185, 186, 187, 188, 189, 190, 191, 192, 193, 194, 195, 155, 114, 74, 73, 72, 71, 70, 69, 28]]


#################

init = 9357.883
res = 5916.193
gap = 4.956

solution = [[0, 34, 35, 36, 37, 78, 118, 119, 120, 81, 121, 161, 200, 199, 239, 240, 201, 202, 203, 204, 205, 165, 164, 163, 162, 123, 83, 43], [0, 74, 75, 76, 77, 117, 116, 115, 114, 113, 153, 154, 155, 156, 157, 158, 159, 160, 122, 82, 42, 41, 80, 79, 1, 40, 39, 38], [0, 208, 209, 210, 211, 212, 213, 214, 215, 216, 217, 218, 219, 220, 180, 179, 178, 177, 176, 175, 135, 136, 96, 95, 55, 56], [0, 72, 71, 111, 151, 191, 190, 189, 149, 150, 110, 70, 69, 68], [0, 109, 108, 148, 188, 187, 186, 185, 225, 226, 227, 228, 229, 230, 231, 232, 233, 234, 235, 236, 237, 238, 198, 197, 196, 195, 194, 193, 192, 152, 112, 73], [0, 33, 32, 31, 30, 29, 28, 26, 25, 65, 105, 104, 103, 102, 62, 63, 64, 24, 23, 22, 21, 20, 19], [0, 18, 59, 99, 100, 142, 182, 181, 221, 222, 223, 224, 184, 183, 143, 144, 145, 146, 147, 107, 106, 66, 67, 27], [0, 10, 50, 49, 88, 89, 129, 169, 170, 171, 172, 173, 174, 134, 133, 132, 131, 130, 90, 91, 92, 93, 94, 54, 53, 52, 51, 11], [0, 12, 13, 14, 15, 16, 17, 57, 58, 98, 97, 137, 138, 139, 140, 141, 101, 61, 60], [0, 7, 6, 5, 4, 3, 2, 44, 45, 86, 85, 84, 124, 125, 126, 166, 206, 207, 167, 168, 128, 127, 87, 46, 47, 48, 8, 9]]


#################

init = 9357.883
res = 5925.568
gap = 5.106

solution = [[0, 55, 56, 57, 58, 59, 101, 102, 103, 142, 143, 144, 145, 146, 147, 108, 107, 106, 105, 104], [0, 62, 63, 64, 65, 66, 67, 68, 69, 70, 109, 110, 150, 151, 152, 153, 154, 155, 156, 196, 195, 194, 193, 192, 191, 190, 189, 149], [0, 197, 198, 238, 237, 236, 235, 234, 233, 232, 231, 230, 229, 228, 227, 226, 225, 224, 223, 222, 182, 183, 184, 185, 186, 187, 188, 148], [0, 21, 22, 23, 24, 25, 26, 27, 28, 29, 30, 31, 32, 33, 34], [0, 10, 11, 12, 13, 14, 15, 16, 17, 18, 19, 20, 61, 60, 99, 100, 140, 141, 181, 221, 220, 219, 179, 180, 139, 138, 137, 97, 98], [0, 49, 89, 90, 131, 132, 133, 174, 173, 213, 214, 215, 216, 217, 218, 178, 177, 176, 175, 134, 135, 136, 96, 95], [0, 50, 51, 52, 53, 54, 94, 93, 92, 91, 130, 169, 170, 171, 172, 212, 211, 210, 209, 208, 168, 128, 129, 88, 48, 7], [0, 5, 6, 46, 45, 44, 84, 83, 123, 124, 125, 166, 165, 164, 204, 205, 206, 207, 167, 127, 126, 85, 86, 87, 47, 8, 9], [0, 2, 80, 79, 78, 77, 76, 75, 74, 73, 72, 71, 111, 112, 113, 114, 115, 116, 117, 118, 157, 158, 159, 160, 120, 119], [0, 35, 36, 37, 38, 39, 40, 1, 42, 41, 81, 121, 161, 200, 199, 239, 240, 201, 202, 203, 163, 162, 122, 82, 43, 3, 4]]


#################

init = 9357.883
res = 6223.507
gap = 9.649

solution = [[0, 54, 94, 95, 96, 97, 98, 137, 138, 139, 140, 141, 142, 181, 180, 220, 219, 179, 178, 177, 218, 217, 216, 176, 175, 215, 214, 213], [0, 24, 23, 22, 21, 20, 19, 18, 17, 16, 15, 55], [0, 30, 31, 32, 33, 34, 36, 37, 38, 39, 40, 1, 2, 3, 82, 81, 120, 121, 122, 162, 163, 203, 204, 205, 164, 125, 85, 46], [0, 6, 5, 4, 84, 83, 123, 124, 165, 166, 206, 207, 208, 209, 168, 167, 127, 126, 86, 47, 8, 9, 10, 11], [0, 25, 26, 27, 28, 29, 71, 72, 73, 114, 115, 116, 117, 156, 157, 158, 159, 160, 200, 161, 202, 201, 240, 239, 199, 198, 197, 196, 195, 155], [0, 56, 57, 58, 59, 60, 61, 62, 63, 64, 104, 144, 143, 183, 182, 221, 222, 223, 224, 184, 185, 145, 105, 106, 107, 108, 68, 67, 66, 65], [0, 14, 13, 12, 52, 53, 93, 92, 91, 130, 131, 132, 133, 134, 135, 136, 174, 173, 172, 212, 211, 210, 171, 170, 169, 129, 128, 88, 48, 49, 7], [0, 51, 50, 90, 89, 87, 45, 44, 43, 42, 41, 80, 79, 119, 118, 78, 77, 76, 75, 35], [0, 74, 113, 112, 152, 153, 154, 194, 193, 192, 191, 190, 189, 148, 147, 146, 103, 102, 101, 99, 100], [0, 238, 237, 236, 235, 234, 233, 232, 231, 230, 229, 228, 227, 226, 225, 186, 187, 188, 149, 150, 151, 111, 110, 109, 69, 70]]


#################

init = 9357.883
res = 6139.764
gap = 8.417

solution = [[0, 27, 26, 25, 24, 23, 22, 63, 64, 65, 66, 67, 68, 69, 70, 29, 30, 31, 32], [0, 117, 118, 119, 120, 81, 82, 83, 84, 125, 166, 167, 168, 128, 127, 126, 86, 87, 47, 7, 8, 9], [0, 33, 34, 35, 36, 37, 38, 39, 40, 1, 2, 3, 122, 123, 163, 162, 202, 203, 204, 205, 165, 164, 124, 85, 45, 46], [0, 206, 207, 208, 209, 210, 211, 212, 172, 173, 213, 214, 215, 216, 217, 218, 178, 177, 176, 175, 135, 136, 95, 54, 53], [0, 49, 50, 51, 52, 92, 93, 94, 134, 174, 133, 132, 171, 170, 169, 129, 130, 131, 91, 90, 89, 88, 48, 6, 5], [0, 10, 11, 12, 13, 14, 15, 16, 17, 18, 19, 20, 21, 62, 61, 99, 139, 140, 141, 180, 181, 221, 220, 219, 179, 138, 137, 98, 97, 96], [0, 116, 195, 196, 197, 198, 238, 237, 236, 235, 234, 233, 232, 231, 230, 229, 228, 149, 150, 151, 152, 112], [0, 4, 44, 43, 42, 41, 80, 79, 78, 77, 76, 75, 74, 73, 114, 115, 155, 156, 157, 158, 199, 239, 240, 201, 161, 200, 121, 160, 159], [0, 71, 111, 110, 109, 108, 148, 147, 146, 186, 185, 225, 226, 227, 187, 188, 189, 190, 191, 192, 193, 194, 154, 153, 113, 72], [0, 55, 56, 57, 58, 59, 60, 100, 101, 102, 103, 143, 142, 182, 222, 223, 224, 184, 183, 144, 145, 104, 105, 106, 107, 28]]


#################

init = 9357.883
res = 6233.6
gap = 9.795

solution = [[0, 48, 49, 50, 51, 52, 53, 54, 94, 93, 92, 91, 90, 130, 131, 132, 133, 134, 174, 173, 172, 171, 170, 169, 129, 89, 47], [0, 44, 43, 42, 80, 79, 78, 77, 76, 75, 74, 73, 72, 71, 112, 113, 114, 115, 116, 117, 158, 199, 240, 201, 161, 200, 159, 118], [0, 205, 206, 207, 208, 209, 210, 211, 212, 213, 214, 215, 175, 176, 216, 217, 218, 178, 177, 137, 98, 97, 96, 136, 135, 95], [0, 10, 11, 12, 13, 14, 15, 16, 17, 18, 19, 20, 21, 22, 100, 99, 139, 140, 141, 142, 181, 221, 220, 219, 180, 179, 138], [0, 55, 56, 57, 58, 59, 60, 61, 62, 63, 64, 143, 183, 182, 222, 223, 224, 184, 144, 145, 105, 65, 66, 67, 68, 69, 70, 30], [0, 104, 103, 102, 101], [0, 23, 24, 25, 26, 107, 108, 109, 110, 149, 148, 188, 189, 190, 191, 192, 193, 194, 195, 196, 156, 155, 154, 153, 152, 151, 150, 111], [0, 157, 197, 198, 239, 238, 237, 236, 235, 234, 233, 232, 231, 230, 229, 228, 227, 226, 225, 185, 186, 187, 147, 146, 106, 27], [0, 6, 5, 4, 3, 2, 82, 83, 123, 163, 164, 165, 166, 167, 168, 128, 127, 126, 125, 85, 86, 87, 88, 46, 8, 9], [0, 28, 29, 31, 32, 33, 34, 35, 36, 37, 38, 39, 40, 1, 41, 81, 120, 119, 160, 121, 122, 162, 202, 203, 204, 124, 84, 45, 7]]


#################

init = 8137.176
res = 5912.772
gap = 4.901

solution = [[0, 46, 47, 48, 49, 89, 129, 169, 170, 171, 172, 173, 174, 134, 133, 132, 131, 130, 90, 91, 92, 55, 54, 53, 52, 51, 50, 9], [0, 14, 15, 16, 17, 18, 19, 20, 57, 56, 93, 94, 95, 135, 136, 96, 97, 98, 99, 58, 59, 60, 61, 62, 21, 22, 23, 24], [0, 13, 12, 11, 10, 8, 7, 6, 5, 4, 3, 2, 1, 40, 39, 38, 37, 36, 34, 33, 32, 31, 25, 26, 27, 28, 29], [0, 142, 141, 140, 139, 138, 137, 177, 178, 218, 217, 216, 176, 175, 215, 214, 213, 212, 211, 210, 209, 208, 207, 206, 166, 86, 85, 45], [0, 44, 43, 42, 41, 81, 82, 83, 84, 123, 163, 163, 162, 202, 203, 204, 205, 165, 164, 124, 125, 126, 127, 167, 168, 128, 87, 88], [0, 198, 199, 199, 200, 161, 201, 240, 239, 238, 237, 236, 235, 234, 233, 232, 231, 230, 229, 228, 227, 226, 225, 224, 184, 183, 182, 181, 180, 101], [0, 122, 121, 160, 159, 158, 157, 156, 155, 154, 153, 152, 151, 150, 149, 148, 147, 146, 145, 144, 143, 223, 222, 221, 220, 219, 179, 100], [0, 185, 186, 187, 188, 189, 190, 191, 192, 193, 194, 195, 196, 197, 116, 117, 118, 119, 120, 80, 79, 78, 77, 76, 115, 114, 113, 71], [0, 30, 70, 69, 68, 67, 66, 65, 64, 63, 102, 103, 104, 105, 106, 107, 108, 109, 110, 111, 112, 72, 73, 74, 75, 35]]


#################

init = 8137.176
res = 5888.357
gap = 4.506

solution = [[0, 46, 47, 48, 49, 89, 129, 169, 170, 171, 172, 173, 174, 134, 133, 132, 131, 130, 90, 91, 92, 55, 54, 53, 52, 51, 50, 9], [0, 14, 15, 16, 17, 18, 19, 20, 57, 56, 93, 94, 95, 135, 136, 96, 97, 98, 99, 58, 59, 60, 61, 62, 21, 22, 23, 24], [0, 13, 12, 11, 10, 8, 7, 6, 4, 3, 2, 1, 40, 39, 38, 37, 36, 35, 34, 33, 32, 31, 30, 29, 28, 25, 26, 27], [0, 122, 121, 160, 159, 158, 157, 156, 155, 154, 153, 152, 151, 150, 149, 148, 147, 146, 145, 185, 184, 222, 221, 220, 219, 179, 180, 181, 142, 101], [0, 100, 141, 140, 139, 138, 137, 177, 178, 218, 217, 216, 176, 175, 215, 214, 213, 212, 211, 210, 209, 208, 207, 206, 166, 85, 86, 87], [0, 88, 128, 168, 167, 127, 126, 125, 124, 164, 165, 205, 204, 203, 202, 162, 163, 163, 123, 84, 83, 82, 81, 41, 42, 43, 44, 45, 5], [0, 199, 199, 200, 161, 201, 240, 239, 238, 237, 236, 235, 234, 233, 232, 231, 230, 229, 228, 227, 226, 225, 224, 223, 183, 182, 143, 144], [0, 76, 75, 74, 73, 72, 111, 110, 109, 108, 107, 106, 105, 104, 103, 102, 63, 64, 65, 66, 67, 68, 69, 70], [0, 186, 187, 188, 189, 190, 191, 192, 193, 194, 195, 196, 197, 198, 118, 119, 120, 80, 79, 78, 77, 117, 116, 115, 114, 113, 112, 71]]


#################

init = 8137.176
res = 5796.028
gap = 2.985

solution = [[0, 14, 15, 16, 17, 18, 19, 20, 57, 56, 55, 93, 94, 95, 135, 136, 96, 97, 98, 58, 59, 60, 61, 21, 22, 23, 24, 25], [0, 13, 12, 11, 10, 8, 7, 6, 5, 4, 3, 2, 1, 40, 39, 38, 37, 36, 35, 34, 33, 32, 31, 30, 29, 26, 27, 28], [0, 54, 53, 52, 92, 91, 90, 89, 129, 130, 131, 132, 133, 134, 174, 173, 172, 171, 170, 169, 168, 127, 126, 86, 46, 47, 48, 9], [0, 44, 43, 42, 41, 81, 82, 83, 84, 123, 124, 164, 163, 163, 162, 202, 203, 204, 205, 206, 207, 167, 166, 165, 125, 85, 45], [0, 122, 121, 160, 159, 199, 199, 200, 161, 201, 240, 239, 238, 237, 236, 235, 234, 233, 232, 231, 230, 229, 228, 227, 226, 225, 224, 223, 184, 144], [0, 101, 143, 142, 139, 138, 137, 177, 178, 218, 217, 216, 176, 175, 215, 214, 213, 212, 211, 210, 209, 208, 128, 87, 88, 49, 50, 51], [0, 73, 72, 71, 70, 69, 68, 67, 66, 65, 64, 63, 62, 102, 103, 104, 105, 106, 107, 108, 109, 110, 111, 112, 113, 114, 115, 76], [0, 145, 186, 187, 188, 189, 190, 191, 192, 193, 194, 195, 196, 197, 198, 158, 157, 118, 119, 120, 80, 79, 78, 77, 75], [0, 74, 116, 117, 156, 155, 154, 153, 152, 151, 150, 149, 148, 147, 146, 185, 183, 182, 222, 221, 220, 219, 179, 180, 181, 141, 140, 99, 100]]


#################

init = 8137.176
res = 5842.763
gap = 3.761

solution = [[0, 46, 47, 48, 49, 89, 129, 169, 170, 171, 172, 173, 174, 134, 133, 132, 131, 130, 90, 91, 92, 55, 54, 53, 52, 51, 50, 9], [0, 14, 15, 16, 17, 18, 19, 20, 57, 56, 93, 94, 95, 135, 136, 96, 97, 98, 99, 58, 59, 60, 61, 62, 21, 22, 23, 24], [0, 13, 12, 11, 10, 8, 7, 6, 5, 4, 3, 2, 1, 40, 39, 38, 37, 36, 35, 34, 33, 32, 31, 30, 28, 27, 26, 25], [0, 199, 199, 200, 161, 201, 240, 239, 238, 237, 236, 235, 234, 233, 232, 231, 230, 229, 228, 227, 226, 225, 224, 223, 183, 182, 143, 144], [0, 44, 43, 42, 41, 81, 82, 83, 84, 123, 163, 163, 162, 202, 203, 204, 205, 165, 164, 124, 125, 126, 127, 167, 168, 128, 87, 88], [0, 101, 100, 140, 139, 138, 137, 177, 178, 218, 217, 216, 176, 175, 215, 214, 213, 212, 211, 210, 209, 208, 207, 206, 166, 86, 85, 45], [0, 118, 117, 116, 115, 114, 113, 112, 111, 110, 109, 108, 107, 106, 105, 104, 103, 102, 63, 64, 65, 66, 67, 68, 69, 29], [0, 122, 121, 160, 159, 158, 157, 156, 155, 154, 153, 152, 151, 150, 149, 148, 147, 146, 185, 184, 222, 221, 220, 219, 179, 180, 181, 142, 141], [0, 145, 186, 187, 188, 189, 190, 191, 192, 193, 194, 195, 196, 197, 198, 119, 120, 80, 79, 78, 77, 76, 75, 74, 73, 72, 71, 70]]


#################

init = 8137.176
res = 5910.51
gap = 4.864

solution = [[0, 14, 15, 16, 17, 18, 19, 20, 57, 56, 95, 94, 135, 136, 96, 97, 98, 99, 58, 59, 60, 61, 62, 21, 22, 23, 24], [0, 142, 141, 140, 139, 138, 137, 177, 178, 218, 217, 216, 176, 175, 215, 214, 213, 212, 211, 210, 209, 208, 207, 206, 166, 86, 85, 45], [0, 44, 43, 42, 41, 81, 82, 83, 84, 123, 163, 163, 162, 202, 203, 204, 205, 165, 164, 124, 125, 126, 127, 167, 168, 128, 87, 88], [0, 71, 70, 69, 68, 67, 66, 65, 64, 103, 143, 104, 105, 106, 107, 108, 109, 110, 111, 112, 113, 114, 74, 73, 72], [0, 50, 51, 52, 53, 54, 55, 93, 92, 91, 90, 130, 131, 132, 133, 134, 174, 173, 172, 171, 170, 169, 129, 89, 49, 48, 47, 46], [0, 199, 199, 200, 161, 201, 240, 239, 238, 237, 236, 235, 234, 233, 232, 231, 230, 229, 228, 227, 226, 225, 224, 184, 183, 182, 102, 63], [0, 122, 121, 160, 159, 158, 157, 156, 155, 154, 153, 152, 151, 150, 149, 148, 147, 146, 145, 144, 223, 222, 221, 220, 219, 179, 180, 181, 101, 100], [0, 185, 186, 187, 188, 189, 190, 191, 192, 193, 194, 195, 196, 197, 198, 118, 119, 120, 80, 79, 78, 117, 116, 115, 75, 76, 77, 35], [0, 13, 12, 11, 10, 9, 8, 7, 6, 5, 4, 3, 2, 1, 40, 39, 38, 37, 36, 34, 33, 32, 31, 30, 25, 26, 27, 28, 29]]


#################

init = 8137.176
res = 5887.166
gap = 4.487

solution = [[0, 14, 15, 16, 17, 18, 19, 20, 59, 58, 57, 56, 95, 94, 135, 136, 96, 97, 98, 99, 100, 60, 61, 62, 21, 22, 23, 24], [0, 13, 12, 11, 10, 9, 8, 7, 6, 5, 4, 3, 2, 1, 40, 39, 38, 37, 36, 35, 34, 33, 32, 31, 30, 29, 69, 68, 67], [0, 46, 47, 48, 49, 50, 51, 52, 53, 54, 55, 93, 92, 91, 90, 89, 130, 131, 132, 133, 134, 174, 173, 172, 171, 170, 169, 129], [0, 44, 43, 42, 41, 81, 82, 83, 84, 123, 124, 165, 164, 163, 163, 162, 202, 203, 204, 205, 206, 166, 168, 128, 88, 87, 86, 45], [0, 142, 141, 140, 139, 138, 137, 177, 178, 218, 217, 216, 176, 175, 215, 214, 213, 212, 211, 210, 209, 208, 207, 167, 127, 126, 125, 85], [0, 28, 27, 26, 25, 66, 65, 64, 63, 104, 105, 106, 107, 108, 109, 110, 71, 72, 73, 74, 75, 76, 77, 118, 119, 80, 79, 78], [0, 122, 121, 160, 159, 158, 157, 156, 155, 154, 153, 152, 151, 150, 149, 148, 147, 146, 145, 184, 182, 222, 221, 220, 219, 179, 180, 181, 101], [0, 103, 144, 185, 186, 187, 188, 189, 190, 191, 192, 193, 194, 195, 196, 197, 198, 117, 116, 115, 114, 113, 112, 111, 70], [0, 120, 199, 199, 200, 161, 201, 240, 239, 238, 237, 236, 235, 234, 233, 232, 231, 230, 229, 228, 227, 226, 225, 224, 223, 183, 143, 102]]


#################

init = 8137.176
res = 5875.225
gap = 4.293

solution = [[0, 78, 79, 80, 120, 119, 118, 157, 158, 198, 197, 196, 195, 194, 193, 192, 191, 190, 189, 188, 187, 112, 113, 114, 115, 116, 117, 77, 76, 37], [0, 46, 47, 48, 49, 89, 129, 169, 170, 171, 172, 173, 174, 134, 133, 132, 131, 130, 90, 91, 92, 55, 54, 53, 52, 51, 50, 9], [0, 14, 15, 16, 17, 18, 19, 20, 57, 56, 93, 94, 95, 135, 136, 96, 97, 98, 99, 58, 59, 60, 61, 62, 21, 22, 23, 24], [0, 199, 199, 200, 161, 201, 240, 239, 238, 237, 236, 235, 234, 233, 232, 231, 230, 229, 228, 227, 226, 225, 224, 223, 183, 182, 143, 144], [0, 44, 43, 42, 41, 81, 82, 83, 84, 123, 163, 163, 162, 202, 203, 204, 205, 165, 164, 124, 125, 126, 127, 167, 168, 128, 87, 88], [0, 122, 121, 160, 159, 156, 155, 154, 153, 152, 151, 150, 149, 148, 147, 146, 145, 186, 185, 184, 222, 221, 220, 219, 179, 180, 181, 141, 142, 101], [0, 100, 140, 139, 138, 137, 177, 178, 218, 217, 216, 176, 175, 215, 214, 213, 212, 211, 210, 209, 208, 207, 206, 166, 86, 85, 45, 5], [0, 13, 12, 11, 10, 8, 7, 6, 4, 3, 2, 1, 40, 39, 38, 36, 34, 33, 32, 30, 29, 28, 27, 26, 25], [0, 31, 71, 70, 69, 68, 67, 66, 65, 64, 63, 102, 103, 104, 105, 106, 107, 108, 109, 110, 111, 72, 73, 74, 75, 35]]


#################

init = 8137.176
res = 5795.59
gap = 2.978

solution = [[0, 46, 47, 48, 49, 89, 129, 169, 170, 171, 172, 173, 174, 134, 133, 132, 131, 130, 90, 91, 92, 55, 54, 53, 52, 51, 50, 9], [0, 14, 15, 16, 17, 18, 19, 20, 57, 56, 93, 94, 95, 135, 136, 96, 97, 98, 99, 58, 59, 60, 61, 62, 21, 22, 23, 24], [0, 13, 12, 11, 10, 8, 7, 6, 5, 4, 3, 2, 1, 40, 39, 38, 37, 36, 35, 34, 32, 31, 30, 25, 26, 27, 28, 29], [0, 44, 43, 42, 41, 81, 82, 83, 84, 123, 163, 163, 162, 202, 203, 204, 205, 165, 164, 124, 125, 126, 127, 167, 168, 128, 87, 88], [0, 72, 73, 74, 75, 76, 117, 116, 115, 114, 113, 112, 111, 110, 109, 108, 107, 106, 105, 104, 64, 65, 66, 67, 68, 69, 70, 71], [0, 103, 143, 144, 185, 186, 187, 188, 189, 190, 191, 192, 193, 194, 195, 196, 197, 198, 199, 199, 159, 120, 80, 79, 78, 77, 33], [0, 101, 100, 140, 139, 138, 137, 177, 178, 218, 217, 216, 176, 175, 215, 214, 213, 212, 211, 210, 209, 208, 207, 206, 166, 86, 85, 45], [0, 118, 119, 200, 161, 201, 240, 239, 238, 237, 236, 235, 234, 233, 232, 231, 230, 229, 228, 227, 226, 225, 224, 183, 182, 142, 63], [0, 122, 121, 160, 158, 157, 156, 155, 154, 153, 152, 151, 150, 149, 148, 147, 146, 145, 184, 223, 222, 221, 220, 219, 179, 180, 181, 141, 102]]


#################

init = 8137.176
res = 5774.207
gap = 2.619

solution = [[0, 46, 47, 48, 49, 50, 51, 52, 53, 54, 55, 93, 92, 91, 90, 89, 129, 169, 170, 171, 172, 173, 174, 134, 133, 132, 131, 130], [0, 14, 15, 16, 17, 18, 19, 57, 56, 95, 94, 135, 136, 96, 97, 98, 99, 58, 59, 60, 61, 62, 20, 21, 22, 23, 24], [0, 13, 12, 11, 10, 9, 8, 7, 6, 5, 4, 3, 2, 1, 40, 39, 38, 37, 36, 35, 34, 33, 30, 29, 28, 27, 26, 25], [0, 44, 43, 42, 41, 81, 82, 83, 84, 123, 163, 163, 162, 202, 203, 204, 205, 165, 164, 124, 125, 126, 127, 167, 168, 128, 87, 88], [0, 102, 141, 140, 139, 138, 137, 177, 178, 218, 217, 216, 176, 175, 215, 214, 213, 212, 211, 210, 209, 208, 207, 206, 166, 86, 85, 45], [0, 31, 71, 70, 69, 68, 67, 66, 65, 64, 63, 103, 104, 105, 106, 107, 108, 109, 110, 111, 112, 113, 114, 74, 73, 72, 32], [0, 147, 148, 149, 150, 192, 193, 194, 195, 196, 197, 198, 158, 157, 156, 155, 115, 116, 117, 118, 119, 120, 80, 79, 78, 77, 76, 75], [0, 154, 153, 152, 151, 191, 190, 189, 188, 187, 226, 225, 224, 223, 222, 221, 220, 219, 179, 180, 181, 182, 183, 143, 142, 101, 100], [0, 122, 121, 160, 159, 199, 199, 200, 161, 201, 240, 239, 238, 237, 236, 235, 234, 233, 232, 231, 230, 229, 228, 227, 186, 185, 184, 144, 145, 146]]


#################

init = 8137.176
res = 5888.566
gap = 4.51

solution = [[0, 14, 15, 16, 17, 18, 19, 60, 59, 58, 57, 56, 95, 94, 135, 136, 96, 97, 98, 99, 100, 101, 61, 20, 21, 22, 23, 24], [0, 78, 79, 80, 120, 119, 118, 158, 198, 197, 196, 195, 194, 193, 192, 191, 190, 111, 112, 113, 114, 115, 116, 117, 77, 76, 36], [0, 142, 141, 140, 139, 138, 137, 177, 178, 218, 217, 216, 176, 175, 215, 214, 213, 212, 211, 210, 209, 208, 207, 206, 166, 86, 85, 45], [0, 44, 43, 42, 41, 81, 82, 83, 84, 123, 163, 163, 162, 202, 203, 204, 205, 165, 164, 124, 125, 126, 127, 167, 168, 128, 87, 88], [0, 55, 54, 53, 52, 51, 93, 92, 91, 131, 132, 133, 134, 174, 173, 172, 171, 170, 169, 129, 130, 90, 89, 50, 49, 48, 47, 46], [0, 13, 12, 11, 10, 9, 8, 7, 6, 5, 4, 3, 2, 1, 40, 39, 38, 37, 34, 33, 32, 31, 30, 70, 69, 68, 67, 25], [0, 29, 28, 27, 26, 66, 65, 64, 63, 102, 103, 104, 105, 106, 146, 147, 107, 108, 109, 110, 71, 72, 73, 74, 75, 35], [0, 122, 121, 160, 159, 157, 156, 155, 154, 153, 152, 151, 150, 149, 148, 189, 188, 187, 186, 185, 184, 222, 221, 220, 219, 179, 180, 181, 182, 143], [0, 199, 199, 200, 161, 201, 240, 239, 238, 237, 236, 235, 234, 233, 232, 231, 230, 229, 228, 227, 226, 225, 224, 223, 183, 144, 145, 62]]


#################

init = 8137.176
res = 5930.963
gap = 5.192

solution = [[0, 46, 47, 48, 49, 89, 129, 169, 170, 171, 172, 173, 174, 134, 133, 132, 131, 130, 90, 91, 92, 55, 54, 53, 52, 51, 50, 9], [0, 14, 15, 16, 17, 18, 19, 20, 57, 56, 93, 94, 95, 135, 136, 96, 97, 98, 99, 58, 59, 60, 61, 62, 21, 22, 23, 24], [0, 122, 121, 160, 159, 158, 157, 156, 155, 154, 153, 152, 151, 150, 149, 148, 147, 146, 145, 144, 143, 183, 182, 181, 220, 219, 179, 100], [0, 199, 199, 200, 161, 201, 240, 239, 238, 237, 236, 235, 234, 233, 232, 231, 230, 229, 228, 227, 226, 225, 186, 185, 184, 224, 223, 222, 221, 180], [0, 142, 141, 140, 139, 138, 137, 177, 178, 218, 217, 216, 176, 175, 215, 214, 213, 212, 211, 210, 209, 208, 207, 206, 166, 86, 85, 45], [0, 44, 43, 42, 41, 81, 82, 83, 84, 123, 163, 163, 162, 202, 203, 204, 205, 165, 164, 124, 125, 126, 127, 167, 168, 128, 87, 88], [0, 36, 77, 78, 79, 80, 120, 119, 118, 117, 116, 115, 114, 113, 112, 111, 187, 188, 189, 190, 191, 192, 193, 194, 195, 196, 197, 198], [0, 76, 75, 74, 73, 72, 71, 70, 69, 110, 109, 108, 107, 106, 105, 104, 103, 102, 101, 63, 64, 65, 66, 67, 68], [0, 13, 12, 11, 10, 8, 7, 6, 5, 4, 3, 2, 1, 40, 39, 38, 37, 35, 34, 33, 32, 31, 30, 25, 26, 27, 28, 29]]


#################

init = 8137.176
res = 5849.67
gap = 3.875

solution = [[0, 46, 47, 48, 49, 50, 51, 52, 53, 54, 55, 93, 92, 91, 90, 89, 129, 169, 170, 171, 172, 173, 174, 134, 133, 132, 131, 130], [0, 14, 15, 16, 17, 18, 19, 20, 60, 59, 58, 57, 56, 95, 94, 135, 136, 96, 97, 98, 99, 100, 62, 21, 22, 23, 24], [0, 13, 12, 11, 10, 9, 8, 7, 6, 5, 4, 3, 2, 1, 40, 39, 38, 37, 36, 35, 34, 33, 32, 31, 30, 25, 26, 27], [0, 142, 141, 140, 139, 138, 137, 177, 178, 218, 217, 216, 176, 175, 215, 214, 213, 212, 211, 210, 209, 208, 207, 206, 166, 86, 85, 45], [0, 44, 43, 42, 41, 81, 82, 83, 84, 123, 163, 163, 162, 202, 203, 204, 205, 165, 164, 124, 125, 126, 127, 167, 168, 128, 87, 88], [0, 72, 73, 74, 117, 116, 115, 114, 113, 112, 111, 110, 109, 108, 107, 106, 105, 104, 103, 63, 64, 65, 66, 67, 68, 69, 70, 71, 29, 28], [0, 122, 121, 160, 159, 158, 157, 156, 155, 154, 153, 152, 151, 150, 149, 148, 147, 146, 145, 144, 182, 222, 221, 220, 219, 179, 180, 181, 101, 61], [0, 184, 185, 186, 187, 188, 189, 190, 191, 192, 193, 194, 195, 196, 197, 198, 118, 119, 120, 80, 79, 78, 77, 76, 75], [0, 199, 199, 200, 161, 201, 240, 239, 238, 237, 236, 235, 234, 233, 232, 231, 230, 229, 228, 227, 226, 225, 224, 223, 183, 143, 102]]


#################

init = 8137.176
res = 5852.678
gap = 3.924

solution = [[0, 14, 15, 16, 17, 18, 19, 20, 59, 58, 57, 56, 95, 94, 135, 136, 96, 97, 98, 99, 100, 60, 61, 62, 21, 22, 23, 24], [0, 122, 121, 160, 159, 158, 157, 156, 155, 154, 153, 152, 151, 150, 149, 148, 147, 146, 185, 184, 182, 222, 221, 220, 219, 179, 180, 181, 141], [0, 199, 199, 200, 161, 201, 240, 239, 238, 237, 236, 235, 234, 233, 232, 231, 230, 229, 228, 227, 226, 225, 224, 223, 183, 143, 102, 101], [0, 142, 140, 139, 138, 137, 177, 178, 218, 217, 216, 176, 175, 215, 214, 213, 212, 211, 210, 209, 208, 207, 206, 166, 86, 85, 45, 5], [0, 44, 43, 42, 41, 81, 82, 83, 84, 123, 163, 163, 162, 202, 203, 204, 205, 165, 164, 124, 125, 126, 127, 167, 168, 128, 87, 88], [0, 13, 12, 11, 10, 9, 8, 7, 6, 4, 3, 2, 1, 40, 39, 38, 37, 36, 35, 34, 33, 32, 31, 30, 29, 28], [0, 50, 51, 52, 53, 54, 55, 93, 92, 91, 90, 130, 131, 132, 133, 134, 174, 173, 172, 171, 170, 169, 129, 89, 49, 48, 47, 46], [0, 25, 26, 27, 71, 70, 69, 68, 67, 66, 65, 64, 63, 103, 104, 105, 106, 107, 108, 109, 110, 111, 112, 73, 74, 75, 76], [0, 144, 145, 186, 187, 188, 189, 190, 191, 192, 193, 194, 195, 196, 197, 198, 118, 119, 120, 80, 79, 78, 77, 117, 116, 115, 114, 113, 72]]


#################

init = 8137.176
res = 5967.237
gap = 5.769

solution = [[0, 46, 47, 48, 49, 89, 129, 169, 170, 171, 172, 173, 174, 134, 133, 132, 131, 130, 90, 91, 92, 55, 54, 53, 52, 51, 50, 9], [0, 14, 15, 16, 17, 18, 19, 20, 57, 56, 93, 94, 95, 135, 136, 96, 97, 98, 99, 58, 59, 60, 61, 62, 21, 22, 23, 24], [0, 13, 12, 11, 10, 8, 7, 6, 5, 4, 3, 2, 1, 40, 39, 38, 37, 34, 33, 32, 31, 30, 70, 69, 68, 67, 66, 25], [0, 142, 141, 140, 139, 138, 137, 177, 178, 218, 217, 216, 176, 175, 215, 214, 213, 212, 211, 210, 209, 208, 207, 206, 166, 86, 85, 45], [0, 44, 43, 42, 41, 81, 82, 83, 84, 123, 163, 163, 162, 202, 203, 204, 205, 165, 164, 124, 125, 126, 127, 167, 168, 128, 87, 88], [0, 36, 76, 77, 78, 79, 80, 120, 119, 118, 117, 116, 115, 114, 113, 112, 111, 110, 150, 190, 191, 192, 193, 194, 195, 196, 197, 198], [0, 29, 28, 27, 26, 65, 64, 103, 104, 105, 106, 107, 146, 186, 187, 188, 189, 108, 109, 71, 72, 73, 74, 75, 35], [0, 199, 199, 200, 161, 201, 240, 239, 238, 237, 236, 235, 234, 233, 232, 231, 230, 229, 228, 227, 226, 225, 224, 185, 144, 143, 102, 63], [0, 122, 121, 160, 159, 158, 157, 156, 155, 154, 153, 152, 151, 149, 148, 147, 145, 184, 183, 223, 222, 221, 220, 219, 179, 180, 181, 182, 100, 101]]


#################

init = 8137.176
res = 5910.758
gap = 4.868

solution = [[0, 142, 141, 140, 139, 138, 137, 177, 178, 218, 217, 216, 176, 175, 215, 214, 213, 212, 211, 210, 209, 208, 207, 206, 166, 86, 85, 84], [0, 44, 43, 42, 41, 81, 82, 83, 123, 163, 163, 162, 202, 203, 204, 205, 165, 164, 124, 125, 126, 127, 167, 168, 128, 87, 45], [0, 46, 47, 48, 49, 50, 51, 52, 53, 54, 55, 92, 91, 90, 89, 88, 129, 169, 170, 171, 172, 173, 174, 134, 133, 132, 131, 130], [0, 14, 15, 16, 17, 18, 19, 20, 57, 56, 93, 94, 95, 135, 136, 96, 97, 98, 58, 59, 60, 61, 62, 21, 22, 23, 24, 25], [0, 13, 12, 11, 10, 9, 8, 7, 6, 5, 4, 3, 2, 1, 40, 39, 38, 37, 36, 34, 33, 32, 31, 30, 26, 27, 28, 29], [0, 71, 70, 69, 68, 67, 66, 65, 64, 63, 102, 103, 104, 105, 106, 107, 108, 109, 110, 111, 112, 113, 114, 115, 116, 117, 35], [0, 145, 185, 186, 187, 188, 189, 190, 191, 192, 193, 194, 195, 196, 197, 198, 118, 119, 120, 80, 79, 78, 77, 76, 75, 74, 73, 72], [0, 199, 199, 200, 161, 201, 240, 239, 238, 237, 236, 235, 234, 233, 232, 231, 230, 229, 228, 227, 226, 225, 224, 223, 184, 183, 182, 181, 101], [0, 122, 121, 160, 159, 158, 157, 156, 155, 154, 153, 152, 151, 150, 149, 148, 147, 146, 144, 143, 222, 221, 220, 219, 179, 180, 99, 100]]


#################

init = 8137.176
res = 5831.723
gap = 3.579

solution = [[0, 46, 47, 48, 49, 89, 129, 169, 170, 171, 172, 173, 174, 134, 133, 132, 131, 130, 90, 91, 92, 55, 54, 53, 52, 51, 50, 9], [0, 14, 15, 16, 17, 18, 19, 20, 57, 56, 93, 94, 95, 135, 136, 96, 97, 98, 99, 58, 59, 60, 61, 62, 21, 22, 23, 24], [0, 13, 12, 11, 10, 8, 7, 6, 5, 4, 3, 2, 1, 40, 39, 38, 37, 36, 34, 33, 32, 31, 30, 25, 26, 27, 28, 29], [0, 101, 100, 140, 139, 138, 137, 177, 178, 218, 217, 216, 176, 175, 215, 214, 213, 212, 211, 210, 209, 208, 207, 206, 166, 86, 85, 45], [0, 199, 199, 200, 161, 201, 240, 239, 238, 237, 236, 235, 234, 233, 232, 231, 230, 229, 228, 227, 226, 225, 224, 223, 183, 142, 102], [0, 80, 79, 78, 77, 76, 75, 113, 112, 111, 110, 109, 108, 107, 106, 105, 104, 63, 64, 65, 66, 67, 68, 69, 70, 71, 72, 73], [0, 103, 143, 144, 185, 186, 187, 188, 189, 190, 191, 192, 193, 194, 195, 196, 197, 198, 119, 118, 117, 116, 115, 114, 74, 35], [0, 41, 122, 121, 160, 159, 158, 157, 156, 155, 154, 153, 152, 151, 150, 149, 148, 147, 146, 145, 184, 222, 221, 220, 219, 179, 180, 181, 182, 141], [0, 44, 43, 42, 120, 81, 82, 83, 84, 123, 163, 163, 162, 202, 203, 204, 205, 165, 164, 124, 125, 126, 127, 167, 168, 128, 87, 88]]


#################

init = 8137.176
res = 5958.607
gap = 5.632

solution = [[0, 46, 47, 48, 49, 50, 51, 52, 53, 54, 55, 93, 92, 91, 90, 89, 129, 169, 170, 171, 172, 173, 174, 134, 133, 132, 131, 130], [0, 14, 15, 16, 17, 18, 19, 20, 57, 56, 95, 94, 135, 136, 96, 97, 98, 99, 58, 59, 60, 61, 62, 21, 22, 23, 24], [0, 199, 199, 200, 161, 201, 240, 239, 238, 237, 236, 235, 234, 233, 232, 231, 230, 229, 228, 227, 226, 225, 224, 223, 222, 221, 181, 142], [0, 122, 121, 160, 159, 158, 157, 156, 155, 154, 153, 152, 151, 150, 149, 148, 147, 146, 186, 185, 184, 183, 182, 220, 219, 179, 180, 100], [0, 75, 76, 77, 78, 79, 80, 120, 119, 118, 117, 116, 115, 114, 113, 112, 187, 188, 189, 190, 191, 192, 193, 194, 195, 196, 197, 198], [0, 13, 12, 11, 10, 9, 8, 7, 6, 4, 3, 2, 1, 40, 39, 38, 37, 36, 35, 33, 32, 31, 30, 25, 26, 27, 28, 29], [0, 34, 74, 73, 72, 111, 110, 109, 108, 107, 106, 105, 104, 145, 144, 143, 103, 102, 101, 63, 64, 65, 66, 67, 68, 69, 70, 71], [0, 141, 140, 139, 138, 137, 177, 178, 218, 217, 216, 176, 175, 215, 214, 213, 212, 211, 210, 209, 208, 207, 206, 166, 86, 85, 45, 5], [0, 44, 43, 42, 41, 81, 82, 83, 84, 123, 163, 163, 162, 202, 203, 204, 205, 165, 164, 124, 125, 126, 127, 167, 168, 128, 87, 88]]


#################

init = 8137.176
res = 5909.144
gap = 4.842

solution = [[0, 46, 47, 48, 49, 89, 129, 169, 170, 171, 172, 173, 174, 134, 133, 132, 131, 130, 90, 91, 92, 55, 54, 53, 52, 51, 50, 9], [0, 14, 15, 16, 17, 18, 19, 20, 57, 56, 93, 94, 95, 135, 136, 96, 97, 98, 99, 58, 59, 60, 61, 62, 21, 22, 23, 24], [0, 142, 141, 140, 139, 138, 137, 177, 178, 218, 217, 216, 176, 175, 215, 214, 213, 212, 211, 210, 209, 208, 207, 206, 166, 86, 85, 45], [0, 44, 43, 42, 41, 81, 82, 83, 84, 123, 163, 163, 162, 202, 203, 204, 205, 165, 164, 124, 125, 126, 127, 167, 168, 128, 87, 88], [0, 199, 199, 200, 161, 201, 240, 239, 238, 237, 236, 235, 234, 233, 232, 231, 230, 229, 228, 227, 226, 225, 224, 223, 183, 143, 102], [0, 122, 121, 160, 159, 158, 157, 156, 155, 154, 153, 152, 151, 150, 149, 148, 147, 146, 145, 144, 182, 222, 221, 220, 219, 179, 180, 181, 101, 100], [0, 184, 185, 186, 187, 188, 189, 190, 191, 192, 193, 194, 195, 196, 197, 198, 119, 120, 80, 79, 118, 117, 116, 115, 114, 113, 112, 71], [0, 25, 26, 27, 67, 66, 65, 64, 63, 103, 104, 105, 106, 107, 108, 109, 110, 111, 72, 73, 74, 75, 76, 77, 78, 38], [0, 13, 12, 11, 10, 8, 7, 6, 5, 4, 3, 2, 1, 40, 39, 37, 36, 35, 34, 33, 32, 31, 30, 70, 69, 68, 29, 28]]


#################

init = 8137.176
res = 5836.663
gap = 3.661

solution = [[0, 46, 47, 48, 49, 89, 129, 169, 170, 171, 172, 173, 174, 134, 133, 132, 131, 130, 90, 91, 92, 93, 54, 53, 52, 51, 50, 9], [0, 101, 141, 140, 139, 138, 137, 177, 178, 218, 217, 216, 176, 175, 215, 214, 213, 212, 211, 210, 209, 208, 207, 206, 166, 85, 86, 87], [0, 88, 128, 168, 167, 127, 126, 125, 124, 164, 165, 205, 204, 203, 202, 162, 163, 163, 123, 84, 83, 82, 81, 41, 42, 43, 44, 45], [0, 14, 15, 16, 17, 18, 19, 59, 58, 57, 56, 55, 94, 95, 135, 136, 96, 97, 98, 99, 61, 62, 22, 23, 24], [0, 72, 73, 74, 114, 113, 112, 111, 110, 109, 108, 107, 106, 105, 104, 103, 102, 63, 64, 65, 66, 67, 68, 69, 70, 71, 30], [0, 13, 12, 11, 10, 8, 7, 6, 5, 4, 3, 2, 1, 40, 39, 38, 37, 36, 35, 34, 33, 32, 31, 29, 28, 25, 26, 27], [0, 199, 199, 200, 161, 201, 240, 239, 238, 237, 236, 235, 234, 233, 232, 231, 230, 229, 228, 227, 226, 225, 224, 223, 222, 182, 142], [0, 122, 121, 160, 159, 158, 157, 156, 155, 154, 153, 152, 151, 150, 149, 148, 147, 146, 145, 185, 184, 183, 181, 221, 220, 219, 179, 180, 100, 60, 20, 21], [0, 143, 144, 186, 187, 188, 189, 190, 191, 192, 193, 194, 195, 196, 197, 198, 118, 119, 120, 80, 79, 78, 77, 117, 116, 115, 75, 76]]


#################

init = 8137.176
res = 5929.317
gap = 5.166

solution = [[0, 43, 42, 41, 81, 82, 83, 123, 163, 163, 162, 202, 203, 204, 205, 165, 164, 124, 125, 126, 127, 167, 168, 128, 87, 48], [0, 45, 46, 47, 49, 50, 51, 52, 53, 54, 55, 92, 91, 90, 89, 88, 129, 169, 170, 171, 172, 173, 174, 134, 133, 132, 131, 130], [0, 14, 15, 16, 17, 18, 19, 57, 56, 93, 94, 95, 135, 136, 96, 97, 98, 99, 58, 59, 60, 61, 62, 22, 23, 24, 25], [0, 199, 199, 200, 161, 201, 240, 239, 238, 237, 236, 235, 234, 233, 232, 231, 230, 229, 228, 227, 226, 225, 224, 223, 183, 182, 143], [0, 100, 101, 141, 140, 139, 138, 137, 177, 178, 218, 217, 216, 176, 175, 215, 214, 213, 212, 211, 210, 209, 208, 207, 206, 166, 86, 85, 84, 44], [0, 122, 121, 160, 159, 158, 157, 156, 155, 154, 153, 152, 151, 150, 149, 148, 147, 146, 145, 144, 184, 222, 221, 220, 219, 179, 180, 181, 142], [0, 185, 186, 187, 188, 189, 190, 191, 192, 193, 194, 195, 196, 197, 198, 117, 118, 119, 120, 80, 79, 78, 77, 76, 75, 35], [0, 20, 21, 26, 27, 28, 66, 65, 64, 63, 102, 103, 104, 105, 106, 107, 108, 109, 110, 111, 112, 113, 114, 115, 116, 74, 34, 33], [0, 13, 12, 11, 10, 9, 8, 7, 6, 5, 4, 3, 2, 1, 40, 39, 38, 37, 36, 73, 72, 71, 70, 69, 68, 67, 29, 30, 31, 32]]


#################

init = 7620.183
res = 6002.348
gap = 6.32

solution = [[0, 166, 206, 207, 208, 209, 210, 211, 212, 213, 214, 175, 176, 215, 216, 217, 218, 178, 177, 137, 138, 139, 140, 141, 142, 102, 101, 61], [0, 4, 43, 83, 123, 163, 163, 162, 202, 203, 204, 205, 165, 164, 124, 125, 126, 127, 167, 168, 128, 87, 86, 85, 84, 44, 45, 5], [0, 8, 9, 50, 91, 90, 130, 131, 132, 133, 134, 174, 173, 172, 171, 170, 169, 129, 89, 88, 49, 48, 47, 46, 6, 7], [0, 10, 11, 12, 13], [0, 14, 15, 16, 17, 18, 19, 20, 60, 99, 98, 97, 96, 136, 135, 95, 94, 93, 92, 51, 52, 53, 54, 55, 56, 57, 58, 59], [0, 29, 28, 67, 66, 65, 64, 63, 62, 21, 22, 23, 24, 25, 26, 27], [0, 34, 33, 71, 70, 69, 30, 31, 32], [0, 3, 2, 1, 39, 38, 37, 36, 35, 75, 74, 73, 72, 111, 112, 113, 114, 115, 116, 117, 118, 119, 120, 79, 78, 77, 76], [0, 103, 104, 145, 146, 147, 148, 149, 109, 110, 150, 151, 152, 153, 154, 155, 156, 157, 158, 159, 160, 121, 122, 82, 81, 42, 41, 80, 40], [0, 199, 199, 200, 161, 201, 240, 239, 238, 237, 236, 235, 234, 233, 232, 231, 230, 229, 228, 227, 226, 225, 224, 223, 222, 182, 100], [0, 198, 197, 196, 195, 194, 193, 192, 191, 190, 189, 188, 187, 186, 185, 184, 183, 221, 220, 219, 179, 180, 181, 143, 144, 105, 106, 107, 108, 68]]


#################

init = 7620.183
res = 5859.31
gap = 4.033

solution = [[0, 10, 11, 12, 13, 14], [0, 15, 16, 17, 18, 19, 20, 60, 59, 99, 98, 97, 96, 136, 135, 95, 94, 93, 92, 91, 51, 52, 53, 54, 55, 56, 57, 58], [0, 3, 2, 1, 40, 39, 38, 78, 79, 80, 120, 119, 118, 117, 116, 115, 114, 113, 112, 111, 110, 109], [0, 199, 199, 200, 161, 201, 240, 239, 238, 237, 236, 235, 234, 233, 232, 231, 230, 229, 228, 227, 226, 225, 224, 223, 222, 221, 181, 141, 101, 61, 21], [0, 166, 206, 207, 208, 209, 210, 211, 212, 213, 214, 215, 175, 176, 216, 217, 218, 219, 220, 180, 179, 178, 177, 137, 138, 139, 140, 100], [0, 34, 35, 36, 37, 77, 76, 75, 74, 73, 72, 71, 70, 69], [0, 33, 32, 31, 30, 29, 28, 67, 66, 65, 64, 63, 62, 22, 23, 24], [0, 5, 45, 44, 84, 85, 86, 87, 128, 168, 167, 127, 126, 125, 124, 164, 165, 205, 204, 203, 202, 162, 163, 163, 123, 83, 43, 4], [0, 8, 9, 49, 50, 90, 130, 131, 132, 133, 134, 174, 173, 172, 171, 170, 169, 129, 89, 88, 48, 47, 46, 6, 7], [0, 198, 197, 196, 195, 194, 193, 192, 191, 190, 189, 188, 187, 186, 185, 184, 183, 182, 142, 143, 144, 145, 107, 108, 68, 27, 26, 25], [0, 102, 103, 104, 105, 106, 146, 147, 148, 149, 150, 151, 152, 153, 154, 155, 156, 157, 158, 159, 160, 121, 122, 82, 81, 41, 42]]


#################

init = 7620.183
res = 5930.296
gap = 5.182

solution = [[0, 4, 43, 83, 123, 163, 163, 162, 202, 203, 204, 205, 165, 164, 124, 125, 126, 127, 167, 168, 128, 87, 86, 85, 84, 44, 45, 5], [0, 8, 9, 50, 91, 90, 130, 131, 132, 133, 134, 175, 174, 173, 172, 171, 170, 169, 129, 89, 88, 49, 48, 47, 46, 6, 7], [0, 10, 11, 12, 13], [0, 14, 15, 16, 17, 18, 19, 20, 60, 99, 98, 97, 96, 136, 135, 95, 94, 93, 92, 51, 52, 53, 54, 55, 56, 57, 58, 59], [0, 3, 2, 1, 40, 39, 38, 37, 36, 35, 75, 76, 77, 78, 79, 80, 120, 119, 118, 117, 116, 115, 74, 73, 72, 71, 70, 69], [0, 113, 112, 111, 110, 109, 108, 146, 147, 148, 149, 150, 151, 152, 153, 154, 155, 156, 157, 158, 159, 160, 121, 122, 82, 81, 42, 41], [0, 34, 33, 32, 31, 30, 29, 28], [0, 26, 25, 24, 23, 63, 62, 102, 103, 104, 106, 107, 66, 67, 68, 27], [0, 166, 206, 207, 208, 209, 210, 211, 212, 213, 214, 215, 216, 217, 218, 178, 177, 176, 137, 138, 139, 140, 141, 142, 143, 144, 145, 105, 65, 64], [0, 196, 197, 198, 199, 199, 200, 161, 201, 240, 239, 238, 237, 236, 235, 234, 233, 232, 231, 230, 229, 228, 227, 226, 225, 184, 183, 182, 181, 101], [0, 114, 195, 194, 193, 192, 191, 190, 189, 188, 187, 186, 185, 224, 223, 222, 221, 220, 219, 179, 180, 100, 61, 21, 22]]


#################

init = 7620.183
res = 5854.863
gap = 3.96

solution = [[0, 166, 206, 207, 208, 209, 210, 211, 212, 213, 214, 215, 175, 176, 216, 217, 218, 178, 177, 137, 138, 139, 140, 141, 142, 102, 61, 21], [0, 4, 43, 83, 123, 163, 163, 162, 202, 203, 204, 205, 165, 164, 124, 125, 126, 127, 167, 168, 128, 87, 86, 85, 84, 44, 45, 5], [0, 6, 46, 47, 48, 88, 89, 129, 169, 170, 171, 172, 173, 174, 134, 133, 132, 131, 130, 90, 91, 50, 49, 7], [0, 8, 9, 10, 11, 12, 13, 14], [0, 22, 23, 24, 25, 26, 27, 29, 30, 31, 32, 33, 34, 35, 36, 37], [0, 105, 104, 144, 145, 146, 147, 148, 149, 150, 151, 152, 153, 154, 155, 156, 157, 158, 159, 160, 121, 122, 82, 81, 120, 119, 79, 80, 41, 42], [0, 15, 16, 17, 18, 19, 20, 59, 58, 57, 56, 55, 54, 53, 52, 51, 92, 93, 94, 95, 135, 136, 96, 97, 98, 99, 100, 101, 60], [0, 62, 63, 64, 65, 66, 67, 106, 107, 108, 109, 110, 111, 112, 113, 114, 115, 116, 74, 73, 72, 71, 70, 69, 68, 28], [0, 3, 2, 1, 40, 39, 38, 76, 75], [0, 182, 181, 180, 179, 219, 220, 221, 222, 223, 224, 185, 186, 187, 188, 189, 190, 191, 192, 193, 194, 195, 196, 197, 198, 117, 78], [0, 77, 118, 199, 199, 200, 161, 201, 240, 239, 238, 237, 236, 235, 234, 233, 232, 231, 230, 229, 228, 227, 226, 225, 184, 183, 143, 103]]


#################

init = 7620.183
res = 5957.351
gap = 5.612

solution = [[0, 8, 9, 50, 51, 91, 90, 130, 131, 132, 133, 134, 174, 173, 172, 171, 170, 169, 129, 89, 49, 48, 47, 46, 6, 7], [0, 10, 11, 12, 13, 14, 15, 16], [0, 199, 199, 200, 161, 201, 240, 239, 238, 237, 236, 235, 234, 233, 232, 231, 230, 229, 228, 227, 226, 225, 224, 143, 103, 104, 105, 106], [0, 142, 182, 181, 180, 179, 219, 220, 221, 222, 223, 183, 184, 185, 186, 187, 188, 189, 190, 191, 192, 193, 194, 195, 196, 197, 198], [0, 4, 3, 43, 83, 124, 164, 163, 163, 162, 202, 203, 204, 205, 165, 125, 126, 127, 167, 168, 128, 88, 87, 86, 85, 84, 44, 45, 5], [0, 144, 145, 146, 147, 107, 108, 148, 149, 150, 151, 152, 153, 154, 155, 156, 157, 158, 159, 160, 121, 122, 123, 82, 42, 2], [0, 21, 20, 19, 18, 17, 57, 56, 55, 54, 53, 52, 92, 93, 94, 95, 135, 136, 96, 97, 98, 58, 59, 60, 61, 62, 22], [0, 166, 206, 207, 208, 209, 210, 211, 212, 213, 214, 215, 175, 176, 216, 217, 218, 178, 177, 137, 138, 139, 140, 141, 102, 101, 100, 99], [0, 1, 40, 39, 38, 37, 36, 35, 75, 76, 77, 78, 79, 80, 41, 81, 120, 119, 118, 117, 116, 115, 114, 113, 112, 111, 110, 109], [0, 33, 34, 74, 73, 72, 71, 31, 32], [0, 27, 26, 25, 24, 23, 63, 64, 65, 66, 67, 68, 69, 70, 30, 29, 28]]


#################

init = 7620.183
res = 5948.364
gap = 5.47

solution = [[0, 166, 206, 207, 208, 209, 210, 211, 212, 213, 214, 175, 176, 215, 216, 217, 218, 178, 177, 137, 138, 139, 140, 141, 101, 100, 61], [0, 4, 43, 83, 123, 163, 163, 162, 202, 203, 204, 205, 165, 164, 124, 125, 126, 127, 167, 168, 128, 87, 86, 85, 84, 44, 45, 5], [0, 8, 9, 50, 91, 90, 130, 131, 132, 133, 134, 174, 173, 172, 171, 170, 169, 129, 89, 88, 49, 48, 47, 46, 6, 7], [0, 10, 11, 12, 13], [0, 14, 15, 16, 17, 18, 19, 20, 60, 99, 98, 97, 96, 136, 135, 95, 94, 93, 92, 51, 52, 53, 54, 55, 56, 57, 58, 59], [0, 29, 30, 31, 32, 36, 35, 34, 33], [0, 74, 73, 72, 71, 70, 69, 68, 67, 66, 65, 64, 63, 62, 21, 22, 23, 24, 25, 26, 27, 28], [0, 3, 2, 1, 40, 39, 38, 37, 75, 76, 77, 78, 79, 80, 120, 119, 118, 117, 116, 115, 114, 113, 112, 111, 110, 109, 108], [0, 102, 103, 104, 105, 146, 147, 148, 149, 150, 151, 152, 153, 154, 155, 156, 157, 158, 159, 160, 121, 122, 82, 81, 42, 41], [0, 198, 197, 196, 195, 194, 193, 192, 191, 190, 189, 188, 187, 186, 185, 184, 222, 221, 220, 219, 179, 180, 181, 143, 144, 145, 106, 107], [0, 199, 199, 200, 161, 201, 240, 239, 238, 237, 236, 235, 234, 233, 232, 231, 230, 229, 228, 227, 226, 225, 224, 223, 183, 182, 142]]


#################

init = 7620.183
res = 6062.796
gap = 7.254

solution = [[0, 4, 43, 83, 123, 163, 163, 162, 202, 203, 204, 205, 165, 164, 124, 125, 126, 127, 167, 168, 128, 87, 86, 85, 84, 44, 45, 5], [0, 8, 9, 50, 91, 90, 130, 131, 132, 133, 134, 174, 173, 172, 171, 170, 169, 129, 89, 88, 49, 48, 47, 46, 6, 7], [0, 10, 11, 12, 13], [0, 75, 74, 73, 72, 111, 110, 109, 108, 107, 106, 105, 66, 67, 68, 69, 70], [0, 199, 199, 200, 161, 201, 240, 239, 238, 237, 236, 235, 234, 233, 232, 231, 230, 229, 228, 227, 226, 225, 224, 223, 183, 182, 181, 180], [0, 104, 103, 143, 144, 145, 146, 147, 148, 149, 150, 151, 152, 153, 154, 155, 156, 157, 158, 159, 160, 121, 122, 82, 81, 42, 41, 80], [0, 3, 2, 1, 40, 39, 38, 37, 36, 35, 34, 33, 71, 112, 113, 114, 115, 116, 117, 118, 119, 120, 79, 78, 77, 76], [0, 198, 197, 196, 195, 194, 193, 192, 191, 190, 189, 188, 187, 186, 185, 184, 222, 221, 220, 219, 179], [0, 166, 206, 207, 208, 209, 210, 211, 212, 213, 214, 175, 176, 215, 216, 217, 218, 178, 177, 137, 138, 139, 140, 141, 142, 101, 102], [0, 32, 31, 30, 29, 28, 65, 64, 63, 62, 61, 60, 21, 22, 23, 24, 25, 26, 27], [0, 14, 15, 16, 17, 18, 19, 20, 58, 57, 56, 55, 54, 53, 52, 51, 92, 93, 94, 95, 135, 136, 96, 97, 98, 99, 100, 59]]


#################

init = 7620.183
res = 5776.444
gap = 2.656

solution = [[0, 10, 11, 12, 13, 14], [0, 4, 3, 43, 83, 123, 163, 163, 162, 202, 203, 204, 205, 206, 207, 167, 166, 165, 164, 124, 125, 126, 85, 84, 44, 45, 5], [0, 86, 87, 127, 128, 168, 208, 209, 210, 211, 212, 213, 214, 215, 216, 217, 218, 219, 179, 178, 177, 176, 136, 137, 138, 139, 140, 141, 101, 100], [0, 30, 31, 32, 33, 34], [0, 8, 9, 49, 50, 90, 130, 131, 132, 133, 134, 135, 175, 174, 173, 172, 171, 170, 169, 129, 89, 88, 48, 47, 46, 6, 7], [0, 15, 16, 17, 18, 19, 20, 60, 99, 98, 97, 96, 95, 94, 93, 92, 91, 51, 52, 53, 54, 55, 56, 57, 58, 59], [0, 29, 28, 67, 106, 146, 147, 148, 149, 150, 151, 152, 153, 154, 155, 156, 157, 158, 159, 160, 121, 122, 82, 81, 41, 42, 2], [0, 26, 25, 24, 23, 22, 21, 61, 62, 63, 65, 107, 108, 109, 110, 111, 112, 113, 73, 72, 71, 70, 69, 68, 27], [0, 198, 197, 196, 195, 194, 193, 192, 191, 190, 189, 188, 187, 186, 185, 224, 223, 222, 221, 220, 180, 181, 182, 142, 102, 103, 104, 64], [0, 1, 40, 39, 38, 37, 36, 35, 75, 76, 77, 78, 79, 80, 120, 119, 118, 117, 116, 115, 114, 74], [0, 199, 199, 200, 161, 201, 240, 239, 238, 237, 236, 235, 234, 233, 232, 231, 230, 229, 228, 227, 226, 225, 184, 183, 143, 144, 145, 105, 66]]


#################

init = 7620.183
res = 5917.142
gap = 4.971

solution = [[0, 4, 43, 83, 123, 163, 163, 162, 202, 203, 204, 205, 165, 164, 124, 125, 126, 127, 167, 168, 128, 87, 86, 85, 84, 44, 45, 5], [0, 8, 9, 50, 91, 90, 130, 131, 132, 133, 134, 174, 173, 172, 171, 170, 169, 129, 89, 88, 49, 48, 47, 46, 6, 7], [0, 10, 11, 12, 13], [0, 14, 15, 16, 17, 18, 19, 20, 60, 99, 98, 97, 96, 136, 135, 95, 94, 93, 92, 51, 52, 53, 54, 55, 56, 57, 58, 59], [0, 28, 29, 30, 31, 32, 33, 34], [0, 166, 206, 207, 208, 209, 210, 211, 212, 213, 214, 175, 176, 215, 216, 217, 218, 178, 177, 137, 138, 139, 140, 141, 142, 102, 101, 100], [0, 74, 73, 72, 71, 70, 69, 68, 67, 66, 65, 64, 63, 62, 21, 22, 23, 24, 25, 26, 27], [0, 198, 197, 196, 195, 194, 193, 192, 191, 190, 189, 188, 187, 186, 185, 184, 222, 221, 220, 219, 179, 180, 181, 182, 144, 145, 146, 147, 108], [0, 199, 199, 200, 161, 201, 240, 239, 238, 237, 236, 235, 234, 233, 232, 231, 230, 229, 228, 227, 226, 225, 224, 223, 183, 143, 103, 61], [0, 104, 105, 106, 107, 148, 149, 150, 151, 152, 153, 154, 155, 156, 157, 158, 159, 160, 121, 122, 82, 81, 41, 42, 3], [0, 2, 1, 40, 39, 38, 37, 36, 35, 75, 76, 77, 78, 79, 80, 120, 119, 118, 117, 116, 115, 114, 113, 112, 111, 110, 109]]


#################

init = 7620.183
res = 5984.951
gap = 6.048

solution = [[0, 166, 206, 207, 208, 209, 210, 211, 212, 213, 214, 175, 176, 215, 216, 217, 218, 178, 177, 137, 138, 139, 140, 141, 142, 102, 101, 61], [0, 4, 43, 83, 123, 163, 163, 162, 202, 203, 204, 205, 165, 164, 124, 125, 126, 127, 167, 168, 128, 87, 86, 85, 84, 44, 45, 5], [0, 8, 9, 50, 91, 90, 130, 131, 132, 133, 134, 174, 173, 172, 171, 170, 169, 129, 89, 88, 49, 48, 47, 46, 6, 7], [0, 10, 11, 12, 13], [0, 14, 15, 16, 17, 18, 19, 20, 60, 99, 98, 97, 96, 136, 135, 95, 94, 93, 92, 51, 52, 53, 54, 55, 56, 57, 58, 59], [0, 32, 31, 30, 29, 28], [0, 199, 199, 200, 161, 201, 240, 239, 238, 237, 236, 235, 234, 233, 232, 231, 230, 229, 228, 227, 226, 225, 224, 223, 183, 182, 100], [0, 198, 197, 196, 195, 194, 193, 192, 191, 190, 189, 188, 187, 186, 185, 184, 222, 221, 220, 219, 179, 180, 181, 103, 104, 105, 106, 107, 108, 109], [0, 143, 144, 145, 146, 147, 148, 149, 150, 151, 152, 153, 154, 155, 156, 157, 158, 159, 160, 121, 122, 82, 81, 42, 41, 80], [0, 3, 2, 1, 40, 39, 38, 37, 36, 35, 34, 74, 73, 72, 112, 113, 114, 115, 116, 117, 118, 119, 120, 79, 78, 77, 76, 75], [0, 27, 26, 25, 24, 23, 22, 21, 62, 63, 64, 65, 66, 67, 68, 69, 70, 110, 111, 71, 33]]


#################

init = 7620.183
res = 5925.68
gap = 5.108

solution = [[0, 15, 16, 17, 18, 19, 20, 58, 57, 56, 55, 54, 53, 52, 92, 93, 94, 95, 135, 136, 96, 97, 98, 99, 59, 60], [0, 30, 29, 28, 67, 66, 65, 64, 63, 62, 61, 21, 22, 23, 24, 25, 26, 27], [0, 126, 125, 165, 166, 167, 207, 208, 209, 210, 211, 212, 213, 214, 215, 175, 176, 216, 217, 218, 178, 177, 137, 138, 139, 140, 141, 101, 100], [0, 8, 9, 10, 11, 12, 13, 14], [0, 105, 104, 144, 145, 146, 147, 148, 149, 150, 151, 152, 153, 154, 155, 156, 157, 158, 159, 160, 121, 122, 82, 81, 120, 80, 41, 42, 43], [0, 4, 44, 84, 83, 123, 124, 164, 163, 163, 162, 202, 203, 204, 205, 206, 127, 87, 86, 85, 45, 5], [0, 6, 46, 47, 48, 88, 89, 129, 128, 168, 169, 170, 171, 172, 173, 174, 134, 133, 132, 131, 130, 90, 91, 51, 50, 49, 7], [0, 34, 33, 71, 111, 110, 109, 108, 107, 106, 68, 69, 70, 31, 32], [0, 3, 2, 1, 40, 39, 38, 37, 36, 35, 75, 74, 73, 72, 112, 113, 114, 115, 116, 117, 118, 119, 79, 78, 77, 76], [0, 198, 197, 196, 195, 194, 193, 192, 191, 190, 189, 188, 187, 186, 185, 224, 223, 222, 221, 220, 219, 179, 180, 181, 182, 142, 102], [0, 199, 199, 200, 161, 201, 240, 239, 238, 237, 236, 235, 234, 233, 232, 231, 230, 229, 228, 227, 226, 225, 184, 183, 143, 103]]


#################

init = 7620.183
res = 5988.859
gap = 6.109

solution = [[0, 166, 206, 207, 208, 209, 210, 211, 212, 213, 214, 175, 176, 215, 216, 217, 218, 178, 177, 137, 138, 139, 140, 141, 142, 102, 101, 61], [0, 4, 43, 83, 123, 163, 163, 162, 202, 203, 204, 205, 165, 164, 124, 125, 126, 127, 167, 168, 128, 87, 86, 85, 84, 44, 45, 5], [0, 8, 9, 50, 51, 91, 90, 130, 131, 132, 133, 134, 174, 173, 172, 171, 170, 169, 129, 89, 88, 49, 48, 47, 46, 6, 7], [0, 10, 11, 12, 13, 14], [0, 3, 2, 1, 40, 39, 38, 37, 36, 35, 109, 110, 111, 112, 113, 114, 115, 116, 117, 118, 119, 120, 79, 78, 77, 76, 75], [0, 15, 16, 17, 18, 19, 58, 57, 56, 55, 54, 53, 52, 92, 93, 94, 95, 135, 136, 96, 97, 98, 99, 100, 60, 59, 20, 21], [0, 29, 33, 34], [0, 30, 31, 32, 74, 73, 72, 71, 70, 69, 68, 66, 65, 64, 63, 62, 22, 23, 24, 25, 26, 27], [0, 103, 104, 145, 146, 147, 148, 149, 150, 151, 152, 153, 154, 155, 156, 157, 158, 159, 160, 121, 122, 82, 81, 42, 41, 80], [0, 198, 197, 196, 195, 194, 193, 192, 191, 190, 189, 188, 186, 185, 184, 222, 221, 220, 219, 179, 180, 181, 182, 144, 105, 106, 107, 108, 67, 28], [0, 199, 199, 200, 161, 201, 240, 239, 238, 237, 236, 235, 234, 233, 232, 231, 230, 229, 228, 227, 187, 226, 225, 224, 223, 183, 143]]


#################

init = 7620.183
res = 5936.708
gap = 5.284

solution = [[0, 166, 206, 207, 208, 209, 210, 211, 212, 213, 214, 215, 175, 176, 216, 217, 218, 178, 177, 137, 138, 139, 140, 141, 142, 102, 101, 61], [0, 4, 3, 42, 43, 83, 123, 163, 163, 203, 204, 205, 165, 164, 124, 125, 126, 127, 167, 168, 128, 87, 86, 85, 84, 44, 45, 5], [0, 8, 9, 49, 50, 90, 130, 131, 132, 133, 134, 174, 173, 172, 171, 170, 169, 129, 89, 88, 48, 47, 46, 6, 7], [0, 10, 11, 12, 13, 14], [0, 15, 16, 17, 18, 19, 20, 60, 99, 98, 97, 96, 136, 135, 95, 94, 93, 92, 91, 51, 52, 53, 54, 55, 56, 57, 58, 59], [0, 199, 199, 200, 161, 162, 202, 201, 240, 239, 238, 237, 236, 235, 234, 233, 232, 231, 230, 229, 228, 227, 226, 225, 224, 185, 144, 143], [0, 198, 197, 196, 195, 194, 193, 192, 191, 190, 189, 188, 187, 186, 146, 145, 184, 183, 223, 222, 182, 181, 221, 220, 219, 179, 180, 100], [0, 33, 34, 74, 73, 72, 71, 70, 29, 28], [0, 32, 31, 30, 69, 68, 67, 66, 65, 64, 63, 22, 23, 24, 25, 26, 27], [0, 21, 62, 103, 104, 105, 106, 107, 147, 148, 149, 150, 151, 152, 153, 154, 155, 156, 157, 158, 159, 160, 121, 122, 82, 81, 41, 2], [0, 1, 40, 39, 38, 37, 36, 35, 75, 76, 77, 78, 79, 80, 120, 119, 118, 117, 116, 115, 114, 113, 112, 111, 110, 109, 108]]


#################

init = 7620.183
res = 5945.955
gap = 5.432

solution = [[0, 166, 206, 207, 208, 209, 210, 211, 212, 213, 214, 175, 176, 215, 216, 217, 218, 178, 177, 137, 138, 139, 140, 141, 101, 61, 62, 22], [0, 5, 45, 44, 84, 85, 86, 87, 88, 128, 168, 167, 127, 126, 125, 124, 164, 165, 205, 204, 203, 202, 162, 163, 163, 123, 83, 43, 4], [0, 15, 16, 17, 18, 19, 58, 57, 56, 55, 54, 53, 52, 51, 92, 93, 94, 95, 135, 136, 96, 97, 98, 99, 100, 60, 59, 20, 21], [0, 28, 29, 30, 70, 69, 68, 67, 66, 65, 64, 24, 25, 26, 27], [0, 3, 2, 1, 40, 39, 38, 37, 36, 35, 34, 74, 73, 72, 112, 113, 114, 115, 116, 117, 118, 119, 120, 79, 78, 77, 76, 75], [0, 8, 9, 10, 50, 91, 90, 130, 131, 132, 133, 134, 174, 173, 172, 171, 170, 169, 129, 89, 49, 48, 47, 46, 6, 7], [0, 11, 12, 13, 14], [0, 23, 63, 103, 104, 105, 106, 147, 148, 149, 150, 151, 152, 153, 154, 155, 156, 157, 158, 159, 160, 121, 122, 82, 81, 42, 41, 80], [0, 107, 108, 109, 110, 111, 71, 31, 32, 33], [0, 199, 199, 200, 161, 201, 240, 239, 238, 237, 236, 235, 234, 233, 232, 231, 230, 229, 228, 227, 226, 225, 184, 183, 143, 144, 145, 146], [0, 198, 197, 196, 195, 194, 193, 192, 191, 190, 189, 188, 187, 186, 185, 224, 223, 222, 221, 220, 219, 179, 180, 181, 182, 142, 102]]


#################

init = 7620.183
res = 5922.571
gap = 5.058

solution = [[0, 166, 206, 207, 208, 209, 210, 211, 212, 213, 214, 175, 176, 215, 216, 217, 218, 178, 177, 137, 138, 139, 140, 141, 142, 102, 101, 61], [0, 4, 43, 83, 123, 163, 163, 162, 202, 203, 204, 205, 165, 164, 124, 125, 126, 127, 167, 168, 128, 87, 86, 85, 84, 44, 45, 5], [0, 10, 9, 8, 49, 50, 91, 90, 130, 131, 132, 133, 134, 174, 173, 172, 171, 170, 169, 129, 89, 88, 48, 47, 46, 6, 7], [0, 11, 12, 13, 14], [0, 26, 25, 24, 23, 22, 63, 64, 65, 66, 67, 108, 109, 110, 70, 69, 27], [0, 15, 16, 17, 18, 19, 58, 57, 56, 55, 54, 53, 52, 51, 92, 93, 94, 95, 135, 136, 96, 97, 98, 99, 100, 60, 59, 20, 21], [0, 37, 35, 34, 33, 32, 31, 30, 29, 28], [0, 3, 2, 1, 40, 39, 38, 36, 76, 77, 78, 79, 80, 120, 119, 118, 117, 116, 115, 114, 113, 112, 111, 71, 72, 73, 74, 75], [0, 68, 107, 106, 105, 104, 144, 145, 146, 147, 148, 149, 150, 151, 152, 153, 154, 155, 156, 157, 159, 160, 121, 122, 82, 81, 42, 41], [0, 199, 199, 200, 161, 201, 240, 239, 238, 237, 236, 235, 234, 233, 232, 231, 230, 229, 228, 227, 226, 225, 184, 183, 143, 103, 62], [0, 182, 181, 180, 179, 219, 220, 221, 222, 223, 224, 185, 186, 187, 188, 189, 190, 191, 192, 193, 194, 195, 196, 197, 198, 158]]


#################

init = 7620.183
res = 5895.555
gap = 4.623

solution = [[0, 105, 104, 103, 143, 144, 145, 146, 147, 148, 149, 150, 151, 152, 153, 154, 155, 156, 157, 158, 159, 160, 121, 122, 82, 81, 42, 41, 80, 40], [0, 4, 43, 83, 123, 163, 163, 162, 202, 203, 204, 205, 165, 164, 124, 125, 126, 127, 167, 168, 128, 87, 86, 85, 84, 44, 45, 5], [0, 8, 9, 50, 91, 90, 130, 131, 132, 133, 134, 173, 172, 171, 170, 169, 129, 89, 88, 49, 48, 47, 46, 6, 7], [0, 10, 11, 12, 13], [0, 14, 15, 16, 17, 18, 19, 20, 60, 99, 98, 97, 96, 136, 135, 95, 94, 93, 92, 51, 52, 53, 54, 55, 56, 57, 58, 59], [0, 166, 206, 207, 208, 209, 210, 211, 212, 213, 214, 174, 175, 176, 215, 216, 217, 218, 178, 177, 137, 138, 139, 140, 100], [0, 198, 197, 196, 195, 194, 193, 192, 191, 190, 189, 188, 187, 186, 185, 224, 223, 222, 221, 220, 219, 179, 180, 181, 141, 101, 61, 21], [0, 199, 199, 200, 161, 201, 240, 239, 238, 237, 236, 235, 234, 233, 232, 231, 230, 229, 228, 227, 226, 225, 184, 183, 182, 142, 102], [0, 3, 2, 1, 39, 38, 37, 36, 76, 77, 78, 79, 120, 119, 118, 117, 116, 115, 114, 113, 112, 111, 72, 73, 74, 75], [0, 26, 25, 24, 23, 22, 62, 63, 64, 65, 66, 106, 107, 108, 109, 110, 71, 70, 69, 68, 67, 27], [0, 35, 34, 33, 32, 31, 30, 29, 28]]


#################

init = 7620.183
res = 6002.518
gap = 6.323

solution = [[0, 4, 43, 83, 123, 163, 163, 162, 202, 203, 204, 205, 165, 164, 124, 125, 126, 127, 167, 168, 128, 87, 86, 85, 84, 44, 45, 5], [0, 8, 9, 50, 91, 90, 130, 131, 132, 133, 134, 175, 174, 173, 172, 171, 170, 169, 129, 89, 88, 49, 48, 47, 46, 6, 7], [0, 10, 11, 12, 13], [0, 14, 15, 16, 17, 18, 19, 20, 60, 99, 98, 97, 96, 136, 135, 95, 94, 93, 92, 51, 52, 53, 54, 55, 56, 57, 58, 59], [0, 2, 1, 40, 39, 38, 37, 36, 35, 74, 75, 76, 78, 79, 80, 120, 119, 118, 117, 116, 115, 114, 113, 112, 111, 110, 109, 108], [0, 34, 33, 73, 72, 71, 70, 69, 68, 67, 66, 65], [0, 166, 206, 207, 208, 209, 210, 211, 212, 213, 214, 215, 216, 217, 218, 178, 177, 176, 137, 138, 139, 140, 141, 101, 100, 61, 21], [0, 107, 106, 146, 147, 148, 149, 150, 151, 152, 153, 154, 155, 156, 157, 158, 159, 160, 121, 122, 82, 81, 41, 42, 3], [0, 22, 62, 103, 143, 144, 145, 105, 104, 64, 63, 23, 24, 25, 26, 27, 28, 29, 30, 31, 32], [0, 199, 199, 200, 161, 201, 240, 239, 238, 237, 236, 235, 234, 233, 232, 231, 230, 229, 228, 227, 226, 225, 224, 223, 222, 142, 102], [0, 180, 179, 219, 220, 221, 181, 182, 183, 184, 185, 186, 187, 188, 189, 190, 191, 192, 193, 194, 195, 196, 197, 198, 77]]


#################

init = 7620.183
res = 5993.752
gap = 6.186

solution = [[0, 145, 146, 147, 148, 149, 150, 151, 152, 153, 154, 155, 156, 157, 158, 159, 160, 121, 122, 82, 81, 41, 39], [0, 4, 3, 42, 43, 83, 123, 163, 163, 203, 204, 205, 165, 164, 124, 125, 126, 127, 167, 168, 128, 87, 86, 85, 84, 44, 45, 5], [0, 8, 9, 50, 91, 90, 130, 131, 132, 133, 134, 174, 173, 172, 171, 170, 169, 129, 89, 88, 49, 48, 47, 46, 6, 7], [0, 10, 11, 12, 13], [0, 14, 15, 16, 17, 18, 19, 20, 60, 99, 98, 97, 96, 136, 135, 95, 94, 93, 92, 51, 52, 53, 54, 55, 56, 57, 58, 59], [0, 199, 199, 200, 161, 162, 202, 201, 240, 239, 238, 237, 236, 235, 234, 233, 232, 231, 230, 229, 228, 227, 226, 225, 224, 223, 183, 144], [0, 23, 63, 62, 102, 103, 104, 105, 106, 107, 67, 66, 65, 64, 24], [0, 166, 206, 207, 208, 209, 210, 211, 212, 213, 214, 215, 175, 176, 216, 217, 218, 178, 177, 137, 138, 139, 140, 100, 22], [0, 198, 197, 196, 195, 194, 193, 192, 191, 190, 189, 188, 187, 186, 185, 184, 143, 142, 182, 222, 221, 220, 219, 179, 180, 181, 141, 101, 61, 21], [0, 33, 34, 35, 36, 76, 75, 74, 113, 112, 111, 110, 109, 108, 68, 69, 70, 71, 30, 29, 28, 27, 26, 25], [0, 2, 1, 40, 38, 37, 77, 78, 79, 80, 120, 119, 118, 117, 116, 115, 114, 73, 72, 32, 31]]


#################

init = 7620.183
res = 5926.498
gap = 5.121

solution = [[0, 8, 9, 50, 91, 90, 130, 131, 132, 133, 134, 175, 174, 173, 172, 171, 170, 169, 129, 128, 88, 89, 49, 48, 47, 46, 6, 7], [0, 10, 11, 12, 13], [0, 14, 15, 16, 17, 18, 19, 20, 60, 99, 98, 97, 96, 136, 135, 95, 94, 93, 92, 51, 52, 53, 54, 55, 56, 57, 58, 59], [0, 34, 33, 32, 31, 30], [0, 2, 1, 38, 37, 36, 35, 75, 76, 77, 78, 79, 80, 120, 119, 118, 117, 116, 115, 114, 74], [0, 28, 29, 69, 70, 71, 72, 73, 113, 112, 111, 110, 109, 108, 67, 66, 65, 64, 63, 62, 22, 23, 24, 25, 26, 27], [0, 167, 166, 206, 207, 168, 208, 209, 210, 211, 212, 213, 214, 215, 216, 217, 218, 178, 177, 176, 137, 138, 139, 140, 100, 101, 102, 61, 21], [0, 4, 3, 42, 43, 83, 123, 163, 163, 162, 202, 203, 204, 205, 165, 164, 124, 125, 126, 127, 87, 86, 85, 84, 44, 45, 5], [0, 103, 144, 145, 146, 147, 148, 149, 150, 151, 152, 153, 154, 155, 156, 157, 158, 159, 160, 121, 122, 82, 81, 41, 40, 39], [0, 198, 197, 196, 195, 194, 193, 192, 191, 190, 189, 188, 187, 186, 185, 184, 222, 221, 220, 219, 179, 180, 181, 143, 104, 105, 106, 107, 68], [0, 199, 199, 200, 161, 201, 240, 239, 238, 237, 236, 235, 234, 233, 232, 231, 230, 229, 228, 227, 226, 225, 224, 223, 183, 182, 142, 141]]


#################

init = 7620.183
res = 5886.616
gap = 4.478

solution = [[0, 4, 3, 42, 43, 83, 123, 163, 163, 162, 202, 203, 204, 205, 165, 164, 124, 125, 126, 127, 87, 86, 85, 84, 44, 45, 5], [0, 8, 9, 49, 50, 91, 90, 130, 131, 132, 133, 134, 174, 173, 172, 171, 170, 169, 168, 128, 129, 89, 88, 48, 47, 46, 6, 7], [0, 10, 11, 12, 13, 14], [0, 199, 199, 200, 161, 201, 240, 239, 238, 237, 236, 235, 234, 233, 232, 231, 230, 229, 228, 227, 226, 225, 224, 223, 183, 143, 144, 145, 105, 104], [0, 198, 197, 196, 195, 194, 193, 192, 191, 190, 189, 188, 187, 186, 185, 184, 222, 221, 220, 219, 179, 180, 181, 182, 142, 102, 103], [0, 32, 31, 30, 29, 28, 67, 66, 65, 64, 63, 62, 23, 24, 25, 26, 27], [0, 112, 111, 110, 109, 108, 107, 106, 146, 147, 148, 149, 150, 151, 152, 153, 154, 155, 156, 157, 158, 159, 160, 121, 122, 82, 81, 41], [0, 68, 69, 70, 71, 72, 33], [0, 2, 1, 40, 39, 38, 37, 36, 35, 75, 76, 77, 78, 79, 80, 120, 119, 118, 117, 116, 115, 114, 113, 73, 74, 34], [0, 167, 166, 206, 207, 208, 209, 210, 211, 212, 213, 214, 175, 176, 215, 216, 217, 218, 178, 177, 137, 138, 139, 140, 141, 101, 100, 60, 61], [0, 15, 16, 17, 18, 19, 58, 57, 56, 55, 54, 53, 52, 51, 92, 93, 94, 95, 135, 136, 96, 97, 98, 99, 59, 20, 21, 22]]


#################

init = 8359.845
res = 5844.412
gap = 3.788

solution = [[0, 142, 182, 181, 180, 179, 219, 220, 221, 222, 223, 224, 225, 226, 227, 228, 229, 230, 231, 232, 233, 234, 235, 236, 237, 238, 239, 240, 201, 161, 200, 199, 199], [0, 166, 206, 207, 208, 209, 210, 211, 212, 213, 214, 215, 216, 217, 218, 178, 177, 137, 138, 139, 140, 141, 99, 98, 97, 96, 57, 58], [0, 54, 53, 52, 51, 91, 92, 93, 94, 134, 133, 132, 131, 130, 129, 169, 170, 171, 172, 173, 174, 175, 176, 136, 135, 95, 56, 55], [0, 198, 197, 196, 195, 194, 193, 192, 191, 190, 189, 188, 187, 186, 185, 184, 183, 143, 144, 67, 66, 65, 64, 63, 62, 61, 21, 22], [0, 105, 145, 146, 147, 148, 149, 150, 151, 152, 153, 154, 155, 156, 157, 158, 159, 160, 121, 122, 123, 163, 163, 164, 125, 124, 83, 82], [0, 20, 19, 18, 17, 16, 15, 14, 13, 12, 11, 10, 50, 49, 48, 47, 46, 45, 44, 43, 42, 85, 86, 87, 88, 89, 90], [0, 68, 69, 112, 113, 114, 115, 116, 117, 118, 119, 120, 81, 162, 202, 203, 204, 205, 165, 167, 168, 128, 127, 126, 84, 41, 80, 79, 78, 77, 37], [0, 23, 24, 25, 26, 27, 28, 29, 30, 31, 32, 33, 34, 35, 36, 38, 39, 40, 1, 2], [0, 59, 60, 100, 101, 102, 103, 104, 106, 107, 108, 109, 110, 111, 70, 71, 72, 73, 74, 75, 76, 3, 4, 5, 6, 7, 8, 9]]


#################

init = 8359.845
res = 5886.228
gap = 4.472

solution = [[0, 142, 182, 181, 180, 179, 219, 220, 221, 222, 223, 224, 225, 226, 227, 228, 229, 230, 231, 232, 233, 234, 235, 236, 237, 238, 239, 240, 201, 161, 200, 199, 199], [0, 54, 53, 52, 51, 91, 92, 93, 94, 134, 133, 132, 131, 130, 129, 169, 170, 171, 172, 173, 174, 175, 176, 136, 135, 95, 55, 56], [0, 144, 145, 146, 147, 148, 149, 150, 151, 152, 153, 154, 155, 156, 157, 158, 159, 160, 121, 122, 123, 163, 163, 164, 124, 83, 44, 4], [0, 111, 112, 113, 114, 115, 116, 117, 118, 119, 120, 81, 82, 162, 202, 203, 204, 205, 206, 166, 165, 126, 125, 84, 43, 42, 41, 80], [0, 87, 168, 167, 207, 208, 209, 210, 211, 212, 213, 214, 215, 216, 217, 218, 178, 177, 137, 138, 139, 140, 99, 98, 97, 96, 58, 57], [0, 19, 20, 60, 101, 100, 59, 18, 17, 16, 15, 14, 13, 12, 11, 10, 50, 49, 48, 47, 46, 45, 85, 86, 127, 128, 88, 89, 90], [0, 198, 197, 196, 195, 194, 193, 192, 191, 190, 189, 188, 187, 186, 185, 184, 183, 143, 141, 102, 103, 63, 62, 61, 21, 22], [0, 38, 76, 75, 74, 73, 72, 71, 70, 110, 109, 108, 107, 106, 105, 104, 64, 65, 66, 67, 68, 69, 29], [0, 23, 24, 25, 26, 27, 28, 30, 31, 32, 33, 34, 35, 36, 37, 77, 78, 79, 39, 40, 1, 2, 3, 5, 6, 7, 8, 9]]
