################
#times = 2000
lambda = 0.8
mu = 1.1
nu = 0.8
execute = 40

[982.0423897992363, 989.8230147524235, 978.0304565724224, 998.6776225889349, 986.4643065675085, 998.6776225889349, 984.4637008867004, 986.863849184352, 977.7678376674235, 976.1729746205137, 979.6603054305427, 998.6776225889349, 999.8490777735777, 997.1379849061153, 998.6776225889349, 988.202617727179, 998.6776225889349, 984.545593364175, 998.6776225889349, 991.782518158896, 983.3204598739578, 979.0016085756992, 982.0423897992363, 997.1379849061153, 985.0105418124748, 985.147361658915, 998.6776225889349, 984.4637008867005, 998.6776225889349, 963.9481633607306, 985.5946587194202, 990.5792986987516, 963.0812973274107, 985.3657705098873, 985.2382563223156, 982.0423897992364, 984.4637008867004, 1001.4017842353536, 998.6776225889349, 997.8870932396277]

mean = 981.415775
min = 963.0812973274107

[[0, 14, 7, 16, 24, 29, 36], [0, 1, 3, 2, 28, 23, 22, 12, 11, 4], [0, 21, 9, 33, 5, 8, 20, 6], [0, 26, 19, 31, 34, 17, 18], [0, 35, 25, 13], [0, 10, 30, 15, 32, 27]]

################
#times = 1000
lambda = 0.8
mu = 1.1
nu = 0.8
execute = 40

[993.182, 998.678, 990.989, 998.678, 974.746, 990.521, 992.428, 998.86, 981.245, 1001.778, 987.815, 998.678, 998.678, 998.678, 1001.23, 998.678, 1002.122, 998.678, 998.678, 998.678, 987.11, 1003.209, 998.678, 990.521, 989.823, 998.678, 1012.248, 1002.206, 997.494, 998.678, 998.678, 986.461, 985.633, 998.678, 988.099, 998.678, 988.099, 976.14, 998.678, 1003.611]

mean = 995.11
min = 974.746

[[0, 4, 7, 16, 24, 29, 36], [0, 20, 1, 33, 9, 2, 28, 23, 22, 12, 11], [0, 26, 21, 19, 31, 17, 18], [0, 6, 8, 5, 3, 34, 14], [0, 35, 25, 13], [0, 10, 30, 15, 32, 27]]

#################
#times = 1500
lambda = 0.8
mu = 1.1
nu = 0.8
execute = 40

[979.66, 998.678, 962.584, 1000.06, 963.261, 997.138, 1004.701, 998.678, 975.076, 998.678, 993.453, 1008.131, 978.513, 990.646, 998.678, 993.182, 986.612, 990.369, 990.933, 975.816, 984.464, 990.527, 976.14, 983.561, 982.042, 972.984, 989.412, 958.668, 995.671, 980.822, 978.03, 998.678, 993.004, 997.138, 1000.259, 992.355, 982.042, 963.62, 983.574, 979.504]

mean = 986.684
min = 958.668

[[0, 7, 16, 24, 29, 36], [0, 20, 8, 5, 3, 1, 34, 17, 18], [0, 35, 25, 13], [0, 10, 30, 15, 32, 27], [0, 6, 9, 21, 19, 31, 14], [0, 33, 2, 28, 23, 22, 12, 11, 26, 4]]


#################
lambda = 1.0
mu = 0.0
nu = 0.2
execute = 40

[986.544, 996.625, 984.749, 973.088, 978.076, 973.088, 995.446, 988.59, 995.055, 973.088, 986.544, 995.336, 986.544, 980.042, 980.558, 977.83, 986.544, 991.343, 977.712, 970.835, 979.744, 990.477, 979.872, 995.055, 989.172, 991.27, 973.088, 977.781, 977.698, 978.464, 980.193, 977.25, 977.855, 993.482, 995.851, 981.974, 995.654, 979.632, 988.171, 985.255]

det = 976
mean = 984.139
min = 970.835

[[0, 36, 29, 24, 16, 7], [0, 26, 10, 11, 12, 22, 23, 9], [0, 20, 33, 2, 28, 21, 31, 34], [0, 17, 19, 1, 3, 5, 8, 6], [0, 35, 25, 4, 18, 14], [0, 13, 30, 15, 32, 27]]


#################
lambda = 1.0
mu = 0.0
nu = 0.30000000000000004
execute = 40

[977.241, 973.088, 1000.048, 977.495, 978.091, 990.515, 990.125, 986.544, 989.615, 994.322, 987.33, 989.774, 989.847, 996.625, 992.541, 983.807, 987.125, 982.038, 983.206, 988.469, 987.849, 985.377, 978.289, 984.367, 993.866, 975.158, 984.511, 989.172, 980.928, 981.974, 975.921, 981.863, 983.206, 995.055, 981.221, 986.261, 997.93, 980.761, 979.873, 973.45]

det = 976
mean = 985.372
min = 973.088

[[0, 21, 28, 23, 22, 12, 11, 10, 26], [0, 36, 29, 24, 16], [0, 14, 4, 25, 35, 7], [0, 13, 30, 15, 32, 27], [0, 6, 33, 2, 9, 19, 31], [0, 18, 17, 34, 1, 3, 5, 8, 20]]


#################
lambda = 1.0
mu = 0.0
nu = 0.4
execute = 40

[990.177, 984.712, 978.925, 990.097, 968.668, 974.847, 978.704, 998.081, 998.781, 973.088, 993.055, 995.055, 984.087, 989.091, 973.088, 983.807, 983.206, 992.519, 983.052, 982.488, 988.709, 974.394, 981.726, 973.088, 975.382, 979.355, 986.619, 980.395, 977.781, 995.165, 990.162, 975.732, 983.785, 992.363, 987.202, 995.055, 983.505, 989.632, 977.25, 983.107]

det = 976
mean = 984.148
min = 968.668

[[0, 26, 10, 11, 12, 22, 23, 21], [0, 32, 15, 30, 13, 18], [0, 8, 5, 33, 2, 28, 9, 17, 4], [0, 6, 20, 3, 1, 19, 31, 34], [0, 24, 7, 14, 36, 29], [0, 27, 35, 25, 16]]


#################
lambda = 1.0
mu = 0.1
nu = 0.2
execute = 40

[1006.026, 1006.026, 1006.026, 982.965, 1004.96, 977.694, 977.554, 1002.811, 1006.026, 1002.937, 1002.811, 1002.811, 1006.026, 1006.026, 974.931, 1002.811, 1002.811, 1000.387, 1002.811, 1006.026, 977.554, 1002.811, 975.623, 1002.811, 1001.479, 1004.96, 1006.026, 987.004, 1001.479, 1006.026, 1006.026, 1000.387, 977.953, 964.832, 1002.811, 989.423, 977.554, 984.286, 1000.387, 1006.026]

det = 978
mean = 996.398
min = 964.832

[[0, 27, 32, 15, 30, 13], [0, 31, 26, 10, 11, 22, 23, 12], [0, 19, 33, 9, 2, 28, 21, 17], [0, 34, 1, 3, 5, 8, 20, 6], [0, 18, 4, 25, 35, 7], [0, 36, 29, 24, 16, 14]]


#################
lambda = 1.0
mu = 0.1
nu = 0.30000000000000004
execute = 40

[1002.811, 1006.026, 981.66, 1006.026, 974.931, 991.026, 991.202, 977.48, 984.437, 1006.026, 1000.387, 987.454, 1002.811, 992.166, 1001.479, 1002.811, 1006.026, 1000.387, 991.202, 1006.026, 995.775, 1006.026, 1006.026, 1004.96, 1002.811, 1002.811, 982.965, 1001.479, 1002.811, 1000.387, 986.273, 999.42, 1001.479, 991.223, 1002.811, 1006.026, 974.625, 1002.811, 990.845, 977.694]

det = 978
mean = 996.291
min = 974.625

[[0, 27, 32, 15, 30, 13], [0, 14, 18, 4, 35, 25], [0, 26, 10, 11, 12, 22, 23, 28, 9], [0, 36, 29, 24, 16, 7], [0, 33, 2, 21, 19, 31, 34], [0, 17, 1, 3, 5, 8, 20, 6]]


#################
lambda = 1.0
mu = 0.1
nu = 0.4
execute = 40

[982.965, 1001.479, 992.638, 1006.026, 1001.479, 1000.387, 1006.026, 1006.026, 958.678, 1006.026, 978.902, 1001.479, 956.619, 995.775, 972.478, 1002.811, 1000.387, 1006.026, 980.717, 984.618, 1002.811, 988.482, 1006.026, 996.789, 1000.159, 994.075, 1006.026, 974.931, 1006.026, 1000.387, 1001.479, 1001.479, 977.554, 987.377, 980.794, 1001.479, 1000.387, 995.775, 977.554, 1002.811]

det = 978
mean = 993.599
min = 956.619

[[0, 27, 32, 15, 30, 13], [0, 31, 26, 10, 11, 22, 23, 12], [0, 19, 33, 9, 2, 28, 21, 17], [0, 34, 1, 3, 5, 8, 20, 6], [0, 35, 25, 4, 18, 14], [0, 36, 29, 7, 16, 24]]


#################
lambda = 1.0
mu = 0.2
nu = 0.2
execute = 40

[967.51, 957.03, 975.068, 967.028, 967.028, 967.028, 980.021, 967.028, 980.021, 980.021, 980.021, 957.03, 974.139, 967.028, 967.028, 980.021, 967.028, 957.03, 967.028, 957.03, 967.028, 980.021, 980.021, 967.028, 980.021, 967.028, 967.028, 967.028, 967.028, 957.03, 967.028, 967.028, 967.028, 967.028, 957.03, 967.028, 967.028, 967.028, 980.021, 967.028]

det = 970
mean = 968.843
min = 957.03

[[0, 15, 30, 11, 10, 26], [0, 25, 35, 32, 27], [0, 33, 9, 21, 2, 28, 23, 22, 12, 4], [0, 7, 16, 24, 29, 36], [0, 6, 8, 5, 3, 1, 20, 18, 14], [0, 17, 34, 31, 19, 13]]


#################
lambda = 1.0
mu = 0.2
nu = 0.30000000000000004
execute = 40

[973.834, 967.028, 967.028, 967.028, 975.877, 967.028, 967.028, 967.028, 957.03, 967.028, 967.028, 980.021, 967.028, 967.028, 969.025, 980.021, 967.028, 957.03, 967.028, 967.028, 967.028, 967.028, 967.028, 967.028, 957.03, 967.028, 967.028, 980.021, 967.028, 957.03, 967.028, 967.028, 967.028, 967.028, 980.021, 957.03, 967.028, 980.021, 967.028, 967.028]

det = 970
mean = 967.844
min = 957.03

[[0, 15, 30, 11, 10, 26], [0, 25, 35, 32, 27], [0, 33, 9, 21, 2, 28, 23, 22, 12, 4], [0, 7, 16, 24, 29, 36], [0, 6, 8, 5, 3, 1, 20, 18, 14], [0, 17, 34, 31, 19, 13]]


#################
lambda = 1.0
mu = 0.2
nu = 0.4
execute = 40

[967.028, 973.834, 967.028, 967.028, 969.48, 967.028, 975.877, 967.028, 967.028, 967.028, 957.03, 963.052, 961.72, 967.028, 957.03, 970.827, 957.03, 974.304, 980.021, 967.028, 980.021, 980.021, 967.028, 967.028, 967.028, 967.028, 967.028, 967.028, 957.03, 957.03, 967.028, 967.028, 980.021, 957.03, 975.877, 967.028, 957.03, 967.028, 957.03, 975.877]

det = 970
mean = 967.268
min = 957.03

[[0, 15, 30, 11, 10, 26], [0, 25, 35, 32, 27], [0, 33, 9, 21, 2, 28, 23, 22, 12, 4], [0, 7, 16, 24, 29, 36], [0, 6, 8, 5, 3, 1, 20, 17, 18], [0, 13, 19, 31, 34, 14]]


#################
lambda = 1.1
mu = 0.0
nu = 0.2
execute = 40

[990.027, 1019.632, 1019.632, 1004.938, 1019.632, 1015.479, 1019.632, 1019.632, 1019.632, 1019.632, 1018.957, 1019.632, 1019.632, 1019.632, 1018.957, 990.027, 989.278, 1019.632, 1018.957, 989.278, 1018.957, 1018.957, 1019.632, 990.027, 990.027, 1019.632, 1019.632, 990.027, 1019.632, 1018.957, 1018.957, 1019.632, 1018.957, 1019.632, 1019.632, 1019.632, 1019.632, 1019.632, 1019.632, 1018.957]

det = 1019
mean = 1013.791
min = 989.278

[[0, 9, 21, 28, 2, 33, 1], [0, 26, 23, 22, 12, 11, 10, 16], [0, 4, 17, 19, 31, 34, 18, 14], [0, 13, 30, 15, 32, 27], [0, 24, 35, 25, 7], [0, 29, 36], [0, 6, 8, 5, 3, 20]]


#################
lambda = 1.1
mu = 0.0
nu = 0.30000000000000004
execute = 40

[1018.957, 1019.632, 1017.014, 1019.632, 1019.632, 990.027, 1019.632, 1019.632, 1004.444, 1019.632, 1019.632, 1018.957, 1019.632, 1016.626, 1018.957, 1019.632, 1019.632, 1019.632, 1019.632, 1005.771, 1019.632, 1018.957, 1019.632, 1018.957, 1018.957, 1019.632, 1019.632, 990.027, 1019.632, 1019.632, 1018.957, 995.057, 1019.632, 1018.957, 1019.632, 1019.632, 1018.957, 1019.632, 1018.957, 1018.957]

det = 1019
mean = 1016.485
min = 990.027

[[0, 9, 21, 28, 2, 33, 1], [0, 26, 23, 22, 12, 11, 10, 16], [0, 4, 17, 19, 31, 34, 18, 14], [0, 13, 30, 15, 32, 27], [0, 24, 35, 25, 7], [0, 29, 36], [0, 6, 8, 5, 3, 20]]


#################
lambda = 1.1
mu = 0.0
nu = 0.4
execute = 40

[1018.957, 1018.957, 1019.632, 1019.632, 1019.632, 1019.632, 1019.632, 990.027, 1018.957, 1019.632, 1019.632, 1018.957, 990.027, 1018.957, 1018.29, 990.027, 1019.632, 1019.632, 1019.632, 1019.632, 1018.957, 1019.632, 990.027, 1019.632, 1019.632, 1018.957, 990.027, 1019.632, 990.027, 1018.957, 1019.632, 1019.632, 1019.632, 1019.632, 1019.632, 990.027, 1018.957, 1019.632, 1019.632, 1019.632]

det = 1019
mean = 1014.266
min = 990.027

[[0, 9, 21, 28, 2, 33], [0, 32, 15, 30, 13], [0, 6, 8, 5, 3, 1, 20], [0, 27, 35, 25, 7], [0, 26, 23, 22, 12, 11, 10, 16], [0, 4, 17, 19, 31, 34, 18, 14], [0, 36, 29, 24]]


#################
lambda = 1.1
mu = 0.1
nu = 0.2
execute = 40

[973.088, 975.781, 999.809, 982.853, 977.34, 973.088, 985.71, 987.548, 976.934, 980.015, 982.955, 979.748, 991.369, 973.088, 996.034, 984.158, 986.544, 994.897, 982.74, 959.273, 991.475, 993.034, 980.558, 1002.095, 998.671, 986.466, 995.336, 971.114, 995.336, 980.669, 996.625, 1001.813, 976.453, 973.088, 996.625, 973.088, 973.088, 984.511, 979.873, 987.331]

det = 1002
mean = 984.506
min = 959.273

[[0, 32, 15, 30, 13, 4], [0, 36, 29, 24, 16, 7], [0, 14, 18, 27, 35, 25], [0, 17, 19, 1, 3, 5, 8, 6], [0, 20, 33, 2, 9, 31, 34], [0, 21, 28, 23, 22, 12, 11, 10, 26]]


#################
lambda = 1.1
mu = 0.1
nu = 0.30000000000000004
execute = 40

[981.327, 988.332, 987.917, 977.005, 996.668, 975.382, 986.261, 985.224, 997.309, 972.786, 992.675, 980.201, 977.255, 993.866, 988.677, 998.648, 973.952, 986.586, 993.936, 995.336, 973.088, 988.349, 983.317, 995.055, 973.088, 993.866, 981.996, 997.901, 980.004, 987.331, 975.711, 979.15, 981.662, 997.93, 978.359, 993.827, 989.172, 998.671, 987.331, 977.902]

det = 1002
mean = 986.076
min = 972.786

[[0, 9, 28, 23, 22, 12, 11, 10, 26], [0, 32, 15, 30, 13, 4], [0, 6, 8, 20, 31, 19, 17, 18], [0, 1, 3, 5, 33, 2, 21, 34], [0, 25, 35, 27, 24], [0, 29, 36, 14, 7, 16]]


#################
lambda = 1.1
mu = 0.1
nu = 0.4
execute = 40

[978.232, 972.873, 972.422, 989.938, 982.346, 983.168, 983.58, 978.303, 987.125, 994.282, 988.344, 983.58, 975.666, 979.054, 1001.813, 987.202, 990.167, 983.206, 995.336, 987.891, 981.497, 981.798, 982.438, 995.055, 995.055, 976.521, 985.126, 990.199, 978.935, 995.336, 984.158, 977.133, 983.28, 985.916, 995.336, 984.561, 990.238, 982.438, 980.015, 999.147]

det = 1002
mean = 985.468
min = 972.422

[[0, 32, 15, 30, 13, 4], [0, 27, 35, 25, 16], [0, 26, 10, 11, 12, 22, 23, 9], [0, 19, 21, 28, 2, 33, 5, 3, 1], [0, 36, 29, 24, 7, 18, 14], [0, 17, 34, 31, 20, 8, 6]]


#################
lambda = 1.1
mu = 0.2
nu = 0.2
execute = 40

[1006.28, 1005.702, 1004.579, 995.469, 970.734, 986.362, 1007.392, 995.211, 1006.871, 977.554, 1010.294, 1006.871, 996.051, 998.714, 1008.973, 999.878, 977.749, 999.878, 981.685, 986.044, 972.419, 1006.98, 1000.4, 999.878, 977.829, 977.829, 1006.98, 998.839, 984.749, 975.835, 978.858, 1010.01, 1008.973, 1006.98, 999.878, 962.763, 1009.336, 999.878, 1001.132, 998.714]

det = 1010
mean = 995.014
min = 962.763

[[0, 31, 26, 10, 11, 22, 23, 12], [0, 19, 33, 9, 2, 28, 21, 17], [0, 4, 34, 1, 3, 5, 8, 20, 6], [0, 32, 15, 30, 13, 18], [0, 36, 29, 24, 7, 14], [0, 27, 35, 25, 16]]


#################
lambda = 1.1
mu = 0.2
nu = 0.30000000000000004
execute = 40

[962.59, 983.787, 997.371, 998.137, 1005.9, 1001.598, 1006.98, 991.436, 1010.012, 1006.01, 991.478, 962.59, 1008.973, 1006.98, 1000.4, 980.804, 983.508, 1006.98, 1006.871, 995.085, 1010.505, 982.068, 975.973, 979.632, 1000.978, 1006.871, 956.619, 1000.4, 982.46, 1010.294, 1008.973, 978.596, 1006.98, 988.048, 999.542, 994.673, 1006.871, 978.596, 987.222, 985.004]

det = 1010
mean = 993.695
min = 956.619

[[0, 34, 1, 3, 5, 8, 20, 6], [0, 36, 29, 24, 16, 7], [0, 13, 30, 15, 32, 27], [0, 35, 25, 4, 18, 14], [0, 31, 9, 23, 22, 12, 11, 10], [0, 26, 21, 28, 2, 33, 19, 17]]


#################
lambda = 1.1
mu = 0.2
nu = 0.4
execute = 40

[987.647, 995.469, 975.601, 1006.871, 1000.978, 1006.871, 980.428, 1009.716, 994.881, 1006.871, 1006.871, 999.878, 988.594, 1001.72, 994.933, 1008.877, 956.619, 1006.871, 978.449, 1010.012, 1009.716, 974.625, 1003.718, 998.714, 983.401, 1003.247, 974.551, 997.371, 977.249, 977.645, 999.878, 995.085, 1006.98, 979.178, 974.625, 1000.4, 977.749, 985.748, 975.23, 962.763]

det = 1010
mean = 991.901
min = 956.619

[[0, 13, 30, 15, 32, 27], [0, 4, 34, 1, 3, 5, 8, 20, 6], [0, 33, 9, 2, 28, 21, 19, 31], [0, 18, 17, 26, 10, 11, 12, 23, 22], [0, 24, 29, 36, 14], [0, 16, 35, 25, 7]]


#################
lambda = 1.2000000000000002
mu = 0.0
nu = 0.2
execute = 40

[999.704, 1042.599, 1042.599, 1042.599, 1042.599, 1042.599, 1042.599, 1034.836, 1042.599, 1041.851, 1042.599, 1027.296, 1042.599, 1042.599, 1042.599, 1042.599, 1042.599, 979.556, 1003.927, 1042.599, 1034.607, 1034.607, 1042.599, 1042.599, 986.644, 984.359, 1021.85, 1032.563, 1042.599, 1028.708, 1042.599, 1042.599, 995.856, 1042.599, 1042.599, 1042.599, 992.919, 1032.508, 1042.599, 1042.599]

det = 1042
mean = 1031.354
min = 979.556

[[0, 9, 21, 28, 2, 33], [0, 10, 11, 12, 22, 23, 26], [0, 25, 35, 27], [0, 32, 15, 30, 13], [0, 6, 8, 5, 3, 1, 20], [0, 29, 36], [0, 4, 17, 19, 31, 34, 18, 14], [0, 7, 16, 24]]


#################
lambda = 1.2000000000000002
mu = 0.0
nu = 0.30000000000000004
execute = 40

[1042.599, 1006.541, 1042.599, 1042.599, 1042.599, 1042.599, 990.015, 1042.599, 1034.634, 995.762, 1042.599, 1041.851, 1042.599, 973.532, 1005.389, 1042.599, 1042.599, 1042.599, 1016.04, 1042.599, 1042.599, 1042.599, 1042.599, 1042.599, 1042.599, 1021.85, 1042.599, 1042.599, 1042.599, 1042.599, 1042.599, 1042.599, 990.26, 1041.592, 1042.599, 1042.599, 1033.316, 1042.599, 1008.363, 1042.599]

det = 1042
mean = 1032.733
min = 973.532

[[0, 9, 21, 28, 2, 33], [0, 10, 11, 12, 22, 23, 26], [0, 25, 35, 27], [0, 32, 15, 30, 13], [0, 6, 8, 5, 3, 1, 20], [0, 29, 36], [0, 4, 17, 19, 31, 34, 18, 14], [0, 7, 16, 24]]


#################
lambda = 1.2000000000000002
mu = 0.0
nu = 0.4
execute = 40

[1031.469, 1042.599, 1042.599, 1042.599, 1042.599, 1041.851, 1042.599, 1042.599, 1042.599, 1042.599, 1042.599, 1042.599, 1042.599, 1042.599, 1034.607, 990.82, 1042.599, 1042.599, 1042.599, 1016.04, 994.958, 987.59, 1042.599, 1042.599, 989.304, 1021.85, 1042.599, 994.658, 1042.599, 1042.599, 1042.599, 1042.599, 1042.599, 1042.599, 1042.599, 1042.599, 999.373, 1001.122, 1042.599, 1042.599]

det = 1042
mean = 1032.41
min = 987.59

[[0, 9, 21, 28, 2, 33], [0, 10, 11, 12, 22, 23, 26], [0, 25, 35, 27], [0, 32, 15, 30, 13], [0, 6, 8, 5, 3, 1, 20], [0, 29, 36], [0, 4, 17, 19, 31, 34, 18, 14], [0, 7, 16, 24]]


#################
lambda = 1.2000000000000002
mu = 0.1
nu = 0.2
execute = 40

[1019.632, 1019.632, 1019.632, 1019.632, 1019.632, 1019.632, 989.278, 1018.29, 1019.632, 1018.957, 1019.632, 990.027, 1019.632, 1019.632, 1018.957, 1019.632, 1019.632, 1018.29, 990.027, 1019.632, 1019.632, 1019.632, 1019.632, 1019.632, 1019.632, 1019.632, 1019.632, 1019.632, 1019.632, 1019.632, 1019.632, 990.027, 1007.718, 1019.632, 1018.957, 989.278, 1019.632, 1019.632, 1018.957, 1018.957]

det = 1019
mean = 1015.445
min = 989.278

[[0, 9, 21, 28, 2, 33, 1], [0, 26, 23, 22, 12, 11, 10, 16], [0, 4, 17, 19, 31, 34, 18, 14], [0, 13, 30, 15, 32, 27], [0, 24, 35, 25, 7], [0, 29, 36], [0, 6, 8, 5, 3, 20]]


#################
lambda = 1.2000000000000002
mu = 0.1
nu = 0.30000000000000004
execute = 40

[1019.632, 1018.29, 1018.957, 1018.957, 1009.496, 1018.29, 990.027, 1018.957, 1019.632, 1019.632, 1018.957, 1019.632, 1018.957, 990.027, 1019.632, 1019.632, 1017.429, 1019.632, 1019.632, 1018.957, 1019.632, 1019.632, 1018.957, 998.526, 1019.632, 1018.957, 1019.632, 1019.632, 1018.957, 1018.957, 1019.632, 1019.632, 1018.957, 1019.632, 1019.632, 1018.29, 1019.632, 1019.632, 1019.632, 989.278]

det = 1019
mean = 1016.27
min = 989.278

[[0, 4, 17, 19, 31, 34, 18, 14], [0, 24, 35, 25, 7], [0, 21, 28, 2, 9, 33, 6], [0, 29, 36, 8, 5, 3, 1, 20], [0, 26, 23, 22, 12, 11, 10, 16], [0, 13, 30, 15, 32, 27]]


#################
lambda = 1.2000000000000002
mu = 0.1
nu = 0.4
execute = 40

[1019.632, 1018.957, 1016.956, 1019.632, 1019.632, 1019.632, 1019.632, 1019.632, 1019.632, 1019.632, 1019.632, 990.027, 1019.632, 1018.957, 1019.632, 1018.957, 1019.632, 1019.632, 1018.957, 1019.632, 1019.632, 1018.957, 990.027, 1019.632, 1019.632, 990.027, 1019.632, 1019.632, 1019.632, 1019.632, 1015.591, 1017.557, 1000.626, 1019.632, 1018.957, 1019.632, 1019.632, 1018.957, 990.027, 1018.957]

det = 1019
mean = 1015.842
min = 990.027

[[0, 9, 21, 28, 2, 33, 1], [0, 26, 23, 22, 12, 11, 10, 16], [0, 4, 17, 19, 31, 34, 18, 14], [0, 13, 30, 15, 32, 27], [0, 24, 35, 25, 7], [0, 29, 36], [0, 6, 8, 5, 3, 20]]


#################
lambda = 1.2000000000000002
mu = 0.2
nu = 0.2
execute = 40

[1006.87, 1006.87, 1006.87, 1006.87, 1006.87, 1006.87, 999.281, 1006.016, 1006.87, 998.176, 1006.87, 987.891, 1006.016, 963.651, 1006.016, 1006.87, 1006.796, 979.964, 1006.87, 1006.016, 1006.016, 1006.87, 1006.87, 1006.87, 1006.87, 1006.87, 1006.87, 1006.601, 1006.87, 1006.87, 1006.867, 1006.87, 1006.87, 1006.87, 1006.016, 1006.016, 1006.87, 1006.87, 1006.87, 1006.87]

det = 1009
mean = 1004.077
min = 963.651

[[0, 26, 10, 11, 12, 22, 23, 31], [0, 19, 33, 9, 2, 28, 21, 17], [0, 34, 20, 1, 3, 5, 8, 6], [0, 32, 15, 30, 13, 4], [0, 29, 36], [0, 24, 27, 35, 25], [0, 16, 7, 18, 14]]


#################
lambda = 1.2000000000000002
mu = 0.2
nu = 0.30000000000000004
execute = 40

[1009.9, 1006.87, 999.19, 1006.87, 1006.87, 1006.082, 1006.016, 1006.87, 1006.601, 1006.87, 1006.87, 1006.016, 1006.87, 1006.87, 1006.87, 1006.87, 1006.87, 1006.796, 1006.87, 1006.87, 1006.87, 1006.87, 1006.87, 1006.87, 1006.87, 989.523, 1006.87, 1006.87, 1006.87, 1006.87, 994.669, 1006.87, 1006.87, 1006.87, 1006.87, 1006.87, 1006.87, 1006.87, 1006.87, 1006.87]

det = 1009
mean = 1005.944
min = 989.523

[[0, 26, 10, 11, 12, 22, 23, 31], [0, 19, 33, 9, 2, 28, 21, 17], [0, 34, 20, 1, 3, 5, 8, 6], [0, 32, 15, 30, 13, 4], [0, 29, 36], [0, 24, 27, 35, 25], [0, 16, 7, 18, 14]]


#################
lambda = 1.2000000000000002
mu = 0.2
nu = 0.4
execute = 40

[1006.87, 1006.87, 1006.87, 1006.87, 1006.87, 1006.87, 1009.9, 981.595, 1006.87, 1006.016, 1006.87, 1006.016, 1006.87, 1006.87, 1006.87, 1004.839, 1006.87, 1006.87, 1006.87, 1006.87, 1006.87, 1006.016, 1006.082, 1006.87, 1006.87, 1006.87, 1006.87, 1009.226, 1006.87, 1006.87, 1006.87, 1004.516, 1006.87, 1006.87, 1000.893, 1006.87, 1006.87, 1006.87, 1006.87, 1009.606]

det = 1009
mean = 1006.098
min = 981.595

[[0, 26, 10, 11, 12, 22, 23, 31], [0, 19, 33, 9, 2, 28, 21, 17], [0, 34, 20, 1, 3, 5, 8, 6], [0, 32, 15, 30, 13, 4], [0, 29, 36], [0, 27, 35, 25, 16], [0, 14, 18, 7, 24]]


#################
lambda = 0.4
mu = 0.1
nu = 0.7000000000000001
execute = 30

[1051.83, 1063.872, 1051.83, 1051.83, 1006.602, 1050.916, 995.859, 1068.935, 1046.692, 1052.574, 1056.01, 1051.83, 1051.83, 1046.093, 1000.2, 1004.662, 1053.409, 993.633, 986.715, 1023.533, 1051.83, 1062.798, 1062.798, 1037.421, 977.711, 989.856, 1042.302, 1036.791, 993.551, 985.676]

mean = 1031.653
min = 977.711

[[0, 27, 25, 32, 15, 10, 30], [0, 4, 13, 35], [0, 36, 29, 24, 16, 7], [0, 26, 11, 12, 22, 23, 28, 2, 19], [0, 6, 20, 31, 34, 17, 18, 14], [0, 21, 9, 33, 5, 3, 1, 8]]


#################
lambda = 0.5
mu = 0.30000000000000004
nu = 0.5
execute = 30

[998.786, 1013.903, 958.661, 997.143, 1017.268, 1060.303, 1054.165, 1035.236, 1061.779, 1055.239, 1022.159, 1005.844, 983.183, 945.883, 994.913, 979.724, 1061.586, 1015.259, 995.947, 985.668, 1039.325, 1035.614, 1041.355, 981.622, 1061.779, 1061.779, 990.812, 1000.082, 1014.138, 1061.779]

mean = 1017.698
min = 945.883

[[0, 27, 25, 32, 15, 10, 30], [0, 4, 13, 35], [0, 20, 1, 33, 2, 28, 21, 11, 12, 22, 23], [0, 8, 3, 5, 9, 26, 19], [0, 14, 16, 24, 29, 36], [0, 6, 31, 34, 17, 18, 7]]


#################
lambda = 0.5
mu = 0.30000000000000004
nu = 0.8
execute = 30

[1014.348, 1039.325, 1000.77, 1028.346, 1000.082, 1041.355, 1061.779, 995.488, 1011.974, 1054.695, 1061.779, 1000.322, 1000.918, 974.564, 990.759, 998.757, 1041.355, 1016.545, 1061.779, 1061.586, 1054.695, 1057.256, 992.5, 1033.673, 1046.045, 1006.665, 976.915, 1054.695, 1009.072, 1061.779]

mean = 1024.994
min = 974.564

[[0, 27, 25, 32, 15, 10, 30], [0, 4, 13, 35], [0, 14, 16, 24, 29, 36], [0, 6, 31, 34, 17, 18, 7], [0, 20, 1, 33, 2, 28, 21, 11, 12, 22, 23], [0, 8, 3, 5, 9, 26, 19]]
