

#################
lambda = 0.5
mu = 0.30000000000000004
nu = 0.5
execute = 30

[945.883, 982.01, 1060.377, 1013.261, 1061.779, 1005.606, 1061.779, 979.315, 989.901, 1061.779, 1061.779, 976.554, 1033.543, 1061.779, 1041.355, 1048.33, 1026.121, 1047.377, 1033.015, 992.325, 1048.192, 1056.46, 1054.695, 1004.993, 998.129, 983.828, 1061.779, 1061.779, 999.24, 1039.906]

mean = 1026.429
min = 945.883

[[0, 27, 25, 32, 15, 10, 30], [0, 4, 13, 35], [0, 20, 21, 2, 28, 23, 22, 12, 11, 19], [0, 14, 7, 24, 29, 36], [0, 6, 8, 5, 3, 1, 9, 33], [0, 18, 17, 34, 31, 26, 16]]


#################
lambda = 0.5
mu = 0.30000000000000004
nu = 0.5
execute = 30

[968.425, 1044.059, 1058.332, 985.084, 1015.437, 1041.355, 1048.192, 1013.474, 1037.822, 1053.785, 1014.618, 1009.603, 1011.662, 975.548, 997.838, 992.979, 1019.272, 1014.234, 1041.355, 1054.695, 1042.512, 1014.142, 1061.779, 996.004, 1009.116, 1061.779, 1011.865, 1047.915, 1001.202, 1061.779]

mean = 1023.529
min = 968.425

[[0, 4, 13, 35], [0, 19, 21, 9, 1, 3, 5, 8], [0, 10, 11, 12, 22, 23, 28, 2, 33], [0, 27, 25, 32, 15, 30, 26], [0, 36, 29, 24, 16, 7], [0, 6, 20, 31, 34, 17, 18, 14]]


#################
lambda = 0.5
mu = 0.30000000000000004
nu = 0.5
execute = 30

[1061.779, 1029.25, 1037.822, 1017.261, 1043.197, 1021.827, 963.705, 1061.779, 1005.179, 1000.04, 1042.261, 1014.94, 1057.325, 1039.325, 994.198, 1046.928, 1004.198, 990.182, 1014.345, 959.715, 1046.224, 1047.377, 1048.769, 1054.691, 976.86, 1015.922, 1051.01, 990.367, 994.595, 1020.762]

mean = 1021.728
min = 959.715

[[0, 10, 11, 12, 22, 23, 28, 2, 33, 20], [0, 35, 25, 13], [0, 27, 32, 15, 30, 26], [0, 19, 21, 9, 1, 3, 5, 8], [0, 7, 16, 24, 29, 36], [0, 14, 6, 31, 34, 17, 18, 4]]


#################
lambda = 0.5
mu = 0.30000000000000004
nu = 0.5
execute = 30

[1008.159, 1010.531, 1054.695, 994.252, 1034.793, 972.488, 1010.127, 1061.779, 984.991, 1015.446, 1061.779, 1019.154, 1041.355, 998.195, 999.746, 1061.202, 1041.355, 1024.722, 1061.779, 1002.082, 986.75, 1013.813, 1061.779, 1023.539, 1061.779, 1061.779, 1047.377, 987.294, 1061.779, 1061.779]

mean = 1027.543
min = 972.488

[[0, 8, 1, 3, 5, 33, 9, 26], [0, 6, 20, 19, 31, 34, 17, 4, 18], [0, 35, 25, 13], [0, 10, 30, 15, 32, 27], [0, 14, 21, 2, 28, 23, 22, 12, 11], [0, 7, 16, 24, 36, 29]]


#################
lambda = 0.5
mu = 0.30000000000000004
nu = 0.5
execute = 200

[1041.355, 992.145, 1047.377, 1006.538, 1046.471, 1047.377, 1020.118, 1037.822, 986.502, 1001.466, 1061.779, 1042.512, 1054.695, 1061.779, 1041.534, 972.993, 996.057, 993.516, 1003.526, 982.174, 1000.082, 999.538, 1006.652, 1037.822, 998.683, 1006.028, 1043.844, 1052.406, 1043.796, 1033.911, 1011.54, 1037.534, 1015.491, 1039.844, 1043.844, 1010.727, 956.742, 1003.473, 996.132, 1046.045, 1041.355, 1038.002, 1001.675, 1018.18, 1061.779, 1012.553, 995.078, 1054.165, 1037.822, 1061.779, 1061.779, 1055.001, 994.565, 985.996, 1061.779, 1008.801, 1003.837, 1048.769, 1061.779, 1003.208, 998.87, 985.576, 1022.141, 1052.406, 1019.1, 1048.019, 1048.769, 990.623, 975.548, 1001.384, 982.9, 994.289, 1007.468, 988.1, 999.179, 1051.133, 995.947, 1041.355, 1054.695, 1061.779, 1011.22, 1045.347, 1004.776, 1046.928, 1002.192, 1010.258, 1050.305, 1043.197, 1061.779, 1003.39, 1001.706, 1005.876, 994.913, 1054.695, 1058.332, 994.913, 1037.822, 992.878, 1038.735, 946.506, 975.712, 965.79, 1061.779, 1054.165, 1045.347, 1005.721, 993.953, 1001.706, 1055.026, 987.99, 1043.197, 1037.822, 1061.779, 1047.377, 998.807, 1001.32, 979.639, 1041.355, 1061.779, 1055.001, 993.754, 979.211, 1047.377, 992.732, 1050.761, 1014.928, 985.323, 1002.631, 1061.779, 990.975, 995.171, 1048.769, 1044.073, 1041.355, 997.183, 1048.192, 1054.695, 1037.822, 1041.355, 1013.767, 1054.165, 1043.197, 1061.779, 989.818, 1061.779, 1035.223, 1011.589, 991.733, 995.6, 945.883, 1019.119, 945.152, 1028.264, 1061.779, 1040.186, 992.541, 1050.693, 1038.155, 977.711, 1060.303, 974.179, 992.209, 1054.165, 1061.779, 1054.695, 1061.779, 1054.891, 1018.883, 1009.699, 987.831, 1061.779, 1057.256, 1043.844, 987.583, 1061.779, 1061.779, 1039.665, 1038.002, 988.847, 1061.779, 984.991, 1061.779, 980.676, 1042.126, 1037.822, 1002.056, 1000.538, 1023.863, 990.669, 998.173, 1061.779, 1001.3, 1024.638, 996.389, 1048.424, 1003.21, 1061.779, 1061.779, 1054.695, 995.947]

mean = 1022.908
min = 945.152

[[0, 8, 1, 3, 5, 33, 9, 26], [0, 6, 20, 19, 31, 34, 17, 4, 18], [0, 21, 2, 28, 23, 22, 12, 11, 13], [0, 10, 30, 15, 32, 27], [0, 14, 36, 29, 24], [0, 7, 25, 35, 16]]


#################
lambda = 0.5
mu = 0.30000000000000004
nu = 0.8
execute = 200

[1061.779, 986.123, 985.172, 979.292, 995.473, 1041.355, 1019.273, 1002.206, 997.287, 1015.376, 1061.779, 1048.192, 988.157, 1008.786, 1061.779, 986.123, 1056.36, 1043.197, 1061.202, 1030.964, 987.81, 1061.586, 1061.779, 1061.779, 1045.347, 973.088, 993.561, 1039.665, 1061.779, 1061.353, 1043.197, 1037.309, 1061.779, 987.085, 1004.678, 971.547, 982.01, 997.742, 997.35, 1054.695, 1047.377, 1036.611, 995.246, 986.7, 1013.155, 980.068, 1061.779, 1047.377, 1018.476, 1054.695, 1042.433, 1061.779, 1007.179, 997.742, 1003.612, 1005.84, 1048.769, 1006.419, 986.588, 1061.779, 1037.822, 1011.029, 1044.014, 1041.355, 994.289, 1043.197, 1004.4, 1001.07, 1054.695, 1055.001, 975.592, 1061.779, 1046.045, 993.994, 1016.076, 1021.718, 1047.377, 951.495, 1054.695, 995.449, 1004.668, 999.535, 987.81, 1061.779, 1041.355, 1047.377, 998.342, 1055.499, 1043.197, 1053.785, 976.599, 1061.779, 993.594, 1050.693, 1046.093, 992.261, 1037.147, 1018.923, 969.23, 1021.907, 1061.779, 970.102, 1000.082, 1022.651, 1008.264, 1061.202, 1048.238, 1051.166, 999.428, 1054.695, 996.173, 1008.089, 1054.695, 990.767, 1000.959, 1061.779, 986.123, 1041.355, 978.634, 984.332, 1037.822, 1061.779, 1038.002, 976.599, 1041.355, 1034.183, 1046.83, 1021.48, 1050.387, 1000.082, 1017.483, 1010.978, 1041.534, 1012.402, 1047.377, 1055.38, 1061.779, 994.291, 1060.482, 1009.186, 975.976, 1037.822, 1037.822, 1061.779, 1016.193, 1061.779, 1054.165, 991.359, 1061.779, 994.039, 994.565, 1065.958, 1054.695, 1037.822, 998.753, 1043.197, 1017.847, 1000.971, 1061.779, 985.084, 1037.822, 1017.243, 1061.779, 999.545, 1055.882, 987.29, 995.144, 1037.284, 1061.779, 987.967, 1043.197, 1054.695, 990.465, 1036.658, 1061.779, 1061.779, 1054.695, 994.37, 1007.001, 1020.166, 1037.822, 999.916, 1060.303, 999.164, 1041.355, 1060.303, 1044.988, 1014.345, 1061.779, 1061.779, 1046.045, 1061.779, 1061.779, 1037.822, 985.084, 1048.769, 1061.779, 1037.822, 997.745, 1041.355]

mean = 1025.864
min = 951.495

[[0, 8, 1, 3, 5, 33, 9, 26], [0, 21, 2, 28, 23, 22, 12, 11, 13], [0, 6, 20, 19, 31, 34, 17, 14], [0, 18, 4, 10, 30, 15, 32], [0, 36, 29, 24, 7], [0, 27, 35, 25, 16]]


#################
lambda = 0.5
mu = 0.30000000000000004
nu = 1.1
execute = 200

[1061.779, 1012.057, 996.566, 1054.695, 1010.267, 983.073, 984.13, 1009.434, 984.834, 1042.512, 992.639, 1041.355, 1051.756, 1061.779, 1057.256, 992.593, 994.874, 1002.883, 1037.832, 997.262, 1046.093, 1037.822, 1042.261, 1061.779, 985.084, 997.923, 1007.19, 980.479, 986.199, 945.883, 998.909, 984.103, 1025.203, 1037.822, 1039.325, 1061.779, 976.269, 1031.778, 1054.695, 1027.861, 1009.681, 1005.799, 1054.165, 1018.267, 1048.769, 1018.424, 1048.769, 1002.822, 995.909, 983.073, 987.92, 1046.692, 1061.779, 1061.779, 1016.442, 1051.01, 994.291, 1007.094, 1054.695, 1003.238, 1002.099, 1042.512, 985.996, 992.845, 1020.058, 995.84, 1001.86, 1061.779, 1000.082, 1053.965, 1043.197, 1038.124, 985.484, 1041.355, 988.198, 1009.838, 1027.266, 991.447, 1061.779, 1003.006, 983.773, 1004.176, 1054.118, 1002.419, 999.038, 1051.389, 942.27, 1027.118, 960.665, 1061.779, 992.968, 1005.797, 988.988, 974.679, 1052.01, 954.931, 1061.779, 1006.306, 983.479, 1047.377, 1061.779, 974.789, 1025.679, 1022.521, 1041.355, 1061.779, 1060.303, 945.152, 1060.303, 1003.33, 1044.422, 1060.303, 1041.355, 1006.326, 1041.355, 1007.676, 1037.822, 1061.779, 1003.246, 1054.165, 1054.695, 1047.377, 1014.142, 1054.695, 1050.693, 1008.323, 1064.764, 1017.519, 1012.491, 1048.769, 1045.782, 984.299, 1012.852, 1061.779, 1061.779, 1043.708, 995.324, 998.239, 1048.769, 1010.012, 1061.779, 990.737, 1037.822, 1021.626, 1033.126, 1024.207, 985.996, 1010.135, 990.367, 1018.659, 970.199, 985.084, 1035.412, 1003.898, 988.712, 1051.744, 1036.658, 993.407, 955.694, 1041.093, 1061.779, 1061.779, 1041.355, 1061.779, 1010.465, 1003.59, 1048.769, 1004.069, 1012.584, 1037.822, 995.144, 1047.583, 1061.779, 1047.377, 982.112, 1054.695, 993.43, 1023.349, 1058.332, 989.856, 1003.997, 1041.355, 1014.234, 946.506, 1061.779, 1037.822, 1061.779, 945.883, 994.546, 997.381, 990.404, 999.515, 1061.779, 1041.355, 1060.303, 981.831, 1060.303, 1004.412, 1041.355, 1047.377]

mean = 1020.749
min = 942.27

[[0, 24, 16, 7, 14, 36, 29], [0, 8, 5, 3, 1, 9, 21, 26], [0, 20, 33, 2, 28, 23, 22, 12, 11, 10], [0, 18, 4, 17, 34, 19, 31, 6], [0, 13, 30, 15, 32, 27], [0, 35, 25]]


#################
lambda = 0.5
mu = 0.30000000000000004
nu = 1.4000000000000001
execute = 200

[1012.013, 993.91, 980.487, 985.092, 969.207, 989.705, 982.9, 999.068, 985.489, 967.046, 991.218, 992.97, 1078.344, 990.3, 992.577, 997.093, 980.543, 986.073, 1000.646, 992.253, 973.906, 999.191, 1003.71, 1044.171, 1071.339, 981.192, 1007.88, 972.459, 1047.382, 948.105, 989.43, 967.551, 1027.194, 1021.309, 1002.202, 979.138, 1026.633, 980.589, 980.768, 998.175, 1003.393, 984.966, 980.425, 1018.624, 978.154, 946.681, 1004.492, 1015.685, 1003.274, 983.579, 975.485, 970.721, 977.952, 1068.081, 972.025, 1013.365, 977.463, 994.719, 965.713, 1043.333, 983.268, 1079.889, 972.474, 971.038, 979.969, 1002.517, 1027.663, 1005.166, 991.78, 996.18, 976.535, 985.956, 985.677, 991.055, 979.623, 1005.249, 978.198, 977.287, 993.407, 1042.199, 995.98, 992.182, 1018.806, 980.913, 982.388, 1015.416, 969.039, 987.565, 969.766, 999.097, 964.599, 1010.347, 1005.207, 981.599, 1004.609, 997.382, 1022.123, 982.426, 993.517, 1026.444, 965.713, 990.783, 965.203, 985.137, 998.459, 974.704, 983.197, 993.824, 1038.272, 974.724, 1035.201, 1070.665, 978.668, 966.613, 1018.509, 973.202, 968.291, 983.29, 971.458, 967.938, 1000.277, 1017.461, 1006.634, 994.353, 985.391, 998.849, 1007.927, 995.685, 1078.344, 1006.477, 969.017, 979.735, 991.313, 982.851, 962.281, 981.754, 958.123, 1033.261, 992.85, 980.812, 1013.521, 1000.963, 978.409, 994.161, 1038.301, 979.85, 964.745, 989.29, 987.12, 978.036, 986.297, 1001.903, 987.368, 967.528, 982.392, 974.765, 987.12, 973.799, 979.286, 972.597, 1006.166, 1006.835, 994.524, 974.148, 978.456, 981.263, 968.606, 994.942, 1007.162, 987.065, 982.047, 1004.223, 981.746, 981.571, 1016.709, 989.206, 986.285, 1031.566, 1025.928, 986.402, 988.168, 1009.412, 977.104, 980.768, 1026.156, 999.556, 1003.998, 986.774, 996.562, 989.474, 972.566, 978.764, 1005.098, 1002.505, 981.168, 1080.341, 1000.215, 981.367, 1031.223, 1000.436]

mean = 994.666
min = 946.681

[[0, 14, 7, 16, 24, 29, 36], [0, 18, 4, 17, 34, 19, 31, 6], [0, 20, 1, 5, 2, 28, 23, 22, 12, 11, 10], [0, 8, 3, 33, 9, 21, 26], [0, 32, 15, 30, 13], [0, 27, 35, 25]]


#################
lambda = 0.5
mu = 0.30000000000000004
nu = 0.5
execute = 20

[1061.779, 964.357, 1051.496, 1043.197, 999.24, 1061.779, 1027.617, 1043.197, 1048.769, 1043.197, 1034.85, 996.262, 995.747, 1012.848, 1054.118, 1061.779, 1064.764, 1061.779, 1054.695, 1061.779]

mean = 1037.162
min = 964.357

[[0, 8, 1, 3, 5, 33, 9, 26], [0, 19, 21, 2, 28, 23, 22, 12, 11, 4], [0, 7, 16, 24, 29, 36], [0, 6, 20, 31, 34, 17, 18, 14], [0, 35, 25, 13], [0, 27, 32, 15, 30, 10]]


#################
lambda = 0.5
mu = 0.30000000000000004
nu = 0.8
execute = 20

[989.938, 1041.397, 1043.197, 985.49, 997.863, 1013.965, 1048.769, 1002.01, 989.532, 1070.412, 986.196, 967.661, 960.245, 1061.779, 1061.779, 1061.779, 1049.678, 979.724, 998.481, 1047.377]

mean = 1017.864
min = 960.245

[[0, 7, 16, 24, 29, 36], [0, 4, 10, 11, 12, 22, 23, 28, 2, 33], [0, 8, 5, 3, 1, 9, 21, 19], [0, 6, 20, 31, 34, 17, 18, 14], [0, 35, 25, 13], [0, 26, 30, 15, 32, 27]]


#################
lambda = 0.5
mu = 0.30000000000000004
nu = 1.1
execute = 20

[1061.779, 1000.471, 1036.03, 1047.377, 992.462, 1000.302, 1006.104, 979.824, 1070.412, 1022.673, 1016.719, 1042.989, 1028.346, 1037.822, 1015.731, 1041.355, 1037.822, 1061.202, 986.09, 998.264]

mean = 1024.189
min = 979.824

[[0, 14, 7, 16, 24, 29, 36], [0, 6, 31, 19, 34, 17, 18, 4], [0, 21, 9, 1, 3, 5, 8, 20], [0, 30, 11, 12, 22, 23, 28, 2, 33], [0, 35, 25, 13], [0, 27, 32, 15, 10, 26]]


#################
lambda = 0.5
mu = 0.30000000000000004
nu = 1.4000000000000001
execute = 20

[964.599, 972.025, 997.128, 985.311, 1004.589, 989.769, 987.168, 993.791, 1023.771, 1080.341, 1080.341, 998.278, 974.213, 1038.949, 1004.993, 964.1, 1018.658, 1017.95, 1080.341, 984.26]

mean = 1008.029
min = 964.1

[[0, 36, 29, 24, 16, 7], [0, 6, 31, 19, 34, 17, 14], [0, 18, 4, 26, 21, 9, 3, 1, 20], [0, 8, 5, 33, 2, 28, 23, 22, 12, 11], [0, 35, 25, 13], [0, 27, 32, 15, 30, 10]]


#################
lambda = 0.5
mu = 0.4
nu = 0.5
execute = 20

[1023.666, 995.435, 1070.412, 1051.744, 1037.33, 992.593, 1043.197, 1061.779, 1061.779, 1047.377, 1005.96, 966.79, 1054.695, 990.367, 1070.412, 1007.936, 1061.779, 1013.453, 976.71, 1041.355]

mean = 1028.738
min = 966.79

[[0, 20, 8, 5, 3, 1, 9, 21], [0, 35, 25, 13], [0, 27, 32, 15, 30, 26], [0, 29, 36, 14, 7, 16, 24], [0, 6, 31, 19, 34, 17, 18], [0, 4, 10, 11, 12, 22, 23, 28, 2, 33]]


#################
lambda = 0.0
mu = 0.0
nu = 0.0
execute = 1

[1093.859]

mean = 1093.859
min = 1093.859

[[0, 18, 4, 31, 35], [0, 14, 6, 36, 29, 24], [0, 16, 7, 13, 17, 34, 19], [0, 10, 11, 12, 22, 23, 28, 2, 33, 1, 20], [0, 30, 26, 3, 5, 8], [0, 27, 25, 32, 15, 21, 9]]


#################
lambda = 0.0
mu = 0.0
nu = 0.30000000000000004
execute = 1

[1045.367]

mean = 1045.367
min = 1045.367

[[0, 14, 7, 16, 24, 29, 36], [0, 11, 12, 22, 23, 28, 2, 33, 34, 18], [0, 27, 35, 25, 15], [0, 19, 26, 10, 32, 30], [0, 6, 20, 31, 17, 13], [0, 4, 21, 9, 1, 3, 5, 8]]


#################
lambda = 0.0
mu = 0.0
nu = 0.0
execute = 1

[1208.212]

mean = 1208.212
min = 1208.212

[[0, 1, 5, 33, 2, 28, 21, 11, 12, 22, 23], [0, 32, 15, 10, 26, 9], [0, 20, 8, 3, 19, 25, 27, 30], [0, 18, 4, 31, 35], [0, 13, 17, 34, 6, 36], [0, 29, 14, 7, 16, 24]]


#################
lambda = 0.0
mu = 0.0
nu = 0.30000000000000004
execute = 1

[1065.185]

mean = 1065.185
min = 1065.185

[[0, 14, 6, 36, 29, 24], [0, 15, 30, 11, 10, 34], [0, 18, 4, 25, 35, 16], [0, 27, 32, 12, 22, 23, 28, 2, 33, 19], [0, 20, 8, 5, 31, 13, 7], [0, 17, 26, 21, 9, 1, 3]]


#################
lambda = 0.0
mu = 0.0
nu = 0.0
execute = 1

[1178.685]

mean = 1178.685
min = 1178.685

[[0, 1, 5, 33, 2, 28, 21, 11, 12, 22, 23], [0, 13, 17, 34, 6, 36], [0, 18, 4, 27, 35, 25], [0, 24, 32, 15, 26, 9], [0, 20, 8, 3, 19, 31, 14], [0, 29, 16, 7, 30, 10]]


#################
lambda = 0.0
mu = 0.0
nu = 0.30000000000000004
execute = 1

[1203.469]

mean = 1203.469
min = 1203.469

[[0, 1, 5, 33, 2, 28, 21, 11, 12, 22, 23], [0, 32, 15, 10, 26, 9], [0, 20, 8, 3, 19, 25, 27, 30], [0, 18, 4, 31, 35], [0, 13, 17, 34, 6, 36], [0, 14, 7, 16, 24, 29]]


#################
lambda = 0.0
mu = 0.0
nu = 0.0
execute = 1

[1107.203]

mean = 1107.203
min = 1107.203

[[0, 1, 5, 33, 2, 28, 21, 11, 12, 22, 23], [0, 14, 6, 36, 29, 24], [0, 16, 27, 35, 25, 4], [0, 8, 3, 34, 17, 18, 7], [0, 32, 15, 26, 19, 31], [0, 13, 30, 10, 9, 20]]


#################
lambda = 0.0
mu = 0.0
nu = 0.30000000000000004
execute = 1

[1203.469]

mean = 1203.469
min = 1203.469

[[0, 1, 5, 33, 2, 28, 21, 11, 12, 22, 23], [0, 32, 15, 10, 26, 9], [0, 20, 8, 3, 19, 25, 27, 30], [0, 18, 4, 31, 35], [0, 13, 17, 34, 6, 36], [0, 14, 7, 16, 24, 29]]


#################
lambda = 0.0
mu = 0.0
nu = 0.0
execute = 1

[1175.776]

mean = 1175.776
min = 1175.776

[[0, 1, 5, 33, 2, 28, 21, 11, 12, 22, 23], [0, 32, 15, 10, 26, 9], [0, 14, 18, 4, 35], [0, 27, 25, 30, 19, 20, 3, 8], [0, 29, 24, 16, 13, 7], [0, 17, 34, 31, 6, 36]]


#################
lambda = 0.0
mu = 0.0
nu = 0.30000000000000004
execute = 1

[1163.155]

mean = 1163.155
min = 1163.155

[[0, 1, 5, 33, 2, 28, 21, 11, 12, 22, 23], [0, 14, 7, 16, 24, 29, 36], [0, 6, 17, 13, 30, 25, 27], [0, 19, 9, 35], [0, 32, 15, 10, 26, 18], [0, 4, 34, 31, 20, 8, 3]]


#################
lambda = 0.0
mu = 0.0
nu = 0.0
execute = 1

[1180.694]

mean = 1180.694
min = 1180.694

[[0, 18, 4, 31, 35], [0, 8, 5, 3, 19, 25, 27, 30], [0, 14, 6, 36, 29, 24], [0, 16, 7, 13, 34, 17], [0, 20, 1, 33, 2, 28, 10, 11, 12, 22, 23], [0, 32, 15, 26, 21, 9]]


#################
lambda = 0.0
mu = 0.0
nu = 0.30000000000000004
execute = 1

[1203.469]

mean = 1203.469
min = 1203.469

[[0, 1, 5, 33, 2, 28, 21, 11, 12, 22, 23], [0, 32, 15, 10, 26, 9], [0, 20, 8, 3, 19, 25, 27, 30], [0, 18, 4, 31, 35], [0, 13, 17, 34, 6, 36], [0, 14, 7, 16, 24, 29]]


#################
lambda = 0.0
mu = 0.0
nu = 0.0
execute = 1

[1187.217]

mean = 1187.217
min = 1187.217

[[0, 20, 8, 3, 19, 25, 27, 30], [0, 18, 4, 31, 35], [0, 14, 6, 36, 29, 24], [0, 16, 7, 13, 17, 34], [0, 1, 5, 33, 2, 28, 10, 11, 12, 22, 23], [0, 32, 15, 26, 21, 9]]


#################
lambda = 0.0
mu = 0.0
nu = 0.30000000000000004
execute = 1

[1203.469]

mean = 1203.469
min = 1203.469

[[0, 1, 5, 33, 2, 28, 21, 11, 12, 22, 23], [0, 32, 15, 10, 26, 9], [0, 20, 8, 3, 19, 25, 27, 30], [0, 18, 4, 31, 35], [0, 13, 17, 34, 6, 36], [0, 14, 7, 16, 24, 29]]


#################
lambda = 0.0
mu = 0.0
nu = 0.0
execute = 1

[1163.796]

mean = 1163.796
min = 1163.796

[[0, 1, 5, 33, 2, 28, 21, 11, 12, 22, 23], [0, 32, 15, 10, 26, 9], [0, 27, 35, 25, 4, 18], [0, 6, 34, 31, 19, 30], [0, 29, 36, 13, 7, 16], [0, 24, 14, 17, 3, 8, 20]]


#################
lambda = 0.0
mu = 0.0
nu = 0.30000000000000004
execute = 1

[1203.469]

mean = 1203.469
min = 1203.469

[[0, 1, 5, 33, 2, 28, 21, 11, 12, 22, 23], [0, 32, 15, 10, 26, 9], [0, 20, 8, 3, 19, 25, 27, 30], [0, 18, 4, 31, 35], [0, 13, 17, 34, 6, 36], [0, 14, 7, 16, 24, 29]]


#################
lambda = 0.0
mu = 0.0
nu = 0.0
execute = 1

[1125.852]

mean = 1125.852
min = 1125.852

[[0, 18, 4, 31, 35], [0, 14, 6, 36, 29, 24], [0, 20, 8, 3, 1, 19, 34, 17], [0, 5, 33, 9, 2, 28, 22, 12, 11, 25], [0, 16, 27, 32, 30, 23, 21], [0, 7, 15, 10, 26, 13]]


#################
lambda = 0.0
mu = 0.0
nu = 0.30000000000000004
execute = 1

[1203.469]

mean = 1203.469
min = 1203.469

[[0, 1, 5, 33, 2, 28, 21, 11, 12, 22, 23], [0, 32, 15, 10, 26, 9], [0, 20, 8, 3, 19, 25, 27, 30], [0, 18, 4, 31, 35], [0, 13, 17, 34, 6, 36], [0, 14, 7, 16, 24, 29]]


#################
lambda = 0.0
mu = 0.0
nu = 0.0
execute = 1

[1140.502]

mean = 1140.502
min = 1140.502

[[0, 1, 5, 33, 2, 28, 21, 11, 12, 22, 23], [0, 14, 18, 4, 35, 27], [0, 31, 19, 3, 8, 20, 6], [0, 7, 32, 15, 26, 9], [0, 34, 17, 24, 29, 36], [0, 16, 25, 30, 10, 13]]


#################
lambda = 0.0
mu = 0.0
nu = 0.30000000000000004
execute = 1

[1138.268]

mean = 1138.268
min = 1138.268

[[0, 1, 5, 33, 2, 28, 21, 11, 12, 22, 23], [0, 7, 16, 24, 29, 36], [0, 13, 32, 10, 26, 17], [0, 6, 20, 8, 3, 31, 14], [0, 4, 15, 27, 35], [0, 18, 34, 19, 9, 30, 25]]


#################
lambda = 0.0
mu = 0.0
nu = 0.0
execute = 1

[1090.826]

mean = 1090.826
min = 1090.826

[[0, 18, 4, 31, 35], [0, 14, 6, 36, 29, 24], [0, 32, 15, 26, 21, 9], [0, 33, 2, 28, 23, 22, 12, 11, 10], [0, 20, 8, 5, 3, 1, 19, 13], [0, 7, 16, 27, 25, 30, 17, 34]]


#################
lambda = 0.0
mu = 0.0
nu = 0.30000000000000004
execute = 1

[1201.584]

mean = 1201.584
min = 1201.584

[[0, 1, 5, 33, 2, 28, 21, 11, 12, 22, 23], [0, 32, 15, 10, 26, 9], [0, 20, 8, 3, 19, 25, 27, 30], [0, 18, 4, 31, 35], [0, 14, 7, 24, 29, 36], [0, 6, 34, 17, 13, 16]]


#################
lambda = 0.0
mu = 0.0
nu = 0.0
execute = 1

[1201.006]

mean = 1201.006
min = 1201.006

[[0, 1, 5, 33, 2, 28, 21, 11, 12, 22, 23], [0, 32, 15, 10, 26, 9], [0, 20, 8, 3, 19, 25, 27, 30], [0, 18, 4, 31, 35], [0, 29, 36, 14, 7, 24], [0, 6, 34, 17, 13, 16]]


#################
lambda = 0.0
mu = 0.0
nu = 0.30000000000000004
execute = 1

[1203.469]

mean = 1203.469
min = 1203.469

[[0, 1, 5, 33, 2, 28, 21, 11, 12, 22, 23], [0, 32, 15, 10, 26, 9], [0, 20, 8, 3, 19, 25, 27, 30], [0, 18, 4, 31, 35], [0, 13, 17, 34, 6, 36], [0, 14, 7, 16, 24, 29]]


#################
lambda = 0.0
mu = 0.0
nu = 0.0
execute = 1

[1208.212]

mean = 1208.212
min = 1208.212

[[0, 1, 5, 33, 2, 28, 21, 11, 12, 22, 23], [0, 32, 15, 10, 26, 9], [0, 20, 8, 3, 19, 25, 27, 30], [0, 18, 4, 31, 35], [0, 13, 17, 34, 6, 36], [0, 29, 14, 7, 16, 24]]


#################
lambda = 0.0
mu = 0.0
nu = 0.30000000000000004
execute = 1

[1203.469]

mean = 1203.469
min = 1203.469

[[0, 1, 5, 33, 2, 28, 21, 11, 12, 22, 23], [0, 32, 15, 10, 26, 9], [0, 20, 8, 3, 19, 25, 27, 30], [0, 18, 4, 31, 35], [0, 13, 17, 34, 6, 36], [0, 14, 7, 16, 24, 29]]


#################
lambda = 0.0
mu = 0.0
nu = 0.0
execute = 1

[1203.469]

mean = 1203.469
min = 1203.469

[[0, 1, 5, 33, 2, 28, 21, 11, 12, 22, 23], [0, 32, 15, 10, 26, 9], [0, 20, 8, 3, 19, 25, 27, 30], [0, 18, 4, 31, 35], [0, 13, 17, 34, 6, 36], [0, 14, 7, 16, 24, 29]]


#################
lambda = 0.0
mu = 0.0
nu = 0.30000000000000004
execute = 1

[1203.469]

mean = 1203.469
min = 1203.469

[[0, 1, 5, 33, 2, 28, 21, 11, 12, 22, 23], [0, 32, 15, 10, 26, 9], [0, 20, 8, 3, 19, 25, 27, 30], [0, 18, 4, 31, 35], [0, 13, 17, 34, 6, 36], [0, 14, 7, 16, 24, 29]]


#################
lambda = 0.0
mu = 0.0
nu = 0.0
execute = 1

[1207.025]

mean = 1207.025
min = 1207.025

[[0, 1, 5, 33, 2, 28, 21, 11, 12, 22, 23], [0, 32, 15, 10, 26, 9], [0, 20, 8, 3, 19, 25, 27, 30], [0, 18, 4, 31, 35], [0, 16, 7, 14, 29, 36], [0, 6, 34, 17, 13, 24]]


#################
lambda = 0.0
mu = 0.0
nu = 0.30000000000000004
execute = 1

[1203.469]

mean = 1203.469
min = 1203.469

[[0, 1, 5, 33, 2, 28, 21, 11, 12, 22, 23], [0, 32, 15, 10, 26, 9], [0, 20, 8, 3, 19, 25, 27, 30], [0, 18, 4, 31, 35], [0, 13, 17, 34, 6, 36], [0, 14, 7, 16, 24, 29]]


#################
lambda = 0.0
mu = 0.0
nu = 0.0
execute = 1

[1203.469]

mean = 1203.469
min = 1203.469

[[0, 1, 5, 33, 2, 28, 21, 11, 12, 22, 23], [0, 32, 15, 10, 26, 9], [0, 20, 8, 3, 19, 25, 27, 30], [0, 18, 4, 31, 35], [0, 13, 17, 34, 6, 36], [0, 14, 7, 16, 24, 29]]


#################
lambda = 0.0
mu = 0.0
nu = 0.30000000000000004
execute = 1

[1207.025]

mean = 1207.025
min = 1207.025

[[0, 1, 5, 33, 2, 28, 21, 11, 12, 22, 23], [0, 32, 15, 10, 26, 9], [0, 20, 8, 3, 19, 25, 27, 30], [0, 18, 4, 31, 35], [0, 16, 7, 14, 29, 36], [0, 6, 34, 17, 13, 24]]


#################
lambda = 0.0
mu = 0.0
nu = 0.0
execute = 1

[1159.355]

mean = 1159.355
min = 1159.355

[[0, 18, 4, 31, 35], [0, 13, 17, 34, 19, 6, 14], [0, 32, 12, 22, 28, 2, 33, 5, 3, 1], [0, 20, 8, 21, 23, 11, 30], [0, 36, 29, 7, 16, 24], [0, 27, 25, 15, 10, 26, 9]]


#################
lambda = 0.0
mu = 0.0
nu = 0.30000000000000004
execute = 1

[1188.373]

mean = 1188.373
min = 1188.373

[[0, 20, 8, 3, 19, 25, 27, 30], [0, 18, 4, 31, 35], [0, 36, 29, 7, 16, 24], [0, 13, 17, 34, 6, 14], [0, 1, 5, 33, 9, 2, 28, 11, 12, 22, 23], [0, 32, 15, 10, 26, 21]]


#################
lambda = 0.0
mu = 0.0
nu = 0.0
execute = 1

[1157.667]

mean = 1157.667
min = 1157.667

[[0, 1, 5, 33, 2, 28, 21, 11, 12, 22, 23], [0, 32, 15, 10, 26, 9], [0, 24, 16, 13, 36, 29], [0, 25, 35, 27], [0, 30, 17, 34, 20, 6, 14], [0, 7, 4, 18, 31, 19, 3, 8]]


#################
lambda = 0.0
mu = 0.0
nu = 0.30000000000000004
execute = 1

[1099.553]

mean = 1099.553
min = 1099.553

[[0, 29, 36, 14, 7, 16, 24], [0, 1, 5, 33, 2, 28, 10, 11, 12, 22, 23], [0, 6, 20, 8, 3, 19, 17, 4], [0, 35, 32], [0, 34, 31, 26, 21, 9], [0, 18, 13, 25, 27, 30, 15]]


#################
lambda = 0.0
mu = 0.0
nu = 0.0
execute = 1

[1074.617]

mean = 1074.617
min = 1074.617

[[0, 19, 26, 11, 15, 32, 27], [0, 4, 13, 31, 34, 17, 14], [0, 24, 29, 36, 6, 18, 16], [0, 35, 25, 7], [0, 12, 22, 23, 28, 2, 9, 33, 3], [0, 20, 8, 5, 1, 21, 10, 30]]


#################
lambda = 0.0
mu = 0.0
nu = 0.30000000000000004
execute = 1

[1190.657]

mean = 1190.657
min = 1190.657

[[0, 20, 8, 3, 19, 25, 27, 30], [0, 18, 4, 31, 35], [0, 36, 29, 7, 16, 24], [0, 13, 17, 34, 6, 14], [0, 1, 5, 33, 2, 28, 10, 11, 12, 22, 23], [0, 32, 15, 26, 21, 9]]


#################
lambda = 0.0
mu = 0.0
nu = 0.0
execute = 1

[1118.787]

mean = 1118.787
min = 1118.787

[[0, 18, 4, 31, 35], [0, 36, 29, 24, 16, 7], [0, 14, 6, 19, 34, 17, 13], [0, 27, 25, 32, 15, 10, 26], [0, 8, 3, 5, 9, 30], [0, 20, 1, 33, 2, 28, 21, 11, 12, 22, 23]]


#################
lambda = 0.0
mu = 0.0
nu = 0.30000000000000004
execute = 1

[1109.536]

mean = 1109.536
min = 1109.536

[[0, 27, 32, 15, 10, 26, 23], [0, 3, 9, 2, 21, 19], [0, 30, 11, 12, 22, 28, 33, 5, 1, 8, 20], [0, 14, 6, 36, 29, 24], [0, 7, 13, 17, 31, 34], [0, 18, 4, 25, 35, 16]]


#################
lambda = 0.0
mu = 0.0
nu = 0.0
execute = 1

[1129.895]

mean = 1129.895
min = 1129.895

[[0, 27, 35, 25, 4, 14], [0, 24, 16, 7, 18, 31, 19, 17], [0, 29, 36, 20, 8, 3], [0, 6, 34, 30, 13], [0, 1, 5, 33, 2, 28, 21, 11, 12, 22, 23], [0, 32, 15, 10, 26, 9]]


#################
lambda = 0.0
mu = 0.0
nu = 0.30000000000000004
execute = 1

[1154.313]

mean = 1154.313
min = 1154.313

[[0, 14, 6, 36, 29, 24], [0, 26, 21, 12, 10, 32, 15], [0, 27, 25, 22, 23, 28, 2, 33, 5, 8, 20], [0, 19, 1, 3, 9, 11, 30], [0, 34, 31, 13, 7, 16], [0, 18, 4, 17, 35]]


#################
lambda = 0.0
mu = 0.0
nu = 0.0
execute = 1

[1180.471]

mean = 1180.471
min = 1180.471

[[0, 1, 5, 33, 2, 28, 21, 11, 12, 22, 23], [0, 24, 16, 13, 26, 9], [0, 32, 15, 30, 10, 14], [0, 27, 25, 19, 3, 8, 20, 6], [0, 7, 4, 18, 17, 34, 31, 36], [0, 29, 35]]


#################
lambda = 0.0
mu = 0.0
nu = 0.30000000000000004
execute = 1

[1192.84]

mean = 1192.84
min = 1192.84

[[0, 20, 8, 3, 19, 25, 27, 30], [0, 18, 4, 31, 35], [0, 29, 36, 14, 16, 24], [0, 6, 34, 17, 13, 7], [0, 1, 5, 33, 9, 2, 28, 11, 12, 22, 23], [0, 32, 15, 10, 26, 21]]


#################
lambda = 0.0
mu = 0.0
nu = 0.0
execute = 1

[1207.025]

mean = 1207.025
min = 1207.025

[[0, 1, 5, 33, 2, 28, 21, 11, 12, 22, 23], [0, 32, 15, 10, 26, 9], [0, 20, 8, 3, 19, 25, 27, 30], [0, 18, 4, 31, 35], [0, 16, 7, 14, 29, 36], [0, 6, 34, 17, 13, 24]]


#################
lambda = 0.0
mu = 0.0
nu = 0.30000000000000004
execute = 1

[1088.99]

mean = 1088.99
min = 1088.99

[[0, 26, 21, 10, 15, 32], [0, 31, 19, 34, 7, 16, 24], [0, 18, 4, 17, 35, 25], [0, 20, 1, 33, 9, 2, 28, 23, 22, 12, 11], [0, 14, 6, 13, 30, 27], [0, 3, 5, 8, 36, 29]]


#################
lambda = 0.0
mu = 0.0
nu = 0.0
execute = 1

[1157.094]

mean = 1157.094
min = 1157.094

[[0, 14, 26, 10, 32, 30], [0, 18, 4, 15, 35], [0, 20, 33, 2, 28, 21, 11, 12, 22, 23], [0, 27, 25, 19, 1, 3, 8, 5, 9], [0, 36, 29, 24, 16, 7], [0, 13, 17, 34, 31, 6]]


#################
lambda = 0.0
mu = 0.0
nu = 0.30000000000000004
execute = 1

[1130.371]

mean = 1130.371
min = 1130.371

[[0, 18, 31, 35, 25], [0, 24, 4, 19, 3, 5, 8, 14], [0, 13, 30, 32, 27, 16], [0, 15, 11, 10, 26, 21], [0, 7, 17, 34, 36, 29], [0, 6, 20, 1, 33, 9, 2, 28, 22, 12, 23]]


#################
lambda = 0.0
mu = 0.0
nu = 0.0
execute = 1

[1150.402]

mean = 1150.402
min = 1150.402

[[0, 27, 25, 32, 15, 26, 9], [0, 1, 5, 33, 2, 28, 21, 11, 10], [0, 20, 8, 3, 23, 22, 12, 30], [0, 18, 4, 31, 35], [0, 29, 36, 14, 7, 16, 24], [0, 13, 17, 34, 19, 6]]


#################
lambda = 0.0
mu = 0.0
nu = 0.30000000000000004
execute = 1

[1155.93]

mean = 1155.93
min = 1155.93

[[0, 26, 10, 15, 32, 24], [0, 29, 36, 17, 4, 7, 16], [0, 18, 31, 35, 25], [0, 27, 30, 13, 19, 34], [0, 20, 1, 33, 2, 28, 21, 11, 12, 22, 23], [0, 6, 8, 3, 5, 9, 14]]


#################
lambda = 0.0
mu = 0.0
nu = 0.0
execute = 1

[1158.574]

mean = 1158.574
min = 1158.574

[[0, 26, 10, 15, 32, 27], [0, 8, 3, 33, 9, 30, 25], [0, 20, 1, 5, 2, 28, 21, 11, 12, 22, 23], [0, 4, 13, 34, 6, 36], [0, 29, 14, 35], [0, 18, 31, 19, 17, 7, 16, 24]]


#################
lambda = 0.0
mu = 0.0
nu = 0.30000000000000004
execute = 1

[1177.054]

mean = 1177.054
min = 1177.054

[[0, 20, 8, 3, 19, 25, 27, 30], [0, 36, 29, 24, 7, 16], [0, 14, 6, 34, 17, 13], [0, 1, 5, 33, 9, 2, 28, 11, 12, 22, 23], [0, 31, 21, 26, 10, 15], [0, 18, 4, 32, 35]]


#################
lambda = 0.0
mu = 0.0
nu = 0.0
execute = 1

[1203.469]

mean = 1203.469
min = 1203.469

[[0, 1, 5, 33, 2, 28, 21, 11, 12, 22, 23], [0, 32, 15, 10, 26, 9], [0, 20, 8, 3, 19, 25, 27, 30], [0, 18, 4, 31, 35], [0, 13, 17, 34, 6, 36], [0, 14, 7, 16, 24, 29]]


#################
lambda = 0.0
mu = 0.0
nu = 0.30000000000000004
execute = 1

[1203.469]

mean = 1203.469
min = 1203.469

[[0, 1, 5, 33, 2, 28, 21, 11, 12, 22, 23], [0, 32, 15, 10, 26, 9], [0, 20, 8, 3, 19, 25, 27, 30], [0, 18, 4, 31, 35], [0, 13, 17, 34, 6, 36], [0, 14, 7, 16, 24, 29]]


#################
lambda = 0.0
mu = 0.0
nu = 0.0
execute = 1

[1139.199]

mean = 1139.199
min = 1139.199

[[0, 1, 5, 33, 2, 28, 21, 11, 12, 22, 23], [0, 36, 29, 24, 7, 14, 6], [0, 25, 35, 16], [0, 34, 31, 3, 8, 20], [0, 18, 17, 26, 30, 32, 27], [0, 4, 19, 13, 15, 10, 9]]


#################
lambda = 0.0
mu = 0.0
nu = 0.30000000000000004
execute = 1

[1194.202]

mean = 1194.202
min = 1194.202

[[0, 1, 5, 33, 2, 28, 21, 11, 12, 22, 23], [0, 20, 8, 3, 19, 25, 27, 30], [0, 18, 4, 31, 35], [0, 36, 29, 7, 16, 24], [0, 14, 6, 34, 17, 13], [0, 32, 15, 10, 26, 9]]


#################
lambda = 0.0
mu = 0.0
nu = 0.0
execute = 1

[1203.469]

mean = 1203.469
min = 1203.469

[[0, 1, 5, 33, 2, 28, 21, 11, 12, 22, 23], [0, 32, 15, 10, 26, 9], [0, 20, 8, 3, 19, 25, 27, 30], [0, 18, 4, 31, 35], [0, 13, 17, 34, 6, 36], [0, 14, 7, 16, 24, 29]]


#################
lambda = 0.0
mu = 0.0
nu = 0.30000000000000004
execute = 1

[1203.469]

mean = 1203.469
min = 1203.469

[[0, 1, 5, 33, 2, 28, 21, 11, 12, 22, 23], [0, 32, 15, 10, 26, 9], [0, 20, 8, 3, 19, 25, 27, 30], [0, 18, 4, 31, 35], [0, 13, 17, 34, 6, 36], [0, 14, 7, 16, 24, 29]]


#################
lambda = 0.0
mu = 0.0
nu = 0.0
execute = 1

[1203.469]

mean = 1203.469
min = 1203.469

[[0, 1, 5, 33, 2, 28, 21, 11, 12, 22, 23], [0, 32, 15, 10, 26, 9], [0, 20, 8, 3, 19, 25, 27, 30], [0, 18, 4, 31, 35], [0, 13, 17, 34, 6, 36], [0, 14, 7, 16, 24, 29]]


#################
lambda = 0.0
mu = 0.0
nu = 0.30000000000000004
execute = 1

[1203.469]

mean = 1203.469
min = 1203.469

[[0, 1, 5, 33, 2, 28, 21, 11, 12, 22, 23], [0, 32, 15, 10, 26, 9], [0, 20, 8, 3, 19, 25, 27, 30], [0, 18, 4, 31, 35], [0, 13, 17, 34, 6, 36], [0, 14, 7, 16, 24, 29]]


#################
lambda = 0.0
mu = 0.0
nu = 0.0
execute = 1

[1185.254]

mean = 1185.254
min = 1185.254

[[0, 1, 5, 33, 2, 28, 21, 11, 12, 22, 23], [0, 32, 15, 10, 26, 9], [0, 20, 8, 3, 19, 25, 27, 30], [0, 24, 13, 17, 31, 34], [0, 29, 36, 6, 7, 16], [0, 14, 18, 4, 35]]


#################
lambda = 0.0
mu = 0.0
nu = 0.30000000000000004
execute = 1

[1136.888]

mean = 1136.888
min = 1136.888

[[0, 13, 30, 15, 32, 25], [0, 31, 19, 34, 7, 16, 24], [0, 4, 26, 35, 27], [0, 18, 10, 11, 12, 2, 21, 14], [0, 6, 8, 5, 3, 17], [0, 29, 36, 20, 1, 33, 9, 28, 22, 23]]


#################
lambda = 0.0
mu = 0.0
nu = 0.0
execute = 1

[1197.461]

mean = 1197.461
min = 1197.461

[[0, 20, 8, 3, 19, 25, 27, 30], [0, 18, 4, 31, 35], [0, 29, 36, 14, 7, 24], [0, 6, 34, 17, 13, 16], [0, 1, 5, 33, 2, 28, 10, 11, 12, 22, 23], [0, 32, 15, 26, 21, 9]]


#################
lambda = 0.0
mu = 0.0
nu = 0.30000000000000004
execute = 1

[1167.896]

mean = 1167.896
min = 1167.896

[[0, 18, 4, 31, 35], [0, 29, 6, 14, 7, 16, 24], [0, 17, 34, 19, 10, 11, 15], [0, 36, 26, 30, 32, 27, 25], [0, 8, 5, 3, 1, 13], [0, 20, 33, 9, 2, 28, 21, 22, 12, 23]]


#################
lambda = 0.0
mu = 0.0
nu = 0.0
execute = 1

[1088.09]

mean = 1088.09
min = 1088.09

[[0, 31, 26, 10, 32, 15], [0, 8, 1, 9, 21, 23, 30], [0, 11, 12, 22, 28, 2, 33, 5, 3, 20], [0, 13, 17, 34, 19, 6, 14], [0, 36, 29, 7, 16, 24], [0, 18, 4, 27, 35, 25]]


#################
lambda = 0.0
mu = 0.0
nu = 0.30000000000000004
execute = 1

[1203.469]

mean = 1203.469
min = 1203.469

[[0, 1, 5, 33, 2, 28, 21, 11, 12, 22, 23], [0, 32, 15, 10, 26, 9], [0, 20, 8, 3, 19, 25, 27, 30], [0, 18, 4, 31, 35], [0, 13, 17, 34, 6, 36], [0, 14, 7, 16, 24, 29]]


#################
lambda = 0.0
mu = 0.0
nu = 0.0
execute = 1

[1203.469]

mean = 1203.469
min = 1203.469

[[0, 1, 5, 33, 2, 28, 21, 11, 12, 22, 23], [0, 32, 15, 10, 26, 9], [0, 20, 8, 3, 19, 25, 27, 30], [0, 18, 4, 31, 35], [0, 13, 17, 34, 6, 36], [0, 14, 7, 16, 24, 29]]


#################
lambda = 0.0
mu = 0.0
nu = 0.30000000000000004
execute = 1

[1203.469]

mean = 1203.469
min = 1203.469

[[0, 1, 5, 33, 2, 28, 21, 11, 12, 22, 23], [0, 32, 15, 10, 26, 9], [0, 20, 8, 3, 19, 25, 27, 30], [0, 18, 4, 31, 35], [0, 13, 17, 34, 6, 36], [0, 14, 7, 16, 24, 29]]


#################
lambda = 0.0
mu = 0.0
nu = 0.0
execute = 1

[1186.866]

mean = 1186.866
min = 1186.866

[[0, 1, 5, 33, 2, 28, 21, 11, 12, 22, 23], [0, 32, 15, 10, 26, 9], [0, 13, 17, 34, 6, 36], [0, 14, 7, 16, 24, 29], [0, 18, 20, 8, 3, 19, 30, 25], [0, 4, 31, 27, 35]]


#################
lambda = 0.0
mu = 0.0
nu = 0.30000000000000004
execute = 1

[1208.212]

mean = 1208.212
min = 1208.212

[[0, 1, 5, 33, 2, 28, 21, 11, 12, 22, 23], [0, 32, 15, 10, 26, 9], [0, 20, 8, 3, 19, 25, 27, 30], [0, 18, 4, 31, 35], [0, 13, 17, 34, 6, 36], [0, 29, 14, 7, 16, 24]]


#################
lambda = 0.0
mu = 0.0
nu = 0.0
execute = 1

[1186.866]

mean = 1186.866
min = 1186.866

[[0, 1, 5, 33, 2, 28, 21, 11, 12, 22, 23], [0, 32, 15, 10, 26, 9], [0, 13, 17, 34, 6, 36], [0, 14, 7, 16, 24, 29], [0, 18, 20, 8, 3, 19, 30, 25], [0, 4, 31, 27, 35]]


#################
lambda = 0.0
mu = 0.0
nu = 0.30000000000000004
execute = 1

[1208.212]

mean = 1208.212
min = 1208.212

[[0, 1, 5, 33, 2, 28, 21, 11, 12, 22, 23], [0, 32, 15, 10, 26, 9], [0, 20, 8, 3, 19, 25, 27, 30], [0, 18, 4, 31, 35], [0, 13, 17, 34, 6, 36], [0, 29, 14, 7, 16, 24]]


#################
lambda = 0.0
mu = 0.0
nu = 0.0
execute = 1

[1186.866]

mean = 1186.866
min = 1186.866

[[0, 1, 5, 33, 2, 28, 21, 11, 12, 22, 23], [0, 32, 15, 10, 26, 9], [0, 13, 17, 34, 6, 36], [0, 14, 7, 16, 24, 29], [0, 18, 20, 8, 3, 19, 30, 25], [0, 4, 31, 27, 35]]


#################
lambda = 0.0
mu = 0.0
nu = 0.30000000000000004
execute = 1

[1188.18]

mean = 1188.18
min = 1188.18

[[0, 1, 5, 33, 2, 28, 21, 11, 12, 22, 23], [0, 32, 15, 10, 26, 9], [0, 20, 8, 3, 19, 25, 27, 30], [0, 18, 4, 31, 35], [0, 36, 29, 24, 16, 7], [0, 14, 6, 34, 17, 13]]


#################
lambda = 0.0
mu = 0.0
nu = 0.0
execute = 1

[1203.469]

mean = 1203.469
min = 1203.469

[[0, 1, 5, 33, 2, 28, 21, 11, 12, 22, 23], [0, 32, 15, 10, 26, 9], [0, 20, 8, 3, 19, 25, 27, 30], [0, 18, 4, 31, 35], [0, 13, 17, 34, 6, 36], [0, 14, 7, 16, 24, 29]]


#################
lambda = 0.0
mu = 0.0
nu = 0.30000000000000004
execute = 1

[1091.963]

mean = 1091.963
min = 1091.963

[[0, 1, 5, 33, 2, 28, 21, 11, 12, 22, 23], [0, 16, 25, 35, 27], [0, 13, 30, 32, 15], [0, 18, 17, 26, 10, 7, 24], [0, 29, 36, 31, 19, 34, 4], [0, 6, 8, 3, 9, 20, 14]]


#################
lambda = 0.0
mu = 0.0
nu = 0.0
execute = 1

[1208.212]

mean = 1208.212
min = 1208.212

[[0, 1, 5, 33, 2, 28, 21, 11, 12, 22, 23], [0, 32, 15, 10, 26, 9], [0, 20, 8, 3, 19, 25, 27, 30], [0, 18, 4, 31, 35], [0, 13, 17, 34, 6, 36], [0, 29, 14, 7, 16, 24]]


#################
lambda = 0.0
mu = 0.0
nu = 0.30000000000000004
execute = 1

[1186.866]

mean = 1186.866
min = 1186.866

[[0, 1, 5, 33, 2, 28, 21, 11, 12, 22, 23], [0, 32, 15, 10, 26, 9], [0, 13, 17, 34, 6, 36], [0, 14, 7, 16, 24, 29], [0, 18, 20, 8, 3, 19, 30, 25], [0, 4, 31, 27, 35]]


#################
lambda = 0.0
mu = 0.0
nu = 0.0
execute = 1

[1208.212]

mean = 1208.212
min = 1208.212

[[0, 1, 5, 33, 2, 28, 21, 11, 12, 22, 23], [0, 32, 15, 10, 26, 9], [0, 20, 8, 3, 19, 25, 27, 30], [0, 18, 4, 31, 35], [0, 13, 17, 34, 6, 36], [0, 29, 14, 7, 16, 24]]


#################
lambda = 0.0
mu = 0.0
nu = 0.30000000000000004
execute = 1

[1203.469]

mean = 1203.469
min = 1203.469

[[0, 1, 5, 33, 2, 28, 21, 11, 12, 22, 23], [0, 32, 15, 10, 26, 9], [0, 20, 8, 3, 19, 25, 27, 30], [0, 18, 4, 31, 35], [0, 13, 17, 34, 6, 36], [0, 14, 7, 16, 24, 29]]


#################
lambda = 0.0
mu = 0.0
nu = 0.0
execute = 1

[1186.866]

mean = 1186.866
min = 1186.866

[[0, 1, 5, 33, 2, 28, 21, 11, 12, 22, 23], [0, 32, 15, 10, 26, 9], [0, 13, 17, 34, 6, 36], [0, 14, 7, 16, 24, 29], [0, 18, 20, 8, 3, 19, 30, 25], [0, 4, 31, 27, 35]]


#################
lambda = 0.0
mu = 0.0
nu = 0.30000000000000004
execute = 1

[1186.866]

mean = 1186.866
min = 1186.866

[[0, 1, 5, 33, 2, 28, 21, 11, 12, 22, 23], [0, 32, 15, 10, 26, 9], [0, 13, 17, 34, 6, 36], [0, 14, 7, 16, 24, 29], [0, 18, 20, 8, 3, 19, 30, 25], [0, 4, 31, 27, 35]]


#################
lambda = 0.0
mu = 0.0
nu = 0.0
execute = 1

[1203.469]

mean = 1203.469
min = 1203.469

[[0, 1, 5, 33, 2, 28, 21, 11, 12, 22, 23], [0, 32, 15, 10, 26, 9], [0, 20, 8, 3, 19, 25, 27, 30], [0, 18, 4, 31, 35], [0, 13, 17, 34, 6, 36], [0, 14, 7, 16, 24, 29]]


#################
lambda = 0.0
mu = 0.0
nu = 0.30000000000000004
execute = 1

[1157.92]

mean = 1157.92
min = 1157.92

[[0, 18, 4, 31, 35], [0, 16, 7, 6, 36, 29], [0, 14, 34, 19, 26, 10, 24], [0, 17, 21, 2, 28, 23, 22, 12, 11], [0, 20, 3, 1, 32, 15, 30], [0, 8, 5, 33, 9, 13, 25, 27]]


#################
lambda = 0.0
mu = 0.0
nu = 0.0
execute = 1

[1208.212]

mean = 1208.212
min = 1208.212

[[0, 1, 5, 33, 2, 28, 21, 11, 12, 22, 23], [0, 32, 15, 10, 26, 9], [0, 20, 8, 3, 19, 25, 27, 30], [0, 18, 4, 31, 35], [0, 13, 17, 34, 6, 36], [0, 29, 14, 7, 16, 24]]


#################
lambda = 0.0
mu = 0.0
nu = 0.30000000000000004
execute = 1

[1203.469]

mean = 1203.469
min = 1203.469

[[0, 1, 5, 33, 2, 28, 21, 11, 12, 22, 23], [0, 32, 15, 10, 26, 9], [0, 20, 8, 3, 19, 25, 27, 30], [0, 18, 4, 31, 35], [0, 13, 17, 34, 6, 36], [0, 14, 7, 16, 24, 29]]


#################
lambda = 0.0
mu = 0.0
nu = 0.0
execute = 1

[1186.866]

mean = 1186.866
min = 1186.866

[[0, 1, 5, 33, 2, 28, 21, 11, 12, 22, 23], [0, 32, 15, 10, 26, 9], [0, 13, 17, 34, 6, 36], [0, 14, 7, 16, 24, 29], [0, 18, 20, 8, 3, 19, 30, 25], [0, 4, 31, 27, 35]]


#################
lambda = 0.0
mu = 0.0
nu = 0.30000000000000004
execute = 1

[1190.832]

mean = 1190.832
min = 1190.832

[[0, 1, 5, 33, 2, 28, 21, 11, 12, 22, 23], [0, 32, 15, 10, 26, 9], [0, 18, 20, 8, 3, 19, 30, 25], [0, 4, 31, 27, 35], [0, 24, 13, 17, 34, 6], [0, 36, 29, 16, 7, 14]]


#################
lambda = 0.0
mu = 0.0
nu = 0.0
execute = 1

[1113.031]

mean = 1113.031
min = 1113.031

[[0, 6, 20, 33, 21, 2, 28, 23, 22, 12], [0, 8, 5, 3, 1, 9, 30], [0, 18, 34, 7, 24, 29, 36], [0, 35, 25, 14], [0, 17, 31, 19, 26, 10, 11], [0, 4, 13, 15, 32, 27, 16]]


#################
lambda = 0.0
mu = 0.0
nu = 0.30000000000000004
execute = 1

[1186.866]

mean = 1186.866
min = 1186.866

[[0, 1, 5, 33, 2, 28, 21, 11, 12, 22, 23], [0, 32, 15, 10, 26, 9], [0, 13, 17, 34, 6, 36], [0, 14, 7, 16, 24, 29], [0, 18, 20, 8, 3, 19, 30, 25], [0, 4, 31, 27, 35]]


#################
lambda = 0.0
mu = 0.0
nu = 0.0
execute = 1

[1186.866]

mean = 1186.866
min = 1186.866

[[0, 1, 5, 33, 2, 28, 21, 11, 12, 22, 23], [0, 32, 15, 10, 26, 9], [0, 13, 17, 34, 6, 36], [0, 14, 7, 16, 24, 29], [0, 18, 20, 8, 3, 19, 30, 25], [0, 4, 31, 27, 35]]


#################
lambda = 0.0
mu = 0.0
nu = 0.30000000000000004
execute = 1

[1208.212]

mean = 1208.212
min = 1208.212

[[0, 1, 5, 33, 2, 28, 21, 11, 12, 22, 23], [0, 32, 15, 10, 26, 9], [0, 20, 8, 3, 19, 25, 27, 30], [0, 18, 4, 31, 35], [0, 13, 17, 34, 6, 36], [0, 29, 14, 7, 16, 24]]


#################
lambda = 0.0
mu = 0.0
nu = 0.0
execute = 1

[1186.866]

mean = 1186.866
min = 1186.866

[[0, 1, 5, 33, 2, 28, 21, 11, 12, 22, 23], [0, 32, 15, 10, 26, 9], [0, 13, 17, 34, 6, 36], [0, 14, 7, 16, 24, 29], [0, 18, 20, 8, 3, 19, 30, 25], [0, 4, 31, 27, 35]]


#################
lambda = 0.0
mu = 0.0
nu = 0.30000000000000004
execute = 1

[1208.212]

mean = 1208.212
min = 1208.212

[[0, 1, 5, 33, 2, 28, 21, 11, 12, 22, 23], [0, 32, 15, 10, 26, 9], [0, 20, 8, 3, 19, 25, 27, 30], [0, 18, 4, 31, 35], [0, 13, 17, 34, 6, 36], [0, 29, 14, 7, 16, 24]]


#################
lambda = 0.0
mu = 0.0
nu = 0.0
execute = 1

[1208.212]

mean = 1208.212
min = 1208.212

[[0, 1, 5, 33, 2, 28, 21, 11, 12, 22, 23], [0, 32, 15, 10, 26, 9], [0, 20, 8, 3, 19, 25, 27, 30], [0, 18, 4, 31, 35], [0, 13, 17, 34, 6, 36], [0, 29, 14, 7, 16, 24]]


#################
lambda = 0.0
mu = 0.0
nu = 0.30000000000000004
execute = 1

[1188.18]

mean = 1188.18
min = 1188.18

[[0, 1, 5, 33, 2, 28, 21, 11, 12, 22, 23], [0, 32, 15, 10, 26, 9], [0, 20, 8, 3, 19, 25, 27, 30], [0, 18, 4, 31, 35], [0, 7, 16, 24, 29, 36], [0, 14, 6, 34, 17, 13]]


#################
lambda = 0.0
mu = 0.0
nu = 0.0
execute = 1

[1026.046]

mean = 1026.046
min = 1026.046

[[0, 27, 35, 25, 7], [0, 8, 5, 3, 1, 21, 26, 19], [0, 10, 12, 22, 23, 28, 2, 9, 33], [0, 11, 30, 15, 32, 16], [0, 4, 13, 24, 29, 36], [0, 6, 20, 31, 34, 17, 18, 14]]


#################
lambda = 0.0
mu = 0.0
nu = 0.30000000000000004
execute = 1

[1203.469]

mean = 1203.469
min = 1203.469

[[0, 1, 5, 33, 2, 28, 21, 11, 12, 22, 23], [0, 32, 15, 10, 26, 9], [0, 20, 8, 3, 19, 25, 27, 30], [0, 18, 4, 31, 35], [0, 13, 17, 34, 6, 36], [0, 14, 7, 16, 24, 29]]


#################
lambda = 0.0
mu = 0.0
nu = 0.0
execute = 1

[1061.864]

mean = 1061.864
min = 1061.864

[[0, 32, 15, 10, 26, 9], [0, 16, 7, 14, 6, 36, 29], [0, 24, 27, 35, 25], [0, 1, 5, 33, 21, 2, 28, 23, 22, 12, 11], [0, 20, 8, 3, 13, 30], [0, 4, 17, 19, 31, 34, 18]]


#################
lambda = 0.0
mu = 0.0
nu = 0.30000000000000004
execute = 1

[1203.469]

mean = 1203.469
min = 1203.469

[[0, 1, 5, 33, 2, 28, 21, 11, 12, 22, 23], [0, 32, 15, 10, 26, 9], [0, 20, 8, 3, 19, 25, 27, 30], [0, 18, 4, 31, 35], [0, 13, 17, 34, 6, 36], [0, 14, 7, 16, 24, 29]]


#################
lambda = 0.0
mu = 0.0
nu = 0.0
execute = 1

[1203.469]

mean = 1203.469
min = 1203.469

[[0, 1, 5, 33, 2, 28, 21, 11, 12, 22, 23], [0, 32, 15, 10, 26, 9], [0, 20, 8, 3, 19, 25, 27, 30], [0, 18, 4, 31, 35], [0, 13, 17, 34, 6, 36], [0, 14, 7, 16, 24, 29]]


#################
lambda = 0.0
mu = 0.0
nu = 0.30000000000000004
execute = 1

[1198.669]

mean = 1198.669
min = 1198.669

[[0, 1, 5, 33, 2, 28, 21, 11, 12, 22, 23], [0, 32, 15, 10, 26, 9], [0, 20, 8, 3, 19, 25, 27, 30], [0, 18, 4, 31, 35], [0, 7, 13, 17, 34, 6], [0, 24, 16, 14, 36, 29]]


#################
lambda = 0.0
mu = 0.0
nu = 0.0
execute = 1

[1043.988]

mean = 1043.988
min = 1043.988

[[0, 1, 5, 33, 2, 28, 21, 11, 12, 22, 23], [0, 14, 6, 36, 29, 24], [0, 18, 31, 34, 17, 4, 16, 7], [0, 35, 25, 13], [0, 19, 26, 9, 3, 8, 20], [0, 10, 30, 15, 32, 27]]


#################
lambda = 0.0
mu = 0.0
nu = 0.30000000000000004
execute = 1

[1208.212]

mean = 1208.212
min = 1208.212

[[0, 1, 5, 33, 2, 28, 21, 11, 12, 22, 23], [0, 32, 15, 10, 26, 9], [0, 20, 8, 3, 19, 25, 27, 30], [0, 18, 4, 31, 35], [0, 13, 17, 34, 6, 36], [0, 29, 14, 7, 16, 24]]


#################
lambda = 0.0
mu = 0.0
nu = 0.0
execute = 1

[1203.469]

mean = 1203.469
min = 1203.469

[[0, 1, 5, 33, 2, 28, 21, 11, 12, 22, 23], [0, 32, 15, 10, 26, 9], [0, 20, 8, 3, 19, 25, 27, 30], [0, 18, 4, 31, 35], [0, 13, 17, 34, 6, 36], [0, 14, 7, 16, 24, 29]]


#################
lambda = 0.0
mu = 0.0
nu = 0.30000000000000004
execute = 1

[1203.469]

mean = 1203.469
min = 1203.469

[[0, 1, 5, 33, 2, 28, 21, 11, 12, 22, 23], [0, 32, 15, 10, 26, 9], [0, 20, 8, 3, 19, 25, 27, 30], [0, 18, 4, 31, 35], [0, 13, 17, 34, 6, 36], [0, 14, 7, 16, 24, 29]]


#################
lambda = 0.0
mu = 0.0
nu = 0.0
execute = 1

[1203.469]

mean = 1203.469
min = 1203.469

[[0, 1, 5, 33, 2, 28, 21, 11, 12, 22, 23], [0, 32, 15, 10, 26, 9], [0, 20, 8, 3, 19, 25, 27, 30], [0, 18, 4, 31, 35], [0, 13, 17, 34, 6, 36], [0, 14, 7, 16, 24, 29]]


#################
lambda = 0.0
mu = 0.0
nu = 0.30000000000000004
execute = 1

[1203.469]

mean = 1203.469
min = 1203.469

[[0, 1, 5, 33, 2, 28, 21, 11, 12, 22, 23], [0, 32, 15, 10, 26, 9], [0, 20, 8, 3, 19, 25, 27, 30], [0, 18, 4, 31, 35], [0, 13, 17, 34, 6, 36], [0, 14, 7, 16, 24, 29]]


#################
lambda = 0.0
mu = 0.0
nu = 0.0
execute = 1

[1203.469]

mean = 1203.469
min = 1203.469

[[0, 1, 5, 33, 2, 28, 21, 11, 12, 22, 23], [0, 32, 15, 10, 26, 9], [0, 20, 8, 3, 19, 25, 27, 30], [0, 18, 4, 31, 35], [0, 13, 17, 34, 6, 36], [0, 14, 7, 16, 24, 29]]


#################
lambda = 0.0
mu = 0.0
nu = 0.30000000000000004
execute = 1

[1203.469]

mean = 1203.469
min = 1203.469

[[0, 1, 5, 33, 2, 28, 21, 11, 12, 22, 23], [0, 32, 15, 10, 26, 9], [0, 20, 8, 3, 19, 25, 27, 30], [0, 18, 4, 31, 35], [0, 13, 17, 34, 6, 36], [0, 14, 7, 16, 24, 29]]


#################
lambda = 0.0
mu = 0.0
nu = 0.0
execute = 1

[1203.469]

mean = 1203.469
min = 1203.469

[[0, 1, 5, 33, 2, 28, 21, 11, 12, 22, 23], [0, 32, 15, 10, 26, 9], [0, 20, 8, 3, 19, 25, 27, 30], [0, 18, 4, 31, 35], [0, 13, 17, 34, 6, 36], [0, 14, 7, 16, 24, 29]]


#################
lambda = 0.0
mu = 0.0
nu = 0.30000000000000004
execute = 1

[1203.469]

mean = 1203.469
min = 1203.469

[[0, 1, 5, 33, 2, 28, 21, 11, 12, 22, 23], [0, 32, 15, 10, 26, 9], [0, 20, 8, 3, 19, 25, 27, 30], [0, 18, 4, 31, 35], [0, 13, 17, 34, 6, 36], [0, 14, 7, 16, 24, 29]]


#################
lambda = 0.0
mu = 0.0
nu = 0.0
execute = 1

[1203.469]

mean = 1203.469
min = 1203.469

[[0, 1, 5, 33, 2, 28, 21, 11, 12, 22, 23], [0, 32, 15, 10, 26, 9], [0, 20, 8, 3, 19, 25, 27, 30], [0, 18, 4, 31, 35], [0, 13, 17, 34, 6, 36], [0, 14, 7, 16, 24, 29]]


#################
lambda = 0.0
mu = 0.0
nu = 0.30000000000000004
execute = 1

[1099.884]

mean = 1099.884
min = 1099.884

[[0, 1, 5, 33, 2, 28, 21, 11, 12, 22, 23], [0, 27, 35, 25, 7], [0, 19, 10, 15, 32, 30], [0, 24, 16, 13, 26, 9], [0, 29, 36, 6, 34, 18, 14], [0, 20, 8, 3, 31, 17, 4]]
