Aretes fixées après apprentissage pour cette exécution
Fixed edges = [[0, 10, 11, 12, 22, 23, 0], [0, 1, 3, 5, 8, 0], [0, 21, 28, 2, 9, 33, 0], [0, 30, 15, 32, 0], [0, 25, 35, 27, 0], [0, 31, 34, 0], [0, 4, 0], [0, 6, 0], [0, 7, 0], [0, 13, 0], [0, 14, 0], [0, 16, 0], [0, 17, 0], [0, 18, 0], [0, 19, 0], [0, 20, 0], [0, 24, 0], [0, 26, 0], [0, 29, 0], [0, 36, 0]]
Time = 2.649867057800293


#################

init = 994.478
res = 951.85
gap = -0.016

solution = [[0, 27, 32, 15, 30, 13], [0, 20, 8, 5, 3, 1, 31, 34], [0, 7, 25, 35, 16], [0, 14, 6, 36, 29, 24], [0, 4, 26, 21, 9, 19, 17, 18], [0, 10, 11, 12, 22, 23, 28, 2, 33]]


#################

init = 992.427
res = 952.083
gap = 0.009

solution = [[0, 27, 32, 15, 30, 13], [0, 20, 33, 2, 28, 23, 22, 12, 11, 10], [0, 16, 35, 25, 7], [0, 14, 6, 36, 29, 24], [0, 18, 17, 34, 1, 3, 5, 8], [0, 4, 26, 21, 9, 19, 31]]


#################

init = 977.747
res = 976.524
gap = 2.511

solution = [[0, 31, 19, 9, 21, 26, 4], [0, 20, 8, 5, 3, 1, 34, 17, 18], [0, 16, 7, 14, 6, 29, 36], [0, 25, 35, 27, 24], [0, 32, 15, 30, 13], [0, 33, 2, 28, 23, 22, 12, 11, 10]]


#################

init = 1003.395
res = 952.083
gap = 0.009

solution = [[0, 10, 11, 12, 22, 23, 28, 2, 33, 20], [0, 13, 30, 15, 32, 27], [0, 16, 35, 25, 7], [0, 14, 6, 36, 29, 24], [0, 8, 5, 3, 1, 34, 17, 18], [0, 4, 26, 21, 9, 19, 31]]


#################

init = 1003.395
res = 950.852
gap = -0.121

solution = [[0, 13, 30, 15, 32, 27], [0, 7, 25, 35, 16], [0, 10, 11, 12, 22, 23, 28, 2, 33], [0, 14, 6, 36, 29, 24], [0, 18, 17, 34, 1, 3, 5, 8, 20], [0, 31, 19, 9, 21, 26, 4]]


#################

init = 1003.395
res = 950.852
gap = -0.121

solution = [[0, 13, 30, 15, 32, 27], [0, 16, 35, 25, 7], [0, 14, 6, 36, 29, 24], [0, 10, 11, 12, 22, 23, 28, 2, 33], [0, 31, 19, 9, 21, 26, 4], [0, 20, 8, 5, 3, 1, 34, 17, 18]]


#################

init = 1003.395
res = 950.852
gap = -0.121

solution = [[0, 10, 11, 12, 22, 23, 28, 2, 33], [0, 13, 30, 15, 32, 27], [0, 7, 25, 35, 16], [0, 31, 19, 9, 21, 26, 4], [0, 14, 6, 36, 29, 24], [0, 20, 8, 5, 3, 1, 34, 17, 18]]


#################

init = 1003.395
res = 950.852
gap = -0.121

solution = [[0, 13, 30, 15, 32, 27], [0, 10, 11, 12, 22, 23, 28, 2, 33], [0, 16, 35, 25, 7], [0, 14, 6, 36, 29, 24], [0, 18, 17, 34, 1, 3, 5, 8, 20], [0, 31, 19, 9, 21, 26, 4]]


#################

init = 1003.395
res = 951.72
gap = -0.029

solution = [[0, 13, 30, 15, 32, 27], [0, 16, 35, 25, 7], [0, 20, 8, 5, 3, 1, 34, 17, 18], [0, 14, 6, 36, 29, 24], [0, 4, 10, 11, 12, 22, 23, 28, 2, 33], [0, 31, 19, 9, 21, 26]]


#################

init = 970.809
res = 950.852
gap = -0.121

solution = [[0, 13, 30, 15, 32, 27], [0, 7, 25, 35, 16], [0, 14, 6, 36, 29, 24], [0, 10, 11, 12, 22, 23, 28, 2, 33], [0, 20, 8, 5, 3, 1, 34, 17, 18], [0, 31, 19, 9, 21, 26, 4]]
Execution = 756.002194404602


Aretes fixées après apprentissage pour cette exécution
Fixed edges = [[0, 25, 35, 27, 0], [0, 26, 10, 11, 12, 22, 23, 0], [0, 32, 15, 30, 0], [0, 9, 33, 0], [0, 2, 28, 21, 0], [0, 1, 3, 5, 8, 0], [0, 31, 34, 0], [0, 24, 29, 0], [0, 4, 0], [0, 6, 0], [0, 7, 0], [0, 13, 0], [0, 14, 0], [0, 16, 0], [0, 17, 0], [0, 18, 0], [0, 19, 0], [0, 20, 0], [0, 36, 0]]
Time = 2.614598512649536


#################

init = 1074.27
res = 957.03
gap = 0.526

solution = [[0, 15, 30, 11, 10, 26], [0, 25, 35, 32, 27], [0, 36, 29, 24, 16, 7], [0, 33, 9, 21, 2, 28, 23, 22, 12, 4], [0, 18, 17, 34, 31, 19, 13], [0, 6, 8, 5, 3, 1, 20, 14]]


#################

init = 1049.05
res = 978.813
gap = 2.739

solution = [[0, 27, 32, 35, 25], [0, 36, 29, 24, 16, 7], [0, 6, 8, 5, 3, 1, 20, 14], [0, 13, 11, 12, 22, 23, 28, 2, 33], [0, 4, 19, 26, 10, 30, 15], [0, 18, 17, 34, 31, 9, 21]]


#################

init = 1056.001
res = 995.52
gap = 4.372

solution = [[0, 36, 29, 24, 16, 7], [0, 14, 17, 35, 25], [0, 27, 32, 15, 30, 13], [0, 6, 8, 5, 3, 1, 34, 18], [0, 31, 19, 21, 10, 26, 4], [0, 20, 33, 9, 2, 28, 23, 22, 12, 11]]


#################

init = 1092.704
res = 950.852
gap = -0.121

solution = [[0, 10, 11, 12, 22, 23, 28, 2, 33], [0, 27, 32, 15, 30, 13], [0, 16, 35, 25, 7], [0, 24, 29, 36, 6, 14], [0, 20, 8, 5, 3, 1, 34, 17, 18], [0, 31, 19, 9, 21, 26, 4]]


#################

init = 1115.155
res = 950.852
gap = -0.121

solution = [[0, 13, 30, 15, 32, 27], [0, 33, 2, 28, 23, 22, 12, 11, 10], [0, 7, 25, 35, 16], [0, 14, 6, 36, 29, 24], [0, 20, 8, 5, 3, 1, 34, 17, 18], [0, 31, 19, 9, 21, 26, 4]]


#################

init = 1096.251
res = 954.015
gap = 0.211

solution = [[0, 32, 15, 30, 13, 4], [0, 31, 19, 1, 3, 5, 8, 6], [0, 10, 11, 12, 22, 23, 28, 2, 33, 20], [0, 18, 17, 34, 9, 21, 26], [0, 25, 35, 27, 24], [0, 29, 36, 14, 7, 16]]


#################

init = 1096.251
res = 950.852
gap = -0.121

solution = [[0, 24, 29, 36, 6, 14], [0, 16, 35, 25, 7], [0, 27, 32, 15, 30, 13], [0, 10, 11, 12, 22, 23, 28, 2, 33], [0, 18, 17, 34, 1, 3, 5, 8, 20], [0, 4, 26, 21, 9, 19, 31]]


#################

init = 1102.159
res = 971.67
gap = 2.024

solution = [[0, 35, 25, 13], [0, 15, 30, 11, 10, 26], [0, 20, 8, 1, 3, 5, 33, 9, 19], [0, 14, 18, 4, 17, 34, 31, 6], [0, 7, 16, 24, 29, 36], [0, 27, 32, 12, 22, 23, 28, 2, 21]]


#################

init = 1048.824
res = 999.335
gap = 4.737

solution = [[0, 18, 4, 13, 34, 31, 6], [0, 20, 33, 9, 2, 28, 23, 22, 12, 11], [0, 8, 5, 3, 1, 21, 26, 19], [0, 36, 29, 24, 16, 7], [0, 27, 35, 25, 14], [0, 32, 15, 30, 10, 17]]


#################

init = 1016.005
res = 951.85
gap = -0.016

solution = [[0, 13, 30, 15, 32, 27], [0, 10, 11, 12, 22, 23, 28, 2, 33], [0, 16, 35, 25, 7], [0, 34, 31, 1, 3, 5, 8, 20], [0, 24, 29, 36, 6, 14], [0, 18, 17, 19, 9, 21, 26, 4]]
Execution = 1072.7960121631622
