

#################
lambda = 0.1
mu = 0.1
nu = 0.1

res = 1013.108
gap = 6.032

solution = [[0, 35, 25, 13], [0, 20, 33, 9, 21, 2, 28, 23, 22, 12], [0, 27, 32, 15, 30, 11], [0, 8, 5, 3, 1, 19, 26, 10], [0, 36, 29, 7, 16, 24], [0, 6, 31, 34, 17, 4, 18, 14]]


#################
lambda = 0.1
mu = 0.1
nu = 1.3

res = 1022.054
gap = 6.854

solution = [[0, 20, 33, 9, 21, 2, 28, 23, 22, 12], [0, 13, 35, 27], [0, 14, 6, 36, 29, 24], [0, 31, 19, 34, 17, 4, 16, 7], [0, 25, 32, 15, 30, 11], [0, 8, 5, 3, 1, 26, 10, 18]]


#################
lambda = 0.1
mu = 0.30000000000000004
nu = 1.9000000000000001

res = 1034.586
gap = 7.983

solution = [[0, 33, 9, 21, 2, 28, 23, 22, 12], [0, 15, 30, 1, 3, 5, 8], [0, 27, 32, 11, 10, 26, 19, 4], [0, 13, 25, 35], [0, 36, 29, 7, 16, 24], [0, 6, 20, 31, 34, 17, 18, 14]]


#################
lambda = 0.1
mu = 0.6000000000000001
nu = 0.1

res = 976.362
gap = 2.495

solution = [[0, 27, 32, 35, 25], [0, 15, 30, 11, 10, 26], [0, 6, 8, 5, 3, 1, 19, 31], [0, 20, 33, 9, 21, 2, 28, 23, 22, 12], [0, 36, 29, 7, 16, 24], [0, 4, 13, 34, 17, 18, 14]]


#################
lambda = 0.1
mu = 0.6000000000000001
nu = 0.2

res = 981.912
gap = 3.046

solution = [[0, 15, 30, 11, 10, 26], [0, 25, 35, 32, 27], [0, 33, 9, 21, 2, 28, 23, 22, 12], [0, 13, 1, 3, 5, 8, 20, 6], [0, 36, 29, 7, 16, 24], [0, 4, 17, 19, 31, 34, 18, 14]]


#################
lambda = 0.1
mu = 0.6000000000000001
nu = 0.6000000000000001

res = 1007.647
gap = 5.522

solution = [[0, 20, 33, 9, 21, 2, 28, 23, 22, 12], [0, 27, 32, 11, 10, 26, 19, 4], [0, 7, 25, 35, 16], [0, 14, 6, 36, 29, 24], [0, 13, 15, 30, 34], [0, 8, 5, 3, 1, 31, 17, 18]]


#################
lambda = 0.1
mu = 0.6000000000000001
nu = 1.5

res = 1014.257
gap = 6.138

solution = [[0, 33, 9, 21, 2, 28, 23, 22, 12], [0, 7, 25, 35, 16], [0, 27, 32, 11, 10, 26, 19], [0, 24, 29, 36, 6, 14], [0, 13, 15, 30, 34, 18], [0, 8, 5, 3, 1, 20, 31, 17, 4]]


#################
lambda = 0.1
mu = 0.7000000000000001
nu = 0.9

res = 996.367
gap = 4.453

solution = [[0, 15, 30, 11, 10, 26], [0, 25, 35, 32, 27], [0, 33, 9, 21, 2, 28, 23, 22, 12], [0, 14, 6, 36, 29, 24], [0, 18, 31, 19, 13, 16, 7], [0, 8, 5, 3, 1, 20, 34, 17, 4]]


#################
lambda = 0.1
mu = 0.8
nu = 0.1

res = 970.34
gap = 1.89

solution = [[0, 25, 35, 32, 27], [0, 7, 16, 24, 29, 36], [0, 31, 19, 1, 3, 5, 8, 6], [0, 15, 30, 11, 10, 26], [0, 20, 33, 9, 21, 2, 28, 23, 22, 12], [0, 4, 13, 34, 17, 18, 14]]


#################
lambda = 0.1
mu = 0.8
nu = 0.8

res = 969.025
gap = 1.757

solution = [[0, 15, 30, 11, 10, 26], [0, 25, 35, 32, 27], [0, 7, 16, 24, 29, 36], [0, 20, 33, 9, 21, 2, 28, 23, 22, 12], [0, 14, 18, 1, 3, 5, 8, 6], [0, 4, 17, 34, 31, 19, 13]]


#################
lambda = 0.1
mu = 0.9
nu = 0.1

res = 986.974
gap = 3.544

solution = [[0, 20, 33, 9, 21, 2, 28, 23, 22, 12], [0, 15, 30, 11, 10, 26], [0, 25, 35, 32, 27], [0, 14, 6, 36, 29, 24], [0, 8, 5, 3, 1, 19, 31, 17], [0, 16, 7, 13, 34, 4, 18]]


#################
lambda = 0.1
mu = 0.9
nu = 0.8

res = 993.983
gap = 4.224

solution = [[0, 15, 30, 11, 10, 26], [0, 25, 35, 32, 27], [0, 33, 9, 21, 2, 28, 23, 22, 12], [0, 24, 29, 36, 6, 14], [0, 16, 7, 13, 19, 31, 18], [0, 8, 5, 3, 1, 20, 34, 17, 4]]


#################
lambda = 0.1
mu = 0.9
nu = 1.3

res = 987.189
gap = 3.565

solution = [[0, 15, 30, 11, 10, 26], [0, 25, 35, 32, 27], [0, 20, 33, 9, 21, 2, 28, 23, 22, 12], [0, 29, 36, 8, 5, 3, 1], [0, 24, 16, 7, 13, 4, 14], [0, 18, 17, 34, 19, 31, 6]]


#################
lambda = 0.1
mu = 0.9
nu = 1.4000000000000001

res = 967.51
gap = 1.603

solution = [[0, 33, 9, 21, 2, 28, 23, 22, 12], [0, 15, 30, 11, 10, 26], [0, 25, 35, 32, 27], [0, 7, 16, 24, 29, 36], [0, 6, 8, 5, 3, 1, 20, 18, 14], [0, 13, 19, 31, 34, 17, 4]]


#################
lambda = 0.1
mu = 1.0
nu = 0.1

res = 970.34
gap = 1.89

solution = [[0, 20, 33, 9, 21, 2, 28, 23, 22, 12], [0, 25, 35, 32, 27], [0, 31, 19, 1, 3, 5, 8, 6], [0, 7, 16, 24, 29, 36], [0, 15, 30, 11, 10, 26], [0, 4, 13, 34, 17, 18, 14]]


#################
lambda = 0.1
mu = 1.0
nu = 0.5

res = 970.34
gap = 1.89

solution = [[0, 20, 33, 9, 21, 2, 28, 23, 22, 12], [0, 25, 35, 32, 27], [0, 7, 16, 24, 29, 36], [0, 31, 19, 1, 3, 5, 8, 6], [0, 15, 30, 11, 10, 26], [0, 4, 13, 34, 17, 18, 14]]


#################
lambda = 0.1
mu = 1.0
nu = 1.0

res = 976.463
gap = 2.505

solution = [[0, 33, 9, 21, 2, 28, 23, 22, 12], [0, 15, 30, 11, 10, 26], [0, 25, 35, 32, 27], [0, 36, 29, 24, 16, 7], [0, 4, 17, 34, 31, 19, 13], [0, 14, 18, 6, 20, 1, 3, 5, 8]]


#################
lambda = 0.1
mu = 1.1
nu = 0.1

res = 1067.916
gap = 10.854

solution = [[0, 25, 35, 32, 27], [0, 15, 30, 1, 3, 5, 8], [0, 18, 17, 10, 11, 12, 22, 23, 21], [0, 16, 7, 13, 26, 34, 4], [0, 24, 29, 36, 6, 14], [0, 31, 19, 9, 28, 2, 33, 20]]


#################
lambda = 0.1
mu = 1.1
nu = 0.2

res = 1014.031
gap = 6.117

solution = [[0, 20, 1, 3, 5, 8, 29, 36], [0, 25, 35, 27, 24], [0, 33, 9, 2, 28, 21, 13], [0, 14, 17, 34, 19, 31, 6], [0, 18, 26, 23, 22, 12, 11, 10, 4], [0, 7, 30, 15, 32, 16]]


#################
lambda = 0.1
mu = 1.1
nu = 0.30000000000000004

res = 1027.422
gap = 7.341

solution = [[0, 25, 35, 32, 27], [0, 20, 1, 3, 5, 8, 36, 29], [0, 7, 15, 30, 11, 13], [0, 26, 10, 12, 22, 23, 28, 2, 33], [0, 14, 6, 17, 4, 16, 24], [0, 18, 34, 31, 9, 21, 19]]


#################
lambda = 0.1
mu = 1.1
nu = 0.9

res = 1016.803
gap = 6.373

solution = [[0, 25, 35, 32, 27], [0, 17, 34, 26, 15, 30], [0, 7, 16, 24, 29, 36], [0, 4, 18, 20, 1, 3, 5, 8, 6, 14], [0, 13, 10, 11, 12, 22, 23, 19], [0, 33, 9, 2, 28, 21, 31]]


#################
lambda = 0.1
mu = 1.1
nu = 1.3

res = 985.047
gap = 3.355

solution = [[0, 25, 35, 32, 27], [0, 4, 31, 19, 10, 30, 15], [0, 13, 11, 12, 22, 23, 28, 2, 33], [0, 26, 21, 9, 34, 17, 18], [0, 36, 29, 24, 16, 7], [0, 6, 8, 5, 3, 1, 20, 14]]


#################
lambda = 0.1
mu = 1.1
nu = 1.6

res = 1009.016
gap = 5.651

solution = [[0, 27, 32, 35, 25], [0, 15, 30, 11, 10, 26], [0, 31, 9, 33, 5, 3, 1, 8], [0, 14, 18, 4, 21, 2, 28, 23, 22, 12], [0, 6, 20, 19, 34, 17, 13], [0, 36, 29, 24, 16, 7]]


#################
lambda = 0.1
mu = 1.1
nu = 1.8

res = 1028.57
gap = 7.444

solution = [[0, 25, 35, 32, 27], [0, 36, 29, 24, 16, 14], [0, 6, 20, 8, 5, 3, 1, 34, 4], [0, 18, 17, 31, 33, 9, 2, 28], [0, 13, 11, 12, 22, 23, 21, 19], [0, 7, 15, 30, 10, 26]]


#################
lambda = 0.1
mu = 1.2000000000000002
nu = 0.1

res = 1086.939
gap = 12.415

solution = [[0, 25, 35, 32, 27], [0, 15, 30, 1, 3, 5, 8], [0, 6, 20, 33, 2, 28, 21, 9], [0, 14, 18, 10, 11, 12, 22, 23, 26], [0, 24, 16, 7, 4, 17, 13], [0, 29, 36, 31, 19, 34]]


#################
lambda = 0.1
mu = 1.2000000000000002
nu = 0.30000000000000004

res = 1032.053
gap = 7.757

solution = [[0, 25, 35, 32, 27], [0, 15, 30, 1, 3, 5, 8], [0, 36, 29, 24, 16, 7], [0, 13, 10, 11, 12, 22, 23, 14], [0, 18, 4, 17, 34, 19, 31, 6], [0, 26, 21, 28, 2, 9, 33, 20]]


#################
lambda = 0.1
mu = 1.2000000000000002
nu = 1.3

res = 1066.661
gap = 10.75

solution = [[0, 25, 35, 32, 27], [0, 10, 26, 1, 3, 5, 8, 20], [0, 33, 2, 28, 23, 22, 12, 11, 13], [0, 24, 16, 7, 30, 15], [0, 29, 36, 6, 17, 18, 14], [0, 4, 34, 31, 19, 21, 9]]


#################
lambda = 0.1
mu = 1.2000000000000002
nu = 1.5

res = 1032.812
gap = 7.824

solution = [[0, 25, 35, 32, 27], [0, 16, 13, 11, 10, 26], [0, 4, 2, 28, 23, 22, 12, 30, 15], [0, 24, 29, 36, 6, 14], [0, 20, 8, 5, 3, 1, 31, 34], [0, 7, 18, 17, 19, 21, 9, 33]]


#################
lambda = 0.1
mu = 1.2000000000000002
nu = 1.6

res = 1006.998
gap = 5.462

solution = [[0, 8, 5, 2, 28, 23, 22, 12, 11], [0, 17, 19, 21, 9, 33, 3, 1, 20], [0, 6, 34, 31, 26, 10], [0, 13, 30, 15, 32, 27], [0, 14, 18, 4, 35, 25], [0, 7, 16, 24], [0, 36, 29]]


#################
lambda = 0.1
mu = 1.3
nu = 0.1

res = 1072.474
gap = 11.233

solution = [[0, 25, 35, 32, 27], [0, 24, 16, 7, 10, 11, 12, 22], [0, 21, 23, 28, 2, 9, 33, 14], [0, 13, 15, 30, 26], [0, 6, 20, 8, 5, 3, 1, 17, 4], [0, 29, 36, 31, 19, 34, 18]]


#################
lambda = 0.1
mu = 1.4000000000000001
nu = 0.2

res = 981.54
gap = 3.01

solution = [[0, 35, 25, 13], [0, 26, 30, 15, 32, 27], [0, 10, 11, 12, 22, 23, 28, 2, 33, 5], [0, 21, 9, 1, 3, 8, 6], [0, 18, 4, 17, 34, 31, 19, 20, 14], [0, 36, 29], [0, 7, 16, 24]]


#################
lambda = 0.1
mu = 1.6
nu = 0.1

res = 1000.362
gap = 4.834

solution = [[0, 25, 35, 27], [0, 6, 20, 5, 33, 9, 2, 21], [0, 26, 10, 11, 12, 22, 23, 28, 34], [0, 18, 17, 31, 19, 1, 3, 8], [0, 32, 15, 30, 13, 4], [0, 24, 16, 7, 14], [0, 29, 36]]


#################
lambda = 0.1
mu = 1.7000000000000002
nu = 1.3

res = 1003.761
gap = 5.157

solution = [[0, 25, 35, 32, 27], [0, 16, 7, 15, 30, 13], [0, 29, 36, 8, 5, 3, 1, 20], [0, 10, 11, 12, 22, 23, 28, 2, 33], [0, 31, 19, 9, 21, 26, 4], [0, 14, 6, 34, 17, 18, 24]]


#################
lambda = 0.2
mu = 0.7000000000000001
nu = 0.1

res = 957.03
gap = 0.526

solution = [[0, 15, 30, 11, 10, 26], [0, 25, 35, 32, 27], [0, 18, 17, 34, 31, 19, 13], [0, 33, 9, 21, 2, 28, 23, 22, 12, 4], [0, 36, 29, 24, 16, 7], [0, 14, 20, 1, 3, 5, 8, 6]]


#################
lambda = 0.2
mu = 1.1
nu = 0.1

res = 1004.557
gap = 5.232

solution = [[0, 25, 35, 32, 27], [0, 15, 30, 10, 26, 18], [0, 24, 29, 36, 6, 14], [0, 20, 33, 9, 2, 28, 23, 22, 12, 11], [0, 8, 5, 3, 1, 21, 13], [0, 16, 7, 4, 17, 19, 31, 34]]


#################
lambda = 0.2
mu = 1.1
nu = 0.30000000000000004

res = 999.122
gap = 4.716

solution = [[0, 25, 35, 32, 27], [0, 16, 15, 30, 11, 10], [0, 4, 17, 34, 31, 13, 7], [0, 24, 29, 36, 6, 14], [0, 26, 12, 22, 23, 28, 2, 21, 18], [0, 20, 8, 1, 3, 5, 33, 9, 19]]


#################
lambda = 0.2
mu = 1.1
nu = 0.5

res = 1028.28
gap = 7.418

solution = [[0, 4, 17, 15, 30, 10, 11], [0, 25, 35, 32, 27], [0, 7, 16, 24, 36, 29], [0, 6, 8, 5, 3, 1, 20, 18, 14], [0, 13, 26, 12, 22, 23, 28, 2], [0, 33, 9, 21, 19, 31, 34]]


#################
lambda = 0.2
mu = 1.1
nu = 0.9

res = 998.04
gap = 4.613

solution = [[0, 27, 32, 35, 25], [0, 15, 30, 11, 10, 26], [0, 33, 9, 21, 2, 28, 23, 22, 12], [0, 24, 29, 36, 14, 6], [0, 16, 7, 13, 17, 34], [0, 20, 8, 5, 3, 1, 19, 31, 18, 4]]


#################
lambda = 0.2
mu = 1.1
nu = 1.1

res = 972.595
gap = 2.118

solution = [[0, 25, 35, 32, 27], [0, 7, 16, 24, 29, 36], [0, 15, 30, 11, 10, 26], [0, 33, 9, 2, 28, 23, 12, 22, 21], [0, 6, 8, 5, 3, 1, 20, 18, 14], [0, 4, 17, 34, 31, 19, 13]]


#################
lambda = 0.2
mu = 1.1
nu = 1.4000000000000001

res = 1022.96
gap = 6.937

solution = [[0, 20, 1, 3, 5, 8, 36, 29], [0, 34, 31, 19, 9, 33, 6], [0, 11, 12, 22, 23, 28, 2, 21, 17], [0, 24, 7, 13, 10, 26], [0, 14, 18, 4, 30, 15, 32, 27], [0, 16, 35, 25]]


#################
lambda = 0.2
mu = 1.1
nu = 1.8

res = 982.473
gap = 3.102

solution = [[0, 14, 18, 4, 17, 34, 31, 6], [0, 11, 12, 22, 23, 28, 2, 21, 19, 20], [0, 26, 9, 33, 5, 3, 1, 8], [0, 27, 32, 15, 30, 10], [0, 7, 16, 24], [0, 36, 29], [0, 35, 25, 13]]


#################
lambda = 0.2
mu = 1.2000000000000002
nu = 0.1

res = 1049.215
gap = 9.265

solution = [[0, 25, 35, 32, 27], [0, 8, 5, 3, 1, 15, 30], [0, 26, 10, 11, 12, 22, 23, 21], [0, 24, 29, 36, 6, 14], [0, 18, 31, 19, 9, 28, 2, 33, 20], [0, 16, 7, 13, 34, 17, 4]]


#################
lambda = 0.2
mu = 1.2000000000000002
nu = 0.2

res = 1023.329
gap = 6.97

solution = [[0, 25, 35, 32, 27], [0, 8, 5, 3, 1, 30, 15], [0, 20, 33, 2, 28, 23, 22, 12, 11, 10], [0, 24, 29, 36, 6, 14], [0, 16, 7, 13, 34, 17, 18], [0, 31, 19, 9, 21, 26, 4]]


#################
lambda = 0.2
mu = 1.3
nu = 0.1

res = 1037.091
gap = 8.205

solution = [[0, 29, 36], [0, 6, 8, 5, 3, 34, 14], [0, 25, 35, 32, 27], [0, 4, 31, 19, 26, 10, 15], [0, 18, 17, 21, 28, 2, 9, 33, 1, 20], [0, 24, 16, 7], [0, 23, 22, 12, 11, 30, 13]]


#################
lambda = 0.2
mu = 1.3
nu = 0.6000000000000001

res = 1021.242
gap = 6.78

solution = [[0, 25, 35, 32, 27], [0, 15, 30, 1, 3, 5, 8], [0, 18, 17, 34, 31, 19, 13], [0, 4, 10, 11, 12, 22, 23, 28, 2, 33], [0, 6, 20, 9, 21, 26, 14], [0, 7, 16, 24, 29, 36]]


#################
lambda = 0.2
mu = 1.3
nu = 1.2000000000000002

res = 1036.781
gap = 8.177

solution = [[0, 25, 35, 32, 27], [0, 7, 16, 24, 29, 36], [0, 18, 4, 17, 34, 1, 3, 5, 8], [0, 19, 21, 28, 2, 9, 33, 6], [0, 15, 30, 10, 26, 14], [0, 20, 31, 23, 22, 12, 11, 13]]


#################
lambda = 0.2
mu = 1.3
nu = 1.3

res = 1041.491
gap = 8.593

solution = [[0, 25, 35, 32, 27], [0, 7, 15, 30, 11, 10], [0, 33, 9, 21, 2, 28, 23, 22, 12], [0, 18, 4, 26, 13, 16, 24], [0, 17, 19, 1, 3, 5, 8, 20, 6], [0, 34, 31, 14, 29, 36]]


#################
lambda = 0.2
mu = 1.3
nu = 1.6

res = 973.33
gap = 2.191

solution = [[0, 25, 35, 32, 27], [0, 13, 15, 30, 26, 18], [0, 10, 11, 12, 22, 23, 28, 2, 33], [0, 4, 17, 34, 19, 31, 6, 14], [0, 21, 9, 1, 3, 5, 8, 20], [0, 7, 16, 24, 29, 36]]


#################
lambda = 0.2
mu = 1.4000000000000001
nu = 0.1

res = 1086.939
gap = 12.415

solution = [[0, 25, 35, 32, 27], [0, 15, 30, 1, 3, 5, 8], [0, 6, 20, 33, 2, 28, 21, 9], [0, 14, 18, 10, 11, 12, 22, 23, 26], [0, 24, 16, 7, 4, 17, 13], [0, 29, 36, 31, 19, 34]]


#################
lambda = 0.2
mu = 1.4000000000000001
nu = 0.5

res = 1032.053
gap = 7.757

solution = [[0, 25, 35, 32, 27], [0, 15, 30, 1, 3, 5, 8], [0, 36, 29, 24, 16, 7], [0, 13, 10, 11, 12, 22, 23, 14], [0, 18, 4, 17, 34, 19, 31, 6], [0, 26, 21, 28, 2, 9, 33, 20]]


#################
lambda = 0.2
mu = 1.4000000000000001
nu = 1.2000000000000002

res = 1036.617
gap = 8.163

solution = [[0, 25, 35, 32, 27], [0, 36, 6, 8, 5, 3, 1, 20], [0, 14, 2, 28, 23, 22, 12, 11, 10], [0, 34, 31, 19, 21, 9, 33], [0, 18, 17, 26, 30, 15], [0, 4, 13, 7, 16, 24, 29]]


#################
lambda = 0.30000000000000004
mu = 1.1
nu = 0.1

res = 977.182
gap = 2.577

solution = [[0, 20, 33, 9, 2, 28, 23, 12, 22, 21], [0, 15, 30, 11, 10, 26], [0, 25, 35, 32, 27], [0, 6, 8, 5, 3, 1, 31, 19], [0, 14, 18, 4, 17, 34, 13], [0, 7, 16, 24, 29, 36]]


#################
lambda = 0.30000000000000004
mu = 1.2000000000000002
nu = 0.1

res = 986.654
gap = 3.512

solution = [[0, 4, 13, 30, 15, 32], [0, 27, 35, 25, 16], [0, 7, 17, 34, 1, 3, 5, 8], [0, 26, 10, 11, 12, 22, 23, 21], [0, 24, 29, 36, 6, 14], [0, 20, 33, 2, 28, 9, 19, 31, 18]]


#################
lambda = 0.30000000000000004
mu = 1.2000000000000002
nu = 0.30000000000000004

res = 982.367
gap = 3.091

solution = [[0, 21, 28, 23, 22, 12, 11, 10, 26], [0, 27, 35, 25, 16], [0, 13, 30, 15, 32], [0, 33, 2, 9, 31, 34, 18], [0, 24, 29, 36, 6, 14], [0, 7, 4, 17, 19, 1, 3, 5, 8, 20]]


#################
lambda = 0.30000000000000004
mu = 1.2000000000000002
nu = 0.9

res = 977.83
gap = 2.642

solution = [[0, 36, 29, 24, 16, 7], [0, 6, 20, 8, 5, 3, 1, 34, 4], [0, 26, 10, 11, 12, 22, 23, 21], [0, 17, 31, 19, 9, 28, 2, 33], [0, 32, 15, 30, 13, 18], [0, 27, 35, 25, 14]]


#################
lambda = 0.30000000000000004
mu = 1.2000000000000002
nu = 1.3

res = 1009.602
gap = 5.705

solution = [[0, 25, 35, 32, 27], [0, 7, 13, 30, 15, 16], [0, 26, 10, 11, 12, 22, 23, 21], [0, 24, 29, 36, 6, 14], [0, 20, 33, 2, 28, 9, 19, 31], [0, 18, 4, 17, 34, 1, 3, 5, 8]]


#################
lambda = 0.30000000000000004
mu = 1.4000000000000001
nu = 0.1

res = 1144.724
gap = 16.836

solution = [[0, 25, 35, 32, 27], [0, 8, 5, 3, 1, 15, 30], [0, 29, 36, 12, 22, 23, 28, 2, 33], [0, 6, 20, 31, 34, 18, 24], [0, 4, 26, 21, 9, 19, 17, 14], [0, 16, 7, 13, 11, 10]]


#################
lambda = 0.30000000000000004
mu = 1.4000000000000001
nu = 1.6

res = 1093.213
gap = 12.917

solution = [[0, 24, 13, 11, 10, 26], [0, 27, 32, 35, 25], [0, 15, 30, 12, 22, 23, 28, 2], [0, 14, 33, 9, 21, 34, 17, 18], [0, 16, 7, 4, 31, 19, 1, 3, 5], [0, 6, 20, 8, 29, 36]]


#################
lambda = 0.30000000000000004
mu = 1.4000000000000001
nu = 1.7000000000000002

res = 1093.213
gap = 12.917

solution = [[0, 24, 13, 11, 10, 26], [0, 27, 32, 35, 25], [0, 15, 30, 12, 22, 23, 28, 2], [0, 14, 33, 9, 21, 34, 17, 18], [0, 16, 7, 4, 31, 19, 1, 3, 5], [0, 6, 20, 8, 29, 36]]


#################
lambda = 0.30000000000000004
mu = 1.5
nu = 0.1

res = 1133.636
gap = 16.022

solution = [[0, 8, 5, 3, 1, 30, 15], [0, 25, 35, 32, 27], [0, 24, 16, 7, 11, 12, 22, 23], [0, 6, 20, 33, 9, 21, 28, 2], [0, 14, 18, 17, 26, 10, 13], [0, 29, 36, 31, 19, 34, 4]]


#################
lambda = 0.30000000000000004
mu = 1.5
nu = 1.5

res = 992.379
gap = 4.069

solution = [[0, 25, 35, 32, 27], [0, 15, 30, 11, 10, 26], [0, 20, 1, 3, 5, 8, 36, 29], [0, 24, 16, 7, 18, 4, 13], [0, 12, 22, 23, 28, 2, 21, 9, 33], [0, 14, 17, 34, 19, 31, 6]]


#################
lambda = 0.30000000000000004
mu = 1.6
nu = 0.1

res = 1048.913
gap = 9.239

solution = [[0, 25, 35, 32, 27], [0, 8, 5, 3, 1, 30, 15], [0, 36, 29, 24, 16, 7], [0, 18, 4, 34, 26, 10, 13], [0, 11, 12, 22, 23, 28, 2, 21, 17], [0, 6, 20, 33, 9, 19, 31, 14]]


#################
lambda = 0.30000000000000004
mu = 1.6
nu = 0.2

res = 1043.13
gap = 8.736

solution = [[0, 25, 35, 32, 27], [0, 8, 5, 3, 1, 30, 15], [0, 21, 28, 2, 9, 33, 20, 6], [0, 36, 29, 7, 16, 24], [0, 18, 17, 34, 31, 19, 13], [0, 14, 4, 26, 23, 22, 12, 11, 10]]


#################
lambda = 0.30000000000000004
mu = 1.6
nu = 0.7000000000000001

res = 1023.909
gap = 7.023

solution = [[0, 25, 35, 32, 27], [0, 8, 5, 3, 1, 30, 15], [0, 6, 20, 9, 21, 10, 26], [0, 7, 16, 24, 29, 36], [0, 4, 17, 19, 31, 34, 18, 14], [0, 33, 2, 28, 23, 22, 12, 11, 13]]


#################
lambda = 0.30000000000000004
mu = 1.8
nu = 0.1

res = 1063.6
gap = 10.493

solution = [[0, 25, 35, 32, 27], [0, 15, 30, 1, 3, 5, 8], [0, 14, 6, 36, 29, 24], [0, 16, 7, 13, 34, 17, 18], [0, 4, 31, 9, 21, 2, 33], [0, 19, 26, 10, 11, 12, 22, 23, 28, 20]]


#################
lambda = 0.4
mu = 0.1
nu = 0.1

res = 986.798
gap = 3.526

solution = [[0, 15, 30, 11, 10, 26], [0, 25, 35, 32, 27], [0, 20, 33, 9, 21, 2, 28, 23, 22, 12], [0, 14, 6, 36, 29, 24], [0, 4, 17, 34, 13, 16, 7], [0, 8, 5, 3, 1, 19, 31, 18]]


#################
lambda = 0.4
mu = 0.5
nu = 1.3

res = 976.362
gap = 2.495

solution = [[0, 20, 33, 9, 21, 2, 28, 23, 22, 12], [0, 15, 30, 11, 10, 26], [0, 25, 35, 32, 27], [0, 36, 29, 7, 16, 24], [0, 31, 19, 1, 3, 5, 8, 6], [0, 4, 13, 34, 17, 18, 14]]


#################
lambda = 0.4
mu = 1.0
nu = 0.1

res = 970.932
gap = 1.95

solution = [[0, 15, 30, 11, 10, 26], [0, 25, 35, 32, 27], [0, 31, 19, 1, 3, 5, 8, 6], [0, 36, 29, 24, 16, 7], [0, 20, 33, 9, 21, 2, 28, 23, 22, 12], [0, 14, 18, 4, 17, 34, 13]]


#################
lambda = 0.4
mu = 1.0
nu = 1.9000000000000001

res = 967.51
gap = 1.603

solution = [[0, 33, 9, 21, 2, 28, 23, 22, 12], [0, 15, 30, 11, 10, 26], [0, 25, 35, 32, 27], [0, 13, 19, 31, 34, 17, 4], [0, 36, 29, 24, 16, 7], [0, 6, 8, 5, 3, 1, 20, 18, 14]]


#################
lambda = 0.4
mu = 1.1
nu = 0.1

res = 972.595
gap = 2.118

solution = [[0, 33, 9, 2, 28, 23, 12, 22, 21], [0, 15, 30, 11, 10, 26], [0, 25, 35, 32, 27], [0, 4, 17, 34, 31, 19, 13], [0, 36, 29, 24, 16, 7], [0, 14, 18, 20, 1, 3, 5, 8, 6]]


#################
lambda = 0.4
mu = 1.1
nu = 0.6000000000000001

res = 981.447
gap = 3.0

solution = [[0, 20, 33, 9, 2, 28, 23, 12, 22, 21], [0, 15, 30, 11, 10, 26], [0, 25, 35, 32, 27], [0, 31, 19, 1, 3, 5, 8, 6], [0, 4, 13, 34, 17, 18, 14], [0, 36, 29, 7, 16, 24]]


#################
lambda = 0.4
mu = 1.2000000000000002
nu = 0.1

res = 1034.573
gap = 7.981

solution = [[0, 34, 19, 21, 2, 28, 23, 22, 12], [0, 8, 1, 3, 5, 33, 9, 31], [0, 7, 25, 35, 16], [0, 24, 29, 36, 6], [0, 20, 17, 13, 26, 10, 11], [0, 14, 18, 4, 30, 15, 32, 27]]


#################
lambda = 0.4
mu = 1.2000000000000002
nu = 1.7000000000000002

res = 973.715
gap = 2.23

solution = [[0, 25, 35, 32, 27], [0, 12, 22, 23, 28, 2, 21, 9, 33, 20], [0, 15, 30, 11, 10, 26], [0, 7, 16, 24, 36, 29], [0, 14, 18, 1, 3, 5, 8, 6], [0, 4, 17, 34, 31, 19, 13]]


#################
lambda = 0.4
mu = 1.3
nu = 0.1

res = 992.799
gap = 4.109

solution = [[0, 21, 28, 23, 22, 12, 11, 10, 26], [0, 33, 2, 9, 19, 31, 17], [0, 4, 13, 30, 15, 32], [0, 6, 20, 8, 5, 3, 1, 18, 14], [0, 36, 29, 24, 16, 7], [0, 34, 25, 35, 27]]


#################
lambda = 0.4
mu = 1.5
nu = 0.1

res = 1023.275
gap = 6.965

solution = [[0, 25, 35, 32, 27], [0, 29, 36, 8, 5, 3, 1, 20], [0, 15, 30, 26, 19, 31], [0, 17, 2, 28, 23, 22, 12, 11, 10], [0, 6, 33, 9, 21, 34, 18], [0, 24, 16, 7, 13, 4, 14]]


#################
lambda = 0.4
mu = 1.5
nu = 0.6000000000000001

res = 1023.275
gap = 6.965

solution = [[0, 25, 35, 32, 27], [0, 29, 36, 8, 5, 3, 1, 20], [0, 15, 30, 26, 19, 31], [0, 17, 2, 28, 23, 22, 12, 11, 10], [0, 6, 33, 9, 21, 34, 18], [0, 24, 16, 7, 13, 4, 14]]


#################
lambda = 0.4
mu = 1.5
nu = 0.7000000000000001

res = 1144.724
gap = 16.836

solution = [[0, 25, 35, 32, 27], [0, 8, 5, 3, 1, 15, 30], [0, 29, 36, 12, 22, 23, 28, 2, 33], [0, 6, 20, 31, 34, 18, 24], [0, 4, 26, 21, 9, 19, 17, 14], [0, 16, 7, 13, 11, 10]]


#################
lambda = 0.4
mu = 1.7000000000000002
nu = 1.3

res = 1092.066
gap = 12.826

solution = [[0, 8, 5, 3, 1, 15, 30], [0, 18, 4, 26, 13, 16, 24], [0, 6, 20, 33, 2, 28, 9, 31], [0, 14, 17, 34, 19, 36, 29], [0, 32, 10, 11, 12, 22, 23, 21], [0, 27, 35, 25, 7]]


#################
lambda = 0.4
mu = 1.7000000000000002
nu = 1.4000000000000001

res = 1028.718
gap = 7.458

solution = [[0, 25, 35, 32, 27], [0, 8, 5, 3, 1, 15, 30], [0, 36, 29, 24, 16, 7], [0, 18, 17, 34, 19, 31, 6], [0, 13, 10, 11, 12, 22, 23, 28, 33, 20], [0, 4, 26, 21, 2, 9, 14]]


#################
lambda = 0.5
mu = 1.1
nu = 0.1

res = 994.651
gap = 4.288

solution = [[0, 33, 9, 2, 28, 23, 12, 22, 21], [0, 15, 30, 11, 10, 26], [0, 25, 35, 32, 27], [0, 14, 6, 36, 29, 24], [0, 20, 8, 5, 3, 1, 19, 31, 18], [0, 16, 7, 4, 17, 34, 13]]


#################
lambda = 0.5
mu = 1.1
nu = 1.2000000000000002

res = 989.566
gap = 3.796

solution = [[0, 33, 9, 21, 2, 28, 23, 22, 12], [0, 15, 30, 11, 10, 26], [0, 25, 35, 32, 27], [0, 14, 6, 36, 29, 24], [0, 20, 8, 5, 3, 1, 19, 31, 18], [0, 16, 7, 4, 17, 34, 13]]


#################
lambda = 0.5
mu = 1.1
nu = 1.5

res = 976.362
gap = 2.495

solution = [[0, 20, 33, 9, 21, 2, 28, 23, 22, 12], [0, 15, 30, 11, 10, 26], [0, 25, 35, 32, 27], [0, 36, 29, 7, 16, 24], [0, 4, 13, 34, 17, 18, 14], [0, 31, 19, 1, 3, 5, 8, 6]]


#################
lambda = 0.5
mu = 1.2000000000000002
nu = 0.1

res = 1007.147
gap = 5.476

solution = [[0, 8, 1, 3, 5, 33, 9, 31], [0, 25, 35, 32, 27], [0, 6, 20, 34, 17, 18, 4, 13], [0, 7, 16, 24, 29, 36], [0, 15, 30, 10, 26, 14], [0, 11, 12, 22, 23, 28, 2, 21, 19]]


#################
lambda = 0.5
mu = 1.3
nu = 0.4

res = 982.951
gap = 3.149

solution = [[0, 18, 13, 30, 15, 32], [0, 27, 35, 25, 14], [0, 6, 20, 8, 5, 3, 1, 34, 4], [0, 7, 16, 24, 29, 36], [0, 11, 10, 26, 19, 31, 17], [0, 33, 9, 21, 2, 28, 23, 22, 12]]


#################
lambda = 0.5
mu = 1.3
nu = 0.7000000000000001

res = 988.662
gap = 3.708

solution = [[0, 20, 8, 5, 3, 1, 34, 17, 4], [0, 14, 33, 2, 28, 9, 19, 31], [0, 27, 32, 15, 30, 13], [0, 26, 10, 11, 12, 22, 23, 21], [0, 18, 6, 36, 29, 24], [0, 7, 25, 35, 16]]


#################
lambda = 0.5
mu = 1.3
nu = 1.8

res = 994.417
gap = 4.266

solution = [[0, 21, 2, 28, 23, 22, 12, 32, 27], [0, 6, 8, 5, 3, 1, 20, 18, 14], [0, 4, 17, 34, 31, 19, 9, 33], [0, 35, 25, 13], [0, 26, 10, 11, 30, 15], [0, 7, 16, 24], [0, 36, 29]]


#################
lambda = 0.5
mu = 1.4000000000000001
nu = 0.1

res = 987.121
gap = 3.558

solution = [[0, 36, 29], [0, 9, 21, 26, 13], [0, 33, 2, 28, 23, 22, 12, 11, 10], [0, 6, 8, 5, 3, 1, 20, 14], [0, 4, 17, 19, 31, 34, 18], [0, 7, 25, 35, 16], [0, 30, 15, 32, 27, 24]]


#################
lambda = 0.5
mu = 1.4000000000000001
nu = 0.9

res = 995.623
gap = 4.381

solution = [[0, 25, 35, 27, 24], [0, 20, 1, 3, 5, 8, 36, 29], [0, 4, 13, 30, 15, 32], [0, 16, 7, 10, 11, 12, 22, 26], [0, 14, 31, 19, 34, 17, 18], [0, 6, 33, 9, 2, 28, 23, 21]]


#################
lambda = 0.5
mu = 1.5
nu = 0.1

res = 992.379
gap = 4.069

solution = [[0, 25, 35, 32, 27], [0, 20, 1, 3, 5, 8, 36, 29], [0, 12, 22, 23, 28, 2, 21, 9, 33], [0, 26, 10, 11, 30, 15], [0, 14, 17, 34, 19, 31, 6], [0, 24, 16, 7, 18, 4, 13]]


#################
lambda = 0.5
mu = 1.5
nu = 0.4

res = 982.997
gap = 3.153

solution = [[0, 25, 35, 32, 27], [0, 20, 1, 3, 5, 8, 36, 29], [0, 26, 10, 11, 30, 15], [0, 33, 9, 21, 2, 28, 23, 22, 12], [0, 24, 16, 7, 13, 4, 14], [0, 6, 31, 19, 34, 17, 18]]


#################
lambda = 0.5
mu = 1.6
nu = 0.1

res = 1057.38
gap = 9.966

solution = [[0, 25, 35, 32, 27], [0, 14, 4, 26, 10, 22, 23, 12, 11], [0, 6, 20, 31, 19, 2, 28, 21], [0, 8, 1, 3, 5, 33, 9, 34], [0, 7, 16, 24, 36, 29], [0, 18, 17, 13, 30, 15]]


#################
lambda = 0.5
mu = 1.6
nu = 0.8

res = 1086.458
gap = 12.376

solution = [[0, 25, 35, 32, 27], [0, 29, 36, 14, 30, 15], [0, 24, 16, 7, 4, 17, 34], [0, 13, 10, 11, 12, 22, 26], [0, 6, 20, 9, 21, 2, 28, 23], [0, 8, 1, 3, 5, 33, 19, 31, 18]]


#################
lambda = 0.5
mu = 1.6
nu = 1.9000000000000001

res = 1099.763
gap = 13.436

solution = [[0, 25, 35, 32, 27], [0, 8, 5, 3, 1, 30, 15], [0, 6, 20, 33, 9, 2, 28, 21], [0, 7, 26, 10, 11, 12, 22, 23], [0, 14, 18, 17, 34, 36, 29], [0, 24, 16, 4, 31, 19, 13]]


#################
lambda = 0.5
mu = 1.7000000000000002
nu = 0.1

res = 1085.952
gap = 12.335

solution = [[0, 18, 4, 17, 19, 23, 22, 12, 30, 7], [0, 8, 5, 3, 1, 13, 24], [0, 29, 36, 31, 34, 14], [0, 6, 20, 9, 21, 28, 2, 33], [0, 27, 35, 25, 16], [0, 32, 15, 11, 10, 26]]


#################
lambda = 0.5
mu = 1.9000000000000001
nu = 0.7000000000000001

res = 1023.904
gap = 7.023

solution = [[0, 25, 35, 32, 27], [0, 8, 5, 3, 1, 30, 15], [0, 18, 17, 34, 19, 31, 6], [0, 36, 29, 24, 16, 7], [0, 14, 4, 26, 10, 11, 13], [0, 20, 33, 9, 21, 2, 28, 23, 22, 12]]


#################
lambda = 0.5
mu = 1.9000000000000001
nu = 1.4000000000000001

res = 1076.961
gap = 11.603

solution = [[0, 25, 35, 32, 27], [0, 8, 5, 3, 1, 15, 30], [0, 29, 36, 31, 19, 17, 4, 18], [0, 24, 16, 13, 34, 14], [0, 2, 28, 23, 22, 12, 11, 10, 7], [0, 6, 20, 33, 9, 21, 26]]


#################
lambda = 0.6000000000000001
mu = 1.1
nu = 1.9000000000000001

res = 973.588
gap = 2.217

solution = [[0, 15, 30, 11, 10, 26], [0, 25, 35, 32, 27], [0, 36, 6, 8, 5, 3, 1, 20], [0, 13, 19, 31, 34, 17, 18], [0, 33, 9, 21, 2, 28, 23, 22, 12, 4], [0, 14, 7, 16, 24, 29]]


#################
lambda = 0.6000000000000001
mu = 1.2000000000000002
nu = 0.4

res = 972.595
gap = 2.118

solution = [[0, 33, 9, 2, 28, 23, 12, 22, 21], [0, 15, 30, 11, 10, 26], [0, 25, 35, 32, 27], [0, 7, 16, 24, 29, 36], [0, 6, 8, 5, 3, 1, 20, 18, 14], [0, 4, 17, 34, 31, 19, 13]]


#################
lambda = 0.6000000000000001
mu = 1.2000000000000002
nu = 1.8

res = 986.065
gap = 3.455

solution = [[0, 33, 9, 2, 28, 23, 12, 22, 21], [0, 15, 30, 11, 10, 26], [0, 25, 35, 32, 27], [0, 34, 1, 3, 5, 8, 20, 6], [0, 36, 29, 7, 16, 24], [0, 4, 13, 19, 31, 17, 18, 14]]


#################
lambda = 0.6000000000000001
mu = 1.3
nu = 0.2

res = 1024.057
gap = 7.036

solution = [[0, 27, 32, 35, 25], [0, 15, 30, 11, 10, 26], [0, 29, 36, 8, 5, 3, 1, 20], [0, 24, 16, 7, 13, 4, 14], [0, 18, 17, 34, 21, 19, 31], [0, 6, 33, 9, 2, 28, 23, 22, 12]]


#################
lambda = 0.6000000000000001
mu = 1.5
nu = 0.1

res = 1043.318
gap = 8.753

solution = [[0, 25, 35, 27, 24], [0, 16, 7, 13, 10, 26], [0, 20, 1, 3, 5, 8, 29, 36], [0, 4, 11, 12, 22, 23, 28, 2, 33, 6], [0, 18, 34, 31, 19, 21, 9], [0, 32, 15, 30, 17, 14]]


#################
lambda = 0.6000000000000001
mu = 1.5
nu = 0.30000000000000004

res = 1032.491
gap = 7.796

solution = [[0, 25, 35, 27, 24], [0, 4, 13, 30, 15, 32], [0, 16, 7, 26, 10, 11], [0, 14, 9, 21, 2, 28, 23, 22, 12], [0, 6, 20, 19, 31, 34, 17, 18], [0, 33, 5, 3, 1, 8, 36, 29]]


#################
lambda = 0.6000000000000001
mu = 1.6
nu = 1.3

res = 1004.027
gap = 5.182

solution = [[0, 25, 35, 32, 27], [0, 14, 4, 13, 7, 16, 24], [0, 20, 1, 3, 5, 8, 36, 29], [0, 15, 30, 11, 12, 22, 26], [0, 33, 9, 21, 2, 28, 23, 10], [0, 6, 31, 19, 34, 17, 18]]


#################
lambda = 0.6000000000000001
mu = 1.6
nu = 1.8

res = 1016.466
gap = 6.342

solution = [[0, 25, 35, 32, 27], [0, 20, 1, 3, 5, 8, 36, 29], [0, 6, 9, 21, 19, 31, 14], [0, 10, 11, 12, 22, 23, 28, 2, 33, 18], [0, 4, 13, 7, 16, 24], [0, 15, 30, 26, 34, 17]]


#################
lambda = 0.6000000000000001
mu = 1.8
nu = 0.1

res = 972.502
gap = 2.108

solution = [[0, 6, 8, 5, 3, 1, 31, 19], [0, 36, 29, 24, 16, 7], [0, 35, 25, 13], [0, 27, 32, 15, 30, 26, 4], [0, 14, 9, 21, 34, 17, 18], [0, 20, 33, 2, 28, 23, 22, 12, 11, 10]]


#################
lambda = 0.7000000000000001
mu = 1.6
nu = 0.1

res = 997.147
gap = 4.528

solution = [[0, 25, 35, 32, 27], [0, 15, 30, 11, 10, 26], [0, 18, 17, 34, 19, 9, 33, 31], [0, 36, 29, 24, 16, 7], [0, 4, 20, 1, 3, 5, 8, 6, 14], [0, 13, 12, 22, 23, 28, 2, 21]]


#################
lambda = 0.7000000000000001
mu = 1.6
nu = 0.2

res = 1023.92
gap = 7.024

solution = [[0, 25, 35, 32, 27], [0, 20, 1, 3, 5, 8, 36, 29], [0, 24, 16, 7, 18, 4, 13], [0, 15, 30, 10, 26, 14], [0, 6, 33, 9, 19, 31, 34], [0, 17, 21, 2, 28, 23, 22, 12, 11]]


#################
lambda = 0.7000000000000001
mu = 1.8
nu = 0.1

res = 961.525
gap = 0.991

solution = [[0, 24, 27, 35, 25], [0, 4, 13, 30, 15, 32], [0, 31, 19, 1, 3, 5, 8, 6], [0, 10, 11, 12, 22, 23, 28, 2, 33, 20], [0, 18, 17, 34, 9, 21, 26], [0, 16, 7, 14], [0, 29, 36]]


#################
lambda = 0.7000000000000001
mu = 1.8
nu = 0.7000000000000001

res = 1067.378
gap = 10.809

solution = [[0, 14, 18, 17, 26, 10, 13], [0, 36, 29, 7, 16, 24], [0, 20, 9, 21, 19, 31, 34, 4], [0, 27, 35, 25, 6], [0, 30, 11, 12, 22, 23, 28, 2, 33], [0, 8, 5, 3, 1, 15, 32]]


#################
lambda = 0.7000000000000001
mu = 1.8
nu = 1.1

res = 1032.44
gap = 7.791

solution = [[0, 25, 35, 32, 27], [0, 8, 5, 3, 1, 30, 15], [0, 7, 16, 24, 29, 36], [0, 6, 20, 31, 34, 17, 18, 14], [0, 33, 9, 2, 28, 23, 21, 19], [0, 4, 26, 22, 12, 11, 10, 13]]


#################
lambda = 0.8
mu = 0.1
nu = 0.1

res = 991.678
gap = 4.001

solution = [[0, 20, 33, 9, 21, 2, 28, 23, 22, 12], [0, 8, 5, 3, 1, 31, 34, 18], [0, 7, 25, 35, 16], [0, 14, 6, 36, 29, 24], [0, 4, 17, 30, 15, 32, 27], [0, 13, 11, 10, 26, 19]]


#################
lambda = 0.8
mu = 0.1
nu = 0.9

res = 994.691
gap = 4.292

solution = [[0, 13, 11, 10, 26, 17, 4], [0, 18, 34, 19, 31, 36, 29], [0, 6, 8, 5, 3, 1, 20, 14], [0, 33, 9, 21, 2, 28, 23, 22, 12], [0, 25, 35, 27, 24], [0, 7, 30, 15, 32, 16]]


#################
lambda = 0.8
mu = 0.1
nu = 1.7000000000000002

res = 1019.263
gap = 6.599

solution = [[0, 27, 35, 25, 16], [0, 7, 32, 15, 30, 14], [0, 33, 9, 21, 2, 28, 23, 22, 12], [0, 18, 19, 26, 10, 11, 13], [0, 6, 20, 1, 3, 5, 8, 36], [0, 4, 17, 34, 31, 29, 24]]


#################
lambda = 0.8
mu = 0.2
nu = 1.9000000000000001

res = 967.51
gap = 1.603

solution = [[0, 15, 30, 11, 10, 26], [0, 27, 32, 35, 25], [0, 36, 29, 24, 16, 7], [0, 33, 9, 21, 2, 28, 23, 22, 12], [0, 4, 17, 34, 31, 19, 13], [0, 14, 18, 20, 1, 3, 5, 8, 6]]


#################
lambda = 0.8
mu = 1.7000000000000002
nu = 0.1

res = 986.061
gap = 3.454

solution = [[0, 7, 25, 35, 16], [0, 13, 30, 15, 32, 27], [0, 34, 9, 33, 5, 3, 1, 8], [0, 4, 10, 26, 19, 31, 17, 18], [0, 20, 21, 2, 28, 23, 22, 12, 11], [0, 24, 29, 36, 6, 14]]


#################
lambda = 0.8
mu = 1.7000000000000002
nu = 0.8

res = 975.382
gap = 2.397

solution = [[0, 32, 15, 30, 13, 4], [0, 18, 17, 19, 1, 3, 8, 20, 6], [0, 10, 11, 12, 22, 23, 28, 2, 33, 5], [0, 27, 35, 25], [0, 34, 31, 9, 21, 26], [0, 36, 29], [0, 24, 16, 7, 14]]


#################
lambda = 0.8
mu = 1.9000000000000001
nu = 0.1

res = 1007.909
gap = 5.547

solution = [[0, 27, 32, 35, 25], [0, 7, 13, 30, 15, 16], [0, 24, 29, 36, 6, 14], [0, 8, 5, 3, 1, 34, 17, 4], [0, 20, 33, 2, 28, 9, 19, 31, 18], [0, 26, 10, 11, 12, 22, 23, 21]]


#################
lambda = 0.8
mu = 1.9000000000000001
nu = 0.6000000000000001

res = 979.77
gap = 2.834

solution = [[0, 31, 19, 9, 2, 21], [0, 4, 26, 10, 11, 12, 22, 23, 28, 33], [0, 7, 25, 35, 16], [0, 27, 32, 15, 30, 13], [0, 18, 17, 34, 20, 1, 3, 5, 8], [0, 24, 29, 36, 6, 14]]


#################
lambda = 0.8
mu = 1.9000000000000001
nu = 1.4000000000000001

res = 1016.469
gap = 6.342

solution = [[0, 18, 4, 17, 34, 19, 31, 14], [0, 6, 20, 1, 3, 5, 8, 36], [0, 33, 9, 2, 28, 21, 26], [0, 29], [0, 25, 35, 27, 24], [0, 16, 7, 10, 11, 12, 22, 23], [0, 32, 15, 30, 13]]


#################
lambda = 0.9
mu = 0.1
nu = 0.1

res = 979.848
gap = 2.842

solution = [[0, 13, 30, 15, 32, 27], [0, 7, 25, 35, 16], [0, 20, 33, 9, 21, 2, 28, 23, 22, 12], [0, 24, 29, 36, 6, 14], [0, 4, 17, 34, 1, 3, 5, 8], [0, 18, 31, 19, 26, 10, 11]]


#################
lambda = 0.9
mu = 0.1
nu = 0.7000000000000001

res = 950.852
gap = -0.121

solution = [[0, 27, 32, 15, 30, 13], [0, 7, 25, 35, 16], [0, 10, 11, 12, 22, 23, 28, 2, 33], [0, 24, 29, 36, 6, 14], [0, 18, 17, 34, 1, 3, 5, 8, 20], [0, 31, 19, 9, 21, 26, 4]]


#################
lambda = 0.9
mu = 0.1
nu = 1.1

res = 998.614
gap = 4.668

solution = [[0, 13, 11, 10, 26, 17, 4], [0, 29, 36, 18, 34, 19, 31], [0, 25, 35, 27, 24], [0, 7, 30, 15, 32, 16], [0, 6, 8, 5, 3, 1, 20, 14], [0, 33, 9, 21, 2, 28, 23, 22, 12]]


#################
lambda = 0.9
mu = 0.2
nu = 1.3

res = 994.691
gap = 4.292

solution = [[0, 13, 11, 10, 26, 17, 4], [0, 18, 34, 19, 31, 36, 29], [0, 6, 8, 5, 3, 1, 20, 14], [0, 33, 9, 21, 2, 28, 23, 22, 12], [0, 25, 35, 27, 24], [0, 7, 30, 15, 32, 16]]


#################
lambda = 0.9
mu = 0.30000000000000004
nu = 0.4

res = 976.463
gap = 2.505

solution = [[0, 15, 30, 11, 10, 26], [0, 25, 35, 32, 27], [0, 13, 19, 31, 34, 17, 4], [0, 33, 9, 21, 2, 28, 23, 22, 12], [0, 7, 16, 24, 29, 36], [0, 14, 18, 6, 20, 1, 3, 5, 8]]


#################
lambda = 0.9
mu = 0.30000000000000004
nu = 1.0

res = 967.51
gap = 1.603

solution = [[0, 15, 30, 11, 10, 26], [0, 25, 35, 32, 27], [0, 7, 16, 24, 29, 36], [0, 33, 9, 21, 2, 28, 23, 22, 12], [0, 13, 19, 31, 34, 17, 4], [0, 6, 8, 5, 3, 1, 20, 18, 14]]


#################
lambda = 0.9
mu = 0.30000000000000004
nu = 1.6

res = 967.51
gap = 1.603

solution = [[0, 15, 30, 11, 10, 26], [0, 27, 32, 35, 25], [0, 7, 16, 24, 29, 36], [0, 33, 9, 21, 2, 28, 23, 22, 12], [0, 4, 17, 34, 31, 19, 13], [0, 6, 8, 5, 3, 1, 20, 18, 14]]


#################
lambda = 0.9
mu = 0.4
nu = 1.8

res = 957.03
gap = 0.526

solution = [[0, 15, 30, 11, 10, 26], [0, 25, 35, 32, 27], [0, 13, 19, 31, 34, 17, 18], [0, 33, 9, 21, 2, 28, 23, 22, 12, 4], [0, 6, 8, 5, 3, 1, 20, 14], [0, 7, 16, 24, 29, 36]]


#################
lambda = 0.9
mu = 0.9
nu = 0.1

res = 970.34
gap = 1.89

solution = [[0, 25, 35, 32, 27], [0, 7, 16, 24, 29, 36], [0, 31, 19, 1, 3, 5, 8, 6], [0, 15, 30, 11, 10, 26], [0, 20, 33, 9, 21, 2, 28, 23, 22, 12], [0, 4, 13, 34, 17, 18, 14]]


#################
lambda = 0.9
mu = 1.4000000000000001
nu = 0.1

res = 995.618
gap = 4.381

solution = [[0, 15, 30, 11, 10, 4, 14], [0, 25, 35, 32, 27], [0, 7, 16, 24, 29, 36], [0, 13, 19, 31, 34, 17, 18], [0, 9, 33, 5, 3, 1, 8, 6], [0, 26, 12, 22, 23, 28, 2, 21, 20]]


#################
lambda = 0.9
mu = 1.5
nu = 0.6000000000000001

res = 1004.463
gap = 5.223

solution = [[0, 25, 35, 32, 27], [0, 34, 31, 19, 2, 28, 23, 22, 12], [0, 15, 30, 11, 10, 26], [0, 7, 16, 24, 29, 36], [0, 6, 8, 5, 3, 1, 20, 14], [0, 18, 17, 33, 9, 21, 13, 4]]


#################
lambda = 0.9
mu = 1.6
nu = 1.9000000000000001

res = 974.754
gap = 2.334

solution = [[0, 21, 28, 23, 22, 12, 11, 10, 26], [0, 36, 29, 24, 16, 7], [0, 32, 15, 30, 13, 4], [0, 14, 25, 35, 27], [0, 18, 17, 34, 1, 3, 5, 8, 20], [0, 31, 19, 9, 2, 33, 6]]


#################
lambda = 0.9
mu = 1.9000000000000001
nu = 1.2000000000000002

res = 1000.892
gap = 4.885

solution = [[0, 7, 25, 35, 16], [0, 29, 36, 8, 5, 3, 1, 20], [0, 6, 31, 19, 34, 4, 24], [0, 14, 18, 17, 21, 26, 13], [0, 10, 30, 15, 32, 27], [0, 33, 9, 2, 28, 23, 22, 12, 11]]


#################
lambda = 0.9
mu = 1.9000000000000001
nu = 1.9000000000000001

res = 995.616
gap = 4.381

solution = [[0, 32, 15, 30, 26, 17], [0, 27, 35, 25], [0, 10, 11, 12, 22, 23, 28, 2, 33], [0, 4, 13, 19, 31, 34, 18], [0, 20, 8, 5, 3, 1, 9, 21], [0, 14, 6, 36, 29], [0, 7, 16, 24]]


#################
lambda = 1.0
mu = 0.1
nu = 0.1

res = 963.963
gap = 1.241

solution = [[0, 29, 36], [0, 15, 30, 11, 10, 26], [0, 27, 32, 35, 25], [0, 24, 16, 7], [0, 18, 17, 34, 31, 19, 13], [0, 6, 8, 5, 3, 1, 20, 14], [0, 33, 9, 21, 2, 28, 23, 22, 12, 4]]


#################
lambda = 1.0
mu = 0.1
nu = 0.5

res = 1007.336
gap = 5.493

solution = [[0, 29, 36], [0, 33, 9, 21, 2, 28, 23, 22, 12, 4], [0, 27, 35, 25, 16], [0, 6, 8, 5, 3, 1, 20, 14], [0, 24, 32, 15, 30, 7], [0, 13, 11, 10, 26], [0, 18, 17, 34, 31, 19]]


#################
lambda = 1.0
mu = 0.1
nu = 0.6000000000000001

res = 1006.688
gap = 5.432

solution = [[0, 33, 9, 21, 2, 28, 23, 22, 12], [0, 27, 35, 25, 7], [0, 13, 30, 15, 32], [0, 24, 16], [0, 29, 36, 6, 14], [0, 20, 8, 5, 3, 1, 31, 34], [0, 18, 4, 17, 19, 26, 10, 11]]


#################
lambda = 1.0
mu = 0.1
nu = 1.1

res = 1007.068
gap = 5.468

solution = [[0, 29, 36], [0, 33, 9, 21, 2, 28, 23, 22, 12, 4], [0, 20, 1, 3, 5, 8, 6], [0, 13, 11, 10, 26, 18], [0, 27, 35, 25, 16], [0, 17, 34, 19, 31, 14], [0, 7, 30, 15, 32, 24]]


#################
lambda = 1.0
mu = 0.2
nu = 0.7000000000000001

res = 998.132
gap = 4.622

solution = [[0, 13, 11, 10, 26, 17], [0, 33, 9, 21, 2, 28, 23, 22, 12, 4], [0, 7, 30, 15, 32, 16], [0, 6, 8, 5, 3, 1, 20, 14], [0, 25, 35, 27, 24], [0, 29, 36, 18, 34, 19, 31]]


#################
lambda = 1.0
mu = 0.30000000000000004
nu = 0.1

res = 1000.342
gap = 4.833

solution = [[0, 33, 9, 21, 2, 28, 23, 22, 12], [0, 16, 35, 25, 7], [0, 30, 15, 32, 27, 24], [0, 6, 20, 1, 3, 5, 8, 36], [0, 14, 4, 26, 10, 11, 13], [0, 29, 31, 19, 34, 17, 18]]


#################
lambda = 1.0
mu = 0.30000000000000004
nu = 1.0

res = 1031.299
gap = 7.689

solution = [[0, 33, 9, 21, 2, 28, 23, 22, 12, 4], [0, 18, 19, 13, 26, 10, 11], [0, 7, 30, 15, 32, 16], [0, 6, 8, 5, 3, 1, 20, 14], [0, 25, 35, 27, 24], [0, 17, 34, 31, 29, 36]]


#################
lambda = 1.0
mu = 0.30000000000000004
nu = 1.1

res = 1023.35
gap = 6.972

solution = [[0, 18, 19, 13, 26, 10, 11], [0, 7, 30, 15, 32, 16], [0, 25, 35, 27, 24], [0, 4, 17, 34, 31, 36, 29], [0, 6, 8, 5, 3, 1, 20, 14], [0, 33, 9, 21, 2, 28, 23, 22, 12]]


#################
lambda = 1.0
mu = 0.5
nu = 0.1

res = 967.51
gap = 1.603

solution = [[0, 15, 30, 11, 10, 26], [0, 25, 35, 32, 27], [0, 13, 19, 31, 34, 17, 4], [0, 6, 8, 5, 3, 1, 20, 18, 14], [0, 33, 9, 21, 2, 28, 23, 22, 12], [0, 7, 16, 24, 29, 36]]


#################
lambda = 1.0
mu = 0.5
nu = 1.6

res = 976.463
gap = 2.505

solution = [[0, 15, 30, 11, 10, 26], [0, 27, 32, 35, 25], [0, 4, 17, 34, 31, 19, 13], [0, 33, 9, 21, 2, 28, 23, 22, 12], [0, 7, 16, 24, 29, 36], [0, 14, 18, 6, 20, 1, 3, 5, 8]]


#################
lambda = 1.0
mu = 1.6
nu = 1.4000000000000001

res = 990.184
gap = 3.856

solution = [[0, 21, 28, 23, 22, 12, 11, 10, 26], [0, 25, 35, 32, 27], [0, 36, 29, 24, 16, 7], [0, 33, 2, 9, 19, 31, 34], [0, 18, 4, 17, 13, 30, 15], [0, 6, 8, 5, 3, 1, 20, 14]]


#################
lambda = 1.0
mu = 1.8
nu = 0.1

res = 983.862
gap = 3.238

solution = [[0, 29, 36], [0, 10, 11, 12, 22, 23, 28, 2, 33, 20], [0, 35, 25], [0, 13, 30, 15, 32, 27], [0, 34, 19, 1, 3, 5, 8, 6], [0, 24, 16, 7, 18, 14], [0, 4, 17, 31, 26, 21, 9]]


#################
lambda = 1.0
mu = 1.8
nu = 1.8

res = 1006.397
gap = 5.405

solution = [[0, 4, 18, 20, 1, 3, 5, 8, 6, 14], [0, 30, 35, 25], [0, 33, 9, 21, 2, 28, 23, 22, 12], [0, 13, 26, 19, 31, 34], [0, 27, 32, 15, 11, 10, 17], [0, 24, 16, 7], [0, 29, 36]]


#################
lambda = 1.1
mu = 0.1
nu = 0.1

res = 967.23
gap = 1.575

solution = [[0, 33, 2, 28, 23, 22, 12, 11, 10], [0, 7, 25, 35, 16], [0, 27, 32, 15, 30, 13], [0, 26, 21, 9, 5, 3, 1, 20], [0, 14, 6, 36, 29, 24], [0, 8, 19, 31, 34, 17, 4, 18]]


#################
lambda = 1.1
mu = 0.1
nu = 0.4

res = 982.823
gap = 3.136

solution = [[0, 33, 9, 21, 2, 28, 23, 22, 12], [0, 27, 32, 35, 25], [0, 4, 17, 19, 31, 34, 18, 14], [0, 26, 10, 11, 30, 15], [0, 6, 20, 8, 5, 3, 1, 13], [0, 36, 29], [0, 7, 16, 24]]


#################
lambda = 1.1
mu = 0.1
nu = 0.6000000000000001

res = 1000.247
gap = 4.824

solution = [[0, 13, 11, 10, 26, 4], [0, 18, 17, 34, 19, 31, 14], [0, 29, 36], [0, 7, 25, 35, 16], [0, 30, 15, 32, 27, 24], [0, 20, 1, 3, 5, 8, 6], [0, 12, 22, 23, 28, 2, 21, 9, 33]]


#################
lambda = 1.1
mu = 0.1
nu = 1.0

res = 1006.1
gap = 5.377

solution = [[0, 29, 36], [0, 12, 22, 23, 28, 2, 21, 9, 33], [0, 20, 1, 3, 5, 8, 6], [0, 13, 11, 10, 26, 4], [0, 27, 35, 25, 16], [0, 18, 17, 34, 19, 31, 14], [0, 7, 30, 15, 32, 24]]


#################
lambda = 1.1
mu = 0.2
nu = 0.1

res = 974.442
gap = 2.303

solution = [[0, 4, 17, 34, 31, 19, 13], [0, 33, 9, 21, 2, 28, 23, 22, 12], [0, 15, 30, 11, 10, 26], [0, 27, 32, 35, 25], [0, 6, 8, 5, 3, 1, 20, 18, 14], [0, 24, 16, 7], [0, 36, 29]]


#################
lambda = 1.1
mu = 0.30000000000000004
nu = 0.4

res = 1002.641
gap = 5.051

solution = [[0, 13, 11, 10, 26, 17], [0, 33, 9, 21, 2, 28, 23, 22, 12, 4], [0, 7, 30, 15, 32, 16], [0, 6, 8, 5, 3, 1, 20, 14], [0, 25, 35, 27, 24], [0, 18, 34, 19, 31, 29, 36]]


#################
lambda = 1.1
mu = 0.4
nu = 0.1

res = 989.564
gap = 3.796

solution = [[0, 13, 11, 10, 26, 34], [0, 33, 9, 21, 2, 28, 23, 22, 12], [0, 20, 8, 5, 3, 1, 19, 31, 18], [0, 4, 17, 30, 15, 32, 27], [0, 16, 35, 25, 7], [0, 14, 6, 36, 29, 24]]


#################
lambda = 1.1
mu = 0.4
nu = 0.2

res = 990.584
gap = 3.895

solution = [[0, 13, 11, 10, 26, 34], [0, 33, 9, 21, 2, 28, 23, 22, 12, 4], [0, 20, 8, 5, 3, 1, 19, 31, 18], [0, 17, 30, 15, 32, 27, 7], [0, 16, 35, 25], [0, 14, 6, 36, 29, 24]]


#################
lambda = 1.1
mu = 0.4
nu = 0.7000000000000001

res = 986.924
gap = 3.539

solution = [[0, 20, 8, 5, 3, 1, 19, 31, 14], [0, 7, 25, 35, 16], [0, 18, 17, 30, 15, 32, 27], [0, 33, 9, 21, 2, 28, 23, 22, 12, 4], [0, 6, 36, 29, 24], [0, 13, 11, 10, 26, 34]]


#################
lambda = 1.1
mu = 0.7000000000000001
nu = 0.1

res = 967.51
gap = 1.603

solution = [[0, 15, 30, 11, 10, 26], [0, 33, 9, 21, 2, 28, 23, 22, 12], [0, 25, 35, 32, 27], [0, 13, 19, 31, 34, 17, 4], [0, 6, 8, 5, 3, 1, 20, 18, 14], [0, 7, 16, 24, 29, 36]]


#################
lambda = 1.1
mu = 1.9000000000000001
nu = 0.6000000000000001

res = 1020.469
gap = 6.71

solution = [[0, 29, 36], [0, 14, 20, 1, 3, 5, 8, 6], [0, 27, 35, 25], [0, 32, 15, 12, 22, 23, 28, 2, 33], [0, 18, 34, 31, 19, 21, 9], [0, 24, 16, 7, 13], [0, 4, 17, 26, 10, 11, 30]]


#################
lambda = 1.2000000000000002
mu = 0.1
nu = 0.1

res = 997.136
gap = 4.527

solution = [[0, 32, 15, 30, 13], [0, 27, 35, 25, 34], [0, 21, 28, 23, 22, 12, 11, 10, 26], [0, 33, 2, 9, 19, 31, 17, 4], [0, 6, 8, 5, 3, 1, 20, 18, 14], [0, 24, 16, 7], [0, 29, 36]]


#################
lambda = 1.2000000000000002
mu = 0.1
nu = 0.2

res = 994.47
gap = 4.271

solution = [[0, 32, 15, 30, 13], [0, 27, 35, 25, 7], [0, 24, 16, 26, 21, 9], [0, 33, 2, 28, 23, 22, 12, 11, 10], [0, 18, 34, 31, 19, 17, 4], [0, 29, 36], [0, 14, 20, 1, 3, 5, 8, 6]]


#################
lambda = 1.2000000000000002
mu = 0.1
nu = 0.6000000000000001

res = 960.927
gap = 0.929

solution = [[0, 10, 11, 12, 22, 23, 28, 2, 33, 20], [0, 31, 19, 26, 21, 9], [0, 7, 25, 35, 16], [0, 27, 32, 15, 30, 13], [0, 14, 6, 36, 29, 24], [0, 18, 4, 17, 34, 1, 3, 5, 8]]


#################
lambda = 1.2000000000000002
mu = 0.1
nu = 1.1

res = 1009.408
gap = 5.687

solution = [[0, 29, 36], [0, 12, 22, 23, 28, 2, 21, 9, 33], [0, 6, 8, 5, 3, 1, 20, 14], [0, 27, 35, 25, 16], [0, 26, 10, 11, 13, 7], [0, 4, 17, 19, 31, 34, 18], [0, 30, 15, 32, 24]]


#################
lambda = 1.2000000000000002
mu = 0.1
nu = 1.6

res = 1009.408
gap = 5.687

solution = [[0, 29, 36], [0, 12, 22, 23, 28, 2, 21, 9, 33], [0, 4, 17, 19, 31, 34, 18], [0, 27, 35, 25, 16], [0, 26, 10, 11, 13, 7], [0, 6, 8, 5, 3, 1, 20, 14], [0, 30, 15, 32, 24]]


#################
lambda = 1.2000000000000002
mu = 0.2
nu = 0.1

res = 989.089
gap = 3.75

solution = [[0, 26, 10, 11, 12, 22, 23, 28, 34], [0, 27, 32, 15, 30, 13], [0, 14, 4, 25, 35], [0, 33, 9, 2, 21, 19, 31], [0, 18, 17, 1, 3, 5, 8, 20, 6], [0, 24, 16, 7], [0, 29, 36]]


#################
lambda = 1.2000000000000002
mu = 0.5
nu = 0.1

res = 958.003
gap = 0.627

solution = [[0, 7, 25, 35, 16], [0, 33, 2, 28, 23, 22, 12, 11, 10], [0, 13, 30, 15, 32, 27], [0, 24, 29, 36, 6, 14], [0, 4, 17, 34, 1, 3, 5, 8, 20], [0, 18, 31, 19, 26, 21, 9]]


#################
lambda = 1.2000000000000002
mu = 0.5
nu = 0.4

res = 1004.672
gap = 5.243

solution = [[0, 13, 11, 10, 26, 34], [0, 33, 9, 21, 2, 28, 23, 22, 12, 4], [0, 7, 30, 15, 32, 16], [0, 6, 8, 5, 3, 1, 20, 14], [0, 25, 35, 27, 24], [0, 18, 17, 19, 31, 29, 36]]


#################
lambda = 1.2000000000000002
mu = 0.5
nu = 0.5

res = 1003.554
gap = 5.137

solution = [[0, 29, 36], [0, 33, 9, 21, 2, 28, 23, 22, 12], [0, 13, 11, 10, 26], [0, 30, 15, 32, 27, 24], [0, 16, 35, 25, 7], [0, 6, 8, 5, 3, 1, 20], [0, 18, 4, 17, 34, 19, 31, 14]]


#################
lambda = 1.2000000000000002
mu = 0.5
nu = 1.3

res = 991.084
gap = 3.944

solution = [[0, 29, 36], [0, 27, 35, 25, 16], [0, 13, 30, 15, 32], [0, 24, 7, 26, 21, 9, 19], [0, 33, 2, 28, 23, 22, 12, 11, 10, 4], [0, 6, 8, 5, 3, 1, 20, 14], [0, 18, 17, 34, 31]]


#################
lambda = 1.2000000000000002
mu = 0.9
nu = 0.4

res = 974.442
gap = 2.303

solution = [[0, 15, 30, 11, 10, 26], [0, 14, 18, 20, 1, 3, 5, 8, 6], [0, 33, 9, 21, 2, 28, 23, 22, 12], [0, 27, 32, 35, 25], [0, 13, 19, 31, 34, 17, 4], [0, 24, 16, 7], [0, 29, 36]]


#################
lambda = 1.2000000000000002
mu = 1.0
nu = 1.8

res = 974.442
gap = 2.303

solution = [[0, 15, 30, 11, 10, 26], [0, 27, 32, 35, 25], [0, 4, 17, 34, 31, 19, 13], [0, 33, 9, 21, 2, 28, 23, 22, 12], [0, 7, 16, 24], [0, 29, 36], [0, 14, 18, 20, 1, 3, 5, 8, 6]]


#################
lambda = 1.2000000000000002
mu = 1.4000000000000001
nu = 0.1

res = 980.923
gap = 2.949

solution = [[0, 15, 30, 11, 10, 26], [0, 25, 35, 32, 27], [0, 14, 18, 17, 31, 19, 13], [0, 6, 20, 8, 5, 3, 1, 34, 4], [0, 33, 9, 21, 2, 28, 23, 22, 12], [0, 29, 36], [0, 24, 16, 7]]


#################
lambda = 1.2000000000000002
mu = 1.5
nu = 0.1

res = 1033.874
gap = 7.919

solution = [[0, 25, 35, 32, 27], [0, 14, 6, 36, 29, 24], [0, 16, 7, 4, 17, 34, 13], [0, 18, 19, 26, 30, 15, 11], [0, 8, 1, 3, 5, 33, 9, 31], [0, 10, 12, 22, 23, 28, 2, 21, 20]]


#################
lambda = 1.2000000000000002
mu = 1.5
nu = 0.7000000000000001

res = 991.68
gap = 4.001

solution = [[0, 25, 35, 32, 27], [0, 19, 2, 28, 23, 22, 12, 11, 10], [0, 13, 15, 30, 26, 4], [0, 34, 31, 33, 9, 21, 17], [0, 6, 8, 5, 3, 1, 20, 18, 14], [0, 7, 16, 24, 36, 29]]


#################
lambda = 1.2000000000000002
mu = 1.5
nu = 1.1

res = 1014.085
gap = 6.122

solution = [[0, 25, 35, 32, 27], [0, 36, 29, 24, 16, 7], [0, 13, 1, 3, 5, 8, 6], [0, 17, 34, 31, 9, 33, 20, 14], [0, 11, 12, 22, 23, 28, 2, 21, 19], [0, 15, 30, 10, 26, 4, 18]]


#################
lambda = 1.2000000000000002
mu = 1.7000000000000002
nu = 1.7000000000000002

res = 974.394
gap = 2.298

solution = [[0, 21, 28, 23, 22, 12, 11, 10, 26], [0, 32, 15, 30, 13, 18], [0, 33, 2, 9, 19, 31, 34], [0, 6, 20, 8, 5, 3, 1, 17, 4], [0, 7, 16, 24, 29, 36], [0, 27, 35, 25, 14]]


#################
lambda = 1.2000000000000002
mu = 1.8
nu = 1.8

res = 996.688
gap = 4.484

solution = [[0, 25, 35, 32, 27], [0, 26, 10, 11, 12, 22, 23, 21], [0, 6, 20, 8, 5, 3, 1, 34], [0, 33, 2, 28, 9, 19, 31, 17], [0, 36, 29, 24, 16, 7], [0, 14, 18, 4, 13, 30, 15]]


#################
lambda = 1.3
mu = 0.1
nu = 0.1

res = 971.433
gap = 2.0

solution = [[0, 20, 1, 3, 5, 9, 21, 26], [0, 10, 11, 12, 22, 23, 28, 2, 33], [0, 13, 30, 15, 32, 27], [0, 7, 25, 35, 16], [0, 14, 6, 8, 36, 29], [0, 18, 34, 31, 19, 17, 4, 24]]


#################
lambda = 1.3
mu = 0.1
nu = 1.2000000000000002

res = 988.302
gap = 3.673

solution = [[0, 32, 15, 30, 13], [0, 27, 35, 25, 16], [0, 10, 11, 12, 22, 23, 28, 2, 33], [0, 20, 1, 3, 5, 8, 36, 29], [0, 24], [0, 7, 4, 26, 21, 9, 6], [0, 18, 17, 34, 19, 31, 14]]


#################
lambda = 1.3
mu = 0.1
nu = 1.8

res = 965.236
gap = 1.371

solution = [[0, 35, 25, 13], [0, 27, 32, 15, 30, 26], [0, 7, 16, 24], [0, 6, 31, 34, 17, 4, 18, 14], [0, 36, 29], [0, 19, 21, 9, 1, 3, 5, 8], [0, 10, 11, 12, 22, 23, 28, 2, 33, 20]]


#################
lambda = 1.3
mu = 0.30000000000000004
nu = 0.4

res = 989.089
gap = 3.75

solution = [[0, 26, 10, 11, 12, 22, 23, 28, 34], [0, 27, 32, 15, 30, 13], [0, 14, 4, 25, 35], [0, 33, 9, 2, 21, 19, 31], [0, 18, 17, 1, 3, 5, 8, 20, 6], [0, 24, 16, 7], [0, 29, 36]]


#################
lambda = 1.3
mu = 0.30000000000000004
nu = 1.1

res = 976.947
gap = 2.554

solution = [[0, 32, 15, 30, 13, 4], [0, 27, 35, 25, 7], [0, 10, 11, 12, 22, 23, 26, 17, 18], [0, 29, 36, 14, 16, 24], [0, 31, 19, 1, 3, 5, 8, 6], [0, 20, 33, 9, 2, 28, 21, 34]]


#################
lambda = 1.3
mu = 0.4
nu = 1.1

res = 976.947
gap = 2.554

solution = [[0, 32, 15, 30, 13, 4], [0, 27, 35, 25, 7], [0, 10, 11, 12, 22, 23, 26, 17, 18], [0, 29, 36, 14, 16, 24], [0, 31, 19, 1, 3, 5, 8, 6], [0, 20, 33, 9, 2, 28, 21, 34]]


#################
lambda = 1.3
mu = 0.6000000000000001
nu = 1.4000000000000001

res = 998.614
gap = 4.668

solution = [[0, 13, 11, 10, 26, 17, 4], [0, 33, 9, 21, 2, 28, 23, 22, 12], [0, 7, 30, 15, 32, 16], [0, 6, 8, 5, 3, 1, 20, 14], [0, 25, 35, 27, 24], [0, 29, 36, 18, 34, 19, 31]]


#################
lambda = 1.3
mu = 0.7000000000000001
nu = 0.4

res = 992.229
gap = 4.054

solution = [[0, 26, 10, 11, 12, 22, 23, 34], [0, 32, 15, 30, 13], [0, 14, 18, 25, 35, 27], [0, 4, 31, 1, 3, 5, 8, 20, 6], [0, 33, 9, 2, 28, 21, 19, 17], [0, 24, 16, 7], [0, 29, 36]]


#################
lambda = 1.3
mu = 0.9
nu = 0.1

res = 998.184
gap = 4.627

solution = [[0, 26, 23, 22, 12, 11, 10, 32], [0, 19, 33, 9, 2, 28, 21, 17], [0, 20, 8, 5, 3, 1, 31, 34], [0, 18, 4, 13, 30, 15, 7], [0, 27, 35, 25, 16], [0, 14, 6, 36, 29, 24]]


#################
lambda = 1.3
mu = 1.1
nu = 0.2

res = 957.03
gap = 0.526

solution = [[0, 15, 30, 11, 10, 26], [0, 25, 35, 32, 27], [0, 13, 19, 31, 34, 17, 18], [0, 7, 16, 24, 29, 36], [0, 33, 9, 21, 2, 28, 23, 22, 12, 4], [0, 6, 8, 5, 3, 1, 20, 14]]


#################
lambda = 1.3
mu = 1.1
nu = 1.5

res = 957.03
gap = 0.526

solution = [[0, 15, 30, 11, 10, 26], [0, 27, 32, 35, 25], [0, 13, 19, 31, 34, 17, 18], [0, 7, 16, 24, 29, 36], [0, 33, 9, 21, 2, 28, 23, 22, 12, 4], [0, 6, 8, 5, 3, 1, 20, 14]]


#################
lambda = 1.3
mu = 1.5
nu = 0.5

res = 980.923
gap = 2.949

solution = [[0, 15, 30, 11, 10, 26], [0, 25, 35, 32, 27], [0, 6, 20, 8, 5, 3, 1, 34, 4], [0, 14, 18, 17, 31, 19, 13], [0, 33, 9, 21, 2, 28, 23, 22, 12], [0, 29, 36], [0, 24, 16, 7]]


#################
lambda = 1.3
mu = 1.5
nu = 1.2000000000000002

res = 968.508
gap = 1.704

solution = [[0, 15, 30, 11, 10, 26], [0, 25, 35, 32, 27], [0, 36, 29, 24, 16, 7], [0, 13, 19, 31, 34, 17, 4], [0, 6, 20, 8, 5, 3, 1, 18, 14], [0, 33, 9, 21, 2, 28, 23, 22, 12]]


#################
lambda = 1.3
mu = 1.7000000000000002
nu = 0.7000000000000001

res = 1024.303
gap = 7.059

solution = [[0, 25, 35, 32, 27], [0, 7, 16, 24, 36, 29], [0, 31, 19, 21, 2, 28, 23, 22, 12], [0, 6, 8, 3, 1, 34, 17, 4], [0, 15, 30, 11, 10, 18], [0, 13, 26, 9, 33, 5, 20, 14]]


#################
lambda = 1.3
mu = 1.7000000000000002
nu = 1.1

res = 970.932
gap = 1.95

solution = [[0, 15, 30, 11, 10, 26], [0, 25, 35, 32, 27], [0, 36, 29, 24, 16, 7], [0, 31, 19, 1, 3, 5, 8, 6], [0, 20, 33, 9, 21, 2, 28, 23, 22, 12], [0, 14, 18, 4, 17, 34, 13]]


#################
lambda = 1.3
mu = 1.8
nu = 1.6

res = 974.008
gap = 2.26

solution = [[0, 21, 28, 23, 22, 12, 11, 10, 26], [0, 27, 35, 25, 14], [0, 32, 15, 30, 13, 4], [0, 33, 2, 9, 31, 34, 18], [0, 36, 29, 24, 16, 7], [0, 17, 19, 1, 3, 5, 8, 20, 6]]


#################
lambda = 1.4000000000000001
mu = 0.1
nu = 1.2000000000000002

res = 990.367
gap = 3.874

solution = [[0, 36, 29], [0, 24, 16, 7, 4, 18, 17, 34], [0, 14, 20, 1, 3, 5, 8, 6], [0, 10, 11, 12, 22, 23, 28, 2, 33], [0, 31, 19, 9, 21, 26], [0, 35, 25], [0, 13, 30, 15, 32, 27]]


#################
lambda = 1.4000000000000001
mu = 0.1
nu = 1.6

res = 991.758
gap = 4.009

solution = [[0, 29, 36], [0, 10, 11, 12, 22, 23, 28, 2, 33], [0, 25, 35, 27, 24], [0, 4, 17, 19, 31, 34, 18, 14], [0, 13, 30, 15, 32], [0, 20, 1, 3, 5, 8, 6], [0, 16, 7, 26, 21, 9]]


#################
lambda = 1.4000000000000001
mu = 0.30000000000000004
nu = 1.7000000000000002

res = 989.661
gap = 3.805

solution = [[0, 9, 21, 26, 13, 7], [0, 4, 17, 19, 31, 34, 18], [0, 29, 36], [0, 33, 2, 28, 23, 22, 12, 11, 10], [0, 6, 8, 5, 3, 1, 20, 14], [0, 24, 27, 32, 15, 30], [0, 16, 35, 25]]


#################
lambda = 1.4000000000000001
mu = 0.4
nu = 0.1

res = 999.636
gap = 4.765

solution = [[0, 32, 15, 30, 13], [0, 19, 33, 9, 2, 28, 21, 17], [0, 20, 8, 5, 3, 1, 31, 34], [0, 27, 35, 25, 7], [0, 24, 16], [0, 29, 36, 6, 14], [0, 4, 10, 11, 12, 22, 23, 26, 18]]


#################
lambda = 1.4000000000000001
mu = 0.4
nu = 0.4

res = 998.316
gap = 4.639

solution = [[0, 32, 15, 30, 13], [0, 33, 9, 2, 28, 21, 19, 17], [0, 20, 8, 5, 3, 1, 31, 34], [0, 4, 10, 11, 12, 22, 23, 26, 18], [0, 27, 35, 25, 7], [0, 14, 6, 36, 29], [0, 16, 24]]


#################
lambda = 1.4000000000000001
mu = 0.4
nu = 1.1

res = 1001.385
gap = 4.932

solution = [[0, 32, 15, 30, 13], [0, 33, 9, 2, 28, 21, 19, 17], [0, 20, 8, 5, 3, 1, 31, 34], [0, 27, 35, 25], [0, 4, 10, 11, 12, 22, 23, 26, 18], [0, 24, 16, 7], [0, 14, 6, 36, 29]]


#################
lambda = 1.4000000000000001
mu = 1.1
nu = 1.9000000000000001

res = 957.03
gap = 0.526

solution = [[0, 15, 30, 11, 10, 26], [0, 27, 32, 35, 25], [0, 18, 17, 34, 31, 19, 13], [0, 36, 29, 24, 16, 7], [0, 33, 9, 21, 2, 28, 23, 22, 12, 4], [0, 6, 8, 5, 3, 1, 20, 14]]


#################
lambda = 1.4000000000000001
mu = 1.3
nu = 0.4

res = 959.068
gap = 0.737

solution = [[0, 15, 30, 11, 10, 26], [0, 25, 35, 32, 27], [0, 13, 19, 31, 34, 17, 18], [0, 7, 16, 24, 29, 36], [0, 4, 12, 22, 23, 28, 2, 33, 9, 21], [0, 6, 8, 5, 3, 1, 20, 14]]


#################
lambda = 1.4000000000000001
mu = 1.3
nu = 1.4000000000000001

res = 959.068
gap = 0.737

solution = [[0, 15, 30, 11, 10, 26], [0, 27, 32, 35, 25], [0, 13, 19, 31, 34, 17, 18], [0, 7, 16, 24, 29, 36], [0, 4, 12, 22, 23, 28, 2, 33, 9, 21], [0, 6, 8, 5, 3, 1, 20, 14]]


#################
lambda = 1.4000000000000001
mu = 1.8
nu = 0.1

res = 971.855
gap = 2.043

solution = [[0, 21, 28, 23, 22, 12, 11, 10, 26], [0, 32, 15, 30, 13, 4], [0, 33, 2, 9, 19, 31, 34], [0, 6, 20, 8, 5, 3, 1, 17, 18], [0, 27, 35, 25, 7], [0, 29, 36, 14, 16, 24]]


#################
lambda = 1.5
mu = 0.1
nu = 0.1

res = 996.179
gap = 4.435

solution = [[0, 10, 11, 12, 22, 23, 28, 2, 19], [0, 1, 3, 5, 33, 9, 21, 26], [0, 13, 30, 15, 32, 27], [0, 24, 16, 7], [0, 25, 35], [0, 14, 18, 31, 34, 17, 4], [0, 29, 36, 8, 20, 6]]


#################
lambda = 1.5
mu = 0.1
nu = 1.4000000000000001

res = 1013.011
gap = 6.023

solution = [[0, 10, 11, 12, 22, 23, 28, 2, 19], [0, 25, 35], [0, 27, 32, 15, 30, 13], [0, 1, 3, 5, 33, 9, 21, 26], [0, 18, 4, 17, 34, 31, 8, 20], [0, 36, 29], [0, 6, 14], [0, 7, 16, 24]]


#################
lambda = 1.5
mu = 0.4
nu = 0.1

res = 1004.427
gap = 5.22

solution = [[0, 32, 15, 30, 13], [0, 27, 35, 25], [0, 9, 21, 28, 23, 22, 12, 11, 10], [0, 20, 8, 1, 3, 5, 33, 2], [0, 4, 26, 19, 31, 34, 17, 18], [0, 24, 16, 7], [0, 14, 6, 36, 29]]


#################
lambda = 1.5
mu = 0.9
nu = 0.9

res = 981.864
gap = 3.042

solution = [[0, 34, 1, 3, 5, 8, 20, 6], [0, 26, 10, 11, 12, 22, 23, 28, 21], [0, 17, 31, 19, 9, 2, 33], [0, 36, 29], [0, 14, 18, 4, 35, 25], [0, 7, 16, 24], [0, 13, 30, 15, 32, 27]]


#################
lambda = 1.5
mu = 1.3
nu = 0.1

res = 1030.979
gap = 7.661

solution = [[0, 26, 23, 22, 12, 11, 10, 32], [0, 19, 33, 9, 2, 28, 21, 17], [0, 18, 4, 13, 30, 15, 7], [0, 27, 35, 25, 16], [0, 6, 8, 5, 3, 1, 20, 14], [0, 31, 34, 24, 29, 36]]


#################
lambda = 1.5
mu = 1.6
nu = 1.7000000000000002

res = 1014.085
gap = 6.122

solution = [[0, 27, 32, 35, 25], [0, 36, 29, 24, 16, 7], [0, 13, 1, 3, 5, 8, 6], [0, 17, 34, 31, 9, 33, 20, 14], [0, 11, 12, 22, 23, 28, 2, 21, 19], [0, 15, 30, 10, 26, 4, 18]]


#################
lambda = 1.5
mu = 1.9000000000000001
nu = 1.9000000000000001

res = 1002.027
gap = 4.993

solution = [[0, 35, 25], [0, 13, 30, 15, 32, 27], [0, 7, 16, 24], [0, 29, 36, 6, 14], [0, 18, 17, 34, 1, 3, 5, 8, 20], [0, 26, 10, 11, 12, 22, 23, 21], [0, 4, 31, 19, 9, 28, 2, 33]]


#################
lambda = 1.6
mu = 0.2
nu = 0.1

res = 1016.561
gap = 6.351

solution = [[0, 29, 36], [0, 25, 35], [0, 27, 32, 15, 30, 13], [0, 14, 20, 1, 3, 5, 8, 6], [0, 7, 16, 24], [0, 33, 2, 28, 23, 22, 12, 11, 10], [0, 4, 17, 34, 18], [0, 31, 19, 26, 21, 9]]


#################
lambda = 1.6
mu = 0.4
nu = 0.1

res = 987.179
gap = 3.564

solution = [[0, 10, 11, 12, 22, 23, 28, 2, 33], [0, 25, 35, 27, 24], [0, 32, 15, 30, 13], [0, 6, 8, 5, 3, 1, 20, 14], [0, 29, 36], [0, 16, 7, 4, 18, 17, 34], [0, 31, 19, 9, 21, 26]]


#################
lambda = 1.6
mu = 0.4
nu = 0.8

res = 1017.472
gap = 6.435

solution = [[0, 29, 36], [0, 33, 9, 2, 28, 21, 26], [0, 32, 15, 30, 13], [0, 14, 20, 1, 3, 5, 8, 6], [0, 27, 35, 25, 7], [0, 4, 17, 19, 31, 34, 18], [0, 24, 16, 10, 11, 12, 22, 23]]


#################
lambda = 1.6
mu = 0.4
nu = 1.6

res = 976.723
gap = 2.531

solution = [[0, 29, 36, 8, 5, 3, 1, 20], [0, 10, 11, 12, 22, 23, 28, 2, 33], [0, 16, 35, 25, 7], [0, 27, 32, 15, 30, 13], [0, 14, 6, 31, 34, 17, 4], [0, 18, 19, 9, 21, 26, 24]]


#################
lambda = 1.6
mu = 0.4
nu = 1.8

res = 976.737
gap = 2.533

solution = [[0, 32, 15, 30, 13], [0, 16, 7], [0, 24, 27, 35, 25], [0, 10, 11, 12, 22, 23, 28, 2, 33], [0, 4, 26, 21, 9, 19, 17, 18], [0, 14, 6, 36, 29], [0, 20, 8, 5, 3, 1, 31, 34]]


#################
lambda = 1.6
mu = 0.5
nu = 1.1

res = 1005.536
gap = 5.324

solution = [[0, 27, 32, 15, 30, 13], [0, 7, 25, 35, 24], [0, 4, 26, 23, 22, 12, 11, 10, 16], [0, 20, 1, 3, 5, 8, 6], [0, 36, 29], [0, 18, 17, 34, 31], [0, 19, 21, 28, 2, 9, 33, 14]]


#################
lambda = 1.6
mu = 1.3
nu = 0.1

res = 973.588
gap = 2.217

solution = [[0, 20, 8, 5, 3, 1, 31, 34], [0, 10, 11, 12, 22, 23, 28, 2, 33, 18], [0, 6, 17, 19, 9, 21, 26], [0, 25, 35, 27, 24], [0, 4, 13, 30, 32, 15], [0, 29, 36, 14, 7, 16]]


#################
lambda = 1.6
mu = 1.7000000000000002
nu = 0.2

res = 1026.611
gap = 7.268

solution = [[0, 25, 35, 32, 27], [0, 36, 29, 24, 16, 13], [0, 19, 21, 2, 28, 23, 22, 12, 26], [0, 7, 15, 30, 11, 10], [0, 6, 31, 34, 17, 4, 18, 14], [0, 20, 8, 1, 3, 5, 33, 9]]


#################
lambda = 1.6
mu = 1.7000000000000002
nu = 0.8

res = 982.048
gap = 3.06

solution = [[0, 25, 35, 32, 27], [0, 15, 30, 10, 26, 4, 18], [0, 36, 29, 7, 16, 24], [0, 21, 9, 33, 5, 3, 8], [0, 13, 11, 12, 22, 23, 28, 2, 1, 20], [0, 14, 17, 34, 19, 31, 6]]


#################
lambda = 1.6
mu = 1.7000000000000002
nu = 0.9

res = 996.213
gap = 4.438

solution = [[0, 25, 35, 32, 27], [0, 21, 9, 33, 5, 3, 1, 8], [0, 13, 10, 12, 22, 23, 28, 2], [0, 15, 30, 11, 26, 4, 14], [0, 6, 20, 19, 31, 34, 17, 18], [0, 36, 29], [0, 7, 16, 24]]


#################
lambda = 1.6
mu = 1.7000000000000002
nu = 1.4000000000000001

res = 982.297
gap = 3.084

solution = [[0, 27, 32, 35, 25], [0, 14, 6, 31, 19, 34, 17, 4], [0, 15, 30, 10, 26, 18], [0, 24, 16, 7], [0, 29, 36], [0, 13, 11, 12, 22, 23, 28, 2, 33], [0, 21, 9, 1, 3, 5, 8, 20]]


#################
lambda = 1.6
mu = 1.8
nu = 1.6

res = 986.99
gap = 3.545

solution = [[0, 27, 32, 35, 25], [0, 34, 31, 33, 9, 21, 17], [0, 6, 8, 5, 3, 1, 20, 18, 14], [0, 36, 29, 24, 16, 7], [0, 19, 2, 28, 23, 22, 12, 11, 10], [0, 4, 26, 30, 15, 13]]


#################
lambda = 1.6
mu = 1.9000000000000001
nu = 1.7000000000000002

res = 1052.51
gap = 9.55

solution = [[0, 4, 17, 15, 30, 10, 11], [0, 25, 35, 32, 27], [0, 36, 29, 16, 7, 13], [0, 6, 8, 5, 3, 1, 20, 14], [0, 18, 34, 31, 19, 26, 24], [0, 33, 9, 21, 2, 28, 23, 22, 12]]


#################
lambda = 1.6
mu = 1.9000000000000001
nu = 1.9000000000000001

res = 1052.51
gap = 9.55

solution = [[0, 4, 17, 15, 30, 10, 11], [0, 27, 32, 35, 25], [0, 36, 29, 16, 7, 13], [0, 6, 8, 5, 3, 1, 20, 14], [0, 18, 34, 31, 19, 26, 24], [0, 33, 9, 21, 2, 28, 23, 22, 12]]


#################
lambda = 1.7000000000000002
mu = 0.1
nu = 1.0

res = 985.229
gap = 3.373

solution = [[0, 24, 16, 7], [0, 29, 36, 6], [0, 10, 11, 12, 22, 23, 28, 2, 33, 1, 20], [0, 13, 30, 15, 32, 27], [0, 35, 25], [0, 19, 21, 9, 5, 3, 8], [0, 14, 18, 17, 34, 31, 26, 4]]


#################
lambda = 1.7000000000000002
mu = 0.4
nu = 1.8

res = 988.579
gap = 3.7

solution = [[0, 32, 15, 30, 13], [0, 27, 35, 25], [0, 34, 31, 20, 1, 3, 5, 8], [0, 4, 26, 21, 9, 19, 17, 18], [0, 10, 11, 12, 22, 23, 28, 2, 33], [0, 29, 36, 6, 14], [0, 24, 16, 7]]


#################
lambda = 1.7000000000000002
mu = 0.5
nu = 1.0

res = 989.781
gap = 3.817

solution = [[0, 6, 8, 5, 3, 1, 20, 14], [0, 32, 15, 30, 13], [0, 27, 35, 25, 16], [0, 29, 36], [0, 10, 11, 12, 22, 23, 28, 2, 33], [0, 18, 34, 17, 4, 7, 24], [0, 26, 21, 9, 31, 19]]


#################
lambda = 1.7000000000000002
mu = 0.5
nu = 1.4000000000000001

res = 980.566
gap = 2.913

solution = [[0, 32, 15, 30, 13], [0, 27, 35, 25], [0, 20, 33, 2, 28, 23, 22, 12, 11, 10], [0, 8, 5, 3, 1, 31, 34, 18], [0, 14, 17, 19, 9, 21, 26, 4], [0, 7, 16, 24], [0, 29, 36, 6]]


#################
lambda = 1.7000000000000002
mu = 0.6000000000000001
nu = 0.5

res = 988.383
gap = 3.681

solution = [[0, 24], [0, 32, 15, 30, 13], [0, 27, 35, 25, 16], [0, 29, 36, 8, 5, 3, 1, 20], [0, 33, 2, 28, 23, 22, 12, 11, 10], [0, 7, 26, 21, 9, 6], [0, 18, 4, 17, 34, 19, 31, 14]]


#################
lambda = 1.7000000000000002
mu = 0.6000000000000001
nu = 0.9

res = 950.852
gap = -0.121

solution = [[0, 10, 11, 12, 22, 23, 28, 2, 33], [0, 7, 25, 35, 16], [0, 27, 32, 15, 30, 13], [0, 24, 29, 36, 6, 14], [0, 18, 17, 34, 1, 3, 5, 8, 20], [0, 31, 19, 9, 21, 26, 4]]


#################
lambda = 1.7000000000000002
mu = 0.6000000000000001
nu = 1.3

res = 993.668
gap = 4.193

solution = [[0, 29, 36], [0, 25, 32, 15, 30, 13], [0, 6, 8, 5, 3, 1, 20, 14], [0, 35, 27, 24], [0, 4, 17, 19, 31, 34, 18], [0, 33, 2, 28, 23, 22, 12, 11, 10], [0, 16, 7, 26, 21, 9]]


#################
lambda = 1.7000000000000002
mu = 0.8
nu = 1.2000000000000002

res = 1002.499
gap = 5.037

solution = [[0, 32, 15, 30, 13], [0, 20, 8, 5, 3, 1, 31, 34], [0, 27, 35, 25], [0, 33, 9, 2, 28, 21, 19, 18], [0, 17, 26, 23, 22, 12, 11, 10, 4], [0, 14, 6, 36, 29], [0, 24, 16, 7]]


#################
lambda = 1.7000000000000002
mu = 1.9000000000000001
nu = 0.8

res = 1058.506
gap = 10.062

solution = [[0, 14, 4, 15, 30, 10, 11], [0, 25, 35, 32, 27], [0, 36, 29, 16, 7, 13], [0, 24, 18, 17, 34, 31, 19], [0, 33, 9, 21, 2, 28, 23, 22, 12], [0, 6, 20, 8, 5, 3, 1, 26]]


#################
lambda = 1.7000000000000002
mu = 1.9000000000000001
nu = 0.9

res = 1033.859
gap = 7.918

solution = [[0, 25, 35, 32, 27], [0, 26, 12, 22, 23, 28, 2, 21, 19], [0, 36, 29, 24, 16, 7], [0, 13, 17, 1, 3, 5, 8], [0, 14, 4, 15, 30, 10, 11], [0, 6, 20, 33, 9, 31, 34, 18]]


#################
lambda = 1.7000000000000002
mu = 1.9000000000000001
nu = 1.3

res = 1015.939
gap = 6.294

solution = [[0, 27, 32, 35, 25], [0, 29, 36, 14, 7, 16, 24], [0, 11, 12, 22, 23, 28, 2, 21, 19], [0, 13, 9, 33, 5, 8, 6], [0, 20, 3, 1, 31, 34, 17, 18], [0, 15, 30, 10, 26, 4]]


#################
lambda = 1.8
mu = 0.1
nu = 0.1

res = 977.791
gap = 2.638

solution = [[0, 24, 16, 7, 14], [0, 35, 25, 13], [0, 27, 32, 15, 30, 26], [0, 18, 4, 17, 34, 19, 31, 6], [0, 29, 36], [0, 21, 9, 5, 3, 8], [0, 10, 11, 12, 22, 23, 28, 2, 33, 1, 20]]


#################
lambda = 1.8
mu = 1.0
nu = 0.1

res = 983.681
gap = 3.221

solution = [[0, 29, 36], [0, 34, 1, 3, 5, 8, 20, 6], [0, 24, 16, 7, 14], [0, 27, 35, 25], [0, 32, 15, 30, 13, 18], [0, 4, 17, 31, 19, 9, 2, 33], [0, 21, 28, 23, 22, 12, 11, 10, 26]]


#################
lambda = 1.8
mu = 1.1
nu = 0.1

res = 990.52
gap = 3.889

solution = [[0, 19, 33, 9, 2, 28, 21, 17], [0, 10, 11, 12, 22, 23, 26, 34], [0, 4, 31, 1, 3, 5, 8, 20, 6], [0, 32, 15, 30, 13, 18], [0, 27, 35, 25, 16], [0, 36, 29], [0, 14, 7, 24]]


#################
lambda = 1.8
mu = 1.7000000000000002
nu = 1.7000000000000002

res = 959.068
gap = 0.737

solution = [[0, 15, 30, 11, 10, 26], [0, 27, 32, 35, 25], [0, 13, 19, 31, 34, 17, 18], [0, 4, 12, 22, 23, 28, 2, 33, 9, 21], [0, 36, 29, 24, 16, 7], [0, 6, 8, 5, 3, 1, 20, 14]]


#################
lambda = 1.8
mu = 1.8
nu = 0.1

res = 1010.262
gap = 5.767

solution = [[0, 25, 35, 32, 27], [0, 17, 34, 31, 21, 26, 4], [0, 11, 12, 22, 23, 28, 2, 9, 33], [0, 13, 15, 30, 10, 19], [0, 14, 18, 6, 20, 1, 3, 5, 8], [0, 24, 16, 7], [0, 29, 36]]


#################
lambda = 1.8
mu = 1.8
nu = 0.5

res = 974.442
gap = 2.303

solution = [[0, 27, 32, 35, 25], [0, 15, 30, 11, 10, 26], [0, 13, 19, 31, 34, 17, 4], [0, 36, 29], [0, 33, 9, 21, 2, 28, 23, 22, 12], [0, 7, 16, 24], [0, 6, 8, 5, 3, 1, 20, 18, 14]]


#################
lambda = 1.8
mu = 1.9000000000000001
nu = 0.1

res = 1004.881
gap = 5.262

solution = [[0, 34, 31, 19, 26, 13], [0, 33, 9, 21, 2, 28, 23, 22, 12], [0, 6, 20, 8, 5, 3, 1, 17, 18], [0, 14, 4, 15, 30, 10, 11], [0, 25, 35, 32, 27], [0, 36, 29], [0, 7, 16, 24]]


#################
lambda = 1.8
mu = 1.9000000000000001
nu = 0.6000000000000001

res = 988.097
gap = 3.653

solution = [[0, 18, 34, 17, 4, 7, 16, 24], [0, 27, 35, 25], [0, 14, 20, 1, 3, 5, 8, 6], [0, 29, 36], [0, 32, 15, 30, 13], [0, 31, 19, 9, 21, 26], [0, 10, 11, 12, 22, 23, 28, 2, 33]]


#################
lambda = 1.8
mu = 1.9000000000000001
nu = 0.7000000000000001

res = 974.442
gap = 2.303

solution = [[0, 15, 30, 11, 10, 26], [0, 27, 32, 35, 25], [0, 33, 9, 21, 2, 28, 23, 22, 12], [0, 13, 19, 31, 34, 17, 4], [0, 36, 29], [0, 7, 16, 24], [0, 6, 8, 5, 3, 1, 20, 18, 14]]


#################
lambda = 1.9000000000000001
mu = 0.7000000000000001
nu = 0.2

res = 997.514
gap = 4.563

solution = [[0, 29, 36], [0, 24], [0, 13, 1, 3, 5, 8, 20, 6], [0, 33, 9, 21, 2, 28, 23, 22, 12], [0, 15, 30, 11, 10, 26], [0, 18, 4, 17, 34, 19, 31, 14], [0, 25, 35, 32, 27], [0, 7, 16]]


#################
lambda = 1.9000000000000001
mu = 0.8
nu = 0.30000000000000004

res = 989.278
gap = 3.768

solution = [[0, 27, 32, 15, 30, 13], [0, 4, 17, 19, 31, 34, 18, 14], [0, 6, 33, 9, 2, 28, 21], [0, 20, 1, 3, 5, 8, 36, 29], [0, 16, 10, 11, 12, 22, 23, 26], [0, 7, 25, 35, 24]]


#################
lambda = 1.9000000000000001
mu = 1.9000000000000001
nu = 0.1

res = 963.963
gap = 1.241

solution = [[0, 15, 30, 11, 10, 26], [0, 27, 32, 35, 25], [0, 24, 16, 7], [0, 29, 36], [0, 13, 19, 31, 34, 17, 18], [0, 33, 9, 21, 2, 28, 23, 22, 12, 4], [0, 6, 8, 5, 3, 1, 20, 14]]


#################
lambda = 1.9000000000000001
mu = 1.9000000000000001
nu = 0.4

res = 963.963
gap = 1.241

solution = [[0, 29, 36], [0, 15, 30, 11, 10, 26], [0, 27, 32, 35, 25], [0, 24, 16, 7], [0, 33, 9, 21, 2, 28, 23, 22, 12, 4], [0, 18, 17, 34, 31, 19, 13], [0, 6, 8, 5, 3, 1, 20, 14]]

