Aretes fixées après apprentissage pour cette exécution (10 gen de 500, on garde 19 arêtes (n/2))
Fixed edges = [[0, 32, 15, 30, 0], [0, 3, 5, 8, 0], [0, 26, 10, 11, 12, 22, 23, 0], [0, 25, 35, 27, 0], [0, 2, 28, 21, 0], [0, 9, 33, 0], [0, 24, 29, 0], [0, 31, 34, 0], [0, 1, 0], [0, 4, 0], [0, 6, 0], [0, 7, 0], [0, 13, 0], [0, 14, 0], [0, 16, 0], [0, 17, 0], [0, 18, 0], [0, 19, 0], [0, 20, 0], [0, 36, 0]]


#################
lambda = 0.5
mu = 0.1
nu = 0.1

init = 1172.377
res = 983.233
gap = -20.216

solution = [[0, 24], [0, 29, 36], [0, 7, 25, 35, 16], [0, 27, 32, 15, 30, 13], [0, 33, 2, 28, 23, 22, 12, 11, 10], [0, 31, 19, 9, 21, 26, 4], [0, 18, 17, 34, 20, 1, 3, 5, 8], [0, 6, 14]]


#################
lambda = 0.5
mu = 0.30000000000000004
nu = 0.1

init = 1160.294
res = 985.229
gap = -19.972

solution = [[0, 10, 11, 12, 22, 23, 28, 2, 33, 1, 20], [0, 4, 26, 31, 34, 17, 18, 14], [0, 13, 30, 15, 32, 27], [0, 25, 35], [0, 8, 3, 5, 9, 21, 19], [0, 24, 16, 7], [0, 29, 36, 6]]


#################
lambda = 0.5
mu = 0.5
nu = 1.6

init = 1164.023
res = 951.85
gap = -24.179

solution = [[0, 10, 11, 12, 22, 23, 28, 2, 33], [0, 13, 30, 15, 32, 27], [0, 7, 25, 35, 16], [0, 34, 31, 1, 3, 5, 8, 20], [0, 24, 29, 36, 6, 14], [0, 4, 26, 21, 9, 19, 17, 18]]


#################
lambda = 0.5
mu = 1.1
nu = 0.1

init = 1189.941
res = 991.979
gap = -19.156

solution = [[0, 14, 6, 36, 29], [0, 10, 11, 12, 22, 23, 28, 2, 33], [0, 18, 31, 19, 26, 21, 9], [0, 24, 16, 7], [0, 4, 17, 34, 20, 1, 3, 5, 8], [0, 13, 30, 15, 32, 27], [0, 35, 25]]


#################
lambda = 0.5
mu = 1.2000000000000002
nu = 0.1

init = 1190.175
res = 990.609
gap = -19.321

solution = [[0, 32, 15, 30, 13], [0, 27, 35, 25], [0, 26, 21, 9, 31, 19], [0, 10, 11, 12, 22, 23, 28, 2, 33], [0, 14, 20, 1, 3, 5, 8, 6], [0, 29, 36], [0, 18, 34, 17, 4, 7, 16, 24]]


#################
lambda = 0.5
mu = 1.2000000000000002
nu = 1.5

init = 1175.02
res = 985.278
gap = -19.966

solution = [[0, 34, 31, 19, 3, 5, 8], [0, 27, 32, 15, 30, 13], [0, 26, 10, 11, 12, 22, 23, 28, 21], [0, 6, 20, 1, 33, 2, 9, 17, 18], [0, 14, 4, 25, 35, 7], [0, 29, 36], [0, 24, 16]]


#################
lambda = 0.5
mu = 1.4000000000000001
nu = 0.5

init = 1169.854
res = 1022.787
gap = -15.567

solution = [[0, 17, 26, 23, 22, 12, 11, 10, 4], [0, 29, 36], [0, 35, 25], [0, 27, 32, 15, 30, 13], [0, 6, 14], [0, 7, 16, 24], [0, 19, 21, 28, 2, 9, 33, 20], [0, 18, 34, 31, 1, 3, 5, 8]]


#################
lambda = 0.5
mu = 1.4000000000000001
nu = 0.6000000000000001

init = 1167.922
res = 992.293
gap = -19.118

solution = [[0, 10, 11, 12, 22, 23, 28, 2, 33], [0, 31, 19, 26, 21, 9], [0, 14, 20, 1, 3, 5, 8, 6], [0, 36, 29], [0, 27, 32, 15, 30, 13], [0, 16, 7, 4, 17, 34, 18], [0, 25, 35, 24]]


#################
lambda = 0.5
mu = 1.4000000000000001
nu = 0.9

init = 1169.305
res = 988.097
gap = -19.624

solution = [[0, 36, 29], [0, 26, 21, 9, 19, 31], [0, 10, 11, 12, 22, 23, 28, 2, 33], [0, 6, 8, 5, 3, 1, 20, 14], [0, 18, 34, 17, 4, 7, 16, 24], [0, 27, 35, 25], [0, 32, 15, 30, 13]]


#################
lambda = 0.5
mu = 1.5
nu = 0.1

init = 1252.327
res = 1000.178
gap = -18.179

solution = [[0, 25, 35], [0, 8, 5, 3, 1, 34, 17, 4], [0, 13, 30, 15, 32, 27], [0, 26, 10, 11, 12, 22, 23, 28, 21], [0, 24, 16, 7], [0, 14, 6, 36, 29], [0, 20, 33, 2, 9, 19, 31, 18]]


#################
lambda = 0.5
mu = 1.5
nu = 0.2

init = 1255.031
res = 997.221
gap = -18.529

solution = [[0, 25, 35, 32, 27], [0, 29, 36], [0, 15, 30, 11, 10, 26], [0, 24], [0, 14, 18, 6, 20, 1, 3, 5, 8], [0, 12, 22, 23, 28, 2, 21, 9, 33], [0, 16, 7], [0, 13, 19, 31, 34, 17, 4]]


#################
lambda = 0.5
mu = 1.5
nu = 0.30000000000000004

init = 1255.223
res = 965.727
gap = -22.395

solution = [[0, 27, 35, 25, 14], [0, 10, 11, 12, 22, 23, 28, 2, 33, 20], [0, 36, 29], [0, 26, 21, 9, 31, 34], [0, 6, 8, 5, 3, 1, 19, 17, 4], [0, 24, 16, 7], [0, 18, 13, 30, 15, 32]]


#################
lambda = 0.5
mu = 1.5
nu = 0.4

init = 1253.25
res = 982.995
gap = -20.245

solution = [[0, 17, 19, 9, 2, 33, 20, 6], [0, 36, 29], [0, 18, 34, 31, 1, 3, 5, 8], [0, 21, 28, 23, 22, 12, 11, 10, 26], [0, 24, 16, 7, 14], [0, 27, 35, 25], [0, 32, 15, 30, 13, 4]]


#################
lambda = 0.5
mu = 1.5
nu = 0.5

init = 1251.297
res = 981.695
gap = -20.404

solution = [[0, 26, 10, 11, 12, 22, 23, 21], [0, 29, 36], [0, 6, 8, 31, 34, 17, 18], [0, 24, 16, 7], [0, 20, 1, 3, 5, 33, 2, 28, 9, 19], [0, 14, 25, 35, 27], [0, 32, 15, 30, 13, 4]]


#################
lambda = 0.5
mu = 1.6
nu = 0.1

init = 1267.799
res = 1022.787
gap = -15.567

solution = [[0, 36, 29], [0, 7, 16, 24], [0, 25, 35], [0, 13, 30, 15, 32, 27], [0, 6, 14], [0, 18, 34, 31, 1, 3, 5, 8], [0, 17, 26, 23, 22, 12, 11, 10, 4], [0, 19, 21, 28, 2, 9, 33, 20]]


#################
lambda = 0.5
mu = 1.6
nu = 1.2000000000000002

init = 1252.718
res = 967.23
gap = -22.205

solution = [[0, 10, 11, 12, 22, 23, 28, 2, 33], [0, 26, 21, 9, 5, 3, 1, 20], [0, 7, 25, 35, 16], [0, 13, 30, 15, 32, 27], [0, 18, 4, 17, 34, 31, 19, 8], [0, 14, 6, 36, 29, 24]]


#################
lambda = 0.5
mu = 1.7000000000000002
nu = 0.1

init = 1338.656
res = 983.69
gap = -20.16

solution = [[0, 25, 35, 32, 27], [0, 12, 22, 23, 28, 2, 21, 9, 33], [0, 36, 29], [0, 15, 30, 11, 10, 26], [0, 14, 31, 19, 34, 17, 4, 18], [0, 6, 20, 8, 5, 3, 1, 13], [0, 7, 16, 24]]


#################
lambda = 0.5
mu = 1.7000000000000002
nu = 0.8

init = 1259.17
res = 952.083
gap = -24.149

solution = [[0, 7, 25, 35, 16], [0, 13, 30, 15, 32, 27], [0, 20, 33, 2, 28, 23, 22, 12, 11, 10], [0, 14, 6, 36, 29, 24], [0, 4, 26, 21, 9, 19, 31], [0, 8, 5, 3, 1, 34, 17, 18]]


#################
lambda = 0.5
mu = 1.8
nu = 0.1

init = 1286.609
res = 988.209
gap = -19.61

solution = [[0, 25, 35, 27], [0, 26, 10, 11, 12, 22, 23, 28, 21], [0, 8, 3, 5, 33, 9, 2], [0, 29, 36], [0, 18, 17, 34, 31, 19, 1, 20, 6], [0, 4, 13, 30, 15, 32], [0, 24, 16, 7, 14]]


#################
lambda = 0.5
mu = 1.8
nu = 0.9

init = 1239.479
res = 971.433
gap = -21.676

solution = [[0, 10, 11, 12, 22, 23, 28, 2, 33], [0, 20, 1, 3, 5, 9, 21, 26], [0, 13, 30, 15, 32, 27], [0, 7, 25, 35, 16], [0, 14, 6, 8, 36, 29], [0, 18, 34, 31, 19, 17, 4, 24]]


#################
lambda = 0.5
mu = 1.9000000000000001
nu = 0.1

init = 1258.709
res = 990.367
gap = -19.35

solution = [[0, 25, 35], [0, 27, 32, 15, 30, 13], [0, 24, 16, 7, 4, 18, 17, 34], [0, 10, 11, 12, 22, 23, 28, 2, 33], [0, 29, 36], [0, 26, 21, 9, 19, 31], [0, 6, 8, 5, 3, 1, 20, 14]]


#################
lambda = 0.6000000000000001
mu = 1.5
nu = 0.1

init = 1236.401
res = 977.76
gap = -20.889

solution = [[0, 27, 32, 35, 25], [0, 12, 22, 23, 28, 2, 21, 9, 33], [0, 15, 30, 11, 10, 26], [0, 36, 29], [0, 4, 20, 1, 3, 5, 8, 6, 14], [0, 7, 16, 24], [0, 18, 17, 34, 31, 19, 13]]


#################
lambda = 0.6000000000000001
mu = 1.6
nu = 0.1

init = 1247.404
res = 952.116
gap = -24.144

solution = [[0, 18, 34, 31, 1, 3, 5, 8], [0, 14, 17, 19, 9, 21, 26, 4], [0, 7, 25, 35, 16], [0, 13, 30, 15, 32, 27], [0, 6, 36, 29, 24], [0, 10, 11, 12, 22, 23, 28, 2, 33, 20]]


#################
lambda = 0.6000000000000001
mu = 1.7000000000000002
nu = 0.8

init = 1236.055
res = 985.509
gap = -19.938

solution = [[0, 34, 21, 28, 2, 9, 33, 20], [0, 31, 19, 1, 3, 5, 8, 6], [0, 10, 11, 12, 22, 23, 26, 17, 18], [0, 14, 4, 35, 25], [0, 13, 30, 15, 32, 27], [0, 24, 16, 7], [0, 29, 36]]


#################
lambda = 0.6000000000000001
mu = 1.8
nu = 0.1

init = 1252.975
res = 976.74
gap = -21.015

solution = [[0, 35, 25, 13], [0, 26, 30, 15, 32, 27], [0, 18, 4, 17, 34, 19, 31, 6], [0, 36, 29], [0, 24, 16, 7, 14], [0, 21, 9, 1, 3, 5, 8, 20], [0, 33, 2, 28, 23, 22, 12, 11, 10]]


#################
lambda = 0.7000000000000001
mu = 0.1
nu = 1.6

init = 1150.436
res = 1004.721
gap = -17.645

solution = [[0, 6, 14], [0, 24], [0, 27, 32, 15, 30, 13], [0, 10, 11, 12, 22, 23, 26, 4], [0, 8, 5, 3, 19, 31, 34], [0, 20, 1, 33, 9, 2, 28, 21, 17, 18], [0, 7, 25, 35, 16], [0, 36, 29]]


#################
lambda = 0.7000000000000001
mu = 1.6
nu = 0.7000000000000001

init = 1190.121
res = 987.564
gap = -19.688

solution = [[0, 10, 11, 12, 22, 23, 28, 2, 33], [0, 25, 35], [0, 13, 30, 15, 32, 27], [0, 36, 29], [0, 31, 19, 9, 21, 26, 4], [0, 18, 34, 17, 7, 16, 24], [0, 14, 20, 1, 3, 5, 8, 6]]


#################
lambda = 0.7000000000000001
mu = 1.6
nu = 1.9000000000000001

init = 1221.151
res = 1039.842
gap = -13.671

solution = [[0, 25, 35], [0, 4, 10, 11, 12, 22, 23, 17, 18, 14], [0, 34, 31, 19, 21, 28, 2, 20], [0, 27, 32, 15, 30, 13], [0, 8, 1, 3, 5, 33, 9, 26], [0, 7, 16, 24], [0, 6, 36, 29]]


#################
lambda = 0.8
mu = 0.1
nu = 0.1

init = 1146.707
res = 978.053
gap = -20.852

solution = [[0, 7, 25, 35, 16], [0, 10, 11, 12, 22, 23, 21, 9], [0, 27, 32, 15, 30, 13], [0, 4, 26, 19, 31, 34, 17, 18], [0, 14, 6, 36, 29, 24], [0, 20, 8, 1, 3, 5, 33, 2, 28]]


#################
lambda = 0.8
mu = 1.7000000000000002
nu = 1.5

init = 1235.863
res = 1001.424
gap = -18.032

solution = [[0, 21, 28, 23, 22, 12, 11, 10, 26], [0, 13, 30, 15, 32, 27], [0, 25, 35], [0, 20, 1, 3, 5, 33, 2, 9, 19], [0, 14, 18, 4, 17, 34, 31, 8], [0, 24, 16, 7], [0, 29, 36, 6]]


#################
lambda = 0.9
mu = 0.1
nu = 0.1

init = 1149.205
res = 956.754
gap = -23.543

solution = [[0, 7, 25, 35, 16], [0, 10, 11, 12, 22, 23, 28, 2, 33], [0, 27, 32, 15, 30, 13], [0, 14, 6, 36, 29, 24], [0, 18, 17, 34, 20, 1, 3, 5, 8], [0, 31, 19, 9, 21, 26, 4]]


#################
lambda = 0.9
mu = 1.8
nu = 1.1

init = 1254.152
res = 978.518
gap = -20.795

solution = [[0, 24, 29, 36, 6, 14], [0, 13, 30, 15, 32, 27], [0, 7, 25, 35, 16], [0, 33, 9, 2, 21, 19, 31], [0, 4, 26, 10, 11, 12, 22, 23, 28], [0, 18, 17, 34, 1, 3, 5, 8, 20]]


#################
lambda = 0.9
mu = 1.8
nu = 1.7000000000000002

init = 1225.469
res = 987.418
gap = -19.706

solution = [[0, 33, 2, 28, 23, 22, 12, 11, 10], [0, 6, 8, 5, 3, 1, 20, 14], [0, 29, 36], [0, 25, 35, 27, 24], [0, 7, 30, 15, 32, 16], [0, 18, 31, 34, 17, 4], [0, 19, 9, 21, 26, 13]]


#################
lambda = 1.0
mu = 0.1
nu = 0.4

init = 1145.737
res = 980.315
gap = -20.573

solution = [[0, 24], [0, 27, 32, 15, 30, 13], [0, 33, 2, 28, 23, 22, 12, 11, 10], [0, 7, 25, 35, 16], [0, 36, 29], [0, 20, 8, 5, 3, 1, 19, 31, 18], [0, 6, 14], [0, 17, 34, 9, 21, 26, 4]]


#################
lambda = 1.0
mu = 1.9000000000000001
nu = 0.7000000000000001

init = 1255.046
res = 987.952
gap = -19.641

solution = [[0, 13, 30, 15, 32, 27], [0, 36, 29], [0, 18, 17, 26, 23, 22, 12, 11, 10], [0, 8, 5, 33, 9, 2, 28, 21], [0, 6, 20, 3, 1, 19, 31, 34], [0, 35, 25, 4, 14], [0, 24, 16, 7]]


#################
lambda = 1.1
mu = 0.1
nu = 0.1

init = 1143.495
res = 1030.325
gap = -14.721

solution = [[0, 6, 14], [0, 24, 16, 7], [0, 32, 15, 30, 13], [0, 34, 31, 20, 1, 3, 5, 8], [0, 17, 26, 23, 22, 12, 11, 10, 4], [0, 33, 9, 2, 28, 21, 19, 18], [0, 27, 35, 25], [0, 36, 29]]


#################
lambda = 1.1
mu = 0.1
nu = 0.5

init = 1142.381
res = 1029.211
gap = -14.845

solution = [[0, 32, 15, 30, 13], [0, 33, 9, 2, 28, 21, 19, 17], [0, 34, 31, 20, 1, 3, 5, 8], [0, 4, 10, 11, 12, 22, 23, 26, 18], [0, 27, 35, 25], [0, 6, 14], [0, 7, 16, 24], [0, 29, 36]]


#################
lambda = 1.1
mu = 0.1
nu = 1.1

init = 1144.623
res = 1028.384
gap = -14.938

solution = [[0, 6, 14], [0, 24, 7], [0, 32, 15, 30, 13], [0, 33, 9, 2, 28, 21, 19, 17], [0, 8, 5, 3, 1, 20, 31, 34], [0, 4, 10, 11, 12, 22, 23, 26, 18], [0, 16, 25, 35, 27], [0, 36, 29]]


#################
lambda = 1.2000000000000002
mu = 0.1
nu = 0.1

init = 1158.08
res = 988.097
gap = -19.624

solution = [[0, 24, 16, 7, 4, 17, 34, 18], [0, 36, 29], [0, 27, 35, 25], [0, 26, 21, 9, 19, 31], [0, 6, 8, 5, 3, 1, 20, 14], [0, 32, 15, 30, 13], [0, 10, 11, 12, 22, 23, 28, 2, 33]]


#################
lambda = 1.2000000000000002
mu = 0.1
nu = 0.4

init = 1180.136
res = 965.258
gap = -22.454

solution = [[0, 35, 25, 4, 18, 14], [0, 10, 11, 12, 22, 23, 28, 2, 33], [0, 6, 20, 8, 5, 3, 1, 19, 17], [0, 13, 30, 15, 32, 27], [0, 26, 21, 9, 31, 34], [0, 36, 29], [0, 7, 16, 24]]


#################
lambda = 1.2000000000000002
mu = 0.1
nu = 0.5

init = 1180.076
res = 988.203
gap = -19.611

solution = [[0, 25, 35], [0, 10, 11, 12, 22, 23, 28, 2, 33], [0, 34, 31, 20, 1, 3, 5, 8], [0, 24, 16, 7], [0, 13, 30, 15, 32, 27], [0, 4, 26, 21, 9, 19, 17, 18], [0, 14, 6, 36, 29]]


#################
lambda = 1.2000000000000002
mu = 0.1
nu = 1.6

init = 1178.622
res = 988.097
gap = -19.624

solution = [[0, 27, 35, 25], [0, 32, 15, 30, 13], [0, 33, 2, 28, 23, 22, 12, 11, 10], [0, 31, 19, 9, 21, 26], [0, 18, 34, 17, 4, 7, 16, 24], [0, 36, 29], [0, 6, 8, 5, 3, 1, 20, 14]]


#################
lambda = 1.3
mu = 0.2
nu = 0.6000000000000001

init = 1158.02
res = 974.515
gap = -21.291

solution = [[0, 10, 11, 12, 22, 23, 28, 2, 33], [0, 7, 25, 35, 16], [0, 27, 32, 15, 30, 13], [0, 4, 17, 19, 31, 34, 18, 14], [0, 20, 1, 3, 5, 8, 36, 29], [0, 6, 9, 21, 26, 24]]


#################
lambda = 1.3
mu = 0.30000000000000004
nu = 0.1

init = 1156.748
res = 1026.671
gap = -15.129

solution = [[0, 36, 29], [0, 13, 30, 15, 32, 27], [0, 25, 35], [0, 7, 16, 24], [0, 26, 10, 11, 12, 22, 23, 21], [0, 6, 14], [0, 8, 5, 33, 2, 28, 9, 18], [0, 4, 17, 34, 31, 19, 1, 3, 20]]


#################
lambda = 1.3
mu = 1.1
nu = 1.1

init = 1167.289
res = 1000.299
gap = -18.165

solution = [[0, 24], [0, 27, 32, 15, 30, 13], [0, 7, 25, 35, 16], [0, 36, 29], [0, 26, 10, 11, 12, 22, 23, 28, 9], [0, 6, 14], [0, 18, 31, 19, 21, 2, 33], [0, 20, 8, 5, 3, 1, 34, 17, 4]]


#################
lambda = 1.4000000000000001
mu = 0.1
nu = 0.1

init = 1179.209
res = 977.791
gap = -20.885

solution = [[0, 21, 9, 5, 3, 8], [0, 10, 11, 12, 22, 23, 28, 2, 33, 1, 20], [0, 29, 36], [0, 35, 25, 13], [0, 27, 32, 15, 30, 26], [0, 18, 4, 17, 34, 19, 31, 6], [0, 24, 16, 7, 14]]


#################
lambda = 1.4000000000000001
mu = 0.30000000000000004
nu = 1.7000000000000002

init = 1176.769
res = 988.209
gap = -19.61

solution = [[0, 21, 28, 23, 22, 12, 11, 10, 26], [0, 25, 35, 27], [0, 32, 15, 30, 13, 4], [0, 29, 36], [0, 24, 16, 7, 14], [0, 8, 3, 5, 33, 9, 2], [0, 18, 17, 34, 31, 19, 1, 20, 6]]


#################
lambda = 1.4000000000000001
mu = 0.4
nu = 0.6000000000000001

init = 1155.634
res = 1020.555
gap = -15.819

solution = [[0, 6, 14], [0, 27, 32, 15, 30, 13], [0, 33, 9, 2, 28, 21, 19, 17], [0, 34, 31, 1, 3, 5, 8, 20], [0, 4, 10, 11, 12, 22, 23, 26, 18], [0, 35, 25], [0, 36, 29], [0, 7, 16, 24]]

execution : 299 s
