

#################

init = 1074.27
res = 1016.408
gap = 6.337

solution = [[0, 24, 29, 36, 6, 14], [0, 8, 5, 2, 28, 11, 12, 22, 23], [0, 20, 1, 3, 33, 9, 21, 26, 4], [0, 13, 19, 31, 34, 17, 18], [0, 16, 35, 25, 7], [0, 27, 32, 15, 30, 10]]


#################

init = 1019.632
res = 963.923
gap = 1.237

solution = [[0, 7, 25, 35, 16], [0, 10, 11, 12, 22, 23, 28, 2, 33], [0, 13, 30, 15, 32, 27], [0, 20, 1, 3, 5, 9, 21, 26, 4], [0, 14, 6, 36, 29, 24], [0, 18, 17, 34, 31, 19, 8]]


#################

init = 1092.704
res = 964.955
gap = 1.343

solution = [[0, 27, 32, 15, 30, 13], [0, 14, 18, 4, 35, 25], [0, 10, 11, 12, 22, 23, 28, 2, 17], [0, 6, 20, 8, 5, 3, 1, 34], [0, 36, 29, 24, 16, 7], [0, 31, 19, 33, 9, 21, 26]]


#################

init = 1002.935
res = 967.51
gap = 1.603

solution = [[0, 15, 30, 11, 10, 26], [0, 25, 35, 32, 27], [0, 6, 8, 5, 3, 1, 20, 18, 14], [0, 13, 19, 31, 34, 17, 4], [0, 33, 9, 21, 2, 28, 23, 22, 12], [0, 7, 16, 24, 29, 36]]


#################

init = 1074.27
res = 967.58
gap = 1.61

solution = [[0, 8, 5, 2, 28, 23, 22, 12, 11], [0, 20, 1, 3, 33, 9, 21, 26, 4], [0, 13, 19, 31, 34, 17, 18], [0, 14, 6, 36, 29, 24], [0, 16, 35, 25, 7], [0, 27, 32, 15, 30, 10]]


#################

init = 1039.291
res = 963.259
gap = 1.169

solution = [[0, 10, 11, 12, 22, 23, 28, 2, 33], [0, 7, 25, 35, 16], [0, 4, 26, 30, 15, 32, 27], [0, 20, 8, 5, 3, 1, 9, 21], [0, 18, 17, 34, 31, 19, 13], [0, 14, 6, 36, 29, 24]]


#################

init = 1088.043
res = 971.442
gap = 2.001

solution = [[0, 32, 15, 30, 13, 4], [0, 36, 29, 24, 16, 7], [0, 34, 31, 19, 9, 2, 33], [0, 6, 20, 8, 5, 3, 1, 17, 18], [0, 21, 28, 23, 22, 12, 11, 10, 26], [0, 27, 35, 25, 14]]


#################

init = 1002.096
res = 969.621
gap = 1.817

solution = [[0, 27, 32, 15, 30, 13], [0, 7, 25, 35, 16], [0, 6, 36, 29, 24], [0, 21, 28, 23, 22, 12, 11, 10, 26], [0, 18, 34, 1, 3, 5, 8, 20, 14], [0, 4, 17, 31, 19, 9, 2, 33]]


#################

init = 1049.05
res = 983.739
gap = 3.226

solution = [[0, 36, 29, 24, 16, 7], [0, 25, 35, 32, 27], [0, 13, 11, 12, 22, 23, 28, 2, 33], [0, 17, 26, 10, 30, 15], [0, 6, 8, 5, 3, 1, 20, 18, 14], [0, 4, 34, 21, 9, 19, 31]]


#################

init = 1090.215
res = 972.136
gap = 2.071

solution = [[0, 24, 29, 36, 6], [0, 14, 31, 19, 9, 2, 33, 20], [0, 26, 10, 11, 12, 22, 23, 28, 21], [0, 18, 4, 17, 34, 1, 3, 5, 8], [0, 16, 35, 25, 7], [0, 13, 30, 15, 32, 27]]
Execution = 805.2861831188202
