Aretes fixées après apprentissage pour cette exécution
Fixed edges = [[0, 29, 36, 0], [0, 10, 11, 12, 22, 23, 0], [0, 2, 28, 21, 0], [0, 1, 3, 5, 8, 0], [0, 31, 34, 0], [0, 30, 15, 32, 0], [0, 9, 33, 0], [0, 4, 0], [0, 6, 0], [0, 7, 0], [0, 13, 0], [0, 14, 0], [0, 16, 0], [0, 17, 0], [0, 18, 0], [0, 19, 0], [0, 20, 0], [0, 24, 0], [0, 25, 0], [0, 26, 0], [0, 27, 0], [0, 35, 0]]
Time = 0.3438596725463867


#################

init = 1078.349
res = 972.935
gap = -763.778

solution = [[0, 20, 8, 5, 3, 1, 31, 34], [0, 14, 6, 36, 29, 24], [0, 16, 35, 25, 7], [0, 17, 19, 21, 28, 2, 9, 33], [0, 13, 30, 15, 32, 27], [0, 4, 10, 11, 12, 22, 23, 26, 18]]


#################

init = 1078.349
res = 952.083
gap = -782.696

solution = [[0, 24, 29, 36, 6, 14], [0, 10, 11, 12, 22, 23, 28, 2, 33, 20], [0, 31, 19, 9, 21, 26, 4], [0, 18, 17, 34, 1, 3, 5, 8], [0, 16, 35, 25, 7], [0, 27, 32, 15, 30, 13]]


#################

init = 1078.349
res = 991.545
gap = -747.566

solution = [[0, 36, 29], [0, 4, 31, 21, 28, 2, 9, 33], [0, 6, 20, 8, 5, 3, 1, 19, 17], [0, 10, 11, 12, 22, 23, 26, 34], [0, 25, 35, 27], [0, 24, 16, 7, 14], [0, 32, 15, 30, 13, 18]]


#################

init = 1078.349
res = 950.852
gap = -783.839

solution = [[0, 10, 11, 12, 22, 23, 28, 2, 33], [0, 24, 29, 36, 6, 14], [0, 13, 30, 15, 32, 27], [0, 16, 35, 25, 7], [0, 20, 8, 5, 3, 1, 34, 17, 18], [0, 31, 19, 9, 21, 26, 4]]


#################

init = 1078.349
res = 976.983
gap = -760.2

solution = [[0, 32, 15, 30, 13, 4], [0, 6, 20, 8, 5, 3, 1, 17, 18], [0, 34, 31, 19, 9, 2, 33], [0, 36, 29], [0, 25, 35, 27, 24], [0, 14, 7, 16], [0, 26, 10, 11, 12, 22, 23, 28, 21]]


#################

init = 1091.787
res = 950.852
gap = -783.839

solution = [[0, 13, 30, 15, 32, 27], [0, 16, 35, 25, 7], [0, 10, 11, 12, 22, 23, 28, 2, 33], [0, 14, 6, 36, 29, 24], [0, 18, 17, 34, 1, 3, 5, 8, 20], [0, 31, 19, 9, 21, 26, 4]]


#################

init = 1091.787
res = 951.85
gap = -782.912

solution = [[0, 13, 30, 15, 32, 27], [0, 7, 25, 35, 16], [0, 10, 11, 12, 22, 23, 28, 2, 33], [0, 14, 6, 36, 29, 24], [0, 34, 31, 1, 3, 5, 8, 20], [0, 4, 26, 21, 9, 19, 17, 18]]
