Aretes fixées après apprentissage pour cette exécution
Fixed edges = [[0, 80, 100, 120, 140, 160, 180, 200, 0], [0, 119, 139, 159, 179, 199, 0], [0, 98, 118, 138, 158, 178, 198, 0], [0, 97, 117, 137, 157, 177, 197, 0], [0, 76, 96, 116, 136, 156, 176, 196, 0], [0, 95, 115, 135, 155, 175, 195, 194, 174, 154, 134, 114, 94, 74, 0], [0, 93, 113, 133, 153, 173, 193, 0], [0, 92, 112, 132, 152, 172, 192, 0], [0, 91, 111, 131, 151, 171, 191, 0], [0, 90, 110, 130, 150, 170, 190, 0], [0, 89, 109, 129, 149, 169, 189, 0], [0, 88, 108, 128, 148, 168, 188, 0], [0, 87, 107, 127, 147, 167, 187, 186, 166, 146, 126, 106, 86, 0], [0, 85, 105, 125, 145, 165, 185, 184, 164, 144, 124, 104, 84, 64, 0], [0, 83, 103, 123, 143, 163, 183, 0], [0, 102, 122, 142, 162, 182, 0], [0, 81, 101, 121, 141, 161, 181, 0], [0, 79, 99, 0], [0, 1, 0], [0, 2, 0], [0, 3, 0], [0, 4, 0], [0, 5, 0], [0, 6, 0], [0, 7, 0], [0, 8, 0], [0, 9, 0], [0, 10, 0], [0, 11, 0], [0, 12, 0], [0, 13, 0], [0, 14, 0], [0, 15, 0], [0, 16, 0], [0, 17, 0], [0, 18, 0], [0, 19, 0], [0, 20, 0], [0, 21, 0], [0, 22, 0], [0, 23, 0], [0, 24, 0], [0, 25, 0], [0, 26, 0], [0, 27, 0], [0, 28, 0], [0, 29, 0], [0, 30, 0], [0, 31, 0], [0, 32, 0], [0, 33, 0], [0, 34, 0], [0, 35, 0], [0, 36, 0], [0, 37, 0], [0, 38, 0], [0, 39, 0], [0, 40, 0], [0, 41, 0], [0, 42, 0], [0, 43, 0], [0, 44, 0], [0, 45, 0], [0, 46, 0], [0, 47, 0], [0, 48, 0], [0, 49, 0], [0, 50, 0], [0, 51, 0], [0, 52, 0], [0, 53, 0], [0, 54, 0], [0, 55, 0], [0, 56, 0], [0, 57, 0], [0, 58, 0], [0, 59, 0], [0, 60, 0], [0, 61, 0], [0, 62, 0], [0, 63, 0], [0, 65, 0], [0, 66, 0], [0, 67, 0], [0, 68, 0], [0, 69, 0], [0, 70, 0], [0, 71, 0], [0, 72, 0], [0, 73, 0], [0, 75, 0], [0, 77, 0], [0, 78, 0], [0, 82, 0]]
Time = 49.60055088996887


#################

init = 9904.205
res = 6981.771
gap = 7.473

solution = [[0, 7, 6, 5, 4, 3, 2, 23, 22, 21, 42, 43, 44, 45, 25, 24], [0, 1, 20, 19, 18, 17, 16, 15, 14, 34, 35, 36, 37, 38], [0, 13, 12, 11, 10, 29, 28, 48, 47, 67, 87, 107, 127, 147, 167, 187, 186, 166, 146, 126, 106, 86, 85, 105, 125, 145, 165, 185, 184, 164, 144, 124, 104, 84, 64, 65, 66, 46, 26, 27, 8, 9], [0, 33, 53, 73, 93, 113, 133, 153, 173, 193, 192, 172, 152, 132, 112, 92, 91, 111, 131, 151, 171, 191, 190, 170, 150, 130, 110, 90, 70, 71, 72, 52, 51, 50, 69, 89, 109, 129, 149, 169, 189, 188, 168, 148, 128, 108, 88, 68, 49, 30, 31, 32], [0, 55, 54, 74, 94, 114, 134, 154, 174, 194, 195, 175, 155, 156, 176, 196, 197, 177, 157, 137, 117, 97, 98, 118, 138, 158, 178, 198, 199, 179, 159, 139, 119, 99, 79, 59], [0, 40, 60, 41, 61, 62, 63, 83, 103, 123, 143, 163, 183, 182, 162, 142, 122, 102, 82, 81, 101, 121, 141, 161, 181, 200, 180, 160, 140, 120, 100, 80, 78, 77, 96, 116, 136, 135, 115, 95, 75, 76, 56, 57, 58, 39]]


#################

init = 9904.205
res = 7018.083
gap = 7.952

solution = [[0, 7, 6, 5, 4, 3, 2, 23, 22, 21, 42, 43, 44, 45, 25, 24], [0, 1, 20, 19, 18, 17, 16, 15, 35, 36, 37, 38, 39], [0, 34, 33, 53, 73, 93, 113, 133, 153, 173, 193, 192, 172, 152, 132, 112, 92, 91, 111, 131, 151, 171, 191, 190, 170, 150, 130, 110, 90, 70, 71, 72, 52, 51, 50, 69, 89, 109, 129, 149, 169, 189, 188, 168, 148, 128, 108, 88, 68, 49, 30, 31, 32], [0, 14, 13, 12, 11, 10, 29, 28, 48, 47, 67, 87, 107, 127, 147, 167, 187, 186, 166, 146, 126, 106, 86, 85, 105, 125, 145, 165, 185, 184, 164, 144, 124, 104, 84, 64, 65, 66, 46, 26, 27, 8, 9], [0, 59, 58, 57, 77, 97, 117, 137, 157, 158, 138, 118, 98, 78, 80, 100, 120, 140, 160, 180, 200, 181, 161, 141, 121, 101, 81, 82, 102, 122, 142, 162, 182, 183, 163, 143, 123, 103, 83, 63, 62, 61, 41, 60, 40], [0, 54, 55, 56, 76, 75, 74, 94, 114, 134, 154, 174, 194, 195, 175, 155, 135, 115, 95, 96, 116, 136, 156, 176, 196, 197, 177, 178, 198, 199, 179, 159, 139, 119, 99, 79]]


#################

init = 9904.205
res = 6849.954
gap = 5.693

solution = [[0, 19, 18, 17, 16], [0, 15, 36, 37, 57, 56, 76, 117, 137, 157, 177, 197, 196, 176, 156, 136, 116, 96, 75, 95, 115, 135, 155, 175, 195, 194, 174, 154, 134, 114, 94, 74, 54, 55, 35, 34, 14, 13, 12, 11, 10], [0, 23, 24, 44, 43, 63, 83, 103, 104, 84, 64, 65, 86, 106, 126, 146, 166, 186, 187, 167, 147, 127, 107, 87, 67, 47, 48, 28, 29, 8, 9], [0, 33, 53, 73, 93, 113, 133, 153, 173, 193, 192, 172, 152, 132, 112, 92, 72, 52, 51, 71, 91, 111, 131, 151, 171, 191, 190, 170, 150, 130, 110, 90, 70, 69, 89, 109, 129, 149, 169, 189, 188, 168, 148, 128, 108, 88, 68, 49, 50, 30, 31, 32], [0, 27, 26, 25, 45, 46, 66, 85, 105, 125, 145, 165, 185, 184, 164, 144, 124, 123, 143, 163, 183, 182, 162, 142, 122, 102, 82, 62, 41, 60, 40, 39, 38], [0, 7, 6, 5, 4, 3, 2, 1, 20, 21, 22, 42, 61, 81, 101, 121, 141, 161, 181, 200, 180, 160, 140, 120, 100, 80, 79, 99, 119, 139, 159, 179, 199, 198, 178, 158, 138, 118, 98, 97, 77, 78, 58, 59]]


#################

init = 9904.205
res = 6948.772
gap = 7.034

solution = [[0, 7, 6, 5, 4, 3, 2, 23, 22, 21, 42, 43, 44, 45, 25, 24], [0, 1, 20, 19, 18, 17, 16, 15, 14, 34, 35, 36, 37, 38], [0, 54, 74, 94, 114, 134, 154, 174, 194, 195, 175, 155, 135, 115, 95, 75, 55, 56, 76, 96, 116, 136, 156, 176, 196, 197, 177, 178, 198, 199, 179, 159, 139, 119, 99, 79, 59], [0, 33, 53, 73, 93, 113, 133, 153, 173, 193, 192, 172, 152, 132, 112, 92, 91, 111, 131, 151, 171, 191, 190, 170, 150, 130, 110, 90, 70, 71, 72, 52, 51, 50, 69, 89, 109, 129, 149, 169, 189, 188, 168, 148, 128, 108, 88, 68, 49, 30, 31, 32], [0, 40, 60, 41, 61, 62, 63, 83, 103, 123, 143, 163, 183, 182, 162, 142, 122, 102, 82, 81, 101, 121, 141, 161, 181, 200, 180, 160, 140, 120, 100, 80, 78, 98, 118, 138, 158, 157, 137, 117, 97, 77, 57, 58, 39], [0, 13, 12, 11, 10, 29, 28, 48, 47, 67, 87, 107, 127, 147, 167, 187, 186, 166, 146, 126, 106, 86, 85, 105, 125, 145, 165, 185, 184, 164, 144, 124, 104, 84, 64, 65, 66, 46, 26, 27, 8, 9]]


#################

init = 9904.205
res = 6928.433
gap = 6.761

solution = [[0, 12, 32, 52, 51, 71, 70, 50, 48, 47, 67, 87, 107, 127, 147, 167, 187, 186, 166, 146, 145, 165, 185, 184, 164, 144, 124, 104, 84, 64, 63, 43, 44, 24, 23, 22, 21], [0, 7, 6, 5, 4, 3, 25, 45, 65, 85, 105, 125, 126, 106, 86, 66, 46, 26, 27, 28, 8, 9], [0, 15, 16, 17, 18, 19, 40, 60, 41, 61, 42, 62, 83, 103, 123, 143, 163, 183, 182, 162, 142, 122, 102, 82, 81, 101, 121, 141, 161, 181, 200, 180, 160, 140, 120, 100, 80], [0, 2, 1, 20, 39, 38, 58, 59, 79, 99, 119, 139, 159, 179, 199, 198, 178, 158, 138, 118, 98, 78, 77, 97, 117, 137, 157, 177, 197, 196, 176, 156, 136, 116, 96, 76, 35, 14, 13], [0, 33, 53, 73, 93, 113, 133, 153, 173, 193, 192, 172, 152, 132, 112, 92, 72, 91, 111, 131, 151, 171, 191, 190, 170, 150, 130, 110, 90, 89, 109, 129, 149, 169, 189, 188, 168, 148, 128, 108, 88, 68, 69, 49, 29, 30, 31, 11, 10], [0, 34, 54, 74, 94, 114, 134, 154, 174, 194, 195, 175, 155, 135, 115, 95, 75, 55, 56, 57, 37, 36]]


#################

init = 10958.963
res = 6763.654
gap = 4.489

solution = [[0, 38, 37, 36, 56, 76, 96, 116, 136, 156, 176, 196, 197, 177, 157, 137, 117, 97, 77, 57, 58, 78, 98, 118, 138, 158, 178, 198, 199, 179, 159, 139, 119, 99, 120, 140, 160, 180, 200, 181, 161, 141, 121, 101, 81, 100, 80, 79, 59, 39, 40, 21, 2], [0, 14, 13, 33, 34, 54, 53, 52, 72, 92, 112, 132, 152, 172, 192, 193, 173, 153, 133, 113, 93, 73, 74, 94, 114, 134, 154, 174, 194, 195, 175, 155, 135, 115, 95, 75, 55, 35, 15, 16, 17, 18, 19, 20, 1], [0, 30, 50, 70, 90, 110, 130, 150, 170, 190, 191, 171, 151, 131, 111, 91, 71, 51, 31, 32, 12], [0, 23, 43, 63, 83, 103, 123, 143, 144, 124, 104, 84, 64, 65, 86, 106, 126, 146, 166, 186, 187, 167, 147, 127, 107, 87, 67, 47, 68, 88, 108, 128, 148, 168, 188, 189, 169, 149, 129, 109, 89, 69, 49, 48, 29], [0, 11, 10, 9, 8, 7, 6, 5, 4, 3, 22, 42, 41, 60, 61, 62, 82, 102, 122, 142, 162, 182, 183, 163, 164, 184, 185, 165, 145, 125, 105, 85, 66, 46, 45, 44, 24, 25, 26, 27, 28]]


#################

init = 10958.963
res = 6960.464
gap = 7.19

solution = [[0, 25, 24, 44, 45, 65, 64, 84, 104, 124, 144, 164, 184, 185, 165, 145, 125, 105, 85, 86, 106, 126, 146, 166, 186, 187, 167, 147, 127, 107, 87, 67, 88, 108, 128, 148, 168, 188, 189, 169, 149, 129, 109, 89, 69, 68, 48, 47, 66, 46, 26, 27, 28, 9], [0, 10, 8, 7, 6, 5, 4, 3, 2, 1, 20, 19, 22, 23, 43, 42, 62, 63, 83, 103, 82, 102, 122, 142, 162, 182, 183, 163, 143, 123], [0, 38, 37, 36, 56, 76, 96, 116, 136, 156, 176, 196, 197, 177, 157, 137, 117, 97, 77, 57, 58, 59, 79, 78, 98, 118, 138, 158, 178, 198, 199, 179, 159, 139, 119, 99, 100, 120, 140, 160, 180, 200, 181, 161, 141, 121, 101, 81, 61, 80, 60, 41, 21, 40, 39], [0, 14, 13, 33, 34, 54, 53, 52, 71, 91, 111, 131, 132, 112, 92, 73, 74, 94, 114, 134, 154, 174, 194, 195, 175, 155, 135, 115, 95, 75, 55, 35, 15, 16, 17, 18], [0, 12, 32, 31, 51, 72, 93, 113, 133, 153, 173, 193, 192, 172, 152, 151, 171, 191, 190, 170, 150, 130, 110, 90, 70, 50, 49, 29, 30, 11]]


#################

init = 10958.963
res = 6606.163
gap = 2.213

solution = [[0, 38, 37, 36, 56, 76, 96, 116, 136, 156, 176, 196, 197, 177, 157, 137, 117, 97, 77, 57, 58, 59, 79, 78, 98, 118, 138, 158, 178, 198, 199, 179, 159, 139, 119, 99, 100, 120, 140, 160, 180, 200, 181, 161, 141, 121, 101, 81, 61, 80, 60, 41, 21, 40, 39], [0, 7, 6, 5, 4, 3, 2, 22, 42, 62, 82, 102, 122, 142, 162, 182, 183, 163, 143, 123, 103, 83, 63, 43, 23], [0, 25, 24, 44, 64, 84, 104, 124, 144, 164, 184, 185, 165, 145, 125, 105, 85, 65, 86, 106, 126, 146, 166, 186, 187, 167, 147, 127, 107, 87, 88, 108, 128, 148, 168, 188, 189, 169, 149, 129, 109, 89, 69, 68, 48, 47, 67, 66, 46, 45, 26, 27, 28, 9, 8], [0, 29, 49, 50, 70, 90, 110, 130, 150, 170, 190, 191, 171, 151, 131, 111, 91, 71, 51, 31, 30, 10, 11], [0, 14, 13, 12, 32, 33, 34, 54, 53, 52, 72, 92, 112, 132, 152, 172, 192, 193, 173, 153, 133, 113, 93, 73, 74, 94, 114, 134, 154, 174, 194, 195, 175, 155, 135, 115, 95, 75, 55, 35, 15, 16, 17, 18, 19, 20, 1]]


#################

init = 10958.963
res = 6717.039
gap = 3.827

solution = [[0, 10, 9, 29, 30, 50, 70, 90, 110, 130, 150, 170, 190, 191, 171, 151, 131, 111, 91, 71, 72, 92, 112, 132, 152, 172, 192, 193, 173, 153, 133, 113, 93, 73, 53, 52, 51, 31, 32, 11, 12], [0, 25, 24, 44, 45, 65, 64, 84, 104, 124, 144, 164, 184, 185, 165, 145, 125, 105, 85, 86, 106, 126, 146, 166, 186, 187, 167, 147, 127, 107, 87, 88, 108, 128, 148, 168, 188, 189, 169, 149, 129, 109, 89, 69, 49, 48, 68, 67, 66, 46, 47, 26, 27, 28], [0, 16, 15, 14, 13, 33, 34, 54, 74, 94, 114, 134, 154, 174, 194, 195, 175, 155, 135, 115, 95, 75, 55, 35, 36, 37, 18, 19, 20, 1, 2], [0, 40, 21, 22, 42, 41, 60, 80, 79, 99, 119, 139, 159, 179, 199, 198, 178, 158, 138, 118, 98, 78, 77, 97, 117, 137, 157, 177, 197, 196, 176, 156, 136, 116, 96, 76, 56, 57, 58, 59, 39, 38, 17], [0, 8, 7, 6, 5, 4, 3, 23, 43, 63, 62, 61, 100, 120, 140, 160, 180, 200, 181, 161, 141, 121, 101, 81, 82, 102, 122, 142, 162, 182, 183, 163, 143, 123, 103, 83]]


#################

init = 10958.963
res = 6888.535
gap = 6.221

solution = [[0, 25, 24, 44, 45, 65, 64, 84, 104, 124, 144, 164, 184, 185, 165, 145, 125, 105, 85, 86, 106, 126, 146, 166, 186, 187, 167, 147, 127, 107, 87, 67, 88, 108, 128, 148, 168, 188, 189, 169, 149, 129, 109, 89, 69, 68, 48, 47, 66, 46, 26, 27, 28, 29], [0, 49, 50, 70, 90, 110, 130, 150, 170, 190, 191, 171, 151, 131, 111, 91, 71, 51, 30, 10], [0, 14, 13, 12, 11, 31, 32, 33, 34, 54, 53, 52, 72, 92, 112, 132, 152, 172, 192, 193, 173, 153, 133, 113, 93, 73, 74, 94, 114, 134, 154, 174, 194, 195, 175, 155, 135, 115, 95, 75, 55, 56, 36, 35, 16, 15], [0, 17, 18, 19, 38, 37, 57, 77, 76, 96, 116, 136, 156, 176, 196, 197, 177, 157, 137, 117, 97, 138, 158, 178, 198, 199, 179, 159, 139, 119, 99, 79, 80, 60, 61, 81, 101, 121, 122, 102, 82, 62, 41, 42, 23, 22, 21], [0, 9, 8, 7, 6, 5, 4, 3, 2, 1, 20, 40, 39, 59, 58, 78, 98, 118, 100, 120, 140, 160, 180, 200, 181, 161, 141, 142, 162, 182, 183, 163, 143, 123, 103, 83, 63, 43]]


#################

init = 9735.5
res = 6686.571
gap = 3.388

solution = [[0, 15, 14, 12, 11, 10, 32, 31, 30, 50, 51, 52, 53, 73, 93, 113, 133, 153, 173, 193, 192, 172, 152, 132, 112, 92, 72, 71, 91, 111, 131, 151, 171, 191, 190, 170, 150, 130, 110, 90, 70, 49, 29, 9], [0, 2, 1, 21, 22, 23, 24, 44, 43, 63, 82, 102, 122, 142, 162, 182, 183, 163, 143, 123, 103, 83, 64, 84, 104, 124, 144, 164, 184, 185, 165, 145, 125, 105, 85, 65, 45, 25, 4, 3], [0, 7, 6, 5, 26, 46, 47, 67, 66, 86, 106, 126, 146, 166, 186, 187, 167, 147, 127, 107, 87, 88, 108, 128, 148, 168, 188, 189, 169, 149, 129, 109, 89, 69, 68, 48, 28, 27, 8], [0, 13, 33, 34, 35, 55, 54, 74, 94, 114, 134, 154, 174, 194, 195, 175, 155, 135, 115, 95, 75, 57, 58, 59, 39, 38, 37], [0, 19, 18, 17, 16, 36, 56, 76, 96, 116, 136, 156, 176, 196, 197, 177, 157, 137, 117, 97, 77, 78, 98, 118, 138, 158, 178, 198, 199, 179, 159, 139, 119, 99, 79, 100, 120, 140, 160, 180, 200, 181, 161, 141, 121, 101, 81, 62, 42, 41, 61, 80, 60, 40, 20]]


#################

init = 9735.5
res = 6888.633
gap = 6.222

solution = [[0, 6, 5, 4, 3, 2, 1, 20, 40, 21, 22, 42, 43, 23, 24, 25, 45, 65, 85, 105, 125, 145, 165, 185, 184, 164, 144, 124, 104, 84, 64, 44, 63, 83, 103, 123, 143, 163, 183, 142, 162, 182, 181, 200, 180, 160, 140, 161, 141, 121, 101, 81, 61, 41], [0, 9, 8, 28, 48, 68, 69, 89, 109, 129, 149, 169, 189, 188, 168, 148, 128, 108, 88, 87, 107, 127, 147, 167, 187, 186, 166, 146, 126, 106, 86, 66, 67, 47, 46, 26, 27, 7], [0, 10, 11, 31, 30, 29, 49, 50, 70, 90, 110, 130, 150, 170, 190, 191, 171, 151, 131, 111, 91, 71, 51, 72, 92, 112, 132, 152, 172, 192, 193, 173, 153, 133, 113, 93, 73, 53, 52, 32, 33, 12, 13], [0, 19, 39, 58, 59, 79, 80, 60, 62, 82, 102, 122, 120, 100, 99, 119, 139, 159, 179, 199, 198, 178, 158, 138, 118, 98, 78, 77, 97, 117, 137, 157, 177, 197, 196, 176, 156, 136, 116, 96, 76, 56, 57, 38, 17], [0, 16, 15, 14, 34, 54, 74, 94, 114, 134, 154, 174, 194, 195, 175, 155, 135, 115, 95, 75, 55, 35, 36, 37, 18]]


#################

init = 9735.5
res = 6681.456
gap = 3.314

solution = [[0, 19, 18, 37, 36, 35, 55, 75, 95, 115, 135, 155, 175, 195, 194, 174, 154, 134, 114, 94, 74, 54, 34, 33, 32, 12, 13, 14, 15], [0, 10, 30, 50, 70, 90, 110, 130, 150, 170, 190, 191, 171, 151, 131, 111, 91, 71, 72, 92, 112, 132, 152, 172, 192, 193, 173, 153, 133, 113, 93, 73, 53, 52, 51, 31, 11], [0, 6, 7, 8, 9, 29, 28, 27, 48, 49, 69, 89, 109, 129, 149, 169, 189, 188, 168, 148, 128, 108, 88, 68, 87, 107, 127, 147, 167, 187, 186, 166, 146, 126, 106, 86, 67, 47, 26, 5], [0, 16, 17, 38, 58, 57, 56, 76, 96, 116, 136, 156, 176, 196, 197, 177, 157, 137, 117, 97, 77, 78, 98, 118, 138, 158, 178, 198, 199, 179, 159, 139, 119, 99, 79, 80, 100, 120, 140, 160, 180, 200, 141, 121, 101, 81, 61, 41, 60, 59, 39, 40, 21, 20, 1], [0, 2, 22, 42, 62, 82, 102, 122, 142, 162, 161, 181, 182, 183, 163, 143, 123, 103, 83, 63, 43, 44, 64, 84, 104, 124, 144, 164, 184, 185, 165, 145, 125, 105, 85, 65, 66, 46, 45, 25, 24, 23, 3, 4]]


#################

init = 9735.5
res = 6842.348
gap = 5.588

solution = [[0, 8, 9, 31, 30, 29, 28, 48, 49, 50, 70, 90, 110, 130, 150, 170, 190, 191, 171, 151, 131, 111, 91, 71, 51, 72, 92, 112, 132, 152, 172, 192, 193, 173, 153, 133, 113, 93, 73, 53, 52, 32, 11, 10], [0, 20, 1, 2, 3, 4, 5, 25, 45, 65, 85, 105, 125, 145, 165, 185, 184, 164, 144, 124, 104, 84, 64, 44, 43, 63, 82, 102, 122, 142, 162, 182, 183, 163, 143, 123, 103, 83], [0, 7, 27, 47, 67, 68, 69, 89, 109, 129, 149, 169, 189, 188, 168, 148, 128, 108, 88, 87, 107, 127, 147, 167, 187, 186, 166, 146, 126, 106, 86, 66, 46, 26, 6], [0, 15, 14, 13, 12, 33, 34, 54, 74, 94, 114, 134, 154, 174, 194, 195, 175, 155, 156, 176, 196, 197, 177, 157, 137, 117, 96, 76, 56, 57, 77, 98, 78, 58, 59, 60, 40, 39, 38, 18, 19], [0, 16, 17, 37, 36, 35, 55, 75, 95, 115, 135, 136, 116, 97, 118, 138, 158, 178, 198, 199, 179, 159, 139, 119, 99, 79, 80, 100, 120, 140, 160, 180, 200, 181, 161, 141, 121, 101, 81, 61, 62, 42, 41, 21, 22, 23, 24]]


#################

init = 9735.5
res = 6754.581
gap = 4.361

solution = [[0, 7, 6, 5, 4, 3, 2, 1, 20, 40, 21, 22, 23, 24, 25, 45, 65, 85, 105, 125, 145, 165, 185, 184, 164, 144, 124, 104, 84, 64, 44, 43, 63, 42, 62, 82, 102, 122, 142, 162, 182, 183, 163, 143, 123, 103, 83], [0, 19, 39, 59, 60, 41, 61, 81, 101, 121, 141, 161, 181, 200, 180, 160, 140, 120, 100, 80, 79, 99, 119, 139, 159, 179, 199, 198, 178, 158, 138, 118, 98, 78, 58, 38], [0, 26, 46, 66, 86, 106, 126, 146, 166, 186, 187, 167, 147, 127, 107, 108, 128, 148, 168, 188, 189, 169, 149, 129, 109, 89, 69, 50, 51, 71, 91, 111, 112, 92, 72, 52, 32, 31, 12, 11], [0, 18, 17, 37, 57, 77, 97, 117, 137, 157, 177, 197, 196, 176, 156, 136, 116, 96, 95, 115, 135, 155, 175, 195, 194, 174, 154, 134, 114, 94, 74, 75, 76, 56, 55, 35, 36, 16, 15], [0, 8, 9, 10, 30, 29, 28, 27, 47, 67, 87, 88, 68, 48, 49, 70, 90, 110, 130, 150, 170, 190, 191, 171, 151, 131, 132, 152, 172, 192, 193, 173, 153, 133, 113, 93, 73, 53, 54, 34, 33, 13, 14]]


#################

init = 9653.275
res = 6679.807
gap = 3.291

solution = [[0, 11, 10, 30, 31, 32, 52, 51, 50, 70, 90, 110, 130, 150, 170, 190, 191, 171, 151, 131, 111, 91, 71, 72, 92, 112, 132, 152, 172, 192, 193, 173, 153, 133, 113, 93, 73, 74, 53, 33, 12], [0, 6, 7, 28, 48, 68, 67, 47, 46, 66, 86, 106, 126, 146, 166, 186, 187, 167, 147, 127, 107, 87, 88, 108, 128, 148, 168, 188, 189, 169, 149, 129, 109, 89, 69, 49, 29], [0, 15, 16, 17, 37, 38, 58, 78, 98, 118, 138, 158, 178, 198, 199, 179, 159, 139, 119, 99, 79, 59, 39, 19, 18], [0, 35, 36, 56, 57, 77, 97, 117, 137, 157, 177, 197, 196, 176, 156, 136, 116, 96, 76, 95, 115, 135, 155, 175, 195, 194, 174, 154, 134, 114, 94, 75, 55, 54, 34, 14, 13], [0, 20, 40, 60, 80, 100, 120, 140, 160, 180, 200, 181, 161, 141, 121, 101, 81, 61, 41, 42, 62, 82, 102, 122, 142, 162, 182, 183, 163, 143, 123, 103, 83, 63, 43, 23, 22, 21, 1, 2, 3, 4], [0, 9, 8, 27, 26, 25, 45, 65, 85, 105, 125, 145, 165, 185, 184, 164, 144, 124, 104, 84, 64, 44, 24, 5]]


#################

init = 9653.275
res = 6633.876
gap = 2.621

solution = [[0, 9, 29, 49, 69, 89, 109, 129, 149, 169, 189, 188, 168, 148, 128, 108, 88, 87, 107, 127, 147, 167, 187, 186, 166, 146, 126, 106, 86, 66, 46, 47, 67, 68, 48, 28, 8], [0, 6, 7, 27, 26, 25, 45, 65, 85, 105, 125, 145, 165, 185, 184, 164, 144, 124, 104, 84, 64, 44, 24, 5], [0, 20, 39, 59, 79, 99, 119, 139, 159, 179, 199, 198, 178, 158, 138, 118, 98, 78, 58, 38, 19, 18], [0, 40, 60, 80, 100, 120, 140, 160, 180, 200, 181, 161, 141, 121, 101, 81, 61, 41, 42, 62, 82, 102, 122, 142, 162, 182, 183, 163, 143, 123, 103, 83, 63, 43, 23, 22, 21, 1, 2, 3, 4], [0, 14, 13, 12, 11, 31, 32, 33, 53, 52, 72, 73, 93, 113, 133, 153, 173, 193, 192, 172, 152, 132, 112, 92, 71, 91, 111, 131, 151, 171, 191, 190, 170, 150, 130, 110, 90, 70, 50, 51, 30, 10], [0, 15, 35, 34, 54, 74, 94, 114, 134, 154, 174, 194, 195, 175, 155, 135, 115, 95, 75, 55, 56, 76, 96, 116, 136, 156, 176, 196, 197, 177, 157, 137, 117, 97, 77, 57, 37, 36, 16, 17]]


#################

init = 9653.275
res = 6611.524
gap = 2.292

solution = [[0, 18, 38, 58, 78, 98, 118, 138, 158, 178, 198, 199, 179, 159, 139, 119, 99, 79, 59, 39, 19], [0, 15, 16, 17, 37, 36, 35, 55, 56, 57, 77, 97, 117, 137, 157, 177, 197, 196, 176, 156, 136, 116, 96, 76, 75, 95, 115, 135, 155, 175, 195, 194, 174, 154, 134, 114, 94, 74, 54, 34, 14, 13], [0, 12, 11, 31, 32, 33, 53, 73, 93, 113, 133, 153, 173, 193, 192, 172, 152, 132, 112, 92, 72, 52, 71, 91, 111, 131, 151, 171, 191, 190, 170, 150, 130, 110, 90, 70, 50, 51, 30, 10], [0, 9, 29, 49, 69, 89, 109, 129, 149, 169, 189, 188, 168, 148, 128, 108, 88, 87, 107, 127, 147, 167, 187, 186, 166, 146, 126, 106, 86, 66, 46, 47, 67, 68, 48, 28, 8], [0, 6, 7, 27, 26, 25, 45, 65, 85, 105, 125, 145, 165, 185, 184, 164, 144, 124, 104, 84, 64, 44, 24, 5], [0, 20, 40, 60, 80, 100, 120, 140, 160, 180, 200, 181, 161, 141, 121, 101, 81, 61, 41, 42, 62, 82, 102, 122, 142, 162, 182, 183, 163, 143, 123, 103, 83, 63, 43, 23, 22, 21, 1, 2, 3, 4]]


#################

init = 9653.275
res = 6709.308
gap = 3.716

solution = [[0, 9, 29, 49, 69, 89, 109, 129, 149, 169, 189, 188, 168, 148, 128, 108, 88, 87, 107, 127, 147, 167, 187, 186, 166, 146, 126, 106, 86, 66, 46, 47, 67, 68, 48, 28, 8], [0, 6, 7, 27, 26, 25, 45, 65, 85, 105, 125, 145, 165, 185, 184, 164, 144, 124, 104, 84, 64, 44, 24, 5], [0, 14, 15, 35, 74, 94, 114, 134, 154, 174, 194, 195, 175, 155, 135, 115, 95, 75, 55, 36, 37, 16, 17], [0, 13, 12, 11, 31, 32, 33, 34, 54, 53, 73, 93, 113, 133, 153, 173, 193, 192, 172, 152, 132, 112, 92, 72, 52, 71, 91, 111, 131, 151, 171, 191, 190, 170, 150, 130, 110, 90, 70, 50, 51, 30, 10], [0, 39, 59, 80, 100, 120, 140, 160, 180, 200, 181, 161, 141, 121, 101, 81, 61, 62, 82, 102, 122, 142, 162, 182, 183, 163, 143, 123, 103, 83, 63, 43, 23, 3, 4], [0, 19, 18, 38, 58, 57, 56, 76, 96, 116, 136, 156, 176, 196, 197, 177, 157, 137, 117, 97, 77, 78, 98, 118, 138, 158, 178, 198, 199, 179, 159, 139, 119, 99, 79, 60, 41, 42, 22, 21, 40, 2, 1, 20]]


#################

init = 9653.275
res = 6618.879
gap = 2.4

solution = [[0, 9, 29, 49, 69, 89, 109, 129, 149, 169, 189, 188, 168, 148, 128, 108, 88, 87, 107, 127, 147, 167, 187, 186, 166, 146, 126, 106, 86, 66, 46, 47, 67, 68, 48, 28, 8], [0, 6, 7, 27, 26, 25, 45, 65, 85, 105, 125, 145, 165, 185, 184, 164, 144, 124, 104, 84, 64, 44, 24, 5], [0, 15, 35, 34, 54, 74, 94, 114, 134, 154, 174, 194, 195, 175, 155, 135, 115, 95, 75, 55, 56, 76, 96, 116, 136, 156, 176, 196, 197, 177, 157, 137, 117, 97, 77, 57, 37, 36, 16, 17], [0, 14, 13, 12, 11, 31, 32, 33, 53, 52, 72, 73, 93, 113, 133, 153, 173, 193, 192, 172, 152, 132, 112, 92, 71, 91, 111, 131, 151, 171, 191, 190, 170, 150, 130, 110, 90, 70, 50, 51, 30, 10], [0, 20, 40, 60, 80, 100, 120, 140, 160, 180, 200, 181, 161, 141, 121, 101, 81, 61, 41, 42, 62, 82, 102, 122, 142, 162, 182, 183, 163, 143, 123, 103, 83, 63, 43, 23, 22, 21, 1, 2, 3, 4], [0, 18, 38, 58, 78, 98, 118, 138, 158, 178, 198, 199, 179, 159, 139, 119, 99, 79, 59, 39, 19]]


#################

init = 8536.105
res = 6596.299
gap = 2.066

solution = [[0, 16, 15, 35, 36, 56, 55, 75, 74, 94, 114, 134, 154, 174, 194, 195, 175, 155, 135, 115, 95, 76, 96, 116, 136, 156, 176, 196, 197, 177, 157, 137, 117, 97, 77, 57, 37, 38, 17], [0, 9, 8, 7, 27, 28, 48, 47, 67, 86, 106, 126, 146, 166, 186, 187, 167, 147, 127, 107, 87, 68, 88, 108, 128, 148, 168, 188, 189, 169, 149, 129, 109, 89, 69, 49, 29, 11, 10], [0, 12, 13, 33, 32, 31, 30, 50, 70, 90, 110, 130, 150, 170, 190, 191, 171, 151, 131, 111, 91, 71, 51, 52, 72, 92, 112, 132, 152, 172, 192, 193, 173, 153, 133, 113, 93, 73, 53, 54, 34, 14], [0, 1, 2, 22, 21, 41, 60, 80, 61, 81, 101, 121, 141, 161, 181, 200, 180, 160, 140, 120, 100, 99, 119, 139, 159, 179, 199, 198, 178, 158, 138, 118, 98, 78, 79, 59, 58, 39, 40, 20, 19, 18], [0, 4, 3, 23, 24, 25, 45, 44, 43, 42, 62, 82, 102, 122, 142, 162, 182, 183, 163, 143, 123, 103, 83, 63, 64, 84, 104, 124, 144, 164, 184, 185, 165, 145, 125, 105, 85, 65, 66, 46, 26, 5, 6]]


#################

init = 8536.105
res = 6644.79
gap = 2.781

solution = [[0, 1, 2, 22, 21, 41, 60, 80, 61, 81, 101, 121, 141, 161, 181, 200, 180, 160, 140, 120, 100, 99, 119, 139, 159, 179, 199, 198, 178, 158, 138, 118, 98, 78, 79, 59, 39, 40, 20, 19, 18], [0, 4, 3, 23, 24, 25, 45, 44, 43, 42, 62, 82, 102, 122, 142, 162, 182, 183, 163, 143, 123, 103, 83, 63, 64, 84, 104, 124, 144, 164, 184, 185, 165, 145, 125, 105, 85, 65, 66, 46, 26, 5, 6], [0, 12, 11, 10, 9, 8, 7, 27, 28, 29, 48, 47, 67, 86, 106, 126, 146, 166, 186, 187, 167, 147, 127, 107, 87, 68, 88, 108, 128, 148, 168, 188, 189, 169, 149, 129, 109, 89, 69, 49], [0, 15, 35, 34, 54, 53, 73, 93, 113, 133, 153, 173, 193, 192, 172, 152, 132, 112, 92, 91, 111, 131, 151, 171, 191, 190, 170, 150, 130, 110, 90, 70, 71, 72, 52, 51, 50, 30, 31, 32, 33, 14, 13], [0, 16, 36, 56, 55, 75, 74, 94, 114, 134, 154, 174, 194, 195, 175, 155, 135, 115, 95, 76, 96, 116, 136, 156, 176, 196, 197, 177, 157, 137, 117, 97, 77, 57, 58, 38, 37, 17]]


#################

init = 8536.105
res = 6928.153
gap = 6.757

solution = [[0, 12, 11, 10, 9, 8, 7, 27, 28, 29, 48, 47, 67, 86, 106, 126, 146, 166, 186, 187, 167, 147, 127, 107, 87, 88, 68, 49, 69, 89, 108, 128, 148, 168, 188, 189, 169, 149, 129, 109], [0, 13, 33, 32, 31, 30, 50, 51, 52, 72, 71, 70, 90, 110, 130, 150, 170, 190, 191, 171, 151, 131, 111, 91, 92, 112, 132, 152, 172, 192, 193, 173, 153, 133, 113, 93, 73, 53, 54, 34, 14], [0, 20, 39, 38, 37, 57, 77, 97, 117, 137, 157, 177, 197, 196, 176, 156, 136, 116, 96, 76, 95, 115, 135, 155, 175, 195, 194, 174, 154, 134, 114, 94, 74, 75, 55, 56, 36, 35, 15], [0, 16, 17, 18, 19, 40, 60, 59, 58, 78, 98, 118, 138, 158, 178, 198, 199, 179, 159, 139, 119, 99, 79, 80, 100, 81, 61, 62, 42, 41, 21, 22, 1, 2], [0, 4, 3, 23, 24, 25, 45, 64, 44, 43, 63, 83, 82, 101, 120, 140, 160, 180, 200, 181, 161, 141, 121, 102, 122, 142, 162, 182, 183, 163, 143, 123, 103, 84, 104, 124, 144, 164, 184, 185, 165, 145, 125, 105, 85, 65, 66, 46, 26, 5, 6]]


#################

init = 8536.105
res = 6783.487
gap = 4.769

solution = [[0, 14, 13, 12, 11, 10, 9, 8, 7, 27, 28, 29, 49, 48, 47, 67, 86, 106, 126, 146, 166, 186, 187, 167, 147, 127, 107, 87, 68, 69, 88, 108, 128, 148, 168, 188, 189, 169, 149, 129, 109, 89], [0, 16, 36, 35, 55, 54, 53, 73, 93, 113, 133, 153, 173, 193, 192, 172, 152, 132, 112, 92, 91, 111, 131, 151, 171, 191, 190, 170, 150, 130, 110, 90, 70, 71, 72, 52, 51, 50, 30, 31, 32, 33, 34, 15], [0, 17, 37, 57, 56, 76, 75, 74, 94, 114, 134, 154, 174, 194, 195, 175, 155, 135, 115, 95, 96, 116, 136, 156, 176, 196, 197, 177, 157, 137, 117, 97, 77], [0, 4, 3, 23, 24, 25, 45, 44, 43, 42, 62, 82, 102, 122, 142, 162, 182, 183, 163, 143, 123, 103, 83, 63, 64, 84, 104, 124, 144, 164, 184, 185, 165, 145, 125, 105, 85, 65, 66, 46, 26, 5, 6], [0, 1, 2, 22, 21, 41, 60, 80, 61, 81, 101, 121, 141, 161, 181, 200, 180, 160, 140, 120, 100, 99, 119, 139, 159, 179, 199, 198, 178, 158, 138, 118, 98, 78, 79, 59, 58, 38, 39, 40, 20, 19, 18]]


#################

init = 8536.105
res = 6668.341
gap = 3.124

solution = [[0, 4, 3, 23, 24, 25, 45, 44, 43, 42, 62, 82, 102, 122, 142, 162, 182, 183, 163, 143, 123, 103, 83, 63, 64, 84, 104, 124, 144, 164, 184, 185, 165, 145, 125, 105, 85, 65, 66, 46, 26, 5, 6], [0, 1, 2, 22, 21, 41, 60, 80, 61, 81, 101, 121, 141, 161, 181, 200, 180, 160, 140, 120, 100, 99, 119, 139, 159, 179, 199, 198, 178, 158, 138, 118, 98, 78, 79, 59, 58, 39, 40, 20, 19, 18], [0, 9, 8, 7, 27, 28, 48, 47, 67, 86, 106, 126, 146, 166, 186, 187, 167, 147, 127, 107, 87, 68, 88, 108, 128, 148, 168, 188, 189, 169, 149, 129, 109, 89, 69, 49, 29, 10], [0, 16, 15, 35, 36, 56, 55, 75, 74, 94, 114, 134, 154, 174, 194, 195, 175, 155, 135, 115, 95, 76, 96, 116, 136, 156, 176, 196, 197, 177, 157, 137, 117, 97, 77, 57, 37, 38, 17], [0, 14, 34, 54, 53, 73, 93, 113, 133, 153, 173, 193, 192, 172, 152, 132, 112, 111, 131, 151, 171, 191, 190, 170, 150, 130, 110, 90, 70, 91, 92, 72, 52, 71, 51, 50, 30, 31, 32, 33, 13, 12, 11]]


#################

init = 8402.18
res = 6661.802
gap = 3.029

solution = [[0, 21, 40, 39, 59, 79, 99, 119, 139, 159, 179, 199, 198, 178, 158, 138, 118, 98, 78, 57, 56, 36, 37, 18], [0, 27, 47, 48, 68, 88, 87, 67, 66, 65, 64, 83, 103, 123, 143, 163, 183, 182, 162, 142, 122, 102, 82, 62, 61, 81, 101, 121, 141, 161, 181, 200, 180, 160, 140, 120, 100, 80, 60, 41, 42, 22, 23, 3], [0, 9, 8, 28, 29, 49, 69, 89, 109, 129, 149, 169, 189, 188, 168, 148, 128, 108, 107, 127, 147, 167, 187, 186, 166, 146, 126, 106, 86, 85, 105, 125, 145, 165, 185, 184, 164, 144, 124, 104, 84, 63, 43, 44, 45, 46, 26, 25, 24, 4, 5, 6, 7], [0, 14, 13, 12, 32, 33, 34, 54, 53, 73, 93, 113, 133, 153, 173, 193, 192, 172, 152, 132, 112, 92, 72, 52, 51, 71, 91, 111, 131, 151, 171, 191, 190, 170, 150, 130, 110, 90, 70, 50, 30, 31, 11, 10], [0, 2, 1, 20, 19, 38, 58, 77, 97, 117, 137, 157, 177, 197, 196, 176, 156, 136, 116, 96, 76, 75, 95, 115, 135, 155, 175, 195, 194, 174, 154, 134, 114, 94, 74, 55, 35, 15, 16, 17]]


#################

init = 8402.18
res = 6656.261
gap = 2.949

solution = [[0, 5, 25, 44, 43, 63, 64, 45, 65, 85, 105, 125, 145, 165, 185, 184, 164, 144, 124, 104, 84, 83, 103, 123, 143, 163, 183, 182, 162, 142, 122, 102, 82, 62, 61, 81, 101, 121, 141, 161, 181, 200, 180, 160, 140, 120, 100, 80, 41, 42, 22, 23, 24, 4], [0, 3, 2, 21, 40, 60, 59, 79, 99, 119, 139, 159, 179, 199, 198, 178, 158, 138, 118, 98, 97, 117, 137, 157, 177, 197, 196, 176, 156, 136, 116, 96, 76, 77, 78, 58, 38, 39, 19, 20, 1], [0, 9, 8, 28, 29, 30, 50, 49, 69, 89, 109, 129, 149, 169, 189, 188, 168, 148, 128, 108, 88, 68, 87, 107, 127, 147, 167, 187, 186, 166, 146, 126, 106, 86, 66, 46, 67, 47, 48, 27, 26, 6, 7], [0, 14, 13, 12, 32, 33, 34, 53, 73, 93, 113, 133, 153, 173, 193, 192, 172, 152, 132, 112, 92, 91, 111, 131, 151, 171, 191, 190, 170, 150, 130, 110, 90, 70, 71, 72, 52, 51, 31, 11, 10], [0, 15, 16, 36, 35, 55, 54, 74, 94, 114, 134, 154, 174, 194, 195, 175, 155, 135, 115, 95, 75, 56, 57, 37, 17, 18]]


#################

init = 8402.18
res = 6685.496
gap = 3.373

solution = [[0, 9, 8, 28, 29, 30, 50, 49, 69, 89, 109, 129, 149, 169, 189, 188, 168, 148, 128, 108, 88, 68, 87, 107, 127, 147, 167, 187, 186, 166, 146, 126, 106, 86, 66, 46, 67, 47, 48, 27, 26, 6, 7], [0, 22, 21, 41, 42, 62, 61, 80, 100, 120, 140, 160, 180, 200, 181, 161, 141, 121, 101, 81, 82, 102, 122, 142, 162, 182, 183, 163, 143, 123, 103, 83, 84, 104, 124, 144, 164, 184, 185, 165, 145, 125, 105, 85, 65, 45, 44, 64, 63, 43, 23, 24, 25, 5, 4], [0, 18, 38, 37, 57, 77, 96, 116, 136, 156, 176, 196, 197, 177, 157, 137, 117, 97, 98, 118, 138, 158, 178, 198, 199, 179, 159, 139, 119, 99, 79, 78, 58, 59, 60, 40, 39, 19, 20, 3, 2, 1], [0, 14, 13, 12, 32, 33, 34, 54, 53, 73, 93, 113, 133, 153, 173, 193, 192, 172, 152, 132, 112, 92, 91, 111, 131, 151, 171, 191, 190, 170, 150, 130, 110, 90, 70, 71, 72, 52, 51, 31, 11, 10], [0, 17, 36, 56, 76, 75, 95, 115, 135, 155, 175, 195, 194, 174, 154, 134, 114, 94, 74, 55, 35, 15, 16]]


#################

init = 8402.18
res = 6750.091
gap = 4.298

solution = [[0, 9, 8, 28, 29, 30, 50, 49, 69, 68, 88, 89, 109, 129, 149, 169, 189, 188, 168, 148, 128, 108, 87, 107, 127, 147, 167, 187, 186, 166, 146, 126, 106, 86, 66, 46, 67, 47, 48, 27, 26, 6, 7], [0, 5, 25, 44, 43, 62, 82, 63, 64, 45, 65, 85, 105, 125, 145, 165, 185, 184, 164, 144, 124, 104, 84, 83, 103, 123, 143, 163, 183, 182, 162, 142, 122, 102, 81, 101, 121, 141, 161, 181, 200, 180, 160, 140, 120, 100, 80, 61, 41, 42, 22, 23, 24, 4], [0, 3, 2, 1, 20, 21, 40, 60, 59, 79, 99, 119, 139, 159, 179, 199, 198, 178, 158, 138, 118, 98, 78, 77, 97, 117, 137, 157, 177, 197, 196, 176, 156, 136, 116, 96, 76, 56, 37, 17], [0, 18, 19, 39, 38, 58, 57, 36, 35, 34, 54, 74, 94, 114, 134, 154, 174, 194, 195, 175, 155, 135, 115, 95, 75, 55], [0, 16, 15, 14, 13, 12, 32, 33, 53, 73, 93, 113, 133, 153, 173, 193, 192, 172, 152, 132, 112, 92, 91, 111, 131, 151, 171, 191, 190, 170, 150, 130, 110, 90, 70, 71, 72, 52, 51, 31, 11, 10]]


#################

init = 8402.18
res = 6651.27
gap = 2.876

solution = [[0, 9, 8, 28, 29, 49, 69, 89, 109, 129, 149, 169, 189, 188, 168, 148, 128, 108, 88, 68, 87, 107, 127, 147, 167, 187, 186, 166, 146, 126, 106, 86, 66, 46, 67, 47, 48, 27, 26, 6, 7], [0, 5, 25, 44, 43, 63, 64, 45, 65, 85, 105, 125, 145, 165, 185, 184, 164, 144, 124, 104, 84, 83, 103, 123, 143, 163, 183, 182, 162, 142, 122, 102, 82, 62, 61, 81, 101, 121, 141, 161, 181, 200, 180, 160, 140, 120, 100, 80, 41, 42, 22, 23, 24, 4], [0, 17, 18, 19, 20, 39, 38, 58, 78, 77, 76, 96, 116, 136, 156, 176, 196, 197, 177, 157, 137, 117, 97, 98, 118, 138, 158, 178, 198, 199, 179, 159, 139, 119, 99, 79, 59, 60, 40, 21, 1, 2, 3], [0, 12, 32, 33, 53, 73, 93, 113, 133, 153, 173, 193, 192, 172, 152, 132, 112, 92, 91, 111, 131, 151, 171, 191, 190, 170, 150, 130, 110, 90, 70, 71, 72, 52, 51, 50, 30, 31, 11, 10], [0, 16, 36, 37, 57, 56, 75, 95, 115, 135, 155, 175, 195, 194, 174, 154, 134, 114, 94, 74, 54, 55, 35, 34, 15, 14, 13]]


#################

init = 8608.672
res = 6557.047
gap = 1.48

solution = [[0, 9, 8, 28, 29, 49, 48, 68, 69, 89, 109, 129, 149, 169, 189, 188, 168, 148, 128, 108, 88, 87, 107, 127, 147, 167, 187, 186, 166, 146, 126, 106, 86, 65, 85, 105, 125, 145, 165, 185, 184, 164, 144, 124, 104, 84, 64, 44, 45, 46, 66, 67, 47, 27, 7], [0, 10, 11, 12, 32, 31, 30, 50, 70, 90, 110, 130, 150, 170, 190, 191, 171, 151, 131, 111, 91, 71, 51, 52, 72, 92, 112, 132, 152, 172, 192, 193, 173, 153, 133, 113, 93, 73, 53, 33, 34, 13, 14], [0, 16, 17, 37, 57, 77, 97, 117, 137, 157, 177, 197, 196, 176, 156, 136, 116, 96, 76, 75, 95, 115, 135, 155, 175, 195, 194, 174, 154, 134, 114, 94, 74, 54, 55, 56, 36, 35, 15], [0, 4, 5, 6, 26, 25, 24, 23, 43, 42, 62, 63, 83, 103, 123, 143, 163, 183, 182, 162, 142, 122, 102, 82, 81, 101, 121, 141, 161, 181, 200, 180, 160, 140, 120, 100, 80, 61, 41, 21, 22, 3, 2], [0, 1, 20, 39, 40, 60, 59, 79, 99, 119, 139, 159, 179, 199, 198, 178, 158, 138, 118, 98, 78, 58, 38, 18, 19]]


#################

init = 8608.672
res = 6767.01
gap = 4.537

solution = [[0, 8, 9, 29, 28, 48, 49, 69, 89, 109, 129, 149, 169, 189, 188, 168, 148, 128, 108, 88, 68, 87, 107, 127, 147, 167, 187, 186, 166, 146, 126, 106, 86, 66, 67, 47, 27, 7, 6], [0, 19, 39, 40, 21, 22, 42, 61, 81, 101, 121, 141, 200, 180, 160, 140, 120, 100, 99, 119, 139, 159, 179, 199, 198, 178, 158, 138, 118, 98, 78, 79, 80, 41, 60, 59, 58, 38, 18], [0, 4, 5, 25, 26, 46, 45, 65, 85, 105, 125, 145, 165, 185, 184, 164, 144, 124, 104, 84, 64, 63, 83, 103, 123, 143, 163, 183, 182, 181, 161, 162, 142, 122, 102, 82, 62, 43, 44, 24, 23, 3, 2, 1, 20], [0, 10, 11, 12, 13, 32, 31, 30, 50, 51, 71, 70, 90, 110, 130, 150, 170, 190, 191, 171, 151, 131, 111, 91, 92, 112, 132, 152, 172, 192, 193, 173, 153, 133, 113, 93, 73, 72, 52, 53, 33], [0, 16, 15, 14, 35, 34, 54, 55, 75, 74, 94, 114, 134, 154, 174, 194, 195, 175, 155, 135, 115, 95, 76, 96, 116, 136, 156, 176, 196, 197, 177, 157, 137, 117, 97, 77, 57, 56, 36, 37, 17]]


#################

init = 8608.672
res = 6663.632
gap = 3.056

solution = [[0, 8, 9, 29, 28, 48, 49, 69, 89, 109, 129, 149, 169, 189, 188, 168, 148, 128, 108, 88, 68, 87, 107, 127, 147, 167, 187, 186, 166, 146, 126, 106, 86, 66, 67, 47, 27, 7, 6], [0, 16, 15, 14, 13, 34, 33, 53, 54, 74, 94, 114, 134, 154, 174, 194, 195, 175, 155, 135, 115, 95, 75, 76, 96, 116, 136, 156, 176, 196, 197, 177, 157, 137, 117, 97, 77, 57, 56, 37, 17], [0, 10, 11, 12, 32, 31, 30, 50, 51, 52, 72, 71, 70, 90, 110, 130, 150, 170, 190, 191, 171, 151, 131, 111, 91, 92, 112, 132, 152, 172, 192, 193, 173, 153, 133, 113, 93, 73, 55, 35, 36], [0, 4, 5, 25, 26, 46, 45, 65, 85, 105, 125, 145, 165, 185, 184, 164, 144, 124, 104, 84, 64, 63, 83, 103, 123, 143, 163, 183, 182, 162, 142, 122, 102, 82, 62, 43, 44, 24, 23, 3, 2, 1, 20], [0, 19, 39, 40, 21, 22, 42, 61, 81, 101, 121, 141, 161, 181, 200, 180, 160, 140, 120, 100, 99, 119, 139, 159, 179, 199, 198, 178, 158, 138, 118, 98, 78, 79, 80, 41, 60, 59, 58, 38, 18]]


#################

init = 8608.672
res = 6776.697
gap = 4.673

solution = [[0, 8, 9, 29, 28, 48, 49, 69, 89, 109, 129, 149, 169, 189, 188, 168, 148, 128, 108, 88, 68, 87, 107, 127, 147, 167, 187, 186, 166, 146, 126, 106, 86, 66, 67, 47, 27, 7, 6], [0, 10, 11, 12, 32, 31, 30, 50, 51, 52, 72, 71, 70, 90, 110, 130, 150, 170, 190, 191, 171, 151, 131, 111, 91, 92, 112, 132, 152, 172, 192, 193, 173, 153, 133, 113, 93, 73, 53, 54, 33, 13], [0, 16, 15, 14, 34, 35, 55, 75, 74, 94, 114, 134, 154, 174, 194, 195, 175, 155, 135, 115, 95, 76, 96, 116, 136, 156, 176, 196, 197, 177, 157, 137, 117, 97, 77, 57, 56, 36, 37, 17], [0, 19, 39, 40, 21, 22, 42, 61, 81, 101, 121, 200, 180, 160, 140, 120, 100, 99, 119, 139, 159, 179, 199, 198, 178, 158, 138, 118, 98, 78, 79, 80, 41, 60, 59, 58, 38, 18], [0, 4, 5, 25, 26, 46, 45, 65, 85, 105, 125, 145, 165, 185, 184, 164, 144, 124, 104, 84, 64, 63, 83, 103, 123, 143, 163, 183, 182, 181, 161, 141, 162, 142, 122, 102, 82, 62, 43, 44, 24, 23, 3, 2, 1, 20]]


#################

init = 8608.672
res = 6639.347
gap = 2.701

solution = [[0, 8, 9, 29, 28, 48, 49, 69, 89, 109, 129, 149, 169, 189, 188, 168, 148, 128, 108, 88, 68, 87, 107, 127, 147, 167, 187, 186, 166, 146, 126, 106, 86, 66, 67, 47, 27, 7, 6], [0, 19, 39, 40, 21, 22, 42, 61, 81, 101, 121, 141, 161, 181, 200, 180, 160, 140, 120, 100, 99, 119, 139, 159, 179, 199, 198, 178, 158, 138, 118, 98, 78, 79, 80, 41, 60, 59, 58, 38, 18], [0, 4, 5, 25, 26, 46, 45, 65, 85, 105, 125, 145, 165, 185, 184, 164, 144, 124, 104, 84, 64, 63, 83, 103, 123, 143, 163, 183, 182, 162, 142, 122, 102, 82, 62, 43, 44, 24, 23, 3, 2, 1, 20], [0, 16, 15, 14, 35, 34, 54, 55, 75, 74, 94, 114, 134, 154, 174, 194, 195, 175, 155, 135, 115, 95, 76, 96, 116, 136, 156, 176, 196, 197, 177, 157, 137, 117, 97, 77, 57, 56, 36, 37, 17], [0, 10, 11, 12, 13, 32, 31, 30, 50, 51, 71, 70, 90, 110, 130, 150, 170, 190, 191, 171, 151, 131, 111, 91, 92, 112, 132, 152, 172, 192, 193, 173, 153, 133, 113, 93, 73, 72, 52, 53, 33]]


#################

init = 9145.67
res = 6608.626
gap = 2.249

solution = [[0, 7, 27, 28, 29, 49, 68, 88, 108, 128, 148, 168, 188, 189, 169, 149, 129, 109, 89, 90, 110, 130, 150, 170, 190, 191, 171, 151, 131, 111, 91, 71, 51, 52, 72, 92, 112, 132, 152, 172, 192, 193, 173, 153, 133, 113, 93, 73, 53, 33, 32, 31, 10], [0, 6, 5, 25, 26, 46, 45, 44, 64, 84, 104, 124, 144, 164, 184, 185, 165, 145, 125, 105, 85, 65, 66, 86, 106, 126, 146, 166, 186, 187, 167, 147, 127, 107, 87, 67, 47, 48, 69, 70, 50, 30, 9, 8], [0, 11, 12, 13, 34, 54, 74, 94, 114, 134, 154, 174, 194, 195, 175, 155, 135, 115, 95, 75, 56, 57, 37, 36, 17, 16, 15], [0, 4, 24, 43, 42, 41, 61, 62, 63, 83, 103, 123, 143, 163, 183, 182, 162, 142, 122, 102, 82, 81, 101, 121, 141, 161, 181, 200, 180, 160, 140, 120, 100, 80, 60, 40, 21, 22, 23, 3, 2], [0, 1, 20, 19, 18, 39, 38, 58, 59, 79, 99, 119, 139, 159, 179, 199, 198, 178, 158, 138, 118, 98, 78, 77, 97, 117, 137, 157, 177, 197, 196, 176, 156, 136, 116, 96, 76, 55, 35, 14]]


#################

init = 9145.67
res = 6606.621
gap = 2.219

solution = [[0, 15, 16, 36, 35, 55, 75, 95, 115, 135, 155, 175, 195, 194, 174, 154, 134, 114, 94, 74, 54, 34, 14, 13, 12, 11], [0, 8, 9, 31, 32, 33, 53, 73, 93, 113, 133, 153, 173, 193, 192, 172, 152, 132, 112, 92, 72, 52, 51, 71, 91, 111, 131, 151, 171, 191, 190, 170, 150, 130, 110, 90, 70, 69, 89, 109, 129, 149, 169, 189, 188, 168, 148, 128, 108, 88, 68, 48, 49, 50, 30], [0, 10, 29, 28, 27, 26, 47, 46, 66, 67, 87, 107, 127, 147, 167, 187, 186, 166, 146, 126, 106, 86, 85, 105, 125, 145, 165, 185, 184, 164, 144, 124, 104, 84, 64, 65, 45, 25, 5, 6, 7], [0, 17, 37, 57, 56, 76, 96, 116, 136, 156, 176, 196, 197, 177, 157, 137, 117, 97, 77, 98, 118, 138, 158, 178, 198, 199, 179, 159, 139, 119, 99, 79, 78, 58, 59, 39, 38], [0, 2, 3, 4, 24, 44, 43, 23, 22, 42, 41, 61, 62, 63, 83, 103, 123, 143, 163, 183, 182, 162, 142, 122, 102, 82, 81, 101, 121, 141, 161, 181, 200, 180, 160, 140, 120, 100, 80, 60, 40, 21, 1, 20, 19, 18]]


#################

init = 9145.67
res = 6601.103
gap = 2.138

solution = [[0, 30, 50, 70, 69, 49, 48, 67, 87, 107, 127, 147, 167, 187, 186, 166, 146, 126, 106, 86, 66, 65, 85, 105, 125, 145, 165, 185, 184, 164, 144, 124, 104, 84, 64, 44, 45, 46, 26, 25, 5, 6, 7], [0, 20, 1, 2, 22, 21, 40, 60, 80, 100, 120, 140, 160, 180, 200, 181, 161, 141, 121, 101, 81, 82, 102, 122, 142, 162, 182, 183, 163, 143, 123, 103, 83, 63, 62, 61, 41, 42, 43, 23, 24, 3, 4], [0, 8, 9, 29, 28, 27, 47, 68, 88, 108, 128, 148, 168, 188, 189, 169, 149, 129, 109, 89, 90, 110, 130, 150, 170, 190, 191, 171, 151, 131, 111, 91, 71, 51, 52, 72, 92, 112, 132, 152, 172, 192, 193, 173, 153, 133, 113, 93, 73, 53, 32, 31, 10], [0, 19, 39, 38, 58, 59, 79, 99, 119, 139, 159, 179, 199, 198, 178, 158, 138, 118, 98, 78, 77, 97, 117, 137, 157, 177, 197, 196, 176, 156, 136, 116, 96, 76, 56, 57, 37, 18], [0, 11, 12, 13, 14, 15, 16, 17, 36, 35, 55, 75, 95, 115, 135, 155, 175, 195, 194, 174, 154, 134, 114, 94, 74, 54, 33, 34]]


#################

init = 9145.67
res = 6583.782
gap = 1.88

solution = [[0, 6, 5, 25, 26, 46, 66, 86, 85, 65, 64, 84, 104, 124, 144, 164, 184, 185, 165, 145, 125, 105, 106, 126, 146, 166, 186, 187, 167, 147, 127, 107, 87, 88, 108, 128, 148, 168, 188, 189, 169, 149, 129, 109, 89, 69, 68, 67, 47, 27, 7], [0, 11, 10, 30, 31, 32, 33, 53, 73, 93, 113, 133, 153, 173, 193, 192, 172, 152, 132, 112, 92, 72, 52, 51, 71, 91, 111, 131, 151, 171, 191, 190, 170, 150, 130, 110, 90, 70, 50, 49, 48, 28, 29, 9, 8], [0, 20, 1, 2, 3, 23, 22, 21, 40, 60, 80, 100, 120, 140, 160, 180, 200, 181, 161, 141, 121, 101, 81, 82, 102, 122, 142, 162, 182, 183, 163, 143, 123, 103, 83, 63, 62, 61, 41, 42, 43, 44, 45, 24, 4], [0, 12, 13, 14, 34, 54, 74, 94, 114, 134, 154, 174, 194, 195, 175, 155, 135, 115, 95, 75, 55, 35, 15], [0, 18, 19, 39, 59, 79, 99, 119, 139, 159, 179, 199, 198, 178, 158, 138, 118, 98, 78, 77, 97, 117, 137, 157, 177, 197, 196, 176, 156, 136, 116, 96, 76, 56, 57, 58, 38, 37, 36, 16, 17]]


#################

init = 9145.67
res = 6670.5
gap = 3.156

solution = [[0, 9, 29, 50, 69, 88, 108, 128, 148, 168, 188, 189, 169, 149, 129, 109, 89, 90, 110, 130, 150, 170, 190, 191, 171, 151, 131, 111, 91, 71, 70, 51, 52, 72, 92, 112, 132, 152, 172, 192, 193, 173, 153, 133, 113, 93, 73, 53, 33, 32, 31, 30, 10], [0, 6, 5, 25, 26, 46, 45, 65, 64, 84, 104, 124, 144, 164, 184, 185, 165, 145, 125, 105, 85, 86, 106, 126, 146, 166, 186, 187, 167, 147, 127, 107, 87, 67, 66, 47, 68, 48, 49, 28, 27, 7, 8], [0, 20, 1, 2, 3, 23, 22, 21, 40, 60, 80, 100, 120, 140, 160, 180, 200, 181, 161, 141, 121, 101, 81, 82, 102, 122, 142, 162, 182, 183, 163, 143, 123, 103, 83, 63, 62, 61, 41, 42, 43, 44, 24, 4], [0, 18, 19, 39, 58, 59, 79, 99, 119, 139, 159, 179, 199, 198, 178, 158, 138, 118, 98, 78, 77, 97, 117, 137, 157, 177, 197, 196, 176, 156, 136, 116, 96, 76, 57, 37, 38, 17], [0, 16, 15, 35, 36, 56, 55, 75, 95, 115, 135, 155, 175, 195, 194, 174, 154, 134, 114, 94, 74, 54, 34, 14, 13, 12, 11]]


#################

init = 9786.234
res = 6647.668
gap = 2.823

solution = [[0, 33, 32, 52, 53, 73, 72, 92, 112, 132, 152, 172, 192, 193, 173, 153, 133, 113, 93, 94, 114, 134, 154, 174, 194, 195, 175, 155, 135, 115, 95, 75, 74, 54, 55, 56, 36, 35, 34, 14, 15, 16, 17], [0, 9, 10, 30, 29, 28, 48, 49, 69, 68, 88, 108, 128, 148, 168, 188, 189, 169, 149, 129, 109, 89, 90, 110, 130, 150, 170, 190, 191, 171, 151, 131, 111, 91, 71, 70, 50, 51, 31, 11, 12, 13], [0, 3, 4, 5, 25, 24, 23, 43, 63, 64, 45, 46, 66, 86, 106, 126, 146, 166, 186, 187, 167, 147, 127, 107, 87, 67, 47, 27, 26, 6, 7, 8], [0, 2, 22, 44, 65, 85, 105, 125, 145, 165, 185, 184, 164, 144, 124, 104, 84, 83, 103, 123, 143, 163, 183, 182, 162, 142, 122, 102, 82, 62, 42, 41, 61, 81, 101, 121, 141, 161, 181, 200, 180, 160, 140, 120, 100, 80, 60, 40, 21, 1, 20], [0, 37, 57, 77, 76, 96, 116, 136, 156, 176, 196, 197, 177, 157, 137, 117, 97, 98, 118, 138, 158, 178, 198, 199, 179, 159, 139, 119, 99, 79, 78, 58, 59, 39, 38, 18, 19]]


#################

init = 9786.234
res = 6839.799
gap = 5.553

solution = [[0, 13, 33, 53, 73, 93, 113, 114, 134, 154, 174, 194, 195, 175, 155, 135, 115, 95, 75, 94, 74, 54, 55, 56, 36, 35, 34, 14, 15, 16, 17], [0, 37, 57, 77, 76, 96, 116, 136, 156, 176, 196, 197, 177, 157, 137, 117, 97, 98, 118, 138, 158, 178, 198, 199, 179, 159, 139, 119, 99, 79, 78, 58, 59, 39, 38, 18, 19], [0, 4, 3, 2, 1, 21, 22, 23, 24, 44, 64, 83, 103, 123, 143, 163, 183, 182, 162, 142, 122, 102, 82, 62, 63, 43, 42, 41, 61, 81, 101, 121, 141, 161, 181, 200, 180, 160, 140, 120, 100, 80, 60, 40, 20], [0, 9, 29, 49, 69, 88, 108, 128, 148, 168, 188, 189, 169, 149, 129, 109, 89, 90, 110, 130, 150, 170, 190, 191, 171, 151, 131, 152, 172, 192, 193, 173, 153, 133, 132, 112, 111, 91, 70, 71, 92, 72, 52, 51, 50, 30, 31, 32, 12, 11, 10], [0, 6, 7, 8, 28, 48, 68, 67, 87, 107, 127, 147, 167, 187, 186, 166, 146, 126, 106, 86, 105, 125, 145, 165, 185, 184, 164, 144, 124, 104, 84, 85, 65, 45, 46, 66, 47, 27, 26, 25, 5]]


#################

init = 9786.234
res = 6813.754
gap = 5.192

solution = [[0, 37, 57, 77, 76, 96, 116, 136, 156, 176, 196, 197, 177, 157, 137, 117, 97, 98, 118, 138, 158, 178, 198, 199, 179, 159, 139, 119, 99, 79, 78, 58, 59, 39, 38, 18, 19], [0, 33, 53, 73, 92, 112, 132, 152, 172, 192, 193, 173, 153, 133, 113, 93, 114, 134, 154, 174, 194, 195, 175, 155, 135, 115, 95, 75, 94, 74, 54, 55, 56, 36, 35, 34, 14, 15, 16, 17], [0, 11, 10, 9, 8, 29, 49, 69, 88, 108, 128, 148, 168, 188, 189, 169, 149, 129, 109, 89, 90, 110, 130, 150, 170, 190, 191, 171, 151, 131, 111, 91, 70, 71, 72, 52, 51, 50, 30, 31, 32, 12, 13], [0, 6, 5, 25, 26, 27, 47, 46, 66, 86, 104, 124, 144, 164, 184, 185, 165, 145, 125, 105, 106, 126, 146, 166, 186, 187, 167, 147, 127, 107, 87, 67, 68, 48, 28, 7], [0, 4, 3, 2, 1, 21, 22, 23, 24, 44, 45, 65, 85, 84, 64, 83, 103, 123, 143, 163, 183, 182, 162, 142, 122, 102, 82, 62, 63, 43, 42, 41, 61, 81, 101, 121, 141, 161, 181, 200, 180, 160, 140, 120, 100, 80, 60, 40, 20]]


#################

init = 9786.234
res = 6860.351
gap = 5.836

solution = [[0, 6, 25, 45, 26, 27, 47, 46, 66, 86, 65, 85, 104, 124, 144, 164, 184, 185, 165, 145, 125, 105, 106, 126, 146, 166, 186, 187, 167, 147, 127, 107, 87, 67, 88, 68, 28, 7], [0, 5, 4, 3, 2, 1, 21, 22, 23, 24, 44, 64, 84, 83, 103, 123, 143, 163, 183, 182, 162, 142, 122, 102, 82, 62, 63, 43, 42, 41, 61, 81, 101, 121, 141, 161, 181, 200, 180, 160, 140, 120, 100, 80, 60, 40, 20, 19], [0, 11, 10, 9, 8, 29, 48, 49, 69, 108, 128, 148, 168, 188, 189, 169, 149, 129, 109, 89, 70, 90, 110, 130, 150, 170, 190, 191, 171, 151, 131, 111, 91, 71, 92, 72, 52, 51, 50, 30, 31, 32, 12, 13], [0, 18, 39, 59, 58, 78, 79, 99, 119, 139, 159, 179, 199, 198, 178, 158, 138, 118, 98, 97, 117, 137, 157, 177, 197, 196, 176, 156, 136, 116, 96, 77, 57, 37, 38, 17], [0, 14, 33, 34, 35, 55, 54, 53, 73, 112, 132, 152, 172, 192, 193, 173, 153, 133, 113, 93, 74, 94, 114, 134, 154, 174, 194, 195, 175, 155, 135, 115, 95, 75, 76, 56, 36, 16, 15]]


#################

init = 9786.234
res = 6681.348
gap = 3.313

solution = [[0, 14, 13, 33, 34, 35, 55, 54, 53, 73, 72, 92, 112, 132, 152, 172, 192, 193, 173, 153, 133, 113, 93, 74, 94, 114, 134, 154, 174, 194, 195, 175, 155, 135, 115, 95, 75, 56, 36, 16, 15], [0, 7, 27, 26, 46, 66, 86, 65, 85, 84, 104, 124, 144, 164, 184, 185, 165, 145, 125, 105, 106, 126, 146, 166, 186, 187, 167, 147, 127, 107, 87, 67, 47, 48, 49, 29, 8], [0, 11, 10, 9, 28, 68, 88, 108, 128, 148, 168, 188, 189, 169, 149, 129, 109, 89, 69, 70, 90, 110, 130, 150, 170, 190, 191, 171, 151, 131, 111, 91, 71, 52, 51, 50, 30, 31, 32, 12], [0, 18, 19, 39, 59, 58, 78, 79, 99, 119, 139, 159, 179, 199, 198, 178, 158, 138, 118, 98, 97, 117, 137, 157, 177, 197, 196, 176, 156, 136, 116, 96, 76, 77, 57, 37, 38, 17], [0, 6, 5, 4, 3, 2, 1, 21, 22, 23, 24, 25, 45, 44, 64, 83, 103, 123, 143, 163, 183, 182, 162, 142, 122, 102, 82, 62, 63, 43, 42, 41, 61, 81, 101, 121, 141, 161, 181, 200, 180, 160, 140, 120, 100, 80, 60, 40, 20]]


#################

init = 8612.321
res = 6701.056
gap = 3.597

solution = [[0, 12, 11, 10, 9, 29, 28, 48, 68, 88, 108, 128, 148, 168, 188, 189, 169, 149, 129, 109, 89, 69, 70, 90, 110, 130, 150, 170, 190, 191, 171, 151, 131, 132, 152, 172, 192, 193, 173, 153, 133, 113, 93, 92, 112, 111, 91, 71, 51, 50, 49, 30], [0, 8, 27, 47, 67, 87, 107, 127, 147, 167, 187, 186, 166, 146, 126, 106, 86, 66, 65, 85, 105, 125, 145, 165, 185, 184, 164, 144, 124, 104, 84, 64, 44, 45, 46, 26, 25, 24, 4, 5, 6, 7], [0, 31, 32, 52, 72, 73, 53, 54, 74, 94, 114, 134, 154, 174, 194, 195, 175, 155, 135, 115, 95, 75, 55, 56, 36, 35, 34, 33, 13, 14], [0, 17, 18, 38, 39, 59, 60, 80, 79, 99, 119, 139, 159, 179, 199, 198, 178, 158, 138, 118, 98, 78, 58, 57, 77, 97, 117, 137, 157, 177, 197, 196, 176, 156, 136, 116, 96, 76, 37, 16, 15], [0, 2, 3, 23, 43, 63, 62, 82, 83, 103, 123, 143, 163, 183, 182, 162, 142, 122, 102, 101, 121, 141, 161, 181, 200, 180, 160, 140, 120, 100, 81, 61, 41, 42, 22, 21, 40, 1, 20, 19]]


#################

init = 8612.321
res = 6668.429
gap = 3.126

solution = [[0, 31, 32, 52, 72, 73, 74, 94, 114, 134, 154, 174, 194, 195, 175, 155, 135, 115, 95, 75, 54, 53, 33, 34, 13, 14, 15, 16], [0, 12, 11, 10, 9, 29, 28, 48, 68, 88, 108, 128, 148, 168, 188, 189, 169, 149, 129, 109, 89, 69, 70, 90, 110, 130, 150, 170, 190, 191, 171, 151, 131, 132, 152, 172, 192, 193, 173, 153, 133, 113, 93, 92, 112, 111, 91, 71, 51, 50, 49, 30], [0, 8, 27, 26, 25, 45, 46, 66, 47, 67, 87, 107, 127, 147, 167, 187, 186, 166, 146, 126, 106, 86, 65, 85, 105, 125, 145, 165, 185, 184, 164, 144, 124, 104, 84, 64, 44, 24, 23, 3, 4, 5, 6, 7], [0, 18, 38, 39, 40, 60, 59, 79, 99, 119, 139, 159, 179, 199, 198, 178, 158, 138, 118, 98, 78, 58, 57, 77, 97, 117, 137, 157, 177, 197, 196, 176, 156, 136, 116, 96, 76, 56, 55, 35, 36, 37, 17], [0, 2, 22, 42, 43, 63, 83, 103, 123, 143, 163, 183, 182, 162, 142, 122, 102, 82, 62, 81, 101, 121, 141, 161, 181, 200, 180, 160, 140, 120, 100, 80, 61, 41, 21, 1, 20, 19]]


#################

init = 8612.321
res = 6700.682
gap = 3.592

solution = [[0, 15, 34, 33, 53, 54, 55, 75, 95, 115, 135, 155, 175, 195, 194, 174, 154, 134, 114, 94, 74, 73, 52, 32, 31, 13, 14], [0, 8, 27, 47, 67, 87, 107, 127, 147, 167, 187, 186, 166, 146, 126, 106, 86, 66, 65, 85, 105, 125, 145, 165, 185, 184, 164, 144, 124, 104, 84, 64, 44, 45, 46, 26, 25, 24, 4, 5, 6, 7], [0, 12, 11, 10, 9, 29, 28, 48, 68, 88, 108, 128, 148, 168, 188, 189, 169, 149, 129, 109, 89, 69, 70, 90, 110, 130, 150, 170, 190, 191, 171, 151, 131, 132, 152, 172, 192, 193, 173, 153, 133, 113, 93, 72, 92, 112, 111, 91, 71, 51, 50, 49, 30], [0, 18, 19, 20, 40, 60, 80, 79, 99, 119, 139, 159, 179, 199, 198, 178, 158, 138, 118, 98, 78, 58, 59, 39, 38, 37, 57, 77, 97, 117, 137, 157, 177, 197, 196, 176, 156, 136, 116, 96, 76, 56, 36, 35, 16, 17], [0, 1, 21, 22, 42, 41, 61, 62, 82, 81, 100, 120, 140, 160, 180, 200, 181, 161, 141, 121, 101, 102, 122, 142, 162, 182, 183, 163, 143, 123, 103, 83, 63, 43, 23, 2, 3]]


#################

init = 8612.321
res = 6639.587
gap = 2.705

solution = [[0, 8, 27, 47, 67, 87, 107, 127, 147, 167, 187, 186, 166, 146, 126, 106, 86, 66, 65, 85, 105, 125, 145, 165, 185, 184, 164, 144, 124, 104, 84, 64, 44, 45, 46, 26, 25, 24, 4, 5, 6, 7], [0, 9, 29, 28, 48, 68, 88, 108, 128, 148, 168, 188, 189, 169, 149, 129, 109, 89, 69, 70, 90, 110, 130, 150, 170, 190, 191, 171, 151, 131, 132, 152, 172, 192, 193, 173, 153, 133, 113, 93, 73, 72, 92, 112, 111, 91, 71, 51, 50, 49, 30, 10], [0, 11, 31, 32, 52, 53, 54, 74, 94, 114, 134, 154, 174, 194, 195, 175, 155, 135, 115, 95, 75, 55, 35, 34, 33, 12], [0, 2, 3, 23, 43, 63, 62, 82, 83, 103, 123, 143, 163, 183, 182, 162, 142, 122, 102, 101, 121, 141, 161, 181, 200, 180, 160, 140, 120, 100, 81, 61, 41, 42, 22, 21, 40, 1, 20, 19, 18], [0, 13, 14, 36, 56, 76, 96, 116, 136, 156, 176, 196, 197, 177, 157, 137, 117, 97, 77, 57, 58, 78, 98, 118, 138, 158, 178, 198, 199, 179, 159, 139, 119, 99, 79, 80, 60, 59, 39, 38, 37, 17, 16, 15]]


#################

init = 8612.321
res = 6695.828
gap = 3.522

solution = [[0, 12, 11, 10, 9, 29, 28, 48, 68, 88, 108, 128, 148, 168, 188, 189, 169, 149, 129, 109, 89, 69, 70, 90, 110, 130, 150, 170, 190, 191, 171, 151, 131, 132, 152, 172, 192, 193, 173, 153, 133, 113, 93, 72, 92, 112, 111, 91, 71, 51, 50, 49, 30], [0, 31, 32, 52, 53, 73, 74, 94, 114, 134, 154, 174, 194, 195, 175, 155, 135, 115, 95, 75, 55, 54, 34, 33, 14, 13], [0, 2, 3, 24, 25, 26, 46, 45, 44, 64, 84, 104, 124, 144, 164, 184, 185, 165, 145, 125, 105, 85, 65, 66, 86, 106, 126, 146, 166, 186, 187, 167, 147, 127, 107, 87, 67, 47, 27, 5, 6, 7, 8], [0, 17, 16, 15, 35, 36, 56, 76, 96, 116, 136, 156, 176, 196, 197, 177, 157, 137, 117, 97, 77, 57, 37, 38, 39, 59, 58, 78, 98, 118, 138, 158, 178, 198, 199, 179, 159, 139, 119, 99, 79, 80, 60, 40, 19, 18], [0, 4, 23, 43, 63, 62, 82, 83, 103, 123, 143, 163, 183, 182, 162, 142, 122, 102, 101, 121, 141, 161, 181, 200, 180, 160, 140, 120, 100, 81, 61, 41, 42, 22, 21, 1, 20]]
Execution = 9801.573846817017
