

#################
lambda = 0.5
mu = 0.1
nu = 0.1

init = 959.028
res = 805.303
gap = 3.142

solution = [[0, 18, 2, 9, 12, 3, 22, 16, 33], [0, 19, 17, 25, 31, 28, 32], [0, 24, 30, 5], [0, 20, 4, 26], [0, 21, 13, 10, 7, 6, 15, 14], [0, 29, 8, 11, 23, 1, 27]]


#################
lambda = 0.5
mu = 0.1
nu = 0.4

init = 958.298
res = 810.092
gap = 3.715

solution = [[0, 26, 4, 20], [0, 32, 28, 31, 25, 17, 19, 29], [0, 5, 30, 24, 27, 1, 14], [0, 7, 6, 15, 8, 11, 23], [0, 33, 16, 22, 3, 12, 9, 2, 18], [0, 21, 13, 10]]


#################
lambda = 0.5
mu = 0.1
nu = 1.3

init = 927.631
res = 790.221
gap = 1.293

solution = [[0, 20, 4, 26], [0, 18, 2, 9, 12, 3, 22, 16, 33], [0, 21, 32, 28, 31, 25, 13, 10], [0, 5, 30, 24], [0, 17, 19, 11, 23, 27, 1, 29], [0, 14, 8, 15, 6, 7]]


#################
lambda = 0.5
mu = 0.2
nu = 0.1

init = 980.609
res = 790.812
gap = 1.367

solution = [[0, 26, 4, 20], [0, 18, 2, 9, 12, 3, 22, 16, 33], [0, 5, 30, 24], [0, 7, 6, 15, 8, 29, 14], [0, 21, 32, 28, 31, 25, 13, 10], [0, 27, 1, 23, 11, 19, 17]]


#################
lambda = 0.5
mu = 0.5
nu = 1.5

init = 991.041
res = 801.903
gap = 2.731

solution = [[0, 26, 4, 20], [0, 5, 30, 24, 29, 6, 7], [0, 18, 2, 9, 12, 3, 22, 16, 33], [0, 27, 1, 23, 11, 8, 15, 14], [0, 10, 13, 21], [0, 32, 28, 31, 25, 17, 19]]


#################
lambda = 0.5
mu = 0.7000000000000001
nu = 1.5

init = 960.494
res = 805.303
gap = 3.142

solution = [[0, 32, 28, 31, 25, 17, 19], [0, 29, 8, 11, 23, 1, 27], [0, 5, 30, 24], [0, 20, 4, 26], [0, 14, 15, 6, 7, 10, 13, 21], [0, 18, 2, 9, 12, 3, 22, 16, 33]]


#################
lambda = 0.5
mu = 0.9
nu = 0.1

init = 1032.471
res = 805.303
gap = 3.142

solution = [[0, 5, 30, 24], [0, 29, 8, 11, 23, 1, 27], [0, 20, 4, 26], [0, 32, 28, 31, 25, 17, 19], [0, 14, 15, 6, 7, 10, 13, 21], [0, 18, 2, 9, 12, 3, 22, 16, 33]]


#################
lambda = 0.5
mu = 0.9
nu = 0.2

init = 1001.925
res = 803.865
gap = 2.969

solution = [[0, 32, 28, 31, 25, 17, 19, 11, 15], [0, 14, 29, 8, 1, 23, 27], [0, 5, 30, 24], [0, 26, 4, 20], [0, 18, 2, 9, 12, 3, 22, 16, 33], [0, 21, 13, 10, 7, 6]]


#################
lambda = 0.5
mu = 0.9
nu = 1.0

init = 982.804
res = 824.748
gap = 5.426

solution = [[0, 32, 28, 31, 25, 17, 19], [0, 5, 30, 24, 27, 23, 11, 29], [0, 7, 6, 15, 8, 1, 14], [0, 26, 4], [0, 20, 33, 16, 22, 9, 12, 3], [0, 10, 13, 21, 2, 18]]


#################
lambda = 0.5
mu = 0.9
nu = 1.3

init = 966.225
res = 805.303
gap = 3.142

solution = [[0, 32, 28, 31, 25, 17, 19], [0, 29, 8, 11, 23, 1, 27], [0, 24, 30, 5], [0, 26, 4, 20], [0, 14, 15, 6, 7, 10, 13, 21], [0, 18, 2, 9, 12, 3, 22, 16, 33]]


#################
lambda = 0.5
mu = 1.0
nu = 1.8

init = 996.771
res = 788.982
gap = 1.138

solution = [[0, 4, 26, 5, 30, 24], [0, 14, 8, 15, 6, 7, 20], [0, 29, 1, 27, 23, 11, 19, 17], [0, 21, 32, 28, 31, 25, 13, 10], [0, 18, 2, 9, 12, 3, 22, 16, 33]]


#################
lambda = 0.5
mu = 1.1
nu = 1.2000000000000002

init = 964.87
res = 790.221
gap = 1.293

solution = [[0, 18, 2, 9, 12, 3, 22, 16, 33], [0, 26, 4, 20], [0, 17, 19, 11, 23, 27, 1, 29], [0, 21, 32, 28, 31, 25, 13, 10], [0, 7, 6, 15, 8, 14], [0, 24, 30, 5]]


#################
lambda = 0.5
mu = 1.2000000000000002
nu = 0.1

init = 929.06
res = 790.221
gap = 1.293

solution = [[0, 33, 16, 22, 3, 12, 9, 2, 18], [0, 21, 32, 28, 31, 25, 13, 10], [0, 29, 1, 27, 23, 11, 19, 17], [0, 20, 4, 26], [0, 5, 30, 24], [0, 7, 6, 15, 8, 14]]


#################
lambda = 0.5
mu = 1.2000000000000002
nu = 0.5

init = 931.668
res = 790.812
gap = 1.367

solution = [[0, 18, 2, 9, 12, 3, 22, 16, 33], [0, 21, 32, 28, 31, 25, 13, 10], [0, 27, 1, 23, 11, 19, 17], [0, 14, 29, 8, 15, 6, 7], [0, 5, 30, 24], [0, 20, 4, 26]]


#################
lambda = 0.5
mu = 1.2000000000000002
nu = 1.0

init = 955.086
res = 805.369
gap = 3.15

solution = [[0, 26, 4, 20], [0, 18, 2, 9, 12, 3, 22, 16, 33], [0, 29, 1, 27, 23, 8, 14], [0, 24, 30, 5], [0, 7, 6, 15, 11, 19, 17, 13, 10], [0, 21, 32, 28, 31, 25]]


#################
lambda = 0.5
mu = 1.3
nu = 0.1

init = 1011.17
res = 805.303
gap = 3.142

solution = [[0, 32, 28, 31, 25, 17, 19], [0, 29, 8, 11, 23, 1, 27], [0, 5, 30, 24], [0, 20, 4, 26], [0, 14, 15, 6, 7, 10, 13, 21], [0, 18, 2, 9, 12, 3, 22, 16, 33]]


#################
lambda = 0.5
mu = 1.3
nu = 1.2000000000000002

init = 972.424
res = 822.395
gap = 5.155

solution = [[0, 19, 17, 25, 31, 28, 32], [0, 20, 33, 16, 22, 9, 12, 3], [0, 18, 2, 21, 13, 10, 7, 6, 15, 14], [0, 29, 8, 11, 23, 1, 27], [0, 4, 26], [0, 24, 30, 5]]


#################
lambda = 0.5
mu = 1.4000000000000001
nu = 0.1

init = 967.818
res = 803.902
gap = 2.973

solution = [[0, 26, 4, 20], [0, 18, 2, 9, 12, 3, 22, 16, 33], [0, 21, 13, 10], [0, 32, 28, 31, 25, 17, 19, 11], [0, 7, 6, 15, 8, 1, 29], [0, 5, 30, 24, 27, 23, 14]]


#################
lambda = 0.5
mu = 1.4000000000000001
nu = 0.4

init = 973.056
res = 801.644
gap = 2.7

solution = [[0, 32, 28, 31, 25, 17, 19, 11, 15], [0, 27, 23, 1, 8, 14], [0, 26, 4, 20], [0, 5, 30, 24, 29, 6, 7], [0, 10, 13, 21], [0, 18, 2, 9, 12, 3, 22, 16, 33]]


#################
lambda = 0.5
mu = 1.5
nu = 0.1

init = 1085.29
res = 805.303
gap = 3.142

solution = [[0, 32, 28, 31, 25, 17, 19], [0, 29, 8, 11, 23, 1, 27], [0, 5, 30, 24], [0, 20, 4, 26], [0, 14, 15, 6, 7, 10, 13, 21], [0, 18, 2, 9, 12, 3, 22, 16, 33]]


#################
lambda = 0.5
mu = 1.5
nu = 1.0

init = 1080.35
res = 803.902
gap = 2.973

solution = [[0, 26, 4, 20], [0, 18, 2, 9, 12, 3, 22, 16, 33], [0, 5, 30, 24, 27, 23, 14], [0, 29, 1, 8, 15, 6, 7], [0, 11, 19, 17, 25, 31, 28, 32], [0, 10, 13, 21]]


#################
lambda = 0.5
mu = 1.6
nu = 0.1

init = 1177.709
res = 816.908
gap = 4.518

solution = [[0, 10, 13, 6, 15, 8, 29, 5], [0, 14, 7, 11, 19, 17, 25, 31, 28], [0, 1, 23, 27, 24, 30], [0, 26, 4, 16, 2, 18], [0, 21, 32, 3, 12, 9, 22, 33, 20]]


#################
lambda = 0.5
mu = 1.6
nu = 0.6000000000000001

init = 1177.946
res = 803.946
gap = 2.979

solution = [[0, 18, 2, 9, 12, 3, 22, 16, 33], [0, 26, 4, 20], [0, 5, 30, 24, 27, 23, 29], [0, 7, 6, 15, 8, 1, 14], [0, 21, 13, 10], [0, 32, 28, 31, 25, 17, 19, 11]]


#################
lambda = 0.5
mu = 1.6
nu = 1.3

init = 1073.338
res = 805.303
gap = 3.142

solution = [[0, 18, 2, 9, 12, 3, 22, 16, 33], [0, 32, 28, 31, 25, 17, 19], [0, 5, 30, 24], [0, 26, 4, 20], [0, 21, 13, 10, 7, 6, 15, 14], [0, 29, 8, 11, 23, 1, 27]]


#################
lambda = 0.5
mu = 1.6
nu = 1.7000000000000002

init = 1082.941
res = 804.017
gap = 2.987

solution = [[0, 19, 17, 25, 31, 28, 32], [0, 18, 2, 9, 12, 3, 22, 16, 33], [0, 20, 4, 26], [0, 15, 8, 11, 23, 27, 1, 29], [0, 24, 30, 5], [0, 14, 6, 7, 10, 13, 21]]


#################
lambda = 0.5
mu = 1.6
nu = 1.9000000000000001

init = 1065.582
res = 810.963
gap = 3.818

solution = [[0, 5, 30, 24, 27, 1, 29, 7], [0, 26, 4, 20], [0, 23, 11, 8, 15, 6, 14], [0, 18, 2, 9, 12, 3, 22, 16, 33], [0, 21, 13, 10], [0, 19, 17, 25, 31, 28, 32]]


#################
lambda = 0.5
mu = 1.7000000000000002
nu = 0.1

init = 1234.414
res = 805.303
gap = 3.142

solution = [[0, 29, 8, 11, 23, 1, 27], [0, 26, 4, 20], [0, 24, 30, 5], [0, 32, 28, 31, 25, 17, 19], [0, 14, 15, 6, 7, 10, 13, 21], [0, 33, 16, 22, 3, 12, 9, 2, 18]]


#################
lambda = 0.5
mu = 1.7000000000000002
nu = 1.1

init = 1222.832
res = 805.303
gap = 3.142

solution = [[0, 32, 28, 31, 25, 17, 19], [0, 29, 8, 11, 23, 1, 27], [0, 5, 30, 24], [0, 20, 4, 26], [0, 14, 15, 6, 7, 10, 13, 21], [0, 18, 2, 9, 12, 3, 22, 16, 33]]


#################
lambda = 0.5
mu = 1.7000000000000002
nu = 1.8

init = 1202.151
res = 790.221
gap = 1.293

solution = [[0, 18, 2, 9, 12, 3, 22, 16, 33], [0, 21, 32, 28, 31, 25, 13, 10], [0, 20, 4, 26], [0, 29, 1, 27, 23, 11, 19, 17], [0, 7, 6, 15, 8, 14], [0, 5, 30, 24]]


#################
lambda = 0.5
mu = 1.8
nu = 1.6

init = 1201.895
res = 804.017
gap = 2.987

solution = [[0, 26, 4, 20], [0, 15, 8, 11, 23, 27, 1, 29], [0, 5, 30, 24], [0, 32, 28, 31, 25, 17, 19], [0, 14, 6, 7, 10, 13, 21], [0, 33, 16, 22, 3, 12, 9, 2, 18]]


#################
lambda = 0.5
mu = 1.9000000000000001
nu = 0.1

init = 1212.517
res = 801.903
gap = 2.731

solution = [[0, 18, 2, 9, 12, 3, 22, 16, 33], [0, 27, 1, 23, 11, 8, 15, 14], [0, 26, 4, 20], [0, 5, 30, 24, 29, 6, 7], [0, 10, 13, 21], [0, 32, 28, 31, 25, 17, 19]]


#################
lambda = 0.5
mu = 1.9000000000000001
nu = 0.7000000000000001

init = 1213.477
res = 813.647
gap = 4.135

solution = [[0, 20, 4, 26], [0, 30, 24, 27, 1, 23, 11], [0, 14, 6, 15, 8, 29, 5], [0, 18, 2, 9, 12, 3, 22, 16, 33], [0, 7, 19, 17, 25, 31, 28, 32], [0, 21, 13, 10]]


#################
lambda = 0.5
mu = 1.9000000000000001
nu = 1.4000000000000001

init = 1203.939
res = 804.017
gap = 2.987

solution = [[0, 18, 2, 9, 12, 3, 22, 16, 33], [0, 15, 8, 11, 23, 27, 1, 29], [0, 26, 4, 20], [0, 19, 17, 25, 31, 28, 32], [0, 21, 13, 10, 7, 6, 14], [0, 5, 30, 24]]


#################
lambda = 0.6000000000000001
mu = 0.9
nu = 1.0

init = 1013.351
res = 790.812
gap = 1.367

solution = [[0, 18, 2, 9, 12, 3, 22, 16, 33], [0, 21, 32, 28, 31, 25, 13, 10], [0, 7, 6, 15, 8, 29, 14], [0, 27, 1, 23, 11, 19, 17], [0, 24, 30, 5], [0, 20, 4, 26]]


#################
lambda = 0.6000000000000001
mu = 1.0
nu = 0.1

init = 966.294
res = 809.254
gap = 3.615

solution = [[0, 26, 4, 20], [0, 10, 13, 21, 32, 28, 31, 25], [0, 33, 16, 22, 3, 12, 9, 2, 18], [0, 7, 6, 15, 8, 11, 19, 17], [0, 24, 30, 5], [0, 14, 29, 1, 23, 27]]


#################
lambda = 0.6000000000000001
mu = 1.2000000000000002
nu = 0.1

init = 963.685
res = 790.221
gap = 1.293

solution = [[0, 18, 2, 9, 12, 3, 22, 16, 33], [0, 17, 19, 11, 23, 27, 1, 29], [0, 26, 4, 20], [0, 24, 30, 5], [0, 7, 6, 15, 8, 14], [0, 10, 13, 25, 31, 28, 32, 21]]


#################
lambda = 0.6000000000000001
mu = 1.2000000000000002
nu = 0.7000000000000001

init = 971.079
res = 790.221
gap = 1.293

solution = [[0, 18, 2, 9, 12, 3, 22, 16, 33], [0, 29, 1, 27, 23, 11, 19, 17], [0, 21, 32, 28, 31, 25, 13, 10], [0, 7, 6, 15, 8, 14], [0, 20, 4, 26], [0, 24, 30, 5]]


#################
lambda = 0.6000000000000001
mu = 1.3
nu = 0.1

init = 961.8
res = 790.221
gap = 1.293

solution = [[0, 18, 2, 9, 12, 3, 22, 16, 33], [0, 20, 4, 26], [0, 29, 1, 27, 23, 11, 19, 17], [0, 5, 30, 24], [0, 7, 6, 15, 8, 14], [0, 10, 13, 25, 31, 28, 32, 21]]


#################
lambda = 0.6000000000000001
mu = 1.3
nu = 0.9

init = 938.844
res = 790.221
gap = 1.293

solution = [[0, 21, 32, 28, 31, 25, 13, 10], [0, 18, 2, 9, 12, 3, 22, 16, 33], [0, 24, 30, 5], [0, 20, 4, 26], [0, 14, 8, 15, 6, 7], [0, 29, 1, 27, 23, 11, 19, 17]]


#################
lambda = 0.6000000000000001
mu = 1.3
nu = 1.4000000000000001

init = 972.046
res = 790.221
gap = 1.293

solution = [[0, 18, 2, 9, 12, 3, 22, 16, 33], [0, 20, 4, 26], [0, 21, 32, 28, 31, 25, 13, 10], [0, 24, 30, 5], [0, 14, 8, 15, 6, 7], [0, 29, 1, 27, 23, 11, 19, 17]]


#################
lambda = 0.6000000000000001
mu = 1.4000000000000001
nu = 0.1

init = 962.718
res = 790.221
gap = 1.293

solution = [[0, 18, 2, 9, 12, 3, 22, 16, 33], [0, 21, 32, 28, 31, 25, 13, 10], [0, 20, 4, 26], [0, 29, 1, 27, 23, 11, 19, 17], [0, 5, 30, 24], [0, 14, 8, 15, 6, 7]]


#################
lambda = 0.6000000000000001
mu = 1.5
nu = 0.1

init = 971.733
res = 805.303
gap = 3.142

solution = [[0, 18, 2, 9, 12, 3, 22, 16, 33], [0, 19, 17, 25, 31, 28, 32], [0, 26, 4, 20], [0, 5, 30, 24], [0, 14, 15, 6, 7, 10, 13, 21], [0, 29, 8, 11, 23, 1, 27]]


#################
lambda = 0.6000000000000001
mu = 1.5
nu = 0.6000000000000001

init = 976.971
res = 801.903
gap = 2.731

solution = [[0, 19, 17, 25, 31, 28, 32], [0, 26, 4, 20], [0, 27, 1, 23, 11, 8, 15, 14], [0, 5, 30, 24, 29, 6, 7], [0, 10, 13, 21], [0, 18, 2, 9, 12, 3, 22, 16, 33]]


#################
lambda = 0.6000000000000001
mu = 1.5
nu = 1.3

init = 965.743
res = 790.221
gap = 1.293

solution = [[0, 17, 19, 11, 23, 27, 1, 29], [0, 26, 4, 20], [0, 24, 30, 5], [0, 18, 2, 9, 12, 3, 22, 16, 33], [0, 21, 32, 28, 31, 25, 13, 10], [0, 7, 6, 15, 8, 14]]


#################
lambda = 0.6000000000000001
mu = 1.5
nu = 1.5

init = 975.07
res = 790.221
gap = 1.293

solution = [[0, 33, 16, 22, 3, 12, 9, 2, 18], [0, 29, 1, 27, 23, 11, 19, 17], [0, 26, 4, 20], [0, 5, 30, 24], [0, 7, 6, 15, 8, 14], [0, 10, 13, 25, 31, 28, 32, 21]]


#################
lambda = 0.6000000000000001
mu = 1.6
nu = 0.5

init = 1120.528
res = 803.902
gap = 2.973

solution = [[0, 33, 16, 22, 3, 12, 9, 2, 18], [0, 26, 4, 20], [0, 5, 30, 24, 27, 23, 14], [0, 7, 6, 15, 8, 1, 29], [0, 32, 28, 31, 25, 17, 19, 11], [0, 10, 13, 21]]


#################
lambda = 0.6000000000000001
mu = 1.6
nu = 1.2000000000000002

init = 1115.588
res = 790.221
gap = 1.293

solution = [[0, 7, 6, 15, 8, 14], [0, 18, 2, 9, 12, 3, 22, 16, 33], [0, 29, 1, 27, 23, 11, 19, 17], [0, 26, 4, 20], [0, 24, 30, 5], [0, 10, 13, 25, 31, 28, 32, 21]]


#################
lambda = 0.6000000000000001
mu = 1.7000000000000002
nu = 0.1

init = 1133.419
res = 801.903
gap = 2.731

solution = [[0, 18, 2, 9, 12, 3, 22, 16, 33], [0, 27, 1, 23, 11, 8, 15, 14], [0, 26, 4, 20], [0, 5, 30, 24, 29, 6, 7], [0, 10, 13, 21], [0, 32, 28, 31, 25, 17, 19]]


#################
lambda = 0.6000000000000001
mu = 1.7000000000000002
nu = 0.8

init = 1132.787
res = 803.902
gap = 2.973

solution = [[0, 18, 2, 9, 12, 3, 22, 16, 33], [0, 11, 19, 17, 25, 31, 28, 32], [0, 5, 30, 24, 27, 23, 14], [0, 7, 6, 15, 8, 1, 29], [0, 20, 4, 26], [0, 21, 13, 10]]


#################
lambda = 0.6000000000000001
mu = 1.7000000000000002
nu = 1.0

init = 1139.966
res = 803.946
gap = 2.979

solution = [[0, 7, 6, 15, 8, 1, 14], [0, 5, 30, 24, 27, 23, 29], [0, 18, 2, 9, 12, 3, 22, 16, 33], [0, 32, 28, 31, 25, 17, 19, 11], [0, 21, 13, 10], [0, 26, 4, 20]]


#################
lambda = 0.6000000000000001
mu = 1.7000000000000002
nu = 1.5

init = 1101.647
res = 801.903
gap = 2.731

solution = [[0, 5, 30, 24, 29, 6, 7], [0, 27, 1, 23, 11, 8, 15, 14], [0, 18, 2, 9, 12, 3, 22, 16, 33], [0, 19, 17, 25, 31, 28, 32], [0, 21, 13, 10], [0, 26, 4, 20]]


#################
lambda = 0.6000000000000001
mu = 1.8
nu = 0.1

init = 1174.795
res = 806.048
gap = 3.232

solution = [[0, 5, 30, 24, 6, 7, 14], [0, 29, 1, 27, 23, 11, 8, 15], [0, 26, 4, 20], [0, 33, 16, 22, 3, 12, 9, 2, 18], [0, 21, 13, 10], [0, 19, 17, 25, 31, 28, 32]]


#################
lambda = 0.6000000000000001
mu = 1.8
nu = 0.7000000000000001

init = 1204.095
res = 790.812
gap = 1.367

solution = [[0, 33, 16, 22, 3, 12, 9, 2, 18], [0, 21, 32, 28, 31, 25, 13, 10], [0, 7, 6, 15, 8, 29, 14], [0, 27, 1, 23, 11, 19, 17], [0, 24, 30, 5], [0, 20, 4, 26]]


#################
lambda = 0.6000000000000001
mu = 1.8
nu = 1.0

init = 1199.196
res = 820.511
gap = 4.937

solution = [[0, 29, 1, 27, 24, 30, 5], [0, 19, 17, 25, 31, 28, 32], [0, 18, 2, 9, 12, 3, 22, 16, 33], [0, 23, 11, 8, 15, 6, 7], [0, 20, 4, 26], [0, 21, 13, 10, 14]]


#################
lambda = 0.6000000000000001
mu = 1.8
nu = 1.3

init = 1161.367
res = 801.903
gap = 2.731

solution = [[0, 18, 2, 9, 12, 3, 22, 16, 33], [0, 14, 15, 8, 11, 23, 1, 27], [0, 5, 30, 24, 29, 6, 7], [0, 20, 4, 26], [0, 32, 28, 31, 25, 17, 19], [0, 10, 13, 21]]


#################
lambda = 0.6000000000000001
mu = 1.8
nu = 1.7000000000000002

init = 1140.598
res = 813.647
gap = 4.135

solution = [[0, 26, 4, 20], [0, 30, 24, 27, 1, 23, 11], [0, 18, 2, 9, 12, 3, 22, 16, 33], [0, 14, 6, 15, 8, 29, 5], [0, 10, 13, 21], [0, 7, 19, 17, 25, 31, 28, 32]]


#################
lambda = 0.7000000000000001
mu = 0.9
nu = 0.9

init = 970.729
res = 801.644
gap = 2.7

solution = [[0, 26, 4, 20], [0, 32, 28, 31, 25, 17, 19, 11, 15], [0, 5, 30, 24, 29, 6, 7], [0, 27, 23, 1, 8, 14], [0, 10, 13, 21], [0, 18, 2, 9, 12, 3, 22, 16, 33]]


#################
lambda = 0.7000000000000001
mu = 0.9
nu = 1.3

init = 968.381
res = 804.017
gap = 2.987

solution = [[0, 15, 8, 11, 23, 27, 1, 29], [0, 20, 4, 26], [0, 18, 2, 9, 12, 3, 22, 16, 33], [0, 32, 28, 31, 25, 17, 19], [0, 5, 30, 24], [0, 21, 13, 10, 7, 6, 14]]


#################
lambda = 0.7000000000000001
mu = 1.3
nu = 0.1

init = 964.598
res = 793.824
gap = 1.741

solution = [[0, 32, 28, 31, 25, 17, 19], [0, 4, 26, 5, 30, 24], [0, 2, 9, 12, 3, 22, 16, 33, 20], [0, 29, 8, 11, 23, 1, 27], [0, 14, 15, 6, 7, 10, 13, 21, 18]]


#################
lambda = 0.7000000000000001
mu = 1.3
nu = 0.2

init = 962.262
res = 790.221
gap = 1.293

solution = [[0, 18, 2, 9, 12, 3, 22, 16, 33], [0, 21, 32, 28, 31, 25, 13, 10], [0, 29, 1, 27, 23, 11, 19, 17], [0, 7, 6, 15, 8, 14], [0, 24, 30, 5], [0, 20, 4, 26]]


#################
lambda = 0.7000000000000001
mu = 1.5
nu = 0.1

init = 966.808
res = 809.254
gap = 3.615

solution = [[0, 33, 16, 22, 3, 12, 9, 2, 18], [0, 7, 6, 15, 8, 11, 19, 17], [0, 14, 29, 1, 23, 27], [0, 26, 4, 20], [0, 10, 13, 21, 32, 28, 31, 25], [0, 24, 30, 5]]


#################
lambda = 0.7000000000000001
mu = 1.6
nu = 0.1

init = 981.061
res = 790.812
gap = 1.367

solution = [[0, 18, 2, 9, 12, 3, 22, 16, 33], [0, 21, 32, 28, 31, 25, 13, 10], [0, 27, 1, 23, 11, 19, 17], [0, 14, 29, 8, 15, 6, 7], [0, 5, 30, 24], [0, 20, 4, 26]]


#################
lambda = 0.7000000000000001
mu = 1.7000000000000002
nu = 0.1

init = 1147.544
res = 804.017
gap = 2.987

solution = [[0, 18, 2, 9, 12, 3, 22, 16, 33], [0, 19, 17, 25, 31, 28, 32], [0, 20, 4, 26], [0, 15, 8, 11, 23, 27, 1, 29], [0, 5, 30, 24], [0, 21, 13, 10, 7, 6, 14]]


#################
lambda = 0.7000000000000001
mu = 1.7000000000000002
nu = 1.4000000000000001

init = 1142.603
res = 805.303
gap = 3.142

solution = [[0, 32, 28, 31, 25, 17, 19], [0, 29, 8, 11, 23, 1, 27], [0, 5, 30, 24], [0, 20, 4, 26], [0, 14, 15, 6, 7, 10, 13, 21], [0, 18, 2, 9, 12, 3, 22, 16, 33]]


#################
lambda = 0.7000000000000001
mu = 1.8
nu = 0.1

init = 1072.581
res = 803.902
gap = 2.973

solution = [[0, 26, 4, 20], [0, 18, 2, 9, 12, 3, 22, 16, 33], [0, 7, 6, 15, 8, 1, 29], [0, 14, 23, 27, 24, 30, 5], [0, 10, 13, 21], [0, 11, 19, 17, 25, 31, 28, 32]]


#################
lambda = 0.7000000000000001
mu = 1.9000000000000001
nu = 0.5

init = 1064.926
res = 795.877
gap = 1.995

solution = [[0, 7, 6, 15, 8, 11, 19, 17], [0, 26, 4, 20], [0, 33, 16, 22, 3, 12, 9, 2, 18], [0, 5, 30, 24], [0, 27, 23, 1, 29, 14], [0, 21, 32, 28, 31, 25, 13, 10]]


#################
lambda = 0.7000000000000001
mu = 1.9000000000000001
nu = 1.8

init = 1054.272
res = 810.092
gap = 3.715

solution = [[0, 26, 4, 20], [0, 32, 28, 31, 25, 17, 19, 29], [0, 23, 11, 8, 15, 6, 7], [0, 5, 30, 24, 27, 1, 14], [0, 18, 2, 9, 12, 3, 22, 16, 33], [0, 21, 13, 10]]


#################
lambda = 0.8
mu = 1.6
nu = 0.30000000000000004

init = 969.832
res = 805.303
gap = 3.142

solution = [[0, 19, 17, 25, 31, 28, 32], [0, 18, 2, 9, 12, 3, 22, 16, 33], [0, 26, 4, 20], [0, 5, 30, 24], [0, 21, 13, 10, 7, 6, 15, 14], [0, 29, 8, 11, 23, 1, 27]]


#################
lambda = 0.8
mu = 1.7000000000000002
nu = 0.1

init = 976.053
res = 790.812
gap = 1.367

solution = [[0, 26, 4, 20], [0, 18, 2, 9, 12, 3, 22, 16, 33], [0, 5, 30, 24], [0, 10, 13, 25, 31, 28, 32, 21], [0, 7, 6, 15, 8, 29, 14], [0, 27, 1, 23, 11, 19, 17]]


#################
lambda = 0.8
mu = 1.7000000000000002
nu = 0.2

init = 986.299
res = 795.666
gap = 1.969

solution = [[0, 4, 26, 5, 30, 24], [0, 27, 23, 1, 29, 14, 20], [0, 7, 6, 15, 8, 11, 19, 17], [0, 21, 32, 28, 31, 25, 13, 10], [0, 18, 2, 9, 12, 3, 22, 16, 33]]


#################
lambda = 0.8
mu = 1.8
nu = 1.0

init = 1093.154
res = 810.963
gap = 3.818

solution = [[0, 7, 29, 1, 27, 24, 30, 5], [0, 32, 28, 31, 25, 17, 19], [0, 20, 4, 26], [0, 14, 6, 15, 8, 11, 23], [0, 10, 13, 21], [0, 18, 2, 9, 12, 3, 22, 16, 33]]


#################
lambda = 0.8
mu = 1.8
nu = 1.6

init = 1088.214
res = 801.885
gap = 2.729

solution = [[0, 26, 4, 20], [0, 33, 16, 22, 3, 12, 9, 2, 18], [0, 14, 8, 11, 23, 1, 27], [0, 6, 15, 29, 24, 30, 5], [0, 21, 13, 10], [0, 7, 19, 17, 25, 31, 28, 32]]


#################
lambda = 0.9
mu = 1.1
nu = 1.0

init = 997.304
res = 801.903
gap = 2.731

solution = [[0, 14, 15, 8, 11, 23, 1, 27], [0, 5, 30, 24, 29, 6, 7], [0, 18, 2, 9, 12, 3, 22, 16, 33], [0, 26, 4, 20], [0, 19, 17, 25, 31, 28, 32], [0, 21, 13, 10]]


#################
lambda = 0.9
mu = 1.1
nu = 1.6

init = 995.146
res = 801.903
gap = 2.731

solution = [[0, 27, 1, 23, 11, 8, 15, 14], [0, 26, 4, 20], [0, 18, 2, 9, 12, 3, 22, 16, 33], [0, 5, 30, 24, 29, 6, 7], [0, 32, 28, 31, 25, 17, 19], [0, 10, 13, 21]]


#################
lambda = 0.9
mu = 1.8
nu = 0.6000000000000001

init = 970.815
res = 790.812
gap = 1.367

solution = [[0, 18, 2, 9, 12, 3, 22, 16, 33], [0, 21, 32, 28, 31, 25, 13, 10], [0, 27, 1, 23, 11, 19, 17], [0, 14, 29, 8, 15, 6, 7], [0, 5, 30, 24], [0, 20, 4, 26]]


#################
lambda = 0.9
mu = 1.9000000000000001
nu = 1.8

init = 972.031
res = 807.656
gap = 3.424

solution = [[0, 18, 2, 9, 12, 3, 22, 16, 33], [0, 5, 30, 24, 27, 23, 11, 29], [0, 7, 6, 15, 8, 1, 14], [0, 26, 4, 20], [0, 32, 28, 31, 25, 17, 19], [0, 10, 13, 21]]


#################
lambda = 1.0
mu = 1.1
nu = 1.5

init = 980.904
res = 801.903
gap = 2.731

solution = [[0, 27, 1, 23, 11, 8, 15, 14], [0, 33, 16, 22, 3, 12, 9, 2, 18], [0, 26, 4, 20], [0, 5, 30, 24, 29, 6, 7], [0, 32, 28, 31, 25, 17, 19], [0, 10, 13, 21]]


#################
lambda = 1.0
mu = 1.3
nu = 0.8

init = 981.592
res = 804.017
gap = 2.987

solution = [[0, 18, 2, 9, 12, 3, 22, 16, 33], [0, 15, 8, 11, 23, 27, 1, 29], [0, 20, 4, 26], [0, 24, 30, 5], [0, 32, 28, 31, 25, 17, 19], [0, 21, 13, 10, 7, 6, 14]]


#################
lambda = 1.0
mu = 1.4000000000000001
nu = 0.1

init = 1006.887
res = 795.877
gap = 1.995

solution = [[0, 21, 32, 28, 31, 25, 13, 10], [0, 18, 2, 9, 12, 3, 22, 16, 33], [0, 20, 4, 26], [0, 7, 6, 15, 8, 11, 19, 17], [0, 14, 29, 1, 23, 27], [0, 24, 30, 5]]


#################
lambda = 1.0
mu = 1.9000000000000001
nu = 1.9000000000000001

init = 985.421
res = 801.903
gap = 2.731

solution = [[0, 26, 4, 20], [0, 27, 1, 23, 11, 8, 15, 14], [0, 7, 6, 29, 24, 30, 5], [0, 33, 16, 22, 3, 12, 9, 2, 18], [0, 19, 17, 25, 31, 28, 32], [0, 10, 13, 21]]


#################
lambda = 1.1
mu = 0.1
nu = 0.1

init = 913.524
res = 795.666
gap = 1.969

solution = [[0, 24, 30, 5, 26, 4], [0, 7, 6, 15, 8, 11, 19, 17], [0, 27, 23, 1, 29, 14, 20], [0, 21, 32, 28, 31, 25, 13, 10], [0, 18, 2, 9, 12, 3, 22, 16, 33]]


#################
lambda = 1.1
mu = 0.1
nu = 0.7000000000000001

init = 938.7
res = 801.903
gap = 2.731

solution = [[0, 27, 1, 23, 11, 8, 15, 14], [0, 5, 30, 24, 29, 6, 7], [0, 19, 17, 25, 31, 28, 32], [0, 26, 4, 20], [0, 21, 13, 10], [0, 18, 2, 9, 12, 3, 22, 16, 33]]


#################
lambda = 1.1
mu = 0.1
nu = 1.2000000000000002

init = 926.7
res = 793.566
gap = 1.709

solution = [[0, 19, 17, 25, 31, 28, 32], [0, 15, 8, 11, 23, 27, 1, 29], [0, 4, 26, 5, 30, 24], [0, 20, 21, 13, 10, 7, 6, 14], [0, 18, 2, 9, 12, 3, 22, 16, 33]]


#################
lambda = 1.1
mu = 1.2000000000000002
nu = 1.6

init = 961.19
res = 804.017
gap = 2.987

solution = [[0, 26, 4, 20], [0, 5, 30, 24], [0, 15, 8, 11, 23, 27, 1, 29], [0, 32, 28, 31, 25, 17, 19], [0, 14, 6, 7, 10, 13, 21], [0, 33, 16, 22, 3, 12, 9, 2, 18]]


#################
lambda = 1.1
mu = 1.3
nu = 0.8

init = 975.365
res = 810.963
gap = 3.818

solution = [[0, 7, 29, 1, 27, 24, 30, 5], [0, 26, 4, 20], [0, 21, 13, 10], [0, 19, 17, 25, 31, 28, 32], [0, 18, 2, 9, 12, 3, 22, 16, 33], [0, 23, 11, 8, 15, 6, 14]]


#################
lambda = 1.1
mu = 1.4000000000000001
nu = 0.1

init = 996.905
res = 804.017
gap = 2.987

solution = [[0, 33, 16, 22, 3, 12, 9, 2, 18], [0, 15, 8, 11, 23, 27, 1, 29], [0, 20, 4, 26], [0, 19, 17, 25, 31, 28, 32], [0, 21, 13, 10, 7, 6, 14], [0, 5, 30, 24]]


#################
lambda = 1.1
mu = 1.5
nu = 0.1

init = 1006.094
res = 810.963
gap = 3.818

solution = [[0, 18, 2, 9, 12, 3, 22, 16, 33], [0, 14, 6, 15, 8, 11, 23], [0, 7, 29, 1, 27, 24, 30, 5], [0, 19, 17, 25, 31, 28, 32], [0, 26, 4, 20], [0, 21, 13, 10]]


#################
lambda = 1.1
mu = 1.6
nu = 0.1

init = 1011.1
res = 790.812
gap = 1.367

solution = [[0, 18, 2, 9, 12, 3, 22, 16, 33], [0, 21, 32, 28, 31, 25, 13, 10], [0, 26, 4, 20], [0, 17, 19, 11, 23, 1, 27], [0, 24, 30, 5], [0, 7, 6, 15, 8, 29, 14]]


#################
lambda = 1.1
mu = 1.9000000000000001
nu = 0.5

init = 965.325
res = 805.303
gap = 3.142

solution = [[0, 32, 28, 31, 25, 17, 19], [0, 5, 30, 24], [0, 29, 8, 11, 23, 1, 27], [0, 26, 4, 20], [0, 14, 15, 6, 7, 10, 13, 21], [0, 18, 2, 9, 12, 3, 22, 16, 33]]


#################
lambda = 1.1
mu = 1.9000000000000001
nu = 1.0

init = 970.563
res = 795.666
gap = 1.969

solution = [[0, 33, 16, 22, 3, 12, 9, 2, 18], [0, 21, 32, 28, 31, 25, 13, 10], [0, 7, 6, 15, 8, 11, 19, 17], [0, 27, 23, 1, 29, 14, 20], [0, 4, 26, 5, 30, 24]]


#################
lambda = 1.1
mu = 1.9000000000000001
nu = 1.5

init = 980.809
res = 805.303
gap = 3.142

solution = [[0, 32, 28, 31, 25, 17, 19], [0, 33, 16, 22, 3, 12, 9, 2, 18], [0, 29, 8, 11, 23, 1, 27], [0, 24, 30, 5], [0, 20, 4, 26], [0, 21, 13, 10, 7, 6, 15, 14]]


#################
lambda = 1.1
mu = 1.9000000000000001
nu = 1.9000000000000001

init = 967.622
res = 795.666
gap = 1.969

solution = [[0, 7, 6, 15, 8, 11, 19, 17], [0, 27, 23, 1, 29, 14, 20], [0, 24, 30, 5, 26, 4], [0, 21, 32, 28, 31, 25, 13, 10], [0, 18, 2, 9, 12, 3, 22, 16, 33]]


#################
lambda = 1.2000000000000002
mu = 1.2000000000000002
nu = 0.1

init = 964.166
res = 801.903
gap = 2.731

solution = [[0, 18, 2, 9, 12, 3, 22, 16, 33], [0, 20, 4, 26], [0, 14, 15, 8, 11, 23, 1, 27], [0, 5, 30, 24, 29, 6, 7], [0, 10, 13, 21], [0, 19, 17, 25, 31, 28, 32]]


#################
lambda = 1.2000000000000002
mu = 1.4000000000000001
nu = 0.1

init = 982.73
res = 790.812
gap = 1.367

solution = [[0, 18, 2, 9, 12, 3, 22, 16, 33], [0, 21, 32, 28, 31, 25, 13, 10], [0, 7, 6, 15, 8, 29, 14], [0, 27, 1, 23, 11, 19, 17], [0, 20, 4, 26], [0, 5, 30, 24]]


#################
lambda = 1.2000000000000002
mu = 1.5
nu = 0.1

init = 991.919
res = 804.017
gap = 2.987

solution = [[0, 18, 2, 9, 12, 3, 22, 16, 33], [0, 26, 4, 20], [0, 15, 8, 11, 23, 27, 1, 29], [0, 5, 30, 24], [0, 32, 28, 31, 25, 17, 19], [0, 14, 6, 7, 10, 13, 21]]


#################
lambda = 1.2000000000000002
mu = 1.7000000000000002
nu = 0.1

init = 1006.99
res = 790.221
gap = 1.293

solution = [[0, 33, 16, 22, 3, 12, 9, 2, 18], [0, 29, 1, 27, 23, 11, 19, 17], [0, 26, 4, 20], [0, 5, 30, 24], [0, 10, 13, 25, 31, 28, 32, 21], [0, 7, 6, 15, 8, 14]]


#################
lambda = 1.2000000000000002
mu = 1.9000000000000001
nu = 0.5

init = 952.138
res = 790.812
gap = 1.367

solution = [[0, 18, 2, 9, 12, 3, 22, 16, 33], [0, 21, 32, 28, 31, 25, 13, 10], [0, 7, 6, 15, 8, 29, 14], [0, 27, 1, 23, 11, 19, 17], [0, 20, 4, 26], [0, 5, 30, 24]]


#################
lambda = 1.2000000000000002
mu = 1.9000000000000001
nu = 0.6000000000000001

init = 957.376
res = 790.221
gap = 1.293

solution = [[0, 18, 2, 9, 12, 3, 22, 16, 33], [0, 21, 32, 28, 31, 25, 13, 10], [0, 17, 19, 11, 23, 27, 1, 29], [0, 7, 6, 15, 8, 14], [0, 20, 4, 26], [0, 24, 30, 5]]


#################
lambda = 1.3
mu = 1.1
nu = 0.1

init = 939.086
res = 810.092
gap = 3.715

solution = [[0, 32, 28, 31, 25, 17, 19, 29], [0, 5, 30, 24, 27, 1, 14], [0, 23, 11, 8, 15, 6, 7], [0, 18, 2, 9, 12, 3, 22, 16, 33], [0, 10, 13, 21], [0, 26, 4, 20]]


#################
lambda = 1.3
mu = 1.7000000000000002
nu = 0.1

init = 992.815
res = 801.903
gap = 2.731

solution = [[0, 33, 16, 22, 3, 12, 9, 2, 18], [0, 20, 4, 26], [0, 5, 30, 24, 29, 6, 7], [0, 14, 15, 8, 11, 23, 1, 27], [0, 32, 28, 31, 25, 17, 19], [0, 10, 13, 21]]


#################
lambda = 1.3
mu = 1.7000000000000002
nu = 1.4000000000000001

init = 1001.442
res = 809.186
gap = 3.607

solution = [[0, 19, 17, 25, 31, 28, 32], [0, 15, 8, 11, 23, 27, 1, 29], [0, 2, 9, 12, 3, 22, 16, 33, 20], [0, 4, 26], [0, 18, 21, 13, 10, 7, 6, 14], [0, 5, 30, 24]]


#################
lambda = 1.3
mu = 1.9000000000000001
nu = 0.1

init = 959.36
res = 790.221
gap = 1.293

solution = [[0, 18, 2, 9, 12, 3, 22, 16, 33], [0, 24, 30, 5], [0, 20, 4, 26], [0, 17, 19, 11, 23, 27, 1, 29], [0, 21, 32, 28, 31, 25, 13, 10], [0, 7, 6, 15, 8, 14]]


#################
lambda = 1.4000000000000001
mu = 0.1
nu = 0.1

init = 974.756
res = 805.303
gap = 3.142

solution = [[0, 29, 8, 11, 23, 1, 27], [0, 21, 13, 10, 7, 6, 15, 14], [0, 33, 16, 22, 3, 12, 9, 2, 18], [0, 26, 4, 20], [0, 5, 30, 24], [0, 19, 17, 25, 31, 28, 32]]


#################
lambda = 1.4000000000000001
mu = 0.1
nu = 1.6

init = 974.334
res = 804.017
gap = 2.987

solution = [[0, 19, 17, 25, 31, 28, 32], [0, 15, 8, 11, 23, 27, 1, 29], [0, 24, 30, 5], [0, 18, 2, 9, 12, 3, 22, 16, 33], [0, 21, 13, 10, 7, 6, 14], [0, 20, 4, 26]]


#################
lambda = 1.4000000000000001
mu = 0.4
nu = 1.6

init = 956.0
res = 803.946
gap = 2.979

solution = [[0, 5, 30, 24, 27, 23, 29], [0, 7, 6, 15, 8, 1, 14], [0, 32, 28, 31, 25, 17, 19, 11], [0, 21, 13, 10], [0, 26, 4, 20], [0, 18, 2, 9, 12, 3, 22, 16, 33]]


#################
lambda = 1.4000000000000001
mu = 1.4000000000000001
nu = 0.8

init = 995.825
res = 790.812
gap = 1.367

solution = [[0, 18, 2, 9, 12, 3, 22, 16, 33], [0, 14, 29, 8, 15, 6, 7], [0, 21, 32, 28, 31, 25, 13, 10], [0, 17, 19, 11, 23, 1, 27], [0, 24, 30, 5], [0, 20, 4, 26]]


#################
lambda = 1.4000000000000001
mu = 1.9000000000000001
nu = 0.1

init = 996.168
res = 801.903
gap = 2.731

solution = [[0, 18, 2, 9, 12, 3, 22, 16, 33], [0, 27, 1, 23, 11, 8, 15, 14], [0, 26, 4, 20], [0, 5, 30, 24, 29, 6, 7], [0, 10, 13, 21], [0, 32, 28, 31, 25, 17, 19]]

execution : 497 s
