Aretes fixées après apprentissage pour cette exécution
Fixed edges = [[0, 28, 31, 25, 17, 19, 0], [0, 16, 22, 0], [0, 9, 12, 3, 0], [0, 20, 4, 26, 0], [0, 23, 27, 0], [0, 24, 30, 0], [0, 15, 8, 11, 0], [0, 1, 0], [0, 2, 0], [0, 5, 0], [0, 6, 0], [0, 7, 0], [0, 10, 0], [0, 13, 0], [0, 14, 0], [0, 18, 0], [0, 21, 0], [0, 29, 0], [0, 32, 0], [0, 33, 0]]


#################
lambda = 0.5
mu = 0.1
nu = 0.1

init = 927.631
res = 801.903
gap = 2.856

solution = [[0, 26, 4, 20], [0, 32, 28, 31, 25, 17, 19], [0, 14, 15, 8, 11, 23, 1, 27], [0, 5, 30, 24, 29, 6, 7], [0, 10, 13, 21], [0, 18, 2, 9, 12, 3, 22, 16, 33]]


#################
lambda = 0.5
mu = 1.2000000000000002
nu = 0.1

init = 997.329
res = 810.092
gap = 3.838

solution = [[0, 26, 4, 20], [0, 18, 2, 9, 12, 3, 22, 16, 33], [0, 5, 30, 24, 27, 1, 14], [0, 23, 11, 8, 15, 6, 7], [0, 21, 13, 10], [0, 32, 28, 31, 25, 17, 19, 29]]


#################
lambda = 0.5
mu = 1.2000000000000002
nu = 1.5

init = 1047.332
res = 801.903
gap = 2.856

solution = [[0, 14, 15, 8, 11, 23, 1, 27], [0, 26, 4, 20], [0, 5, 30, 24, 29, 6, 7], [0, 18, 2, 9, 12, 3, 22, 16, 33], [0, 10, 13, 21], [0, 19, 17, 25, 31, 28, 32]]


#################
lambda = 0.5
mu = 1.4000000000000001
nu = 0.1

init = 1042.094
res = 804.017
gap = 3.112

solution = [[0, 26, 4, 20], [0, 15, 8, 11, 23, 27, 1, 29], [0, 18, 2, 9, 12, 3, 22, 16, 33], [0, 5, 30, 24], [0, 32, 28, 31, 25, 17, 19], [0, 14, 6, 7, 10, 13, 21]]


#################
lambda = 0.5
mu = 1.5
nu = 0.1

init = 1011.49
res = 801.903
gap = 2.856

solution = [[0, 26, 4, 20], [0, 5, 30, 24, 29, 6, 7], [0, 18, 2, 9, 12, 3, 22, 16, 33], [0, 14, 15, 8, 11, 23, 1, 27], [0, 19, 17, 25, 31, 28, 32], [0, 10, 13, 21]]


#################
lambda = 0.5
mu = 1.5
nu = 0.5

init = 1046.742
res = 811.64
gap = 4.021

solution = [[0, 24, 30, 5], [0, 18, 2, 9, 12, 3, 22, 16, 33], [0, 20, 4, 26], [0, 7, 6, 15, 11, 23, 1, 27], [0, 10, 13, 17, 19, 8, 29, 14], [0, 21, 32, 28, 31, 25]]


#################
lambda = 0.5
mu = 1.5
nu = 1.0

init = 1051.067
res = 804.017
gap = 3.112

solution = [[0, 33, 16, 22, 3, 12, 9, 2, 18], [0, 15, 8, 11, 23, 27, 1, 29], [0, 26, 4, 20], [0, 32, 28, 31, 25, 17, 19], [0, 5, 30, 24], [0, 21, 13, 10, 7, 6, 14]]


#################
lambda = 0.5
mu = 1.5
nu = 1.7000000000000002

init = 1042.809
res = 804.017
gap = 3.112

solution = [[0, 26, 4, 20], [0, 18, 2, 9, 12, 3, 22, 16, 33], [0, 24, 30, 5], [0, 19, 17, 25, 31, 28, 32], [0, 14, 6, 7, 10, 13, 21], [0, 15, 8, 11, 23, 27, 1, 29]]


#################
lambda = 0.5
mu = 1.6
nu = 0.1

init = 1008.764
res = 805.303
gap = 3.266

solution = [[0, 32, 28, 31, 25, 17, 19], [0, 5, 30, 24], [0, 29, 8, 11, 23, 1, 27], [0, 26, 4, 20], [0, 14, 15, 6, 7, 10, 13, 21], [0, 18, 2, 9, 12, 3, 22, 16, 33]]


#################
lambda = 0.5
mu = 1.6
nu = 0.6000000000000001

init = 1151.887
res = 803.998
gap = 3.109

solution = [[0, 33, 16, 22, 3, 12, 9, 2, 18], [0, 15, 11, 19, 17, 25, 31, 28, 32], [0, 14, 7, 29, 24, 30, 5], [0, 6, 8, 1, 23, 27], [0, 21, 13, 10], [0, 26, 4, 20]]


#################
lambda = 0.5
mu = 1.6
nu = 1.6

init = 1141.138
res = 803.241
gap = 3.018

solution = [[0, 33, 16, 22, 3, 12, 9, 2, 18], [0, 21, 32, 28, 31, 25, 13, 10], [0, 7, 6, 15, 1, 23, 27], [0, 14, 29, 8, 11, 19, 17], [0, 20, 4, 26], [0, 24, 30, 5]]


#################
lambda = 0.5
mu = 1.7000000000000002
nu = 0.1

init = 1150.16
res = 790.812
gap = 1.494

solution = [[0, 20, 4, 26], [0, 18, 2, 9, 12, 3, 22, 16, 33], [0, 14, 29, 8, 15, 6, 7], [0, 24, 30, 5], [0, 21, 32, 28, 31, 25, 13, 10], [0, 17, 19, 11, 23, 1, 27]]


#################
lambda = 0.5
mu = 1.7000000000000002
nu = 1.7000000000000002

init = 1139.412
res = 805.303
gap = 3.266

solution = [[0, 19, 17, 25, 31, 28, 32], [0, 18, 2, 9, 12, 3, 22, 16, 33], [0, 20, 4, 26], [0, 5, 30, 24], [0, 21, 13, 10, 7, 6, 15, 14], [0, 29, 8, 11, 23, 1, 27]]


#################
lambda = 0.6000000000000001
mu = 1.2000000000000002
nu = 0.1

init = 975.699
res = 801.903
gap = 2.856

solution = [[0, 18, 2, 9, 12, 3, 22, 16, 33], [0, 27, 1, 23, 11, 8, 15, 14], [0, 26, 4, 20], [0, 5, 30, 24, 29, 6, 7], [0, 10, 13, 21], [0, 32, 28, 31, 25, 17, 19]]


#################
lambda = 0.6000000000000001
mu = 1.2000000000000002
nu = 0.2

init = 946.195
res = 804.017
gap = 3.112

solution = [[0, 20, 4, 26], [0, 18, 2, 9, 12, 3, 22, 16, 33], [0, 15, 8, 11, 23, 27, 1, 29], [0, 32, 28, 31, 25, 17, 19], [0, 21, 13, 10, 7, 6, 14], [0, 5, 30, 24]]


#################
lambda = 0.6000000000000001
mu = 1.5
nu = 0.1

init = 1006.252
res = 803.419
gap = 3.039

solution = [[0, 32, 28, 31, 25, 17, 19, 11, 15], [0, 26, 4, 20], [0, 5, 30, 24], [0, 14, 8, 1, 23, 27, 29], [0, 33, 16, 22, 3, 12, 9, 2, 18], [0, 21, 13, 10, 7, 6]]


#################
lambda = 0.6000000000000001
mu = 1.6
nu = 1.3

init = 1047.134
res = 804.017
gap = 3.112

solution = [[0, 19, 17, 25, 31, 28, 32], [0, 18, 2, 9, 12, 3, 22, 16, 33], [0, 15, 8, 11, 23, 27, 1, 29], [0, 20, 4, 26], [0, 24, 30, 5], [0, 14, 6, 7, 10, 13, 21]]


#################
lambda = 0.6000000000000001
mu = 1.7000000000000002
nu = 1.5

init = 1166.234
res = 805.303
gap = 3.266

solution = [[0, 18, 2, 9, 12, 3, 22, 16, 33], [0, 32, 28, 31, 25, 17, 19], [0, 20, 4, 26], [0, 24, 30, 5], [0, 29, 8, 11, 23, 1, 27], [0, 14, 15, 6, 7, 10, 13, 21]]


#################
lambda = 0.6000000000000001
mu = 1.8
nu = 1.7000000000000002

init = 1164.507
res = 808.259
gap = 3.62

solution = [[0, 15, 11, 19, 17, 25, 31, 28, 32], [0, 18, 2, 9, 12, 3, 22, 16, 33], [0, 14, 7, 29, 24, 30, 5], [0, 6, 8, 1, 27, 23], [0, 26, 4, 20], [0, 21, 13, 10]]


#################
lambda = 0.7000000000000001
mu = 1.3
nu = 1.8

init = 1021.482
res = 790.812
gap = 1.494

solution = [[0, 18, 2, 9, 12, 3, 22, 16, 33], [0, 20, 4, 26], [0, 24, 30, 5], [0, 7, 6, 15, 8, 29, 14], [0, 21, 32, 28, 31, 25, 13, 10], [0, 27, 1, 23, 11, 19, 17]]


#################
lambda = 0.7000000000000001
mu = 1.6
nu = 1.0

init = 1006.99
res = 790.221
gap = 1.42

solution = [[0, 33, 16, 22, 3, 12, 9, 2, 18], [0, 29, 1, 27, 23, 11, 19, 17], [0, 26, 4, 20], [0, 5, 30, 24], [0, 10, 13, 25, 31, 28, 32, 21], [0, 7, 6, 15, 8, 14]]


#################
lambda = 0.7000000000000001
mu = 1.9000000000000001
nu = 0.1

init = 1162.05
res = 804.017
gap = 3.112

solution = [[0, 18, 2, 9, 12, 3, 22, 16, 33], [0, 15, 8, 11, 23, 27, 1, 29], [0, 32, 28, 31, 25, 17, 19], [0, 20, 4, 26], [0, 14, 6, 7, 10, 13, 21], [0, 5, 30, 24]]


#################
lambda = 0.8
mu = 1.4000000000000001
nu = 1.0

init = 1016.605
res = 804.017
gap = 3.112

solution = [[0, 18, 2, 9, 12, 3, 22, 16, 33], [0, 5, 30, 24], [0, 26, 4, 20], [0, 15, 8, 11, 23, 27, 1, 29], [0, 21, 13, 10, 7, 6, 14], [0, 19, 17, 25, 31, 28, 32]]


#################
lambda = 0.8
mu = 1.6
nu = 0.2

init = 1011.367
res = 801.903
gap = 2.856

solution = [[0, 18, 2, 9, 12, 3, 22, 16, 33], [0, 5, 30, 24, 29, 6, 7], [0, 14, 15, 8, 11, 23, 1, 27], [0, 20, 4, 26], [0, 32, 28, 31, 25, 17, 19], [0, 10, 13, 21]]


#################
lambda = 0.8
mu = 1.7000000000000002
nu = 0.5

init = 1001.752
res = 805.714
gap = 3.316

solution = [[0, 26, 4, 20], [0, 18, 2, 9, 12, 3, 22, 16, 33], [0, 15, 11, 19, 17, 25, 31, 28, 32], [0, 24, 30, 5], [0, 14, 29, 8, 23, 27, 1], [0, 6, 7, 10, 13, 21]]


#################
lambda = 0.8
mu = 1.8
nu = 0.8

init = 1002.146
res = 790.221
gap = 1.42

solution = [[0, 18, 2, 9, 12, 3, 22, 16, 33], [0, 17, 19, 11, 23, 27, 1, 29], [0, 26, 4, 20], [0, 24, 30, 5], [0, 7, 6, 15, 8, 14], [0, 10, 13, 25, 31, 28, 32, 21]]


#################
lambda = 0.8
mu = 1.8
nu = 1.6

init = 997.206
res = 837.267
gap = 6.959

solution = [[0, 20], [0, 26, 4], [0, 10, 13, 28, 31, 25, 17, 19, 11], [0, 16, 33], [0, 18, 2, 22, 9, 12, 3, 32, 21], [0, 7, 6, 15, 8, 23, 14], [0, 29, 1, 27, 24, 30, 5]]


#################
lambda = 1.0
mu = 1.4000000000000001
nu = 0.1

init = 997.226
res = 801.903
gap = 2.856

solution = [[0, 27, 1, 23, 11, 8, 15, 14], [0, 5, 30, 24, 29, 6, 7], [0, 26, 4, 20], [0, 33, 16, 22, 3, 12, 9, 2, 18], [0, 19, 17, 25, 31, 28, 32], [0, 21, 13, 10]]


#################
lambda = 1.0
mu = 1.5
nu = 0.1

init = 1028.598
res = 790.221
gap = 1.42

solution = [[0, 17, 19, 11, 23, 27, 1, 29], [0, 24, 30, 5], [0, 33, 16, 22, 3, 12, 9, 2, 18], [0, 20, 4, 26], [0, 14, 8, 15, 6, 7], [0, 21, 32, 28, 31, 25, 13, 10]]


#################
lambda = 1.0
mu = 1.9000000000000001
nu = 1.3

init = 996.908
res = 801.903
gap = 2.856

solution = [[0, 18, 2, 9, 12, 3, 22, 16, 33], [0, 5, 30, 24, 29, 6, 7], [0, 27, 1, 23, 11, 8, 15, 14], [0, 26, 4, 20], [0, 10, 13, 21], [0, 32, 28, 31, 25, 17, 19]]


#################
lambda = 1.1
mu = 1.4000000000000001
nu = 0.1

init = 975.365
res = 810.963
gap = 3.941

solution = [[0, 7, 29, 1, 27, 24, 30, 5], [0, 26, 4, 20], [0, 21, 13, 10], [0, 19, 17, 25, 31, 28, 32], [0, 18, 2, 9, 12, 3, 22, 16, 33], [0, 23, 11, 8, 15, 6, 14]]


#################
lambda = 1.1
mu = 1.6
nu = 0.1

init = 1026.734
res = 805.303
gap = 3.266

solution = [[0, 32, 28, 31, 25, 17, 19], [0, 5, 30, 24], [0, 29, 8, 11, 23, 1, 27], [0, 26, 4, 20], [0, 14, 15, 6, 7, 10, 13, 21], [0, 18, 2, 9, 12, 3, 22, 16, 33]]


#################
lambda = 1.1
mu = 1.6
nu = 1.6

init = 976.934
res = 801.903
gap = 2.856

solution = [[0, 20, 4, 26], [0, 18, 2, 9, 12, 3, 22, 16, 33], [0, 14, 15, 8, 11, 23, 1, 27], [0, 7, 6, 29, 24, 30, 5], [0, 10, 13, 21], [0, 19, 17, 25, 31, 28, 32]]


#################
lambda = 1.1
mu = 1.7000000000000002
nu = 0.1

init = 1058.106
res = 795.666
gap = 2.095

solution = [[0, 24, 30, 5, 26, 4], [0, 27, 23, 1, 29, 14, 20], [0, 7, 6, 15, 8, 11, 19, 17], [0, 21, 32, 28, 31, 25, 13, 10], [0, 18, 2, 9, 12, 3, 22, 16, 33]]


#################
lambda = 1.2000000000000002
mu = 0.1
nu = 0.1

init = 926.7
res = 805.303
gap = 3.266

solution = [[0, 32, 28, 31, 25, 17, 19], [0, 18, 2, 9, 12, 3, 22, 16, 33], [0, 29, 8, 11, 23, 1, 27], [0, 21, 13, 10, 7, 6, 15, 14], [0, 20, 4, 26], [0, 5, 30, 24]]


#################
lambda = 1.2000000000000002
mu = 0.1
nu = 1.6

init = 913.524
res = 803.946
gap = 3.103

solution = [[0, 26, 4, 20], [0, 32, 28, 31, 25, 17, 19, 11], [0, 7, 6, 15, 8, 1, 14], [0, 5, 30, 24, 27, 23, 29], [0, 18, 2, 9, 12, 3, 22, 16, 33], [0, 21, 13, 10]]


#################
lambda = 1.2000000000000002
mu = 1.3
nu = 0.1

init = 943.861
res = 810.092
gap = 3.838

solution = [[0, 32, 28, 31, 25, 17, 19, 29], [0, 5, 30, 24, 27, 1, 14], [0, 23, 11, 8, 15, 6, 7], [0, 18, 2, 9, 12, 3, 22, 16, 33], [0, 10, 13, 21], [0, 26, 4, 20]]


#################
lambda = 1.2000000000000002
mu = 1.4000000000000001
nu = 0.1

init = 962.095
res = 805.303
gap = 3.266

solution = [[0, 32, 28, 31, 25, 17, 19], [0, 29, 8, 11, 23, 1, 27], [0, 18, 2, 9, 12, 3, 22, 16, 33], [0, 24, 30, 5], [0, 20, 4, 26], [0, 21, 13, 10, 7, 6, 15, 14]]


#################
lambda = 1.2000000000000002
mu = 1.4000000000000001
nu = 0.4

init = 962.426
res = 802.607
gap = 2.941

solution = [[0, 18, 2, 9, 12, 3, 22, 16, 33], [0, 20, 4, 26], [0, 15, 8, 11, 23, 27, 1, 29], [0, 24, 30, 5], [0, 14, 6, 7, 13, 21], [0, 32, 28, 31, 25, 17, 19, 10]]


#################
lambda = 1.2000000000000002
mu = 1.9000000000000001
nu = 0.30000000000000004

init = 1021.496
res = 805.303
gap = 3.266

solution = [[0, 19, 17, 25, 31, 28, 32], [0, 29, 8, 11, 23, 1, 27], [0, 26, 4, 20], [0, 24, 30, 5], [0, 14, 15, 6, 7, 10, 13, 21], [0, 18, 2, 9, 12, 3, 22, 16, 33]]


#################
lambda = 1.2000000000000002
mu = 1.9000000000000001
nu = 1.9000000000000001

init = 1027.941
res = 805.303
gap = 3.266

solution = [[0, 32, 28, 31, 25, 17, 19], [0, 5, 30, 24], [0, 29, 8, 11, 23, 1, 27], [0, 26, 4, 20], [0, 14, 15, 6, 7, 10, 13, 21], [0, 18, 2, 9, 12, 3, 22, 16, 33]]


#################
lambda = 1.3
mu = 1.7000000000000002
nu = 1.4000000000000001

init = 1015.617
res = 804.017
gap = 3.112

solution = [[0, 15, 8, 11, 23, 27, 1, 29], [0, 18, 2, 9, 12, 3, 22, 16, 33], [0, 19, 17, 25, 31, 28, 32], [0, 20, 4, 26], [0, 21, 13, 10, 7, 6, 14], [0, 5, 30, 24]]


#################
lambda = 1.4000000000000001
mu = 0.1
nu = 0.1

init = 974.756
res = 810.963
gap = 3.941

solution = [[0, 19, 17, 25, 31, 28, 32], [0, 7, 29, 1, 27, 24, 30, 5], [0, 33, 16, 22, 3, 12, 9, 2, 18], [0, 14, 6, 15, 8, 11, 23], [0, 10, 13, 21], [0, 26, 4, 20]]

execution : 233 s


Aretes fixées après apprentissage pour cette exécution
Fixed edges = [[0, 28, 31, 25, 17, 19, 0], [0, 16, 22, 0], [0, 20, 4, 26, 0], [0, 3, 12, 9, 0], [0, 15, 8, 11, 23, 27, 0], [0, 24, 30, 5, 0], [0, 1, 0], [0, 2, 0], [0, 6, 0], [0, 7, 0], [0, 10, 0], [0, 13, 0], [0, 14, 0], [0, 18, 0], [0, 21, 0], [0, 29, 0], [0, 32, 0], [0, 33, 0]]


#################
lambda = 0.5
mu = 0.1
nu = 0.1

init = 927.631
res = 790.812
gap = 1.494

solution = [[0, 18, 2, 9, 12, 3, 22, 16, 33], [0, 21, 32, 28, 31, 25, 13, 10], [0, 27, 1, 23, 11, 19, 17], [0, 7, 6, 15, 8, 29, 14], [0, 5, 30, 24], [0, 20, 4, 26]]


#################
lambda = 0.5
mu = 1.1
nu = 0.1

init = 952.669
res = 801.903
gap = 2.856

solution = [[0, 5, 30, 24, 29, 6, 7], [0, 27, 1, 23, 11, 8, 15, 14], [0, 33, 16, 22, 3, 12, 9, 2, 18], [0, 26, 4, 20], [0, 32, 28, 31, 25, 17, 19], [0, 10, 13, 21]]


#################
lambda = 0.5
mu = 1.2000000000000002
nu = 0.1

init = 1007.8
res = 804.017
gap = 3.112

solution = [[0, 15, 8, 11, 23, 27, 1, 29], [0, 18, 2, 9, 12, 3, 22, 16, 33], [0, 20, 4, 26], [0, 32, 28, 31, 25, 17, 19], [0, 24, 30, 5], [0, 14, 6, 7, 10, 13, 21]]


#################
lambda = 0.5
mu = 1.5
nu = 0.1

init = 982.572
res = 805.303
gap = 3.266

solution = [[0, 32, 28, 31, 25, 17, 19], [0, 5, 30, 24], [0, 29, 8, 11, 23, 1, 27], [0, 26, 4, 20], [0, 14, 15, 6, 7, 10, 13, 21], [0, 18, 2, 9, 12, 3, 22, 16, 33]]


#################
lambda = 0.5
mu = 1.5
nu = 0.5

init = 1020.934
res = 811.64
gap = 4.021

solution = [[0, 24, 30, 5], [0, 18, 2, 9, 12, 3, 22, 16, 33], [0, 20, 4, 26], [0, 7, 6, 15, 11, 23, 1, 27], [0, 10, 13, 17, 19, 8, 29, 14], [0, 21, 32, 28, 31, 25]]


#################
lambda = 0.5
mu = 1.6
nu = 0.8

init = 1016.028
res = 811.64
gap = 4.021

solution = [[0, 24, 30, 5], [0, 18, 2, 9, 12, 3, 22, 16, 33], [0, 20, 4, 26], [0, 7, 6, 15, 11, 23, 1, 27], [0, 10, 13, 17, 19, 8, 29, 14], [0, 21, 32, 28, 31, 25]]


#################
lambda = 0.5
mu = 1.7000000000000002
nu = 0.5

init = 983.002
res = 795.877
gap = 2.121

solution = [[0, 18, 2, 9, 12, 3, 22, 16, 33], [0, 21, 32, 28, 31, 25, 13, 10], [0, 14, 29, 1, 23, 27], [0, 17, 19, 11, 8, 15, 6, 7], [0, 26, 4, 20], [0, 5, 30, 24]]


#################
lambda = 0.5
mu = 1.8
nu = 0.1

init = 972.466
res = 801.903
gap = 2.856

solution = [[0, 18, 2, 9, 12, 3, 22, 16, 33], [0, 27, 1, 23, 11, 8, 15, 14], [0, 26, 4, 20], [0, 5, 30, 24, 29, 6, 7], [0, 10, 13, 21], [0, 32, 28, 31, 25, 17, 19]]


#################
lambda = 0.5
mu = 1.8
nu = 1.6

init = 1133.527
res = 810.268
gap = 3.859

solution = [[0, 26, 4, 20], [0, 27, 23, 11, 8, 15, 6, 7], [0, 14, 1, 24, 30, 5], [0, 33, 16, 22, 3, 12, 9, 2, 18], [0, 32, 28, 31, 25, 17, 19, 29], [0, 10, 13, 21]]


#################
lambda = 0.5
mu = 1.9000000000000001
nu = 1.4000000000000001

init = 1139.941
res = 804.017
gap = 3.112

solution = [[0, 26, 4, 20], [0, 18, 2, 9, 12, 3, 22, 16, 33], [0, 15, 8, 11, 23, 27, 1, 29], [0, 5, 30, 24], [0, 32, 28, 31, 25, 17, 19], [0, 21, 13, 10, 7, 6, 14]]


#################
lambda = 0.6000000000000001
mu = 1.2000000000000002
nu = 0.1

init = 971.841
res = 795.877
gap = 2.121

solution = [[0, 18, 2, 9, 12, 3, 22, 16, 33], [0, 20, 4, 26], [0, 21, 32, 28, 31, 25, 13, 10], [0, 7, 6, 15, 8, 11, 19, 17], [0, 24, 30, 5], [0, 14, 29, 1, 23, 27]]


#################
lambda = 0.6000000000000001
mu = 1.5
nu = 0.1

init = 976.745
res = 790.221
gap = 1.42

solution = [[0, 18, 2, 9, 12, 3, 22, 16, 33], [0, 20, 4, 26], [0, 5, 30, 24], [0, 29, 1, 27, 23, 11, 19, 17], [0, 10, 13, 25, 31, 28, 32, 21], [0, 14, 8, 15, 6, 7]]


#################
lambda = 0.9
mu = 0.1
nu = 0.1

init = 944.233
res = 804.017
gap = 3.112

solution = [[0, 26, 4, 20], [0, 32, 28, 31, 25, 17, 19], [0, 24, 30, 5], [0, 15, 8, 11, 23, 27, 1, 29], [0, 21, 13, 10, 7, 6, 14], [0, 18, 2, 9, 12, 3, 22, 16, 33]]


#################
lambda = 0.9
mu = 1.3
nu = 0.1

init = 973.2
res = 801.903
gap = 2.856

solution = [[0, 32, 28, 31, 25, 17, 19], [0, 18, 2, 9, 12, 3, 22, 16, 33], [0, 5, 30, 24, 29, 6, 7], [0, 14, 15, 8, 11, 23, 1, 27], [0, 21, 13, 10], [0, 26, 4, 20]]


#################
lambda = 1.1
mu = 0.6000000000000001
nu = 0.1

init = 951.948
res = 822.47
gap = 5.285

solution = [[0, 32, 28, 31, 25, 17, 19], [0, 29, 8, 11, 23, 1, 27], [0, 26, 4], [0, 24, 30, 5], [0, 20, 33, 16, 22, 9, 3, 12], [0, 14, 15, 6, 7, 10, 13, 21, 2, 18]]


#################
lambda = 1.1
mu = 1.2000000000000002
nu = 0.1

init = 952.819
res = 828.055
gap = 5.924

solution = [[0, 26, 4], [0, 5, 30, 24, 27, 1, 29, 7], [0, 14, 6, 15, 8, 11, 23], [0, 32, 28, 31, 25, 17, 19], [0, 20, 33, 16, 22, 9, 12, 3], [0, 10, 13, 21, 2, 18]]


#################
lambda = 1.1
mu = 1.4000000000000001
nu = 0.1

init = 998.164
res = 801.903
gap = 2.856

solution = [[0, 5, 30, 24, 29, 6, 7], [0, 27, 1, 23, 11, 8, 15, 14], [0, 26, 4, 20], [0, 18, 2, 9, 12, 3, 22, 16, 33], [0, 19, 17, 25, 31, 28, 32], [0, 21, 13, 10]]


#################
lambda = 1.1
mu = 1.8
nu = 0.1

init = 1016.993
res = 805.303
gap = 3.266

solution = [[0, 33, 16, 22, 3, 12, 9, 2, 18], [0, 19, 17, 25, 31, 28, 32], [0, 24, 30, 5], [0, 26, 4, 20], [0, 29, 8, 11, 23, 1, 27], [0, 21, 13, 10, 7, 6, 15, 14]]


#################
lambda = 1.2000000000000002
mu = 0.1
nu = 0.1

init = 938.7
res = 801.903
gap = 2.856

solution = [[0, 26, 4, 20], [0, 27, 1, 23, 11, 8, 15, 14], [0, 7, 6, 29, 24, 30, 5], [0, 18, 2, 9, 12, 3, 22, 16, 33], [0, 19, 17, 25, 31, 28, 32], [0, 10, 13, 21]]


#################
lambda = 1.3
mu = 1.1
nu = 0.1

init = 943.861
res = 801.903
gap = 2.856

solution = [[0, 18, 2, 9, 12, 3, 22, 16, 33], [0, 26, 4, 20], [0, 5, 30, 24, 29, 6, 7], [0, 14, 15, 8, 11, 23, 1, 27], [0, 10, 13, 21], [0, 19, 17, 25, 31, 28, 32]]


#################
lambda = 1.4000000000000001
mu = 0.1
nu = 0.1

init = 967.475
res = 810.092
gap = 3.838

solution = [[0, 18, 2, 9, 12, 3, 22, 16, 33], [0, 5, 30, 24, 27, 1, 14], [0, 23, 11, 8, 15, 6, 7], [0, 26, 4, 20], [0, 10, 13, 21], [0, 32, 28, 31, 25, 17, 19, 29]]
Aretes fixées après apprentissage pour cette exécution
Fixed edges = [[0, 28, 31, 25, 17, 19, 0], [0, 16, 22, 0], [0, 9, 12, 3, 0], [0, 20, 4, 26, 0], [0, 23, 27, 0], [0, 24, 30, 5, 0], [0, 15, 8, 11, 0], [0, 1, 0], [0, 2, 0], [0, 6, 0], [0, 7, 0], [0, 10, 0], [0, 13, 0], [0, 14, 0], [0, 18, 0], [0, 21, 0], [0, 29, 0], [0, 32, 0], [0, 33, 0]]


#################
lambda = 0.5
mu = 0.1
nu = 0.1

init = 927.631
res = 801.903
gap = 2.856

solution = [[0, 26, 4, 20], [0, 32, 28, 31, 25, 17, 19], [0, 14, 15, 8, 11, 23, 1, 27], [0, 5, 30, 24, 29, 6, 7], [0, 10, 13, 21], [0, 18, 2, 9, 12, 3, 22, 16, 33]]


#################
lambda = 0.5
mu = 1.2000000000000002
nu = 0.1

init = 1030.945
res = 805.303
gap = 3.266

solution = [[0, 29, 8, 11, 23, 1, 27], [0, 32, 28, 31, 25, 17, 19], [0, 18, 2, 9, 12, 3, 22, 16, 33], [0, 24, 30, 5], [0, 20, 4, 26], [0, 21, 13, 10, 7, 6, 15, 14]]


#################
lambda = 0.5
mu = 1.2000000000000002
nu = 1.5

init = 1026.055
res = 790.812
gap = 1.494

solution = [[0, 18, 2, 9, 12, 3, 22, 16, 33], [0, 21, 32, 28, 31, 25, 13, 10], [0, 27, 1, 23, 11, 19, 17], [0, 7, 6, 15, 8, 29, 14], [0, 20, 4, 26], [0, 24, 30, 5]]


#################
lambda = 0.5
mu = 1.4000000000000001
nu = 0.1

init = 1020.817
res = 804.017
gap = 3.112

solution = [[0, 15, 8, 11, 23, 27, 1, 29], [0, 18, 2, 9, 12, 3, 22, 16, 33], [0, 20, 4, 26], [0, 32, 28, 31, 25, 17, 19], [0, 24, 30, 5], [0, 14, 6, 7, 10, 13, 21]]


#################
lambda = 0.5
mu = 1.5
nu = 0.1

init = 1011.49
res = 801.903
gap = 2.856

solution = [[0, 26, 4, 20], [0, 5, 30, 24, 29, 6, 7], [0, 18, 2, 9, 12, 3, 22, 16, 33], [0, 14, 15, 8, 11, 23, 1, 27], [0, 19, 17, 25, 31, 28, 32], [0, 10, 13, 21]]


#################
lambda = 0.5
mu = 1.5
nu = 0.5

init = 1046.742
res = 811.64
gap = 4.021

solution = [[0, 24, 30, 5], [0, 18, 2, 9, 12, 3, 22, 16, 33], [0, 20, 4, 26], [0, 7, 6, 15, 11, 23, 1, 27], [0, 10, 13, 17, 19, 8, 29, 14], [0, 21, 32, 28, 31, 25]]


#################
lambda = 0.5
mu = 1.5
nu = 1.0

init = 1051.067
res = 804.017
gap = 3.112

solution = [[0, 33, 16, 22, 3, 12, 9, 2, 18], [0, 15, 8, 11, 23, 27, 1, 29], [0, 26, 4, 20], [0, 32, 28, 31, 25, 17, 19], [0, 5, 30, 24], [0, 21, 13, 10, 7, 6, 14]]


#################
lambda = 0.5
mu = 1.6
nu = 0.1

init = 1008.764
res = 805.303
gap = 3.266

solution = [[0, 32, 28, 31, 25, 17, 19], [0, 5, 30, 24], [0, 29, 8, 11, 23, 1, 27], [0, 26, 4, 20], [0, 14, 15, 6, 7, 10, 13, 21], [0, 18, 2, 9, 12, 3, 22, 16, 33]]


#################
lambda = 0.5
mu = 1.6
nu = 0.6000000000000001

init = 1124.034
res = 804.017
gap = 3.112

solution = [[0, 15, 8, 11, 23, 27, 1, 29], [0, 18, 2, 9, 12, 3, 22, 16, 33], [0, 26, 4, 20], [0, 19, 17, 25, 31, 28, 32], [0, 21, 13, 10, 7, 6, 14], [0, 5, 30, 24]]


#################
lambda = 0.5
mu = 1.6
nu = 1.6

init = 1113.286
res = 805.303
gap = 3.266

solution = [[0, 32, 28, 31, 25, 17, 19], [0, 18, 2, 9, 12, 3, 22, 16, 33], [0, 20, 4, 26], [0, 24, 30, 5], [0, 14, 15, 6, 7, 10, 13, 21], [0, 29, 8, 11, 23, 1, 27]]


#################
lambda = 0.5
mu = 1.7000000000000002
nu = 0.1

init = 1122.307
res = 795.666
gap = 2.095

solution = [[0, 10, 13, 25, 31, 28, 32, 21], [0, 18, 2, 9, 12, 3, 22, 16, 33], [0, 7, 6, 15, 8, 11, 19, 17], [0, 24, 30, 5, 26, 4], [0, 27, 23, 1, 29, 14, 20]]


#################
lambda = 0.5
mu = 1.7000000000000002
nu = 1.7000000000000002

init = 1111.559
res = 804.017
gap = 3.112

solution = [[0, 19, 17, 25, 31, 28, 32], [0, 15, 8, 11, 23, 27, 1, 29], [0, 26, 4, 20], [0, 5, 30, 24], [0, 18, 2, 9, 12, 3, 22, 16, 33], [0, 21, 13, 10, 7, 6, 14]]


#################
lambda = 0.6000000000000001
mu = 1.2000000000000002
nu = 0.1

init = 975.699
res = 801.903
gap = 2.856

solution = [[0, 18, 2, 9, 12, 3, 22, 16, 33], [0, 27, 1, 23, 11, 8, 15, 14], [0, 26, 4, 20], [0, 5, 30, 24, 29, 6, 7], [0, 10, 13, 21], [0, 32, 28, 31, 25, 17, 19]]


#################
lambda = 0.6000000000000001
mu = 1.2000000000000002
nu = 0.2

init = 946.195
res = 804.017
gap = 3.112

solution = [[0, 20, 4, 26], [0, 18, 2, 9, 12, 3, 22, 16, 33], [0, 15, 8, 11, 23, 27, 1, 29], [0, 32, 28, 31, 25, 17, 19], [0, 21, 13, 10, 7, 6, 14], [0, 5, 30, 24]]


#################
lambda = 0.6000000000000001
mu = 1.5
nu = 0.1

init = 1006.252
res = 803.419
gap = 3.039

solution = [[0, 32, 28, 31, 25, 17, 19, 11, 15], [0, 26, 4, 20], [0, 5, 30, 24], [0, 14, 8, 1, 23, 27, 29], [0, 33, 16, 22, 3, 12, 9, 2, 18], [0, 21, 13, 10, 7, 6]]


#################
lambda = 0.6000000000000001
mu = 1.7000000000000002
nu = 0.9

init = 1042.809
res = 804.017
gap = 3.112

solution = [[0, 26, 4, 20], [0, 18, 2, 9, 12, 3, 22, 16, 33], [0, 24, 30, 5], [0, 19, 17, 25, 31, 28, 32], [0, 14, 6, 7, 10, 13, 21], [0, 15, 8, 11, 23, 27, 1, 29]]


#################
lambda = 0.6000000000000001
mu = 1.7000000000000002
nu = 1.5

init = 1116.632
res = 822.395
gap = 5.277

solution = [[0, 24, 30, 5], [0, 19, 17, 25, 31, 28, 32], [0, 26, 4], [0, 29, 8, 11, 23, 1, 27], [0, 18, 2, 21, 13, 10, 7, 6, 15, 14], [0, 20, 33, 16, 22, 9, 12, 3]]


#################
lambda = 0.6000000000000001
mu = 1.8
nu = 1.7000000000000002

init = 1114.905
res = 803.946
gap = 3.103

solution = [[0, 32, 28, 31, 25, 17, 19, 11], [0, 5, 30, 24, 27, 23, 29], [0, 7, 6, 15, 8, 1, 14], [0, 18, 2, 9, 12, 3, 22, 16, 33], [0, 21, 13, 10], [0, 26, 4, 20]]


#################
lambda = 0.7000000000000001
mu = 1.6
nu = 1.0

init = 1006.99
res = 790.221
gap = 1.42

solution = [[0, 33, 16, 22, 3, 12, 9, 2, 18], [0, 29, 1, 27, 23, 11, 19, 17], [0, 26, 4, 20], [0, 5, 30, 24], [0, 10, 13, 25, 31, 28, 32, 21], [0, 7, 6, 15, 8, 14]]


#################
lambda = 0.7000000000000001
mu = 1.9000000000000001
nu = 0.1

init = 1153.467
res = 803.946
gap = 3.103

solution = [[0, 29, 23, 27, 24, 30, 5], [0, 18, 2, 9, 12, 3, 22, 16, 33], [0, 26, 4, 20], [0, 7, 6, 15, 8, 1, 14], [0, 10, 13, 21], [0, 11, 19, 17, 25, 31, 28, 32]]


#################
lambda = 0.8
mu = 1.4000000000000001
nu = 1.0

init = 1032.909
res = 790.221
gap = 1.42

solution = [[0, 18, 2, 9, 12, 3, 22, 16, 33], [0, 20, 4, 26], [0, 5, 30, 24], [0, 29, 1, 27, 23, 11, 19, 17], [0, 10, 13, 25, 31, 28, 32, 21], [0, 14, 8, 15, 6, 7]]


#################
lambda = 0.8
mu = 1.6
nu = 0.2

init = 1027.671
res = 810.963
gap = 3.941

solution = [[0, 7, 29, 1, 27, 24, 30, 5], [0, 20, 4, 26], [0, 18, 2, 9, 12, 3, 22, 16, 33], [0, 32, 28, 31, 25, 17, 19], [0, 21, 13, 10], [0, 14, 6, 15, 8, 11, 23]]


#################
lambda = 0.8
mu = 1.7000000000000002
nu = 0.5

init = 1001.752
res = 805.714
gap = 3.316

solution = [[0, 26, 4, 20], [0, 18, 2, 9, 12, 3, 22, 16, 33], [0, 15, 11, 19, 17, 25, 31, 28, 32], [0, 24, 30, 5], [0, 14, 29, 8, 23, 27, 1], [0, 6, 7, 10, 13, 21]]


#################
lambda = 0.8
mu = 1.8
nu = 1.6

init = 1002.05
res = 810.092
gap = 3.838

solution = [[0, 20, 4, 26], [0, 18, 2, 9, 12, 3, 22, 16, 33], [0, 5, 30, 24, 27, 1, 14], [0, 23, 11, 8, 15, 6, 7], [0, 10, 13, 21], [0, 32, 28, 31, 25, 17, 19, 29]]


#################
lambda = 0.8
mu = 1.9000000000000001
nu = 1.1

init = 1002.146
res = 790.221
gap = 1.42

solution = [[0, 18, 2, 9, 12, 3, 22, 16, 33], [0, 17, 19, 11, 23, 27, 1, 29], [0, 26, 4, 20], [0, 24, 30, 5], [0, 7, 6, 15, 8, 14], [0, 10, 13, 25, 31, 28, 32, 21]]


#################
lambda = 0.9
mu = 1.4000000000000001
nu = 1.4000000000000001

init = 1019.97
res = 810.963
gap = 3.941

solution = [[0, 7, 29, 1, 27, 24, 30, 5], [0, 32, 28, 31, 25, 17, 19], [0, 20, 4, 26], [0, 14, 6, 15, 8, 11, 23], [0, 21, 13, 10], [0, 33, 16, 22, 3, 12, 9, 2, 18]]


#################
lambda = 0.9
mu = 1.4000000000000001
nu = 1.7000000000000002

init = 1003.402
res = 804.017
gap = 3.112

solution = [[0, 19, 17, 25, 31, 28, 32], [0, 33, 16, 22, 3, 12, 9, 2, 18], [0, 15, 8, 11, 23, 27, 1, 29], [0, 26, 4, 20], [0, 24, 30, 5], [0, 14, 6, 7, 10, 13, 21]]


#################
lambda = 1.0
mu = 1.4000000000000001
nu = 0.1

init = 997.226
res = 801.903
gap = 2.856

solution = [[0, 27, 1, 23, 11, 8, 15, 14], [0, 5, 30, 24, 29, 6, 7], [0, 26, 4, 20], [0, 33, 16, 22, 3, 12, 9, 2, 18], [0, 19, 17, 25, 31, 28, 32], [0, 21, 13, 10]]


#################
lambda = 1.1
mu = 1.4000000000000001
nu = 0.1

init = 975.365
res = 810.963
gap = 3.941

solution = [[0, 7, 29, 1, 27, 24, 30, 5], [0, 26, 4, 20], [0, 21, 13, 10], [0, 19, 17, 25, 31, 28, 32], [0, 18, 2, 9, 12, 3, 22, 16, 33], [0, 23, 11, 8, 15, 6, 14]]


#################
lambda = 1.1
mu = 1.6
nu = 0.1

init = 1026.734
res = 805.303
gap = 3.266

solution = [[0, 32, 28, 31, 25, 17, 19], [0, 5, 30, 24], [0, 29, 8, 11, 23, 1, 27], [0, 26, 4, 20], [0, 14, 15, 6, 7, 10, 13, 21], [0, 18, 2, 9, 12, 3, 22, 16, 33]]


#################
lambda = 1.1
mu = 1.6
nu = 1.6

init = 1010.55
res = 803.946
gap = 3.103

solution = [[0, 21, 13, 10], [0, 11, 19, 17, 25, 31, 28, 32], [0, 5, 30, 24, 27, 23, 29], [0, 7, 6, 15, 8, 1, 14], [0, 18, 2, 9, 12, 3, 22, 16, 33], [0, 26, 4, 20]]


#################
lambda = 1.2000000000000002
mu = 0.1
nu = 0.1

init = 926.7
res = 805.303
gap = 3.266

solution = [[0, 32, 28, 31, 25, 17, 19], [0, 18, 2, 9, 12, 3, 22, 16, 33], [0, 29, 8, 11, 23, 1, 27], [0, 21, 13, 10, 7, 6, 15, 14], [0, 20, 4, 26], [0, 5, 30, 24]]


#################
lambda = 1.2000000000000002
mu = 0.1
nu = 1.6

init = 938.7
res = 801.903
gap = 2.856

solution = [[0, 26, 4, 20], [0, 27, 1, 23, 11, 8, 15, 14], [0, 7, 6, 29, 24, 30, 5], [0, 18, 2, 9, 12, 3, 22, 16, 33], [0, 19, 17, 25, 31, 28, 32], [0, 10, 13, 21]]


#################
lambda = 1.2000000000000002
mu = 1.3
nu = 0.1

init = 943.861
res = 810.092
gap = 3.838

solution = [[0, 32, 28, 31, 25, 17, 19, 29], [0, 5, 30, 24, 27, 1, 14], [0, 23, 11, 8, 15, 6, 7], [0, 18, 2, 9, 12, 3, 22, 16, 33], [0, 10, 13, 21], [0, 26, 4, 20]]


#################
lambda = 1.2000000000000002
mu = 1.4000000000000001
nu = 0.1

init = 962.095
res = 805.303
gap = 3.266

solution = [[0, 32, 28, 31, 25, 17, 19], [0, 29, 8, 11, 23, 1, 27], [0, 18, 2, 9, 12, 3, 22, 16, 33], [0, 24, 30, 5], [0, 20, 4, 26], [0, 21, 13, 10, 7, 6, 15, 14]]


#################
lambda = 1.2000000000000002
mu = 1.4000000000000001
nu = 0.4

init = 962.426
res = 802.607
gap = 2.941

solution = [[0, 18, 2, 9, 12, 3, 22, 16, 33], [0, 20, 4, 26], [0, 15, 8, 11, 23, 27, 1, 29], [0, 24, 30, 5], [0, 14, 6, 7, 13, 21], [0, 32, 28, 31, 25, 17, 19, 10]]


#################
lambda = 1.2000000000000002
mu = 1.9000000000000001
nu = 0.30000000000000004

init = 1021.496
res = 805.303
gap = 3.266

solution = [[0, 19, 17, 25, 31, 28, 32], [0, 29, 8, 11, 23, 1, 27], [0, 26, 4, 20], [0, 24, 30, 5], [0, 14, 15, 6, 7, 10, 13, 21], [0, 18, 2, 9, 12, 3, 22, 16, 33]]


#################
lambda = 1.2000000000000002
mu = 1.9000000000000001
nu = 1.9000000000000001

init = 1027.941
res = 805.303
gap = 3.266

solution = [[0, 32, 28, 31, 25, 17, 19], [0, 5, 30, 24], [0, 29, 8, 11, 23, 1, 27], [0, 26, 4, 20], [0, 14, 15, 6, 7, 10, 13, 21], [0, 18, 2, 9, 12, 3, 22, 16, 33]]


#################
lambda = 1.3
mu = 1.7000000000000002
nu = 1.4000000000000001

init = 1015.617
res = 804.017
gap = 3.112

solution = [[0, 15, 8, 11, 23, 27, 1, 29], [0, 26, 4, 20], [0, 18, 2, 9, 12, 3, 22, 16, 33], [0, 5, 30, 24], [0, 32, 28, 31, 25, 17, 19], [0, 14, 6, 7, 10, 13, 21]]


#################
lambda = 1.4000000000000001
mu = 0.1
nu = 0.1

init = 967.475
res = 810.092
gap = 3.838

solution = [[0, 18, 2, 9, 12, 3, 22, 16, 33], [0, 5, 30, 24, 27, 1, 14], [0, 23, 11, 8, 15, 6, 7], [0, 26, 4, 20], [0, 10, 13, 21], [0, 32, 28, 31, 25, 17, 19, 29]]
