Aretes fixées après apprentissage pour cette exécution
Fixed edges = [[0, 79, 99, 119, 139, 159, 179, 199, 198, 178, 158, 138, 118, 98, 78, 0], [0, 77, 97, 117, 137, 157, 177, 197, 0], [0, 76, 96, 116, 136, 156, 176, 196, 0], [0, 74, 94, 114, 134, 154, 174, 194, 193, 173, 153, 133, 113, 93, 73, 0], [0, 72, 92, 112, 132, 152, 172, 192, 0], [0, 70, 90, 110, 130, 150, 170, 190, 0], [0, 49, 69, 89, 109, 129, 149, 169, 189, 188, 168, 148, 128, 108, 88, 68, 48, 0], [0, 67, 87, 107, 127, 147, 167, 187, 0], [0, 106, 126, 146, 166, 186, 0], [0, 85, 105, 125, 145, 165, 185, 0], [0, 64, 84, 104, 124, 144, 164, 184, 0], [0, 63, 83, 103, 123, 143, 163, 183, 0], [0, 82, 102, 122, 142, 162, 182, 0], [0, 101, 121, 141, 161, 181, 0], [0, 111, 131, 151, 171, 191, 0], [0, 75, 95, 115, 135, 155, 175, 195, 0], [0, 120, 140, 160, 180, 0], [0, 80, 100, 0], [0, 5, 6, 0], [0, 71, 91, 0], [0, 11, 12, 0], [0, 1, 0], [0, 2, 0], [0, 3, 0], [0, 4, 0], [0, 7, 0], [0, 8, 0], [0, 9, 0], [0, 10, 0], [0, 13, 0], [0, 14, 0], [0, 15, 0], [0, 16, 0], [0, 17, 0], [0, 18, 0], [0, 19, 0], [0, 20, 0], [0, 21, 0], [0, 22, 0], [0, 23, 0], [0, 24, 0], [0, 25, 0], [0, 26, 0], [0, 27, 0], [0, 28, 0], [0, 29, 0], [0, 30, 0], [0, 31, 0], [0, 32, 0], [0, 33, 0], [0, 34, 0], [0, 35, 0], [0, 36, 0], [0, 37, 0], [0, 38, 0], [0, 39, 0], [0, 40, 0], [0, 41, 0], [0, 42, 0], [0, 43, 0], [0, 44, 0], [0, 45, 0], [0, 46, 0], [0, 47, 0], [0, 50, 0], [0, 51, 0], [0, 52, 0], [0, 53, 0], [0, 54, 0], [0, 55, 0], [0, 56, 0], [0, 57, 0], [0, 58, 0], [0, 59, 0], [0, 60, 0], [0, 61, 0], [0, 62, 0], [0, 65, 0], [0, 66, 0], [0, 81, 0], [0, 86, 0], [0, 200, 0]]
Time = 547.2415573596954


#################

init = 7272.859
res = 6875.631
gap = 6.03

solution = [[0, 1, 2, 22, 21, 41, 61, 81, 101, 121, 141, 161, 181, 182, 162, 142, 122, 102, 82, 62, 42, 63, 83, 103, 123, 143, 163, 183, 184, 164, 144, 124, 104, 84, 64, 44, 43, 23, 24, 25, 26, 4, 3], [0, 11, 31, 30, 29, 28, 49, 48, 68, 88, 108, 128, 148, 168, 188, 189, 169, 149, 129, 109, 89, 69, 90, 70, 50, 51, 71, 91, 111, 110, 130, 150, 170, 190, 191, 171, 151, 131, 192, 172, 152, 132, 112, 92, 72, 73, 53, 52, 32, 12], [0, 10, 9, 8, 7, 6, 5, 27, 47, 67, 87, 107, 127, 147, 167, 187, 186, 166, 146, 126, 106, 86, 66, 46, 45, 65, 85, 105, 125, 145, 165, 185], [0, 17, 16, 15, 14, 13, 33, 34, 54, 74, 93, 113, 133, 153, 173, 193, 194, 174, 154, 134, 114, 94, 75, 95, 115, 135, 155, 175, 195, 196, 176, 156, 136, 116, 96, 76, 56, 55, 35, 36, 37, 18], [0, 20, 40, 60, 80, 100, 120, 140, 160, 180, 200, 199, 179, 159, 139, 119, 99, 98, 118, 138, 158, 178, 198, 197, 177, 157, 137, 117, 97, 77, 57, 58, 78, 79, 59, 39, 38, 19]]


#################

init = 7217.493
res = 7100.778
gap = 9.01

solution = [[0, 11, 12, 33, 32, 31, 30, 50, 51, 71, 91, 111, 110, 130, 131, 151, 171, 191, 192, 172, 152, 132, 112, 92, 72, 52, 53, 54, 34, 35, 16, 15, 14, 13], [0, 41, 61, 81, 101, 121, 141, 161, 181, 182, 162, 142, 122, 102, 82, 83, 103, 123, 143, 163, 183, 184, 164, 144, 124, 104, 105, 125, 145, 165, 185, 126, 146, 166, 186, 187, 167, 147, 127, 107, 106, 85, 65, 23], [0, 10, 9, 8, 28, 29, 49, 69, 70, 90, 89, 109, 129, 149, 169, 150, 170, 190, 189, 188, 168, 148, 128, 108, 88, 68, 67, 87, 86, 66, 47, 48, 27, 26, 25, 46, 45, 44, 64, 84, 63, 62, 43, 24, 4, 5, 6, 7], [0, 19, 20, 40, 39, 59, 79, 78, 58, 56, 76, 96, 116, 136, 156, 176, 196, 195, 175, 155, 135, 115, 95, 94, 114, 134, 154, 174, 194, 193, 173, 153, 133, 113, 93, 73, 74, 75, 55, 36], [0, 17, 18, 38, 37, 57, 77, 97, 117, 137, 157, 177, 197, 198, 178, 158, 138, 118, 98, 99, 119, 139, 159, 179, 199, 200, 180, 160, 140, 120, 100, 80, 60, 42, 22, 21, 1, 2, 3]]


#################

init = 7654.386
res = 7284.296
gap = 11.302

solution = [[0, 25, 45, 46, 47, 67, 87, 107, 127, 147, 167, 187, 186, 166, 146, 126, 106, 86, 66, 185, 165, 145, 125, 105, 85, 65, 64, 84, 104, 124, 144, 164, 184, 183, 163, 143, 123, 103, 83, 63, 43, 44, 24], [0, 18, 19, 20, 21, 22, 23, 2, 3, 4, 5, 6, 7, 8, 9, 10, 30, 29, 28, 27, 26, 48, 68, 69, 49, 50, 71, 91, 131, 151, 171, 191, 190, 170, 150, 169, 149, 129, 109, 89, 88, 108, 128, 148, 168, 188, 189], [0, 13, 12, 32, 33, 34, 54, 53, 52, 72, 92, 133, 113, 93, 73, 74, 94, 114, 134, 154, 174, 194, 193, 173, 153, 192, 172, 152, 132, 112, 111, 130, 110, 90, 70, 51, 31, 11], [0, 35, 55, 75, 95, 115, 135, 155, 175, 195, 196, 176, 156, 136, 116, 96, 76, 56, 58, 78, 98, 99, 79, 59, 39, 38, 17], [0, 1, 40, 60, 41, 42, 62, 82, 102, 122, 142, 162, 182, 181, 161, 141, 121, 101, 81, 61, 80, 100, 120, 140, 160, 180, 200, 199, 179, 159, 139, 119, 118, 138, 158, 178, 198, 197, 177, 157, 137, 117, 97, 77, 57, 37, 36, 16, 15, 14]]


#################

init = 7721.542
res = 7113.571
gap = 9.174

solution = [[0, 38, 77, 97, 117, 137, 157, 177, 197, 198, 178, 158, 138, 118, 98, 78, 79, 99, 119, 139, 159, 179, 199, 200, 180, 160, 140, 120, 100, 80, 39, 19], [0, 9, 8, 28, 27, 26, 25, 46, 45, 65, 66, 86, 107, 106, 126, 146, 166, 186, 185, 165, 145, 125, 105, 85, 84, 104, 124, 144, 164, 184, 183, 163, 143, 123, 103, 83, 63, 64, 44, 43, 23, 24, 4], [0, 6, 5, 3, 2, 22, 21, 40, 1, 20, 18, 17, 37, 36, 35, 16, 15, 13, 12, 11, 10, 29, 30, 50, 70, 49, 48, 68, 69, 89, 109, 129, 149, 169, 189, 188, 168, 148, 187, 167, 147, 127, 128, 108, 88, 87, 67, 47, 7], [0, 32, 31, 51, 52, 53, 73, 72, 92, 111, 91, 71, 90, 110, 130, 150, 170, 190, 191, 171, 151, 131, 192, 172, 152, 132, 112, 93, 113, 133, 153, 173, 193, 194, 174, 154, 134, 114, 94, 74, 75, 54, 33], [0, 42, 62, 82, 102, 122, 142, 162, 182, 181, 161, 141, 121, 101, 81, 61, 41, 60, 59, 58, 57, 56, 76, 96, 116, 136, 156, 176, 196, 195, 175, 155, 135, 115, 95, 55, 34, 14]]


#################

init = 7130.712
res = 6755.534
gap = 4.36

solution = [[0, 19, 20, 1, 40, 21, 41, 60, 80, 100, 120, 140, 160, 180, 200, 199, 179, 159, 139, 119, 99, 79, 78, 98, 118, 138, 158, 178, 198, 197, 177, 157, 137, 117, 97, 77, 57, 58, 59, 39, 38, 37, 17, 18], [0, 16, 36, 56, 76, 96, 116, 136, 156, 176, 196, 195, 175, 155, 135, 115, 95, 75, 55, 54, 53, 73, 72, 71, 51, 52, 32, 33, 34, 15], [0, 45, 46, 47, 48, 69, 89, 109, 129, 149, 169, 189, 190, 170, 150, 130, 110, 90, 70, 91, 111, 131, 151, 171, 191, 192, 172, 152, 132, 112, 92, 93, 113, 133, 153, 173, 193, 194, 174, 154, 134, 114, 94, 74, 35], [0, 8, 27, 26, 25, 24, 43, 63, 64, 65, 85, 105, 125, 145, 165, 185, 186, 166, 146, 126, 106, 86, 66, 67, 87, 107, 127, 147, 167, 187, 188, 168, 148, 128, 108, 88, 68, 49, 50, 30, 31], [0, 14, 13, 12, 11, 10, 9, 29, 28, 7, 6, 5, 4, 3, 2, 22, 42, 62, 61, 81, 101, 121, 141, 161, 181, 182, 162, 142, 122, 102, 82, 83, 103, 123, 143, 163, 183, 184, 164, 144, 124, 104, 84, 44, 23]]


#################

init = 7060.752
res = 6625.253
gap = 2.479

solution = [[0, 7, 27, 26, 25, 45, 65, 85, 105, 125, 145, 165, 185, 186, 166, 146, 126, 106, 107, 127, 147, 167, 187, 188, 168, 148, 128, 108, 88, 68, 67, 87, 86, 66, 46, 47, 48, 28, 29, 30, 50, 51, 31, 12, 13], [0, 11, 10, 9, 8, 6, 5, 4, 3, 2, 22, 23, 43, 42, 41, 61, 81, 101, 121, 141, 161, 181, 182, 162, 142, 122, 102, 82, 62, 63, 83, 103, 123, 143, 163, 183, 184, 164, 144, 124, 104, 84, 64, 44, 24], [0, 49, 69, 89, 109, 129, 149, 169, 189, 190, 170, 150, 130, 110, 90, 70, 71, 91, 111, 131, 151, 171, 191, 192, 172, 152, 132, 112, 92, 93, 113, 133, 153, 173, 193, 194, 174, 154, 134, 114, 94, 74, 55, 56, 36, 16, 17], [0, 14, 15, 35, 34, 33, 32, 52, 72, 73, 53, 54, 75, 95, 115, 135, 155, 175, 195, 196, 176, 156, 136, 116, 96, 76, 77, 97, 117, 137, 157, 177, 197, 198, 178, 158, 138, 118, 98, 78, 58, 57, 37, 38, 18], [0, 20, 1, 21, 40, 60, 80, 100, 120, 140, 160, 180, 200, 199, 179, 159, 139, 119, 99, 79, 59, 39, 19]]


#################

init = 7559.603
res = 6964.369
gap = 7.228

solution = [[0, 19, 20, 1, 21, 22, 42, 41, 61, 81, 101, 121, 141, 161, 181, 182, 162, 142, 122, 102, 82, 62, 63, 83, 103, 123, 143, 163, 183, 184, 164, 144, 124, 104, 84, 64, 65, 66, 87, 67, 27, 28, 7, 8], [0, 2, 3, 4, 5, 6, 26, 25, 24, 23, 43, 44, 45, 46, 47, 48, 68, 88, 69, 89, 109, 129, 149, 169, 189, 188, 168, 148, 128, 108, 107, 127, 147, 167, 187, 186, 166, 146, 126, 106, 86, 85, 105, 125, 145, 165, 185], [0, 33, 34, 54, 55, 57, 77, 97, 117, 137, 157, 177, 197, 198, 178, 158, 138, 118, 98, 78, 58, 59, 79, 99, 119, 139, 159, 179, 199, 200, 180, 160, 140, 120, 100, 80, 60, 40, 39, 38, 37, 17, 18], [0, 14, 13, 12, 32, 52, 53, 73, 72, 92, 112, 132, 152, 172, 192, 191, 171, 151, 131, 190, 170, 150, 130, 110, 90, 70, 50, 49, 29, 30, 10, 9], [0, 16, 15, 35, 36, 56, 76, 96, 116, 136, 156, 176, 196, 195, 175, 155, 135, 115, 95, 75, 74, 94, 114, 134, 154, 174, 194, 193, 173, 153, 133, 113, 93, 111, 91, 71, 51, 31, 11]]


#################

init = 8032.115
res = 6825.091
gap = 5.335

solution = [[0, 5, 6, 7, 8, 28, 48, 68, 88, 108, 128, 148, 168, 188, 187, 167, 147, 127, 107, 87, 67, 86, 106, 126, 146, 166, 186, 185, 165, 145, 125, 105, 85, 65, 66, 46, 47, 27, 26, 25, 45, 44, 43, 23, 24, 4], [0, 35, 34, 33, 53, 54, 74, 94, 114, 134, 154, 174, 194, 193, 173, 153, 133, 113, 93, 73, 72, 92, 112, 132, 152, 172, 192, 191, 171, 151, 131, 111, 91, 71, 51, 50, 30, 31, 11, 10], [0, 9, 29, 49, 69, 89, 109, 129, 149, 169, 189, 190, 170, 150, 130, 110, 90, 70, 52, 32, 12, 13, 14, 15, 16, 17, 18, 19, 39, 38, 58, 57], [0, 1, 20, 40, 21, 41, 61, 81, 101, 121, 141, 160, 140, 120, 100, 80, 60, 78, 98, 118, 138, 158, 178, 198, 197, 177, 157, 137, 117, 97, 77, 76, 96, 116, 136, 156, 176, 196, 195, 175, 155, 135, 115, 95, 75, 55, 56, 36, 37], [0, 59, 79, 99, 119, 139, 159, 179, 199, 200, 180, 161, 181, 182, 162, 142, 122, 102, 82, 83, 103, 123, 143, 163, 183, 184, 164, 144, 124, 104, 84, 64, 63, 62, 42, 22, 2, 3]]


#################

init = 7009.865
res = 6954.756
gap = 7.1

solution = [[0, 27, 28, 48, 49, 50, 51, 70, 69, 68, 88, 87, 67, 47, 66, 65, 85, 86, 106, 126, 146, 166, 186, 185, 165, 145, 125, 105, 104, 124, 144, 164, 184, 183, 163, 143, 123, 103, 83, 84, 64, 44, 45, 46, 26, 25, 4], [0, 9, 10, 31, 32, 33, 53, 52, 72, 92, 112, 132, 152, 172, 192, 131, 151, 171, 191, 190, 170, 150, 130, 110, 129, 149, 169, 189, 188, 168, 148, 187, 167, 147, 127, 107, 108, 128, 109, 89, 90, 111, 91, 71, 30, 29, 8], [0, 3, 2, 1, 21, 40, 60, 41, 61, 81, 101, 121, 141, 161, 181, 182, 162, 142, 122, 102, 82, 62, 63, 43, 42, 22, 23, 24, 5, 6, 7], [0, 11, 12, 13, 14, 15, 34, 35, 36, 37, 56, 76, 96, 116, 136, 156, 176, 196, 195, 175, 155, 135, 115, 95, 75, 74, 94, 114, 134, 154, 174, 194, 193, 173, 153, 133, 113, 93, 73, 54, 55], [0, 16, 17, 18, 38, 58, 57, 77, 97, 117, 137, 157, 177, 197, 198, 178, 158, 138, 118, 98, 78, 79, 99, 119, 139, 159, 179, 199, 200, 180, 160, 140, 120, 100, 80, 59, 39, 19, 20]]


#################

init = 7454.984
res = 6862.273
gap = 5.848

solution = [[0, 40, 21, 41, 60, 80, 100, 120, 140, 160, 180, 200, 199, 179, 159, 139, 119, 99, 79, 78, 98, 118, 138, 158, 178, 198, 197, 177, 157, 137, 117, 97, 77, 56, 36, 37, 38, 39, 18], [0, 11, 51, 50, 70, 90, 110, 130, 150, 170, 190, 171, 191, 192, 172, 152, 132, 112, 151, 131, 111, 91, 71, 92, 72, 73, 93, 113, 133, 153, 173, 193, 194, 174, 154, 134, 114, 94, 74, 54], [0, 6, 5, 4, 22, 42, 62, 82, 102, 122, 142, 162, 182, 181, 161, 141, 121, 101, 81, 61, 59, 58, 57, 76, 96, 116, 136, 156, 176, 196, 195, 175, 155, 135, 115, 95, 75, 55, 35, 34, 13, 12, 10, 9], [0, 19, 20, 1, 2, 3, 24, 25, 26, 46, 45, 44, 64, 84, 104, 124, 105, 125, 145, 165, 185, 144, 164, 184, 183, 163, 143, 123, 103, 83, 63, 43, 23], [0, 8, 7, 27, 47, 66, 65, 85, 86, 106, 126, 146, 166, 186, 187, 167, 147, 127, 107, 87, 67, 68, 88, 108, 128, 148, 168, 188, 189, 169, 149, 129, 109, 89, 69, 49, 48, 28, 29, 30, 31, 32, 52, 53, 33, 14, 15, 16, 17]]
Execution = 3646.0599822998047
Aretes fixées après apprentissage pour cette exécution
Fixed edges = [[0, 79, 99, 119, 139, 159, 179, 199, 0], [0, 78, 98, 118, 138, 158, 178, 198, 0], [0, 97, 117, 137, 157, 177, 197, 0], [0, 75, 95, 115, 135, 155, 175, 195, 0], [0, 74, 94, 114, 134, 154, 174, 194, 193, 173, 153, 133, 113, 93, 73, 53, 0], [0, 72, 92, 112, 132, 152, 172, 192, 0], [0, 90, 110, 130, 150, 170, 190, 0], [0, 69, 89, 109, 129, 149, 169, 189, 188, 168, 148, 128, 108, 88, 68, 0], [0, 67, 87, 107, 127, 147, 167, 187, 0], [0, 85, 105, 125, 145, 165, 185, 0], [0, 64, 84, 104, 124, 144, 164, 184, 0], [0, 83, 103, 123, 143, 163, 183, 0], [0, 82, 102, 122, 142, 162, 182, 0], [0, 101, 121, 141, 161, 181, 0], [0, 76, 96, 116, 136, 156, 176, 196, 0], [0, 111, 131, 151, 171, 191, 0], [0, 86, 106, 126, 146, 166, 186, 0], [0, 120, 140, 160, 180, 0], [0, 2, 3, 0], [0, 14, 15, 0], [0, 6, 7, 0], [0, 1, 0], [0, 4, 0], [0, 5, 0], [0, 8, 0], [0, 9, 0], [0, 10, 0], [0, 11, 0], [0, 12, 0], [0, 13, 0], [0, 16, 0], [0, 17, 0], [0, 18, 0], [0, 19, 0], [0, 20, 0], [0, 21, 0], [0, 22, 0], [0, 23, 0], [0, 24, 0], [0, 25, 0], [0, 26, 0], [0, 27, 0], [0, 28, 0], [0, 29, 0], [0, 30, 0], [0, 31, 0], [0, 32, 0], [0, 33, 0], [0, 34, 0], [0, 35, 0], [0, 36, 0], [0, 37, 0], [0, 38, 0], [0, 39, 0], [0, 40, 0], [0, 41, 0], [0, 42, 0], [0, 43, 0], [0, 44, 0], [0, 45, 0], [0, 46, 0], [0, 47, 0], [0, 48, 0], [0, 49, 0], [0, 50, 0], [0, 51, 0], [0, 52, 0], [0, 54, 0], [0, 55, 0], [0, 56, 0], [0, 57, 0], [0, 58, 0], [0, 59, 0], [0, 60, 0], [0, 61, 0], [0, 62, 0], [0, 63, 0], [0, 65, 0], [0, 66, 0], [0, 70, 0], [0, 71, 0], [0, 77, 0], [0, 80, 0], [0, 81, 0], [0, 91, 0], [0, 100, 0], [0, 200, 0]]
Time = 542.8435683250427


#################

init = 7421.039
res = 7218.213
gap = 10.49

solution = [[0, 20, 1, 4, 5, 6, 7, 8, 28, 48, 68, 47, 27, 26, 25, 24, 23, 44, 45, 46, 66, 67, 87, 107, 127, 147, 167, 187, 186, 166, 146, 126, 106, 86, 105, 85, 65, 64, 84, 104, 124, 144, 164, 184, 125, 145, 165, 185], [0, 16, 36, 35, 34, 33, 32, 52, 72, 92, 112, 132, 152, 172, 192, 191, 171, 151, 131, 111, 91, 71, 51, 50, 70, 90, 110, 130, 150, 170, 190, 149, 169, 189, 188, 168, 148, 128, 108, 88, 129, 109, 89, 69, 49, 29, 30, 31, 11], [0, 22, 21, 40, 60, 41, 42, 62, 43, 63, 83, 103, 123, 143, 163, 183, 82, 102, 122, 142, 162, 182, 181, 161, 141, 121, 101, 81, 61, 80, 100, 120, 140, 160, 180, 200, 199, 179, 159, 139, 119, 99, 79], [0, 2, 3, 9, 10, 12, 13, 14, 54, 55, 56, 57, 58, 59, 39, 38, 18, 19], [0, 15, 53, 73, 93, 113, 133, 153, 173, 193, 194, 174, 154, 134, 114, 94, 74, 75, 95, 115, 135, 155, 175, 195, 196, 176, 156, 136, 116, 96, 76, 77, 97, 117, 137, 157, 177, 197, 198, 178, 158, 138, 118, 98, 78, 37, 17]]


#################

init = 7165.923
res = 6746.834
gap = 4.237

solution = [[0, 45, 65, 64, 44, 43, 63, 83, 103, 123, 143, 163, 183, 184, 164, 144, 124, 104, 84, 85, 105, 125, 145, 165, 185, 126, 146, 166, 186, 187, 167, 147, 127, 107, 87, 106, 86, 66, 46, 27, 7, 8], [0, 26, 25, 24, 23, 22, 42, 62, 82, 102, 122, 142, 162, 182, 181, 161, 141, 121, 101, 81, 61, 41, 21, 40, 60, 80, 100, 120, 140, 160, 180, 200, 199, 179, 159, 139, 119, 99, 79, 59, 39, 18, 17, 16], [0, 10, 30, 31, 32, 52, 51, 71, 91, 111, 131, 112, 132, 152, 172, 192, 151, 171, 191, 190, 170, 150, 130, 110, 90, 70, 50, 49, 69, 89, 109, 129, 149, 169, 189, 188, 168, 148, 128, 108, 88, 68, 67, 47, 48, 28, 29, 9], [0, 6, 5, 4, 3, 2, 1, 20, 19, 38, 37, 57, 58, 78, 98, 118, 138, 158, 178, 198, 197, 177, 157, 137, 117, 97, 77, 76, 96, 116, 136, 156, 176, 196, 195, 175, 155, 135, 115, 95, 75, 55, 56, 36], [0, 14, 15, 35, 34, 54, 74, 94, 114, 134, 154, 174, 194, 193, 173, 153, 133, 113, 93, 92, 72, 73, 53, 33, 13, 12, 11]]


#################

init = 7187.065
res = 6802.709
gap = 5.023

solution = [[0, 45, 46, 47, 67, 87, 107, 127, 147, 167, 187, 186, 166, 146, 126, 106, 86, 66, 65, 85, 105, 125, 145, 165, 185, 104, 124, 144, 164, 184, 183, 163, 143, 123, 103, 83, 42, 22, 21, 40, 20], [0, 3, 2, 1, 19, 38, 58, 78, 98, 118, 138, 158, 178, 198, 197, 177, 157, 137, 117, 97, 77, 57, 37, 17], [0, 18, 39, 59, 79, 99, 119, 139, 159, 179, 199, 200, 180, 160, 140, 120, 100, 80, 60, 41, 61, 81, 101, 121, 141, 161, 181, 182, 162, 142, 122, 102, 82, 62, 63, 84, 64, 44, 43, 23, 24, 25, 26, 27, 7], [0, 14, 13, 32, 52, 72, 92, 112, 132, 152, 172, 192, 131, 151, 171, 191, 190, 170, 150, 130, 110, 90, 111, 91, 71, 70, 50, 51, 31, 30, 29, 49, 69, 89, 109, 129, 149, 169, 189, 188, 168, 148, 128, 108, 88, 68, 48, 28, 8], [0, 15, 16, 36, 35, 55, 56, 76, 96, 116, 136, 156, 176, 196, 195, 175, 155, 135, 115, 95, 75, 94, 114, 134, 154, 174, 194, 193, 173, 153, 133, 113, 93, 73, 74, 54, 53, 33, 34, 12, 11, 10, 9, 6, 5, 4]]


#################

init = 7250.834
res = 7051.33
gap = 8.372

solution = [[0, 25, 46, 47, 67, 66, 86, 106, 87, 107, 127, 147, 167, 187, 186, 166, 146, 126, 185, 165, 145, 125, 105, 85, 65, 45, 64, 84, 104, 124, 144, 164, 184, 183, 163, 143, 123, 103, 83, 63, 43, 44, 24], [0, 39, 38, 37, 57, 77, 97, 117, 137, 157, 177, 197, 198, 178, 158, 138, 118, 98, 78, 79, 99, 119, 139, 159, 179, 199, 200, 180, 160, 140, 120, 100, 80, 60, 40, 21, 1], [0, 5, 4, 3, 2, 20, 19, 18, 17, 16, 36, 35, 34, 33, 13, 12, 11, 10, 9, 8, 7, 6, 26, 27, 28, 29, 30, 31, 50, 70, 90, 110, 130, 129, 109, 89, 69, 49, 48, 68, 88, 108, 128, 148, 168, 188, 189, 169, 149], [0, 32, 52, 51, 71, 91, 111, 131, 151, 150, 170, 190, 171, 191, 192, 172, 152, 132, 112, 92, 72, 73, 93, 113, 133, 153, 173, 193, 194, 174, 154, 134, 114, 94, 74, 54, 53, 14], [0, 23, 22, 42, 62, 82, 102, 122, 142, 162, 182, 181, 161, 141, 121, 101, 81, 61, 41, 59, 58, 56, 76, 96, 116, 136, 156, 176, 196, 195, 175, 155, 135, 115, 95, 75, 55, 15]]


#################

init = 7183.271
res = 6941.509
gap = 6.922

solution = [[0, 25, 46, 47, 67, 66, 86, 106, 87, 107, 127, 147, 167, 187, 186, 166, 146, 126, 185, 165, 145, 125, 105, 85, 65, 45, 64, 84, 104, 124, 144, 164, 184, 183, 163, 143, 123, 103, 83, 63, 43, 44, 24], [0, 5, 4, 3, 2, 1, 20, 19, 18, 16, 15, 14, 13, 33, 53, 52, 32, 11, 10, 9, 8, 7, 6, 26, 27, 28, 29, 49, 48, 68, 88, 108, 128, 148, 168, 188, 189, 169, 149, 190, 170, 150, 130, 110, 90, 70, 69, 89, 109, 129], [0, 38, 39, 40, 60, 80, 100, 120, 140, 160, 180, 200, 199, 179, 159, 139, 119, 99, 79, 78, 98, 118, 138, 158, 178, 198, 197, 177, 157, 137, 117, 97, 77, 37, 17], [0, 34, 54, 74, 94, 114, 134, 154, 174, 194, 193, 173, 153, 133, 113, 93, 73, 72, 92, 112, 132, 152, 172, 192, 191, 171, 151, 131, 111, 91, 71, 51, 50, 30, 31, 12], [0, 23, 22, 21, 42, 62, 82, 102, 122, 142, 162, 182, 181, 161, 141, 121, 101, 81, 61, 41, 59, 58, 57, 56, 76, 96, 116, 136, 156, 176, 196, 195, 175, 155, 135, 115, 95, 75, 55, 35, 36]]


#################

init = 7183.271
res = 7005.108
gap = 7.767

solution = [[0, 25, 46, 47, 67, 66, 86, 106, 87, 107, 127, 147, 167, 187, 186, 166, 146, 126, 185, 165, 145, 125, 105, 85, 65, 45, 64, 84, 104, 124, 144, 164, 184, 183, 163, 143, 123, 103, 83, 63, 43, 44, 24], [0, 31, 51, 71, 70, 90, 110, 130, 150, 170, 190, 91, 111, 131, 151, 171, 191, 192, 172, 152, 132, 112, 92, 72, 73, 93, 113, 133, 153, 173, 193, 194, 174, 154, 134, 114, 94, 74, 54, 53, 52, 12], [0, 39, 40, 60, 80, 100, 120, 140, 160, 180, 200, 199, 179, 159, 139, 119, 99, 98, 118, 138, 158, 178, 198, 197, 177, 157, 137, 117, 97, 77], [0, 23, 22, 21, 42, 62, 82, 102, 122, 142, 162, 182, 181, 161, 141, 121, 101, 81, 61, 41, 59, 79, 78, 58, 57, 56, 76, 96, 116, 136, 156, 176, 196, 195, 175, 155, 135, 115, 95, 75, 55, 34], [0, 5, 4, 3, 2, 1, 20, 19, 18, 17, 38, 37, 36, 35, 16, 15, 14, 13, 33, 32, 11, 10, 9, 8, 7, 6, 26, 27, 28, 29, 30, 50, 49, 48, 68, 88, 108, 128, 148, 168, 188, 189, 169, 149, 129, 109, 89, 69]]


#################

init = 7195.851
res = 6976.177
gap = 7.385

solution = [[0, 25, 46, 47, 67, 66, 86, 106, 87, 107, 127, 147, 167, 187, 186, 166, 146, 126, 185, 165, 145, 125, 105, 85, 65, 45, 64, 84, 104, 124, 144, 164, 184, 183, 163, 143, 123, 103, 83, 63, 43, 44, 24], [0, 5, 4, 3, 2, 1, 19, 18, 17, 16, 15, 14, 13, 12, 11, 10, 9, 8, 7, 6, 26, 27, 28, 29, 51, 71, 91, 111, 131, 190, 170, 150, 130, 109, 129, 149, 169, 189, 188, 168, 148, 128, 108, 88, 68, 48, 49, 69, 89], [0, 34, 33, 32, 52, 53, 54, 74, 94, 114, 134, 154, 174, 194, 193, 173, 153, 133, 113, 93, 73, 72, 92, 112, 132, 152, 172, 192, 191, 171, 151, 110, 90, 70, 50, 30, 31], [0, 23, 22, 42, 62, 82, 102, 122, 142, 162, 182, 181, 161, 141, 121, 101, 81, 61, 41, 21, 40, 39, 38, 58, 56, 76, 96, 116, 136, 156, 176, 196, 195, 175, 155, 135, 115, 95, 75, 55, 35], [0, 36, 37, 57, 77, 97, 117, 137, 157, 177, 197, 198, 178, 158, 138, 118, 98, 78, 79, 99, 119, 139, 159, 179, 199, 200, 180, 160, 140, 120, 100, 80, 60, 59, 20]]


#################

init = 7037.075
res = 6911.679
gap = 6.521

solution = [[0, 44, 43, 63, 83, 103, 123, 143, 163, 183, 184, 164, 144, 124, 104, 84, 64, 65, 85, 105, 125, 145, 165, 185, 126, 146, 166, 186, 187, 167, 147, 127, 107, 87, 106, 86, 66, 67, 47, 46, 45, 25, 5], [0, 74, 94, 114, 134, 154, 174, 194, 193, 173, 153, 133, 113, 93, 73, 72, 92, 112, 132, 152, 172, 192, 191, 171, 151, 131, 111, 190, 170, 150, 130, 110, 90, 89, 109, 129, 149, 169, 189, 188, 168, 148, 128, 108, 88, 68, 48, 28, 27, 26], [0, 1, 21, 41, 61, 81, 101, 121, 141, 161, 181, 182, 162, 142, 122, 102, 82, 62, 42, 22, 23, 24, 6, 7, 8, 9, 10, 11, 31, 32, 33, 34, 54, 53, 52, 51, 50, 71, 91, 70, 69, 49, 30, 29], [0, 4, 3, 2, 20, 19, 18, 17, 37, 57, 56, 76, 96, 116, 136, 156, 176, 196, 195, 175, 155, 135, 115, 95, 75, 55, 35, 36, 15, 14, 13, 12], [0, 39, 40, 60, 80, 100, 120, 140, 160, 180, 200, 199, 179, 159, 139, 119, 99, 98, 118, 138, 158, 178, 198, 197, 177, 157, 137, 117, 97, 77, 78, 79, 59, 58, 38, 16]]


#################

init = 7091.704
res = 6895.322
gap = 6.299

solution = [[0, 12, 32, 33, 53, 73, 93, 94, 114, 134, 154, 174, 194, 193, 173, 153, 133, 113, 92, 91, 111, 112, 132, 152, 172, 192, 191, 171, 151, 131, 190, 170, 150, 130, 110, 90, 70, 89, 109, 129, 149, 169, 189, 188, 168, 148, 128, 108, 88, 68, 48, 28, 8], [0, 43, 63, 83, 103, 123, 143, 163, 183, 184, 164, 144, 124, 104, 84, 64, 65, 85, 105, 125, 145, 165, 185, 126, 146, 166, 186, 187, 167, 147, 127, 107, 87, 106, 86, 66, 67, 47, 46, 45, 44, 24, 4], [0, 9, 7, 6, 5, 3, 2, 1, 20, 40, 21, 41, 61, 81, 101, 121, 141, 161, 181, 182, 162, 142, 122, 102, 82, 62, 42, 22, 23, 25, 26, 27, 29, 30, 49, 69, 50, 51, 71, 72, 52, 31, 11, 10], [0, 16, 17, 18, 19, 39, 38, 58, 59, 60, 80, 100, 120, 140, 160, 180, 200, 199, 179, 159, 139, 119, 99, 79, 78, 98, 118, 138, 158, 178, 198, 197, 177, 157, 137, 117, 97, 77, 57, 55, 35, 15, 14], [0, 37, 36, 56, 76, 96, 116, 136, 156, 176, 196, 195, 175, 155, 135, 115, 95, 75, 74, 54, 34, 13]]


#################

init = 7046.975
res = 6863.04
gap = 5.858

solution = [[0, 25, 46, 47, 67, 66, 86, 106, 87, 107, 127, 147, 167, 187, 186, 166, 146, 126, 185, 165, 145, 125, 105, 85, 65, 45, 64, 84, 104, 124, 144, 164, 184, 183, 163, 143, 123, 103, 83, 63, 43, 44, 24], [0, 2, 1, 21, 41, 61, 81, 101, 121, 141, 161, 181, 182, 162, 142, 122, 102, 82, 62, 42, 22, 23, 3, 4, 5, 6, 26, 27, 28, 49, 69, 89, 109, 129, 149, 110, 90, 70, 50, 51, 71, 52, 32, 31, 11], [0, 33, 53, 54, 74, 94, 114, 134, 154, 174, 194, 193, 173, 153, 133, 113, 93, 73, 72, 92, 112, 132, 152, 172, 192, 191, 171, 151, 131, 111, 91, 130, 150, 170, 190, 169, 189, 188, 168, 148, 128, 108, 88, 68, 48, 29, 30, 10], [0, 17, 18, 19, 20, 40, 39, 59, 60, 80, 100, 120, 140, 160, 180, 200, 199, 179, 159, 139, 119, 99, 79, 78, 98, 118, 138, 158, 178, 198, 197, 177, 157, 137, 117, 97, 77, 57, 58, 38, 37, 16, 15, 14], [0, 35, 36, 56, 76, 96, 116, 136, 156, 176, 196, 195, 175, 155, 135, 115, 95, 75, 55, 34, 13, 12, 9, 8, 7]]


#################

init = 7447.924
res = 6988.52
gap = 7.548

solution = [[0, 25, 45, 65, 85, 86, 66, 46, 47, 67, 87, 107, 127, 147, 167, 187, 186, 166, 146, 126, 106, 105, 125, 145, 165, 185, 144, 164, 184, 183, 163, 143, 123, 103, 124, 104, 84, 64, 44, 43, 23, 24, 4], [0, 7, 8, 9, 10, 30, 50, 51, 71, 91, 111, 131, 151, 171, 191, 192, 172, 152, 132, 112, 92, 72, 73, 93, 113, 133, 153, 173, 193, 194, 174, 154, 134, 114, 94, 74, 53, 52, 32, 12], [0, 11, 31, 33, 13, 14, 15, 16, 17, 18, 19, 20, 1, 2, 3, 5, 6, 26, 27, 28, 29, 48, 49, 69, 68, 88, 108, 128, 148, 168, 188, 189, 169, 149, 129, 109, 89, 190, 170, 150, 130, 110, 90, 70], [0, 38, 39, 40, 60, 80, 100, 120, 140, 160, 180, 200, 199, 179, 159, 139, 119, 99, 98, 118, 138, 158, 178, 198, 197, 177, 157, 137, 117, 97, 77, 37, 36, 35, 34], [0, 21, 22, 42, 62, 63, 83, 82, 102, 122, 142, 162, 182, 181, 161, 141, 121, 101, 81, 61, 41, 59, 79, 78, 58, 57, 56, 76, 96, 116, 136, 156, 176, 196, 195, 175, 155, 135, 115, 95, 75, 55, 54]]


#################

init = 7103.073
res = 6952.748
gap = 7.073

solution = [[0, 25, 46, 47, 67, 66, 86, 87, 107, 127, 147, 167, 187, 186, 166, 146, 126, 106, 185, 165, 145, 125, 105, 85, 65, 45, 44, 64, 84, 104, 124, 144, 164, 184, 183, 163, 143, 123, 103, 83, 63, 43], [0, 8, 7, 6, 5, 4, 3, 2, 1, 21, 41, 61, 81, 101, 121, 141, 161, 181, 182, 162, 142, 122, 102, 82, 62, 42, 22, 23, 24, 26, 27, 29, 30, 71, 91, 111, 131, 151, 192, 172, 152, 132, 52, 32, 31], [0, 13, 33, 53, 54, 74, 94, 114, 134, 154, 174, 194, 193, 173, 153, 133, 113, 93, 73, 72, 92, 112, 171, 191, 190, 170, 150, 130, 110, 90, 70, 51, 50, 49, 69, 89, 109, 129, 149, 169, 189, 188, 168, 148, 128, 108, 88, 68, 48, 28, 9], [0, 19, 20, 40, 60, 80, 100, 120, 140, 160, 180, 200, 199, 179, 159, 139, 119, 99, 79, 78, 98, 118, 138, 158, 178, 198, 197, 177, 157, 137, 117, 97, 77, 57, 58, 59, 39, 38, 17, 16, 15, 12, 11, 10], [0, 18, 37, 36, 56, 76, 96, 116, 136, 156, 176, 196, 195, 175, 155, 135, 115, 95, 75, 55, 35, 34, 14]]


#################

init = 7083.357
res = 6860.916
gap = 5.829

solution = [[0, 11, 12, 13, 15, 16, 37, 57, 77, 97, 117, 137, 157, 177, 197, 198, 178, 158, 138, 118, 98, 78, 79, 99, 119, 139, 159, 179, 199, 200, 180, 160, 140, 120, 100, 80, 60, 59, 58, 38, 39, 40, 20, 19, 17, 18], [0, 8, 29, 28, 48, 68, 88, 108, 128, 148, 168, 188, 189, 169, 149, 129, 109, 89, 69, 90, 110, 130, 150, 170, 190, 191, 171, 151, 131, 111, 192, 172, 152, 132, 112, 92, 72, 93, 113, 133, 153, 173, 193, 194, 174, 154, 134, 114, 94, 74, 73, 53, 52, 32, 33], [0, 46, 45, 44, 64, 65, 85, 106, 86, 66, 67, 87, 107, 127, 147, 167, 187, 186, 166, 146, 126, 185, 165, 145, 125, 105, 84, 104, 124, 144, 164, 184, 183, 163, 143, 123, 103, 83, 63, 43, 22, 1], [0, 35, 36, 56, 76, 96, 116, 136, 156, 176, 196, 195, 175, 155, 135, 115, 95, 75, 55, 54, 34, 14], [0, 9, 10, 30, 31, 51, 71, 91, 70, 50, 49, 47, 27, 26, 25, 24, 23, 42, 62, 82, 102, 122, 142, 162, 182, 181, 161, 141, 121, 101, 81, 61, 41, 21, 2, 3, 4, 5, 6, 7]]
