Aretes fixées après apprentissage pour cette exécution
Fixed edges = [[0, 28, 31, 37, 0], [0, 22, 27, 11, 0], [0, 4, 16, 25, 0], [0, 1, 3, 12, 26, 0], [0, 23, 35, 33, 0], [0, 13, 15, 0], [0, 10, 30, 0], [0, 5, 7, 0], [0, 17, 36, 0], [0, 2, 0], [0, 6, 0], [0, 8, 0], [0, 9, 0], [0, 14, 0], [0, 18, 0], [0, 19, 0], [0, 20, 0], [0, 21, 0], [0, 24, 0], [0, 29, 0], [0, 32, 0], [0, 34, 0]]
Time = 0.365098237991333


#################

init = 867.957
res = 738.488
gap = -1038.0

solution = [[0, 10, 30, 29, 34, 18, 19], [0, 9, 8, 23, 35, 33, 14], [0, 7, 20, 32, 15, 13, 36, 17, 2, 24], [0, 6, 25, 16, 4, 1, 3, 12, 26, 21], [0, 5, 22, 27, 11, 37, 31, 28]]


#################

init = 867.957
res = 737.473
gap = -1039.567

solution = [[0, 5, 22, 27, 11, 37, 31, 28], [0, 18, 6, 25, 16, 4, 1, 3, 12, 26], [0, 9, 8, 23, 35, 33, 14], [0, 21, 10, 30, 29, 34, 19], [0, 24, 2, 17, 36, 13, 15, 32, 20, 7]]


#################

init = 867.957
res = 737.473
gap = -1039.567

solution = [[0, 18, 6, 25, 16, 4, 1, 3, 12, 26], [0, 9, 8, 23, 35, 33, 14], [0, 21, 10, 30, 29, 34, 19], [0, 5, 22, 27, 11, 37, 31, 28], [0, 7, 20, 32, 15, 13, 36, 17, 2, 24]]


#################

init = 867.957
res = 745.958
gap = -1026.605

solution = [[0, 10, 30, 29, 34, 18], [0, 24, 2, 17, 36, 13, 15, 14], [0, 5, 22, 27, 11, 37, 31, 28], [0, 7, 20, 32], [0, 9, 33, 35, 23, 8], [0, 19, 6, 25, 16, 4, 1, 3, 12, 26, 21]]


#################

init = 867.957
res = 750.576
gap = -1019.673

solution = [[0, 31, 37, 6, 25, 16, 4, 1, 3, 12, 26], [0, 10, 30, 29, 34, 19, 18], [0, 7, 5, 22, 27, 11, 28], [0, 9, 8, 33, 35, 23, 21], [0, 24, 2, 17, 36, 13, 15, 32, 20], [0, 14]]


#################

init = 883.282
res = 746.984
gap = -1025.057

solution = [[0, 18, 19, 6, 34, 29, 14], [0, 5, 22, 27, 11, 37, 31, 28], [0, 21, 23, 35, 33, 8, 9], [0, 25, 16, 4, 1, 3, 12, 26, 30, 10], [0, 7, 20, 32, 15, 13, 36, 17, 2, 24]]


#################

init = 883.282
res = 735.217
gap = -1043.063

solution = [[0, 10, 30, 29, 34, 19, 18], [0, 14, 33, 35, 23, 8, 9], [0, 7, 20, 32, 15, 13, 36, 17, 2, 24], [0, 6, 25, 16, 4, 1, 3, 12, 26, 21], [0, 5, 22, 27, 11, 37, 31, 28]]


#################

init = 883.282
res = 746.124
gap = -1026.354

solution = [[0, 10, 30, 29, 34, 19, 18], [0, 24, 2, 17, 36, 13, 15, 14], [0, 32, 20, 7], [0, 5, 22, 27, 11, 37, 31, 28], [0, 8, 23, 35, 33, 9], [0, 6, 25, 16, 4, 1, 3, 12, 26, 21]]


#################

init = 883.282
res = 746.124
gap = -1026.354

solution = [[0, 10, 30, 29, 34, 19, 18], [0, 6, 25, 16, 4, 1, 3, 12, 26, 21], [0, 8, 23, 35, 33, 9], [0, 24, 2, 17, 36, 13, 15, 14], [0, 32, 20, 7], [0, 5, 22, 27, 11, 37, 31, 28]]


#################

init = 883.282
res = 735.051
gap = -1043.321

solution = [[0, 10, 30, 29, 34, 18], [0, 5, 22, 27, 11, 37, 31, 28], [0, 19, 6, 25, 16, 4, 1, 3, 12, 26, 21], [0, 24, 2, 17, 36, 13, 15, 32, 20, 7], [0, 9, 8, 23, 35, 33, 14]]


#################

init = 854.955
res = 749.395
gap = -1021.438

solution = [[0, 28, 31, 37, 11, 27, 22, 5], [0, 7, 20, 32], [0, 10, 30, 29, 34, 18, 19], [0, 24, 2, 17, 36, 13, 15, 14], [0, 8, 23, 35, 33, 9], [0, 6, 25, 16, 4, 1, 3, 12, 26, 21]]


#################

init = 854.955
res = 737.473
gap = -1039.567

solution = [[0, 28, 31, 37, 11, 27, 22, 5], [0, 26, 12, 3, 1, 4, 16, 25, 6, 18], [0, 14, 33, 35, 23, 8, 9], [0, 21, 10, 30, 29, 34, 19], [0, 24, 2, 17, 36, 13, 15, 32, 20, 7]]


#################

init = 854.955
res = 749.395
gap = -1021.438

solution = [[0, 10, 30, 29, 34, 18, 19], [0, 6, 25, 16, 4, 1, 3, 12, 26, 21], [0, 8, 23, 35, 33, 9], [0, 24, 2, 17, 36, 13, 15, 14], [0, 28, 31, 37, 11, 27, 22, 5], [0, 7, 20, 32]]


#################

init = 854.955
res = 745.958
gap = -1026.605

solution = [[0, 10, 30, 29, 34, 18], [0, 19, 6, 25, 16, 4, 1, 3, 12, 26, 21], [0, 8, 23, 35, 33, 9], [0, 24, 2, 17, 36, 13, 15, 14], [0, 28, 31, 37, 11, 27, 22, 5], [0, 7, 20, 32]]


#################

init = 854.955
res = 745.958
gap = -1026.605

solution = [[0, 10, 30, 29, 34, 18], [0, 19, 6, 25, 16, 4, 1, 3, 12, 26, 21], [0, 8, 23, 35, 33, 9], [0, 24, 2, 17, 36, 13, 15, 14], [0, 28, 31, 37, 11, 27, 22, 5], [0, 7, 20, 32]]


#################

init = 909.801
res = 735.051
gap = -1043.321

solution = [[0, 10, 30, 29, 34, 18], [0, 28, 31, 37, 11, 27, 22, 5], [0, 7, 20, 32, 15, 13, 36, 17, 2, 24], [0, 9, 8, 23, 35, 33, 14], [0, 21, 26, 12, 3, 1, 4, 16, 25, 6, 19]]


#################

init = 909.801
res = 735.051
gap = -1043.321

solution = [[0, 18, 34, 29, 30, 10], [0, 24, 2, 17, 36, 13, 15, 32, 20, 7], [0, 28, 31, 37, 11, 27, 22, 5], [0, 14, 33, 35, 23, 8, 9], [0, 21, 26, 12, 3, 1, 4, 16, 25, 6, 19]]


#################

init = 909.801
res = 741.617
gap = -1033.199

solution = [[0, 28, 31, 37, 11, 27, 22, 5], [0, 18, 19, 34, 30, 10, 21], [0, 29, 6, 25, 16, 4, 1, 3, 12, 26], [0, 9, 8, 23, 35, 33, 14], [0, 7, 20, 32, 15, 13, 36, 17, 2, 24]]
