Aretes fixées après apprentissage pour cette exécution
Fixed edges = [[0, 19, 33, 25, 35, 14, 31, 37, 38, 0], [0, 27, 10, 16, 4, 0], [0, 9, 28, 29, 0], [0, 23, 17, 36, 0], [0, 7, 8, 0], [0, 20, 32, 0], [0, 18, 22, 34, 0], [0, 1, 0], [0, 2, 0], [0, 3, 0], [0, 5, 0], [0, 6, 0], [0, 11, 0], [0, 12, 0], [0, 13, 0], [0, 15, 0], [0, 21, 0], [0, 24, 0], [0, 26, 0], [0, 30, 0]]
Time = 0.403228759765625


#################

init = 1041.675
res = 836.002
gap = -905.261

solution = [[0, 13, 15], [0, 1, 36, 17, 23, 21, 18, 32, 20, 30], [0, 5, 29, 28, 9, 12, 38, 3, 24], [0, 26, 11, 6], [0, 37, 31, 14, 35, 25, 33, 19, 2], [0, 7, 8, 4, 16, 10, 27, 34, 22]]


#################

init = 1041.675
res = 846.136
gap = -893.221

solution = [[0, 24, 3, 29, 28, 9, 5, 26], [0, 13, 15], [0, 19, 33, 25, 35, 14, 31, 37, 38, 12], [0, 10, 16, 4, 7, 8, 2, 30], [0, 6, 1, 11], [0, 36, 17, 23, 21, 18, 22, 34, 27, 32, 20]]


#################

init = 1041.675
res = 836.002
gap = -905.261

solution = [[0, 13, 15], [0, 1, 36, 17, 23, 21, 18, 32, 20, 30], [0, 5, 29, 28, 9, 12, 38, 3, 24], [0, 6, 11, 26], [0, 37, 31, 14, 35, 25, 33, 19, 2], [0, 7, 8, 4, 16, 10, 27, 34, 22]]


#################

init = 1041.675
res = 843.558
gap = -896.257

solution = [[0, 13, 15], [0, 22, 34, 27, 10, 16, 4, 2], [0, 5, 29, 28, 9, 12, 38, 3, 24], [0, 37, 31, 14, 35, 25, 33, 19, 8, 7], [0, 1, 36, 17, 23, 21, 18, 32, 20, 30], [0, 6, 11, 26]]


#################

init = 1041.675
res = 836.002
gap = -905.261

solution = [[0, 5, 29, 28, 9, 12, 38, 3, 24], [0, 13, 15], [0, 26, 11, 6], [0, 1, 36, 17, 23, 21, 18, 32, 20, 30], [0, 37, 31, 14, 35, 25, 33, 19, 2], [0, 7, 8, 4, 16, 10, 27, 34, 22]]


#################

init = 1059.366
res = 836.002
gap = -905.261

solution = [[0, 13, 15], [0, 1, 36, 17, 23, 21, 18, 32, 20, 30], [0, 22, 34, 27, 10, 16, 4, 8, 7], [0, 37, 31, 14, 35, 25, 33, 19, 2], [0, 26, 11, 6], [0, 5, 29, 28, 9, 12, 38, 3, 24]]


#################

init = 1059.366
res = 833.205
gap = -908.636

solution = [[0, 13, 30, 15], [0, 6, 1, 36, 17, 23, 21, 22, 34, 32, 20], [0, 7, 8, 4, 16, 10, 27, 18], [0, 5, 29, 28, 9, 12, 38, 3, 24], [0, 26, 11], [0, 37, 31, 14, 35, 25, 33, 19, 2]]


#################

init = 1059.366
res = 836.249
gap = -904.964

solution = [[0, 5, 29, 28, 9, 12, 38, 3, 24], [0, 26, 11, 6], [0, 30, 7, 8, 4, 16, 10, 27, 32], [0, 1, 36, 17, 23, 21, 18, 22, 34, 20], [0, 37, 31, 14, 35, 25, 33, 19, 2], [0, 13, 15]]


#################

init = 1059.366
res = 836.002
gap = -905.261

solution = [[0, 1, 36, 17, 23, 21, 18, 32, 20, 30], [0, 5, 29, 28, 9, 12, 38, 3, 24], [0, 7, 8, 4, 16, 10, 27, 34, 22], [0, 15, 13], [0, 26, 11, 6], [0, 37, 31, 14, 35, 25, 33, 19, 2]]
