

#################

init = 711.869
res = 696.289
gap = 2.052

solution = [[0, 6, 94, 96, 99, 59, 93, 98, 37, 100, 91, 85, 61, 16, 86, 38, 44, 14, 42, 43, 15, 57, 2, 87, 97, 92, 95], [0, 53, 26, 12, 80, 68, 29, 24, 54, 4, 55, 25, 39, 67, 23, 56, 75, 41, 22, 74, 72, 73, 21, 40, 58, 13], [0, 28, 76, 77, 3, 79, 78, 34, 35, 71, 65, 66, 20, 30, 70, 51, 9, 81, 33, 50, 1, 69, 27], [0, 89, 18, 83, 60, 5, 84, 17, 45, 8, 46, 47, 36, 49, 64, 63, 90, 32, 10, 62, 11, 19, 48, 82, 7, 88, 31, 52]]


#################

init = 711.869
res = 704.213
gap = 3.154

solution = [[0, 6, 94, 96, 99, 59, 93, 98, 37, 100, 91, 85, 61, 16, 86, 38, 44, 14, 42, 43, 15, 57, 2, 87, 97, 92, 95], [0, 52, 31, 70, 10, 32, 90, 63, 64, 49, 36, 47, 19, 11, 62, 88, 7, 82, 48, 46, 8, 45, 17, 84, 5, 60, 83, 18, 89], [0, 28, 12, 80, 68, 24, 29, 78, 34, 35, 71, 65, 66, 20, 30, 51, 9, 81, 33, 79, 3, 77, 76, 50, 1, 69, 27], [0, 13, 58, 40, 21, 73, 72, 74, 22, 41, 75, 56, 23, 67, 39, 25, 55, 4, 54, 26, 53]]


#################

init = 711.869
res = 701.418
gap = 2.768

solution = [[0, 6, 94, 96, 99, 59, 93, 98, 37, 100, 91, 85, 61, 16, 86, 38, 44, 14, 42, 43, 15, 57, 2, 87, 97, 92, 95], [0, 52, 7, 82, 48, 19, 11, 62, 88, 31, 70, 10, 32, 90, 63, 64, 49, 36, 47, 46, 8, 45, 17, 84, 5, 60, 83, 18, 89], [0, 27, 69, 1, 50, 76, 77, 3, 79, 33, 81, 9, 51, 30, 20, 66, 65, 71, 35, 34, 78, 29, 24, 68, 80, 12, 28], [0, 13, 58, 40, 21, 73, 72, 74, 22, 41, 75, 56, 23, 67, 39, 25, 55, 4, 54, 26, 53]]
