

#################

init = 799.375
res = 719.313
gap = 3.797

solution = [[0, 94, 95, 59, 99, 96, 6, 89, 18, 82, 48, 47, 36, 49, 64, 63, 90, 32, 30, 70, 10, 62, 11, 19, 7, 88, 52], [0, 27, 31, 69, 1, 50, 33, 81, 9, 51, 20, 66, 65, 71, 35, 34, 78, 79, 3, 77, 76, 28], [0, 26, 12, 80, 68, 29, 24, 54, 4, 55, 25, 39, 67, 23, 56, 75, 41, 22, 74, 72, 73, 21, 40, 58, 53], [0, 2, 57, 15, 43, 42, 14, 44, 38, 86, 16, 91, 85, 61, 84, 17, 45, 46, 8, 83, 60, 5, 93, 98, 100, 37, 92, 97, 87, 13]]


#################

init = 852.648
res = 717.624
gap = 3.571

solution = [[0, 89, 6, 94, 13, 95, 97, 87, 2, 57, 15, 43, 42, 14, 38, 44, 91, 100, 37, 98, 92, 59, 96, 99, 93, 5, 84, 83, 60, 18, 52], [0, 53, 58, 40, 21, 73, 72, 74, 22, 41, 75, 56, 23, 67, 39, 25, 55, 4, 54, 24, 29, 68, 80, 12, 26, 28], [0, 27, 69, 1, 70, 30, 20, 66, 65, 71, 35, 9, 51, 33, 81, 34, 78, 79, 3, 77, 76, 50], [0, 85, 61, 16, 86, 17, 45, 46, 8, 82, 7, 48, 47, 36, 49, 64, 19, 11, 63, 90, 32, 10, 62, 88, 31]]


#################

init = 765.229
res = 711.995
gap = 2.808

solution = [[0, 95, 97, 87, 2, 57, 15, 43, 42, 14, 44, 38, 86, 16, 61, 17, 84, 5, 93, 85, 91, 100, 98, 37, 92, 59, 99, 96, 6], [0, 26, 12, 80, 68, 29, 24, 54, 4, 55, 25, 39, 67, 23, 56, 75, 41, 22, 74, 72, 73, 21, 40, 58, 53], [0, 13, 94, 89, 18, 60, 83, 45, 46, 8, 82, 48, 19, 47, 36, 49, 64, 11, 63, 90, 32, 30, 70, 69, 27], [0, 28, 76, 77, 3, 79, 78, 34, 35, 71, 65, 66, 20, 51, 9, 81, 33, 50, 1, 31, 10, 62, 88, 7, 52]]


#################

init = 760.13
res = 704.657
gap = 1.796

solution = [[0, 26, 12, 54, 24, 29, 80, 68, 77, 3, 79, 78, 34, 81, 33, 51, 9, 35, 71, 65, 66, 20, 30, 70, 1, 50, 76, 28], [0, 52, 18, 83, 60, 5, 84, 17, 45, 8, 46, 47, 36, 49, 64, 63, 90, 32, 10, 62, 11, 19, 48, 82, 7, 88, 31, 69, 27], [0, 53, 40, 21, 73, 72, 4, 55, 25, 39, 67, 23, 56, 75, 74, 22, 41, 87, 97, 95, 94, 13], [0, 58, 2, 57, 15, 43, 42, 14, 44, 38, 86, 16, 61, 91, 100, 37, 92, 59, 98, 85, 93, 99, 96, 6, 89]]


#################

init = 770.925
res = 696.807
gap = 0.69

solution = [[0, 94, 95, 97, 92, 37, 98, 100, 91, 44, 14, 38, 86, 16, 61, 85, 93, 59, 99, 96, 6, 89], [0, 13, 87, 2, 57, 42, 43, 15, 41, 22, 74, 75, 56, 23, 67, 39, 25, 55, 4, 72, 73, 21, 40, 58, 53], [0, 28, 26, 12, 68, 80, 54, 24, 29, 78, 34, 35, 71, 65, 66, 20, 51, 9, 81, 33, 79, 3, 77, 76, 50, 1, 69, 27], [0, 31, 88, 62, 10, 70, 30, 32, 90, 63, 11, 64, 49, 36, 47, 19, 48, 7, 82, 8, 46, 45, 17, 84, 5, 60, 83, 18, 52]]


#################

init = 852.648
res = 701.732
gap = 1.387

solution = [[0, 13, 94, 95, 97, 87, 42, 43, 14, 44, 38, 86, 16, 61, 85, 91, 100, 98, 37, 92, 59, 93, 99, 96, 6], [0, 89, 18, 83, 60, 5, 84, 17, 45, 8, 46, 47, 36, 49, 64, 11, 19, 48, 82, 7, 52, 27], [0, 69, 1, 70, 31, 88, 62, 10, 63, 90, 32, 30, 20, 66, 65, 71, 35, 9, 51, 33, 81, 34, 78, 79, 3, 77, 76, 50, 28], [0, 26, 12, 80, 68, 29, 24, 54, 55, 25, 39, 67, 23, 56, 4, 21, 73, 72, 74, 75, 22, 41, 15, 57, 2, 40, 58, 53]]


#################

init = 818.231
res = 701.481
gap = 1.352

solution = [[0, 87, 2, 57, 15, 43, 42, 14, 44, 38, 86, 16, 61, 85, 91, 100, 37, 98, 93, 99, 96, 59, 92, 97, 95, 94, 6], [0, 13, 58, 40, 21, 73, 72, 74, 22, 41, 75, 56, 23, 67, 39, 25, 55, 4, 54, 24, 29, 68, 80, 12, 26, 53], [0, 52, 31, 88, 7, 82, 48, 47, 36, 49, 64, 63, 90, 32, 20, 66, 65, 71, 35, 34, 78, 79, 3, 77, 76, 28], [0, 27, 69, 1, 50, 33, 81, 9, 51, 30, 70, 10, 62, 11, 19, 46, 8, 45, 17, 84, 5, 60, 83, 18, 89]]


#################

init = 832.103
res = 699.695
gap = 1.1

solution = [[0, 53, 58, 40, 21, 73, 72, 4, 54, 55, 25, 39, 67, 23, 56, 75, 74, 22, 41, 2, 57, 15, 43, 42, 87, 13], [0, 27, 69, 1, 70, 30, 20, 66, 65, 71, 35, 9, 51, 81, 33, 50, 76, 77, 3, 79, 78, 34, 29, 24, 68, 80, 12, 26, 28], [0, 89, 18, 83, 60, 5, 84, 17, 45, 46, 8, 82, 7, 48, 47, 36, 49, 64, 19, 11, 63, 90, 32, 10, 62, 88, 31, 52], [0, 94, 95, 97, 92, 98, 37, 100, 91, 44, 14, 38, 86, 16, 61, 85, 93, 59, 99, 96, 6]]


#################

init = 821.727
res = 712.824
gap = 2.921

solution = [[0, 13, 87, 97, 92, 59, 98, 37, 100, 91, 44, 14, 38, 86, 16, 61, 85, 93, 99, 96, 95, 94, 6, 89], [0, 52, 18, 83, 60, 5, 84, 17, 45, 8, 46, 47, 36, 49, 64, 11, 19, 48, 82, 7, 88, 31, 27], [0, 69, 1, 70, 10, 62, 63, 90, 32, 30, 20, 66, 65, 71, 35, 9, 51, 33, 81, 34, 78, 79, 3, 29, 24, 80, 68, 77, 76, 50], [0, 53, 58, 2, 57, 42, 43, 15, 41, 22, 74, 75, 56, 23, 67, 39, 25, 55, 54, 4, 72, 73, 21, 40, 26, 12, 28]]


#################

init = 804.54
res = 716.916
gap = 3.475

solution = [[0, 28, 26, 12, 76, 77, 3, 68, 80, 29, 24, 54, 4, 55, 25, 39, 67, 23, 56, 75, 41, 22, 74, 72, 73, 21, 40, 53], [0, 50, 51, 9, 81, 33, 79, 78, 34, 35, 71, 65, 66, 20, 30, 32, 90, 63, 64, 49, 19, 11, 62, 10, 70, 1, 69, 27], [0, 13, 95, 59, 92, 37, 98, 85, 100, 91, 44, 14, 38, 86, 16, 61, 5, 60, 83, 18, 89], [0, 52, 31, 88, 7, 82, 48, 47, 36, 46, 8, 45, 17, 84, 93, 99, 96, 6, 94, 97, 87, 42, 43, 15, 57, 2, 58]]
Execution = 1738.9363143444061
