Aretes fixées après apprentissage pour cette exécution
Fixed edges = [[0, 20, 66, 65, 71, 35, 34, 78, 0], [0, 63, 90, 32, 0], [0, 55, 25, 39, 67, 23, 56, 75, 41, 22, 74, 72, 73, 21, 0], [0, 31, 88, 7, 82, 48, 47, 36, 49, 64, 11, 19, 0], [0, 42, 57, 15, 43, 14, 44, 38, 86, 16, 61, 17, 84, 5, 60, 0], [0, 30, 70, 1, 69, 0], [0, 3, 79, 33, 81, 9, 51, 0], [0, 87, 97, 95, 96, 99, 59, 92, 37, 98, 93, 85, 0], [0, 91, 100, 0], [0, 50, 76, 77, 0], [0, 68, 80, 12, 54, 24, 29, 0], [0, 53, 58, 40, 0], [0, 18, 89, 0], [0, 8, 45, 0], [0, 2, 0], [0, 4, 0], [0, 6, 0], [0, 10, 0], [0, 13, 0], [0, 26, 0], [0, 27, 0], [0, 28, 0], [0, 46, 0], [0, 52, 0], [0, 62, 0], [0, 83, 0], [0, 94, 0]]
Time = 20.690431594848633


#################

init = 937.818
res = 745.317

solution = [[0, 40, 21, 73, 72, 74, 22, 41, 75, 56, 23, 67, 39, 25, 55, 4, 54, 24, 29, 68, 80, 12, 26], [0, 27, 69, 1, 70, 30, 20, 66, 65, 71, 35, 34, 78, 81, 9, 51, 33, 79, 3, 77, 76, 50, 28], [0, 31, 88, 62, 10, 32, 90, 63, 11, 19, 64, 49, 36, 47, 46, 45, 8, 82, 48, 7], [0, 42, 15, 43, 14, 44, 38, 86, 16, 61, 17, 84, 5, 60, 83, 18, 52, 89], [0, 53, 58, 13, 94, 6, 96, 99, 59, 93, 85, 91, 100, 98, 37, 92, 95, 97, 87, 57, 2]]


#################

init = 1116.38
res = 713.905

solution = [[0, 69, 1, 50, 76, 77, 68, 80, 24, 29, 3, 79, 78, 34, 81, 33, 51, 9, 35, 71, 65, 66, 20, 30, 70, 31], [0, 89, 18, 83, 60, 5, 84, 17, 45, 46, 8, 82, 7, 48, 47, 36, 49, 64, 19, 11, 63, 90, 32, 10, 62, 88, 52], [0, 53, 13, 58, 40, 21, 73, 72, 74, 22, 41, 75, 56, 23, 67, 39, 25, 55, 4, 54, 12, 26, 28, 27], [0, 6, 94, 96, 99, 59, 93, 85, 61, 16, 86, 38, 14, 44, 91, 100, 37, 98, 92, 95, 97, 87, 42, 43, 15, 57, 2]]


#################

init = 1007.856
res = 724.794

solution = [[0, 31, 88, 62, 10, 32, 90, 63, 11, 19, 64, 49, 36, 46, 47, 48, 7, 82, 8, 45, 17, 84, 5, 60, 83, 18, 52], [0, 89, 6, 94, 13], [0, 87, 97, 95, 92, 59, 96, 99, 93, 98, 37, 100, 91, 85, 61, 16, 86, 38, 44, 14, 42, 43, 15, 57, 2, 58], [0, 28, 26, 12, 80, 68, 77, 3, 29, 24, 54, 4, 55, 25, 39, 67, 23, 56, 75, 41, 22, 74, 72, 73, 21, 40, 53], [0, 76, 50, 51, 9, 81, 33, 79, 78, 34, 35, 71, 65, 66, 20, 30, 70, 1, 69, 27]]


#################

init = 950.281
res = 711.238

solution = [[0, 40, 21, 73, 72, 74, 22, 41, 75, 56, 23, 67, 39, 25, 55, 4, 54, 24, 29, 79, 3, 77, 68, 80, 12, 26], [0, 27, 69, 1, 70, 10, 62, 11, 19, 49, 64, 63, 90, 32, 30, 20, 66, 65, 71, 35, 34, 78, 81, 9, 51, 33, 50, 76, 28], [0, 13, 87, 97, 92, 59, 5, 84, 17, 45, 8, 46, 36, 47, 48, 82, 7, 88, 31, 52, 18, 83, 60, 89], [0, 6, 94, 95, 96, 99, 93, 98, 37, 100, 91, 85, 61, 16, 86, 38, 44, 14, 43, 15, 42, 57, 2, 58, 53]]


#################

init = 949.079
res = 720.373

solution = [[0, 53, 58, 40, 21, 73, 72, 74, 22, 41, 75, 56, 23, 67, 39, 25, 55, 4, 54, 24, 29, 68, 80, 12, 26, 28], [0, 18, 82, 48, 19, 11, 62, 10, 20, 66, 65, 71, 35, 34, 78, 9, 51, 81, 33, 79, 3, 77, 76, 50, 1, 69, 27], [0, 13, 94, 95, 99, 5, 60, 83, 45, 8, 46, 47, 36, 49, 64, 63, 90, 32, 30, 70, 31, 88, 7, 52], [0, 89, 6, 96, 59, 92, 97, 87, 42, 100, 37, 98, 93, 85, 91, 16, 61, 84, 17, 86, 38, 44, 14, 43, 15, 57, 2]]


#################

init = 903.556
res = 728.56

solution = [[0, 6, 94, 95, 97, 92, 59, 96, 99, 93, 85, 98, 37, 100, 91, 44, 14, 38, 86, 16, 61, 17, 84, 5, 60, 18, 89], [0, 13, 87, 42, 43, 15, 57, 2, 58, 53], [0, 40, 21, 73, 72, 74, 22, 41, 75, 56, 23, 67, 39, 25, 55, 4, 54, 26], [0, 27, 69, 1, 50, 76, 77, 3, 79, 33, 81, 9, 51, 20, 66, 65, 71, 35, 34, 78, 29, 24, 68, 80, 12, 28], [0, 83, 45, 8, 82, 7, 48, 47, 46, 36, 49, 64, 19, 11, 63, 90, 32, 30, 70, 10, 62, 88, 31, 52]]


#################

init = 891.016
res = 704.344

solution = [[0, 6, 94, 95, 97, 92, 59, 96, 99, 93, 85, 98, 37, 100, 91, 44, 14, 38, 86, 16, 61, 17, 84, 5, 60, 89], [0, 52, 18, 83, 45, 8, 46, 47, 36, 49, 64, 63, 90, 32, 30, 70, 10, 62, 11, 19, 48, 82, 7, 88, 31], [0, 27, 69, 1, 50, 33, 81, 9, 51, 20, 66, 65, 71, 35, 34, 78, 79, 3, 29, 24, 80, 68, 77, 76, 28], [0, 26, 12, 54, 4, 55, 25, 39, 67, 23, 56, 75, 41, 22, 74, 72, 21, 73, 2, 57, 15, 43, 42, 87, 13, 58, 40, 53]]


#################

init = 891.016
res = 737.443

solution = [[0, 27, 69, 1, 28, 26, 12, 76, 50, 3, 77, 68, 80, 54, 24, 29, 79, 78, 34, 35, 71, 65, 66, 20, 51, 9, 33, 81], [0, 53, 40, 21, 4, 55, 25, 39, 67, 23, 56, 75, 41, 22, 74, 72, 73, 2, 57, 15, 43, 42, 87, 97, 13, 58], [0, 6, 94, 95, 92, 59, 96, 99, 93, 85, 98, 37, 100, 91, 44, 14, 38, 86, 16, 61, 17, 84, 5, 60, 89], [0, 31, 88, 7, 82, 48, 19, 11, 62, 10, 70, 30, 32, 90, 63, 64, 49, 36, 47, 46, 8, 45, 83, 18, 52]]


#################

init = 863.485
res = 736.191

solution = [[0, 53, 40, 58, 13, 87, 42, 43, 15, 57, 2, 73, 21, 72, 74, 22, 41, 75, 56, 23, 67, 39, 25, 55, 4, 26, 28], [0, 6, 94, 95, 97, 92, 59, 96, 99, 93, 85, 98, 37, 100, 91, 44, 14, 38, 86, 16, 61, 17, 84, 5, 60, 83], [0, 52, 31, 88, 62, 10, 32, 90, 63, 11, 19, 64, 49, 36, 47, 48, 46, 45, 8, 82, 7, 18, 89], [0, 27, 69, 1, 50, 76, 77, 3, 68, 80, 12, 54, 24, 29, 79, 78, 34, 35, 71, 65, 66, 20, 30, 70, 51, 9, 33, 81]]


#################

init = 840.51
res = 718.785

solution = [[0, 13, 2, 57, 15, 43, 42, 87, 97, 37, 98, 100, 91, 44, 14, 38, 86, 16, 61, 5, 60, 83, 18, 82, 48, 7, 62, 88, 52], [0, 89, 6, 94, 95, 92, 59, 96, 99, 93, 85, 84, 17, 45, 8, 46, 47, 36, 49, 64, 19, 11, 63, 90, 32, 10, 31], [0, 53, 58, 40, 21, 73, 72, 74, 22, 41, 75, 56, 23, 67, 39, 25, 55, 4, 54, 26], [0, 27, 69, 1, 70, 30, 20, 66, 65, 71, 35, 34, 78, 79, 33, 81, 9, 51, 50, 76, 77, 3, 29, 24, 68, 80, 12, 28]]


#################

init = 970.994
res = 702.313

solution = [[0, 28, 26, 12, 54, 24, 29, 80, 68, 76, 77, 3, 79, 78, 34, 35, 71, 65, 66, 20, 51, 9, 81, 33, 50, 1, 69, 27], [0, 58, 2, 57, 87, 42, 43, 15, 41, 22, 74, 75, 56, 23, 67, 39, 25, 55, 4, 72, 73, 21, 40, 53], [0, 31, 88, 7, 19, 11, 62, 10, 70, 30, 32, 90, 63, 64, 49, 36, 47, 48, 82, 8, 46, 45, 17, 84, 5, 60, 83, 18, 52], [0, 89, 6, 94, 96, 99, 59, 93, 85, 61, 16, 86, 38, 14, 44, 91, 100, 37, 98, 92, 97, 95, 13]]


#################

init = 859.473
res = 726.884

solution = [[0, 27, 69, 1, 50, 76, 77, 3, 79, 33, 81, 9, 51, 20, 66, 65, 71, 35, 34, 78, 29, 24, 54, 80, 68, 12, 26, 28], [0, 58, 2, 57, 87, 42, 43, 15, 41, 22, 74, 75, 56, 23, 67, 39, 25, 55, 4, 72, 73, 21, 40, 53], [0, 6, 94, 96, 99, 59, 93, 85, 61, 16, 86, 38, 14, 44, 91, 100, 98, 37, 92, 97, 95, 13], [0, 52, 7, 82, 48, 19, 11, 62, 10, 88, 31], [0, 70, 30, 32, 90, 63, 64, 49, 36, 47, 46, 8, 45, 17, 84, 5, 60, 83, 18, 89]]


#################

init = 859.473
res = 736.768

solution = [[0, 53, 40, 21, 73, 72, 4, 55, 25, 39, 67, 23, 56, 75, 74, 22, 41, 2, 57, 15, 43, 42, 87], [0, 6, 94, 96, 99, 59, 93, 85, 91, 61, 16, 86, 38, 14, 44, 100, 37, 98, 92, 97, 95, 13, 58], [0, 70, 30, 32, 90, 63, 64, 49, 36, 47, 46, 8, 45, 17, 84, 5, 60, 83, 18, 89], [0, 52, 7, 82, 48, 19, 11, 62, 10, 88, 31, 27], [0, 69, 1, 50, 76, 77, 3, 33, 81, 9, 51, 20, 66, 65, 71, 35, 34, 78, 79, 29, 24, 54, 80, 68, 12, 26, 28]]


#################

init = 859.473
res = 729.561

solution = [[0, 26, 12, 68, 80, 54, 4, 25, 55, 24, 29, 78, 34, 35, 71, 65, 66, 20, 51, 9, 81, 33, 79, 3, 77, 76, 50, 28], [0, 31, 10, 62, 11, 19, 48, 47, 46, 36, 49, 64, 63, 90, 32, 30, 70, 1, 69, 27], [0, 89, 18, 83, 60, 5, 84, 17, 45, 8, 82, 7, 88, 52], [0, 6, 96, 99, 59, 93, 85, 61, 16, 86, 38, 14, 44, 91, 100, 98, 37, 92, 97, 95, 94], [0, 13, 87, 2, 57, 42, 43, 15, 41, 22, 23, 67, 39, 56, 75, 74, 72, 73, 21, 40, 58, 53]]


#################

init = 822.347
res = 708.063

solution = [[0, 53, 40, 21, 73, 72, 4, 55, 25, 39, 67, 23, 56, 75, 74, 22, 41, 15, 43, 42, 57, 2, 58], [0, 89, 6, 94, 13, 87, 97, 92, 98, 37, 100, 91, 44, 14, 38, 86, 16, 61, 85, 93, 59, 99, 96, 95], [0, 70, 30, 32, 90, 63, 64, 49, 36, 47, 19, 11, 62, 10, 31, 88, 7, 82, 48, 46, 8, 45, 17, 84, 5, 60, 83, 18, 52], [0, 28, 26, 12, 68, 80, 54, 24, 29, 79, 78, 34, 35, 71, 65, 66, 20, 51, 9, 81, 33, 3, 77, 76, 50, 1, 69, 27]]


#################

init = 933.685
res = 725.976

solution = [[0, 28, 26, 12, 54, 24, 29, 80, 68, 76, 77, 3, 79, 78, 34, 35, 71, 65, 66, 20, 30, 70, 51, 9, 81, 33, 50, 1, 69], [0, 52, 18, 7, 82, 48, 47, 36, 49, 64, 19, 11, 63, 90, 32, 10, 62, 88, 31, 27], [0, 96, 99, 5, 60, 83, 8, 46, 45, 17, 84, 61, 85, 93, 98, 37, 100, 91, 16, 86, 38, 44, 14, 43, 15, 57, 42, 87, 13], [0, 53, 58, 40, 21, 4, 55, 25, 39, 67, 23, 56, 75, 41, 22, 74, 72, 73, 2, 97, 92, 59, 95, 94, 6, 89]]


#################

init = 963.324
res = 738.707

solution = [[0, 28, 26, 12, 68, 80, 54, 4, 25, 55, 24, 29, 78, 34, 35, 71, 65, 66, 20, 51, 9, 81, 33, 79, 3, 77, 76, 50, 1, 69], [0, 31, 88, 62, 10, 63, 90, 32, 30, 70, 27], [0, 95, 97, 92, 59, 96, 99, 93, 98, 37, 100, 91, 85, 61, 61, 16, 86, 38, 44, 14, 43, 15, 42, 87, 13], [0, 94, 6, 89, 18, 83, 60, 5, 84, 17, 45, 8, 46, 47, 36, 49, 64, 11, 19, 48, 82, 7, 52], [0, 58, 2, 57, 41, 22, 23, 67, 39, 56, 75, 74, 72, 73, 21, 40, 53]]


#################

init = 977.481
res = 733.948

solution = [[0, 53, 58, 13, 87, 42, 43, 15, 57, 2, 41, 22, 74, 75, 56, 23, 67, 39, 25, 55, 4, 72, 73, 21, 40, 26], [0, 28, 12, 68, 80, 54, 24, 29, 78, 34, 35, 65, 71, 9, 51, 81, 33, 79, 3, 77, 76, 50, 1, 69], [0, 70, 30, 20, 66, 32, 90, 63, 10, 62, 88, 31], [0, 94, 95, 97, 92, 37, 98, 100, 91, 44, 14, 38, 86, 16, 61, 61, 85, 93, 59, 99, 96, 6], [0, 89, 18, 83, 60, 5, 84, 17, 45, 8, 46, 36, 49, 64, 11, 19, 47, 48, 82, 7, 52, 27]]


#################

init = 954.439
res = 716.37

solution = [[0, 52, 18, 60, 83, 82, 48, 7, 88, 31, 62, 10, 70, 30, 32, 90, 63, 11, 19, 64, 49, 36, 47, 46, 8, 45, 17, 84, 5], [0, 13, 94, 95, 97, 92, 37, 98, 100, 91, 44, 14, 38, 86, 16, 61, 61, 85, 93, 59, 99, 96, 6, 89], [0, 28, 26, 12, 68, 80, 54, 55, 25, 39, 67, 23, 56, 75, 74, 22, 41, 15, 43, 42, 87, 57, 2, 58], [0, 53, 40, 21, 73, 72, 4, 24, 29, 78, 34, 35, 71, 65, 66, 20, 51, 9, 81, 33, 79, 3, 77, 76, 50, 1, 69, 27]]


#################

init = 954.439
res = 709.366

solution = [[0, 52, 18, 60, 83, 82, 7, 48, 19, 11, 62, 10, 88, 31, 70, 30, 32, 90, 63, 64, 49, 36, 47, 46, 8, 45, 17, 84, 5], [0, 94, 95, 97, 87, 42, 43, 14, 44, 38, 86, 16, 61, 61, 85, 91, 100, 37, 98, 92, 59, 93, 99, 96, 6, 89], [0, 27, 69, 1, 50, 76, 77, 3, 79, 33, 81, 9, 51, 20, 66, 65, 71, 35, 34, 78, 29, 24, 54, 80, 68, 12, 26, 28], [0, 13, 2, 57, 15, 41, 22, 74, 75, 56, 23, 67, 39, 25, 55, 4, 72, 73, 21, 40, 58, 53]]


#################

init = 917.239
res = 706.051

solution = [[0, 52, 18, 8, 46, 45, 83, 60, 5, 84, 17, 61, 61, 16, 86, 38, 14, 44, 91, 100, 37, 98, 85, 93, 59, 99, 96, 6, 89], [0, 53, 58, 40, 21, 73, 72, 4, 55, 25, 39, 67, 23, 56, 75, 74, 22, 41, 15, 43, 42, 57, 2, 87, 97, 92, 95, 13, 94], [0, 26, 12, 68, 80, 54, 24, 29, 78, 34, 35, 71, 65, 66, 20, 51, 9, 81, 33, 79, 3, 77, 76, 50, 28], [0, 31, 88, 7, 82, 48, 47, 36, 49, 64, 11, 19, 62, 10, 63, 90, 32, 30, 70, 1, 69, 27]]


#################

init = 932.221
res = 704.867

solution = [[0, 53, 40, 21, 73, 72, 4, 55, 25, 39, 67, 23, 56, 75, 74, 22, 41, 15, 43, 42, 57, 2, 87, 97, 59, 99, 96, 94, 6], [0, 58, 13, 95, 92, 98, 37, 100, 91, 44, 14, 38, 86, 16, 61, 61, 85, 93, 5, 84, 17, 45, 46, 8, 83, 60, 18, 89], [0, 52, 7, 82, 48, 19, 47, 36, 49, 64, 11, 63, 90, 32, 30, 70, 10, 62, 88, 31, 27], [0, 69, 1, 50, 76, 77, 3, 79, 33, 81, 9, 51, 20, 66, 65, 71, 35, 34, 78, 29, 24, 54, 80, 68, 12, 26, 28]]


#################

init = 932.221
res = 715.516

solution = [[0, 53, 58, 40, 21, 73, 72, 4, 55, 25, 39, 67, 23, 56, 75, 74, 22, 41, 15, 43, 42, 57, 2, 87, 97, 92, 59, 93, 99, 96, 6], [0, 28, 26, 12, 68, 80, 54, 24, 29, 78, 34, 35, 71, 65, 66, 20, 51, 9, 81, 33, 79, 3, 77, 76, 50, 1, 69], [0, 27, 31, 70, 30, 32, 90, 63, 10, 62, 19, 11, 64, 49, 36, 47, 48, 18, 89], [0, 52, 88, 7, 82, 8, 46, 45, 83, 60, 5, 84, 17, 61, 61, 85, 91, 16, 86, 38, 14, 44, 100, 37, 98, 95, 94, 13]]


#################

init = 932.221
res = 699.06

solution = [[0, 27, 69, 1, 50, 76, 77, 3, 79, 33, 81, 9, 51, 20, 66, 65, 71, 35, 34, 78, 29, 24, 54, 80, 68, 12, 26, 28], [0, 31, 88, 62, 10, 70, 30, 32, 90, 63, 11, 64, 49, 36, 47, 19, 48, 82, 7, 52], [0, 53, 58, 40, 21, 73, 72, 4, 55, 25, 39, 67, 23, 56, 75, 74, 22, 41, 2, 57, 15, 43, 42, 87, 97, 95, 94, 13], [0, 6, 96, 99, 59, 92, 93, 85, 98, 37, 100, 91, 44, 14, 38, 86, 16, 61, 61, 5, 84, 17, 45, 46, 8, 83, 60, 18, 89]]


#################

init = 880.646
res = 717.255

solution = [[0, 58, 40, 21, 73, 72, 4, 55, 25, 39, 67, 23, 56, 75, 74, 22, 41, 15, 43, 42, 57, 2, 87, 97, 13], [0, 28, 50, 76, 77, 3, 79, 33, 81, 9, 51, 20, 66, 65, 71, 35, 34, 78, 29, 24, 54, 80, 68, 12, 26, 53], [0, 89, 94, 95, 92, 59, 5, 84, 17, 45, 46, 8, 82, 48, 47, 36, 49, 64, 63, 90, 32, 30, 70, 1, 69, 27], [0, 6, 96, 99, 93, 85, 98, 37, 100, 91, 44, 14, 38, 86, 16, 61, 61, 60, 83, 18, 7, 19, 11, 62, 10, 31, 88, 52]]
Execution = 886.8339989185333
Aretes fixées après apprentissage pour cette exécution
Fixed edges = [[0, 78, 34, 35, 71, 65, 66, 20, 0], [0, 44, 14, 38, 86, 16, 61, 85, 93, 98, 37, 92, 59, 99, 96, 6, 0], [0, 21, 73, 72, 74, 22, 41, 75, 56, 23, 67, 39, 25, 55, 0], [0, 31, 88, 7, 82, 48, 47, 36, 49, 64, 0], [0, 17, 84, 5, 60, 0], [0, 2, 57, 15, 43, 0], [0, 30, 70, 1, 69, 27, 0], [0, 63, 90, 32, 0], [0, 40, 58, 53, 0], [0, 68, 80, 0], [0, 76, 77, 3, 79, 33, 81, 9, 51, 0], [0, 91, 100, 0], [0, 24, 29, 0], [0, 46, 8, 45, 0], [0, 87, 97, 95, 0], [0, 18, 83, 0], [0, 11, 19, 0], [0, 10, 62, 0], [0, 4, 0], [0, 12, 0], [0, 13, 0], [0, 26, 0], [0, 28, 0], [0, 42, 0], [0, 50, 0], [0, 52, 0], [0, 54, 0], [0, 89, 0], [0, 94, 0]]
Time = 20.438876152038574


#################

init = 986.022
res = 720.932

solution = [[0, 2, 57, 15, 43, 42, 87, 97, 95, 92, 37, 98, 100, 44, 14, 38, 86, 16, 61, 91, 85, 93, 59, 99, 96, 6, 89], [0, 53, 40, 21, 73, 72, 74, 22, 41, 75, 56, 23, 67, 39, 4, 25, 55, 54, 24, 29, 3, 77, 76, 68, 80, 12, 26, 28], [0, 31, 88, 62, 11, 64, 49, 36, 47, 46, 8, 45, 17, 84, 5, 60, 83, 18, 94, 13, 58], [0, 52, 7, 82, 48, 19, 63, 90, 32, 10, 70, 30, 20, 66, 65, 71, 35, 34, 78, 79, 33, 81, 9, 51, 50, 1, 69, 27]]


#################

init = 1102.946
res = 712.801

solution = [[0, 53, 26, 12, 80, 68, 29, 24, 54, 55, 25, 4, 39, 67, 23, 56, 75, 41, 22, 74, 72, 73, 21, 40, 58], [0, 28, 50, 76, 77, 3, 79, 78, 34, 81, 33, 51, 9, 35, 71, 65, 66, 20, 30, 32, 90, 63, 64, 11, 19, 62, 10, 70, 1, 69], [0, 13, 94, 95, 92, 59, 84, 17, 45, 8, 46, 36, 49, 47, 48, 82, 7, 88, 31, 27], [0, 52, 18, 83, 60, 5, 61, 16, 86, 38, 44, 14, 42, 43, 15, 57, 2, 87, 97, 37, 98, 100, 91, 85, 93, 99, 96, 6, 89]]


#################

init = 1032.589
res = 707.592

solution = [[0, 26, 12, 80, 68, 29, 24, 54, 55, 25, 4, 39, 67, 23, 56, 75, 41, 22, 74, 72, 73, 21, 40, 53], [0, 69, 1, 70, 10, 62, 11, 63, 90, 32, 30, 20, 66, 65, 71, 35, 9, 51, 33, 81, 34, 78, 79, 3, 77, 76, 50, 28], [0, 6, 96, 99, 59, 93, 85, 61, 16, 86, 38, 14, 44, 91, 100, 37, 98, 92, 97, 87, 42, 43, 15, 57, 2, 58], [0, 13, 95, 94, 89, 18, 83, 60, 5, 84, 17, 45, 8, 46, 36, 49, 64, 19, 47, 48, 82, 7, 88, 31, 52, 27]]


#################

init = 1052.344
res = 734.143

solution = [[0, 53, 58, 40, 21, 73, 72, 74, 22, 41, 75, 56, 23, 67, 39, 25, 55, 4, 54, 26], [0, 69, 1, 50, 76, 77, 3, 79, 33, 81, 9, 51, 20, 66, 65, 71, 35, 34, 78, 29, 24, 68, 80, 12, 28], [0, 6, 92, 37, 98, 100, 91, 85, 61, 16, 86, 38, 44, 14, 43, 15, 42, 57, 2, 87, 97, 95, 13], [0, 94, 96, 99, 59, 93, 5, 60, 83, 84, 17, 45, 8, 46, 36, 49, 64, 11, 19, 47, 48, 82, 52], [0, 89, 18, 7, 88, 62, 10, 63, 90, 32, 30, 70, 31, 27]]


#################

init = 1013.334
res = 727.793

solution = [[0, 52, 18, 83, 60, 5, 84, 17, 45, 46, 8, 82, 7, 48, 47, 36, 49, 64, 19, 11, 63, 90, 32, 10, 62, 88, 31], [0, 13, 87, 2, 57, 42, 43, 15, 41, 22, 75, 74, 72, 73, 21, 40, 58, 53], [0, 94, 95, 97, 92, 37, 98, 100, 91, 44, 14, 38, 86, 16, 61, 85, 93, 59, 99, 96, 6, 89], [0, 50, 33, 81, 51, 9, 35, 71, 65, 66, 20, 30, 70, 1, 69, 27], [0, 28, 76, 77, 3, 79, 78, 34, 29, 24, 55, 25, 39, 67, 23, 56, 4, 54, 80, 68, 12, 26]]


#################

init = 1016.662
res = 710.953

solution = [[0, 95, 97, 87, 2, 57, 15, 43, 42, 14, 44, 38, 86, 16, 61, 93, 85, 91, 100, 98, 37, 92, 59, 99, 96, 6, 89], [0, 52, 18, 83, 60, 5, 84, 17, 45, 46, 8, 82, 48, 47, 36, 49, 64, 63, 90, 32, 10, 62, 11, 19, 7, 88, 31], [0, 53, 26, 76, 50, 77, 3, 79, 33, 81, 51, 9, 78, 34, 35, 71, 65, 66, 20, 30, 70, 1, 69, 27], [0, 94, 13, 58, 40, 21, 73, 72, 74, 22, 41, 75, 56, 23, 67, 39, 25, 55, 4, 54, 24, 29, 68, 80, 12, 28]]


#################

init = 993.204
res = 697.794

solution = [[0, 94, 95, 97, 87, 2, 57, 15, 43, 42, 14, 44, 38, 86, 16, 61, 85, 91, 100, 37, 98, 92, 59, 93, 99, 96, 6], [0, 13, 58, 40, 21, 73, 72, 74, 22, 41, 75, 56, 23, 67, 39, 25, 55, 4, 54, 24, 29, 68, 80, 12, 26, 53], [0, 52, 31, 88, 7, 82, 48, 19, 63, 90, 32, 20, 66, 65, 71, 35, 34, 78, 79, 3, 77, 76, 28], [0, 27, 69, 1, 50, 33, 81, 9, 51, 30, 70, 10, 62, 11, 64, 49, 36, 47, 46, 8, 45, 17, 84, 5, 60, 83, 18, 89]]


#################

init = 974.599
res = 713.03

solution = [[0, 31, 10, 62, 11, 19, 47, 36, 49, 64, 63, 90, 32, 20, 66, 65, 71, 35, 34, 78, 79, 3, 77, 76, 50, 1, 69, 27], [0, 94, 97, 87, 2, 57, 42, 43, 15, 41, 22, 74, 75, 56, 23, 67, 39, 25, 55, 4, 72, 73, 21, 40, 58, 53], [0, 28, 26, 12, 68, 80, 54, 24, 29, 33, 81, 9, 51, 30, 70, 88, 7, 82, 48, 46, 8, 45, 17, 84, 5, 60, 83, 18, 52], [0, 89, 6, 96, 99, 59, 93, 98, 85, 61, 16, 86, 38, 14, 44, 91, 100, 37, 92, 95, 13]]


#################

init = 988.311
res = 713.743

solution = [[0, 6, 94, 96, 99, 59, 93, 85, 61, 16, 86, 38, 14, 44, 91, 100, 98, 37, 92, 95, 97, 87, 2, 57, 15, 43, 42], [0, 13, 58, 40, 21, 73, 72, 74, 22, 41, 75, 56, 23, 67, 39, 4, 25, 55, 54, 24, 29, 68, 80, 12, 26, 53], [0, 52, 88, 7, 47, 36, 49, 64, 63, 90, 32, 66, 65, 71, 35, 34, 78, 79, 3, 77, 76, 28], [0, 89, 18, 83, 60, 5, 84, 17, 45, 46, 8, 82, 48, 19, 11, 62, 10, 31, 70, 30, 20, 51, 9, 81, 33, 50, 1, 69, 27]]


#################

init = 988.311
res = 734.254

solution = [[0, 6, 94, 96, 99, 59, 93, 85, 61, 16, 86, 38, 14, 44, 91, 100, 98, 37, 92, 95, 97, 87, 2, 57, 15, 43, 42], [0, 13, 58, 40, 21, 73, 72, 74, 22, 41, 75, 56, 23, 67, 39, 25, 55, 4, 26, 53], [0, 28, 12, 54, 24, 29, 79, 78, 34, 35, 71, 65, 66, 20, 32, 90, 63, 10, 88, 7, 48, 82, 45, 17, 84, 5, 60, 18, 52], [0, 89, 83, 8, 46, 47, 36, 49, 64, 11, 19, 62, 31, 70, 30, 51, 9, 81, 33, 3, 77, 68, 80, 76, 50, 1, 69, 27]]


#################

init = 933.501
res = 706.536

solution = [[0, 52, 31, 88, 62, 10, 32, 90, 63, 11, 19, 64, 49, 36, 47, 48, 7, 82, 8, 46, 45, 17, 84, 5, 60, 83, 18, 89], [0, 6, 96, 99, 59, 92, 93, 98, 37, 100, 91, 85, 61, 16, 86, 38, 44, 14, 42, 43, 15, 57, 41, 22, 74, 73, 21, 40, 58, 53], [0, 50, 76, 77, 3, 79, 78, 34, 81, 33, 51, 9, 35, 71, 65, 66, 20, 30, 70, 1, 69, 27], [0, 13, 94, 95, 97, 87, 2, 72, 75, 56, 23, 67, 39, 25, 55, 4, 54, 24, 29, 68, 80, 12, 26, 28]]


#################

init = 898.908
res = 699.473

solution = [[0, 53, 13, 58, 40, 21, 73, 72, 74, 22, 41, 75, 56, 23, 67, 39, 25, 55, 4, 54, 24, 29, 68, 80, 12, 26, 28], [0, 94, 95, 97, 87, 2, 57, 15, 43, 42, 100, 37, 98, 91, 44, 14, 38, 86, 16, 61, 85, 93, 92, 59, 99, 96, 6], [0, 27, 69, 1, 50, 33, 81, 9, 51, 30, 70, 31, 88, 62, 10, 63, 90, 32, 20, 66, 65, 71, 35, 34, 78, 79, 3, 77, 76], [0, 52, 7, 82, 48, 19, 11, 64, 49, 36, 47, 46, 8, 45, 17, 84, 5, 60, 83, 18, 89]]


#################

init = 908.371
res = 700.661

solution = [[0, 52, 18, 83, 60, 5, 84, 17, 45, 8, 46, 47, 36, 49, 64, 63, 90, 32, 66, 65, 71, 35, 34, 78, 29, 24, 54, 80, 68, 12, 26], [0, 27, 31, 88, 7, 82, 48, 19, 11, 62, 10, 70, 30, 20, 51, 9, 81, 33, 79, 3, 77, 76, 50, 1, 69, 28], [0, 6, 94, 95, 97, 92, 37, 98, 100, 91, 44, 14, 38, 86, 16, 61, 85, 93, 59, 99, 96, 89], [0, 53, 58, 40, 21, 73, 72, 4, 55, 25, 39, 67, 23, 56, 75, 74, 22, 41, 15, 43, 42, 57, 2, 87, 13]]


#################

init = 905.87
res = 707.146

solution = [[0, 52, 18, 83, 84, 61, 16, 86, 17, 45, 8, 46, 47, 36, 49, 64, 63, 90, 32, 20, 66, 65, 71, 35, 34, 78, 79, 3, 77, 76], [0, 31, 88, 7, 82, 48, 19, 11, 62, 10, 70, 30, 51, 9, 81, 33, 50, 1, 69, 27], [0, 53, 58, 40, 21, 73, 72, 74, 22, 41, 75, 56, 23, 67, 39, 4, 25, 55, 54, 24, 29, 68, 80, 12, 26, 28], [0, 13, 94, 6, 96, 99, 59, 92, 95, 97, 87, 2, 57, 15, 43, 42, 14, 38, 44, 91, 100, 37, 98, 85, 93, 5, 60, 89]]


#################

init = 905.87
res = 715.227

solution = [[0, 27, 69, 1, 50, 76, 77, 3, 79, 33, 81, 9, 51, 30, 70, 31, 88, 62, 10, 63, 90, 32, 20, 66, 65, 71, 35, 34, 78], [0, 53, 58, 40, 21, 73, 72, 74, 22, 41, 75, 56, 23, 67, 39, 4, 25, 55, 24, 29, 68, 80, 54, 12, 26, 28], [0, 52, 7, 82, 48, 19, 11, 64, 49, 36, 47, 46, 8, 45, 17, 84, 61, 85, 93, 99, 96, 6], [0, 89, 18, 83, 60, 5, 59, 92, 37, 98, 100, 91, 16, 86, 38, 44, 14, 42, 43, 15, 57, 2, 87, 97, 95, 94, 13]]


#################

init = 981.292
res = 721.682

solution = [[0, 53, 58, 40, 21, 73, 72, 74, 75, 56, 39, 67, 23, 22, 41, 15, 43, 42, 57, 2, 87, 97, 95, 94, 13], [0, 52, 7, 88, 31, 10, 70, 30, 20, 66, 65, 71, 35, 34, 78, 79, 3, 77, 76, 68, 80, 29, 24, 55, 25, 4, 54, 12, 26, 28], [0, 27, 69, 1, 50, 33, 81, 9, 51, 32, 90, 63, 62, 19, 11, 64, 49, 36, 47, 48, 82, 18], [0, 89, 60, 83, 8, 46, 45, 17, 84, 5, 61, 16, 86, 38, 14, 44, 91, 85, 93, 98, 100, 37, 92, 59, 99, 96, 6]]


#################

init = 1048.592
res = 708.016

solution = [[0, 6, 96, 99, 59, 92, 93, 85, 85, 98, 37, 100, 91, 44, 14, 38, 86, 16, 61, 5, 84, 17, 45, 8, 83, 60, 18], [0, 53, 40, 21, 73, 72, 4, 55, 25, 39, 67, 23, 56, 75, 74, 22, 41, 15, 43, 42, 57, 2, 87, 97, 95, 94, 13, 58], [0, 28, 26, 12, 68, 80, 54, 24, 29, 78, 34, 35, 71, 65, 66, 20, 51, 9, 81, 33, 79, 3, 77, 76, 50, 1, 69], [0, 27, 31, 88, 62, 10, 70, 30, 32, 90, 63, 63, 11, 19, 64, 49, 36, 46, 47, 48, 82, 7, 52, 89]]


#################

init = 939.977
res = 701.368

solution = [[0, 53, 58, 40, 21, 73, 72, 4, 55, 25, 39, 67, 23, 56, 75, 74, 22, 41, 2, 57, 15, 43, 42, 87, 97, 95, 94, 13], [0, 89, 6, 96, 99, 59, 92, 93, 85, 85, 98, 37, 100, 91, 44, 14, 38, 86, 16, 61, 17, 84, 5, 60, 83, 18, 52], [0, 26, 12, 68, 80, 54, 24, 29, 78, 34, 35, 71, 65, 66, 20, 51, 9, 81, 33, 79, 3, 77, 76, 50, 28], [0, 31, 88, 10, 62, 11, 19, 48, 7, 82, 8, 45, 46, 47, 36, 49, 64, 63, 63, 90, 32, 30, 70, 1, 69, 27]]


#################

init = 941.739
res = 738.242

solution = [[0, 27, 52, 7, 82, 48, 19, 11, 62, 88, 31, 10, 70, 30, 20, 66, 65, 71, 35, 34, 78, 29, 24, 68, 80, 12, 28], [0, 69, 1, 50, 76, 77, 3, 79, 33, 81, 9, 51, 32, 90, 63, 63, 64, 49, 36, 47, 46, 8, 45, 17, 84, 5, 60, 83, 18, 89], [0, 54, 55, 25, 39, 67, 23, 56, 4, 26], [0, 6, 94, 96, 99, 59, 93, 98, 85, 85, 61, 16, 86, 38, 14, 44, 91, 100, 37, 92, 97, 95, 13], [0, 58, 2, 57, 87, 42, 43, 15, 41, 22, 75, 74, 72, 73, 21, 40, 53]]


#################

init = 941.739
res = 726.245

solution = [[0, 58, 13, 94, 95, 97, 87, 2, 57, 42, 43, 15, 41, 22, 75, 56, 23, 67, 39, 4, 72, 74, 73, 21, 40, 26], [0, 89, 60, 5, 84, 17, 61, 16, 86, 38, 14, 44, 91, 85, 85, 93, 98, 100, 37, 92, 59, 99, 96, 6], [0, 28, 12, 68, 80, 54, 55, 25, 24, 29, 78, 34, 35, 71, 65, 66, 20, 32, 90, 63, 63, 64, 49, 36, 48, 82, 7, 88, 31], [0, 53, 52, 18, 83, 45, 8, 46, 47, 19, 11, 62, 10, 70, 30, 51, 9, 81, 33, 79, 3, 77, 76, 50, 1, 69, 27]]


#################

init = 941.138
res = 706.875

solution = [[0, 94, 95, 97, 87, 2, 57, 15, 43, 42, 14, 44, 38, 86, 16, 61, 85, 91, 100, 37, 98, 92, 59, 93, 99, 96, 6], [0, 13, 58, 40, 21, 73, 72, 74, 22, 41, 75, 56, 23, 67, 39, 25, 55, 4, 54, 26, 53], [0, 50, 76, 77, 3, 79, 33, 81, 9, 51, 30, 70, 10, 63, 90, 32, 20, 66, 65, 71, 35, 34, 78, 29, 24, 68, 80, 12, 28], [0, 89, 52, 18, 83, 60, 5, 84, 17, 45, 46, 8, 82, 7, 48, 47, 36, 49, 64, 11, 19, 62, 88, 31, 1, 69, 27]]


#################

init = 907.325
res = 704.224

solution = [[0, 69, 1, 70, 30, 20, 66, 65, 71, 35, 34, 78, 29, 24, 54, 80, 68, 77, 3, 79, 33, 81, 9, 51, 50, 76, 12, 26, 28], [0, 52, 18, 83, 60, 5, 84, 17, 45, 46, 8, 82, 7, 48, 47, 36, 49, 64, 19, 11, 63, 90, 32, 10, 62, 88, 31, 27], [0, 53, 58, 40, 21, 73, 72, 4, 55, 25, 39, 67, 23, 56, 75, 74, 22, 41, 57, 2, 13], [0, 94, 95, 97, 87, 42, 15, 43, 14, 44, 38, 86, 16, 61, 85, 91, 100, 98, 37, 92, 59, 93, 99, 96, 6, 89]]


#################

init = 884.349
res = 716.754

solution = [[0, 52, 31, 88, 7, 62, 10, 32, 90, 63, 11, 19, 64, 49, 36, 47, 48, 82, 8, 46, 45, 17, 84, 5, 60, 83, 18, 89], [0, 2, 57, 15, 43, 42, 87, 97, 95, 94, 6, 96, 99, 59, 92, 98, 37, 100, 91, 44, 14, 38, 86, 16, 61, 85, 93], [0, 27, 69, 1, 70, 30, 20, 66, 65, 71, 35, 34, 78, 29, 24, 80, 68, 3, 79, 33, 81, 9, 51, 50, 77, 76, 28], [0, 13, 58, 40, 21, 73, 72, 74, 22, 41, 75, 56, 23, 67, 39, 25, 55, 4, 54, 12, 26, 53]]


#################

init = 884.349
res = 723.018

solution = [[0, 69, 1, 50, 33, 81, 9, 51, 30, 70, 10, 62, 63, 90, 32, 20, 66, 65, 71, 35, 34, 78, 79, 3, 29, 24, 80, 68, 77, 76], [0, 28, 26, 12, 54, 4, 55, 25, 39, 67, 23, 56, 75, 41, 22, 74, 72, 73, 21, 40, 87, 97, 95, 94, 13], [0, 89, 6, 96, 5, 84, 17, 45, 8, 46, 47, 36, 49, 64, 11, 19, 48, 82, 7, 88, 31, 27], [0, 52, 18, 83, 60, 99, 59, 92, 37, 100, 98, 93, 85, 91, 61, 16, 86, 38, 44, 14, 43, 15, 42, 57, 2, 58, 53]]


#################

init = 884.01
res = 706.83

solution = [[0, 89, 18, 83, 60, 5, 84, 17, 45, 8, 82, 7, 48, 19, 47, 46, 36, 49, 64, 11, 63, 90, 32, 10, 62, 88, 31, 52], [0, 28, 12, 68, 80, 54, 24, 29, 78, 34, 35, 71, 65, 66, 20, 30, 70, 51, 9, 81, 33, 79, 3, 77, 76, 50, 1, 69, 27], [0, 6, 96, 99, 59, 93, 85, 61, 16, 86, 38, 14, 44, 91, 100, 37, 98, 92, 97, 95, 94], [0, 26, 40, 21, 4, 55, 25, 39, 67, 23, 56, 75, 72, 73, 74, 22, 41, 15, 43, 42, 57, 2, 87, 13, 58, 53]]
Execution = 1116.068195104599
Aretes fixées après apprentissage pour cette exécution
Fixed edges = [[0, 1, 69, 27, 0], [0, 2, 57, 87, 42, 43, 15, 0], [0, 3, 79, 78, 34, 0], [0, 17, 84, 5, 60, 0], [0, 6, 96, 99, 59, 92, 97, 95, 94, 0], [0, 30, 70, 31, 88, 7, 82, 48, 0], [0, 10, 62, 19, 11, 64, 49, 36, 47, 46, 8, 45, 83, 18, 89, 0], [0, 20, 51, 9, 35, 71, 65, 66, 20, 0], [0, 29, 24, 54, 12, 26, 0], [0, 85, 93, 98, 37, 100, 91, 44, 14, 38, 86, 16, 61, 85, 0], [0, 4, 55, 25, 39, 67, 23, 56, 75, 41, 22, 74, 72, 73, 21, 40, 58, 13, 0], [0, 80, 68, 77, 76, 50, 0], [0, 33, 81, 0], [0, 63, 90, 32, 0], [0, 28, 0], [0, 52, 0], [0, 53, 0]]
Time = 20.626006603240967


#################

init = 945.988
res = 716.033

solution = [[0, 89, 52, 18, 83, 60, 5, 84, 17, 45, 46, 8, 82, 7, 48, 47, 36, 49, 64, 19, 11, 63, 90, 32, 10, 62, 88, 31, 27], [0, 26, 12, 68, 80, 54, 24, 29, 77, 76, 50, 3, 79, 78, 34, 81, 33, 51, 9, 35, 71, 65, 66, 20, 20, 30, 70, 1, 69], [0, 58, 2, 57, 87, 42, 43, 15, 41, 22, 74, 75, 56, 23, 67, 39, 25, 55, 4, 72, 73, 21, 40, 53, 28], [0, 6, 96, 99, 59, 93, 85, 85, 61, 16, 86, 38, 14, 44, 91, 100, 37, 98, 92, 97, 95, 94, 13]]


#################

init = 1011.007
res = 723.499

solution = [[0, 76, 50, 51, 9, 81, 33, 79, 3, 77, 68, 80, 24, 29, 78, 34, 35, 71, 65, 66, 20, 30, 32, 90, 63, 62, 88, 31], [0, 40, 21, 73, 72, 74, 22, 41, 75, 56, 23, 67, 39, 25, 55, 4, 54, 12, 26, 28], [0, 52, 18, 83, 60, 5, 61, 16, 86, 38, 44, 14, 42, 43, 15, 57, 2, 87, 97, 92, 98, 37, 100, 91, 85, 93, 99, 96, 6, 89], [0, 0, 27, 69, 1, 70, 10, 19, 11, 64, 49, 36, 47, 48, 7, 82, 8, 46, 45, 17, 84, 59, 95, 94, 13, 58, 53]]


#################

init = 997.238
res = 719.065

solution = [[0, 13, 94, 95, 92, 98, 37, 100, 91, 44, 14, 38, 86, 16, 61, 85, 93, 5, 84, 17, 45, 83, 60], [0, 89, 6, 96, 99, 59, 97, 87, 42, 43, 15, 57, 2, 73, 72, 74, 22, 41, 75, 56, 23, 67, 39, 25, 55, 4, 21, 40, 58, 53], [0, 52, 18, 8, 46, 47, 36, 49, 64, 62, 10, 70, 30, 51, 9, 81, 33, 79, 3, 77, 76, 50, 1, 69, 27], [0, 28, 26, 12, 68, 80, 54, 24, 29, 78, 34, 35, 71, 65, 66, 20, 32, 90, 63, 11, 19, 48, 82, 7, 88, 31]]


#################

init = 997.238
res = 713.018

solution = [[0, 53, 58, 40, 21, 73, 72, 4, 55, 25, 39, 67, 23, 56, 75, 74, 22, 41, 15, 43, 42, 57, 2, 87, 97, 37, 98, 59, 99, 96, 6], [0, 12, 80, 68, 77, 3, 79, 33, 81, 9, 51, 30, 70, 10, 63, 90, 32, 20, 66, 65, 71, 35, 34, 78, 29, 24, 54, 26], [0, 28, 76, 50, 1, 69, 31, 88, 62, 19, 11, 64, 49, 36, 47, 48, 82, 7, 52, 27], [0, 89, 18, 60, 83, 8, 46, 45, 17, 84, 5, 61, 16, 86, 38, 14, 44, 91, 100, 85, 93, 92, 95, 94, 13]]


#################

init = 938.426
res = 702.045

solution = [[0, 58, 2, 57, 42, 43, 15, 41, 22, 74, 75, 56, 23, 67, 39, 25, 55, 4, 72, 73, 21, 40, 53], [0, 28, 26, 12, 68, 80, 54, 24, 29, 78, 34, 35, 71, 65, 66, 20, 30, 70, 51, 9, 81, 33, 79, 3, 77, 76, 50, 1, 69], [0, 13, 87, 97, 92, 98, 37, 100, 91, 44, 14, 38, 86, 16, 61, 85, 93, 59, 99, 96, 95, 94, 6, 89], [0, 52, 18, 83, 60, 5, 84, 17, 45, 46, 8, 82, 7, 48, 47, 36, 49, 64, 19, 11, 63, 90, 32, 10, 62, 88, 31, 27]]


#################

init = 911.69
res = 727.284

solution = [[0, 2, 57, 15, 43, 42, 87, 97, 95, 94, 6, 96, 99, 59, 92, 37, 98, 93, 85, 61, 16, 86, 38, 14, 44, 91, 100], [0, 53, 13, 58, 40, 21, 73, 72, 74, 22, 41, 75, 56, 23, 67, 39, 25, 55, 4, 54, 24, 29, 68, 80, 12, 26, 28], [0, 27, 69, 1, 50, 76, 77, 3, 79, 33, 51, 9, 81, 78, 34, 35, 71, 65, 66, 20, 30, 32, 90, 63, 10, 70, 31, 52], [0, 89, 18, 83, 60, 5, 84, 17, 45, 8, 46, 47, 36, 49, 64, 11, 19, 62, 88, 7, 82, 48]]


#################

init = 884.574
res = 745.697

solution = [[0, 2, 57, 15, 43, 42, 87, 97, 95, 94, 6, 96, 99, 93, 59, 92, 37, 98, 85, 61, 16, 86, 38, 14, 44, 91, 100], [0, 13, 58, 40, 21, 73, 72, 74, 22, 41, 75, 56, 23, 67, 39, 25, 55, 4, 54, 24, 29, 68, 80, 12, 26, 53], [0, 18, 83, 45, 17, 84, 5, 60, 89], [0, 1, 70, 30, 20, 66, 65, 71, 35, 9, 51, 33, 81, 34, 78, 79, 3, 77, 76, 50, 28], [0, 52, 7, 82, 8, 46, 48, 47, 36, 49, 64, 19, 11, 63, 90, 32, 10, 62, 88, 31, 69, 27]]


#################

init = 884.574
res = 728.906

solution = [[0, 6, 94, 95, 96, 99, 59, 98, 37, 100, 91, 16, 86, 38, 44, 14, 43, 15, 57, 2, 58], [0, 13, 87, 42, 97, 92, 93, 85, 61, 17, 84, 5, 60, 83, 18, 89], [0, 53, 40, 21, 73, 72, 74, 22, 41, 75, 56, 23, 67, 39, 25, 55, 4, 54, 26], [0, 28, 12, 80, 68, 24, 29, 78, 34, 35, 71, 65, 66, 20, 51, 9, 81, 33, 79, 3, 77, 76, 50, 1, 69, 27], [0, 52, 7, 48, 82, 8, 45, 46, 47, 36, 49, 64, 19, 11, 63, 90, 32, 30, 70, 10, 62, 88, 31]]


#################

init = 884.574
res = 753.497

solution = [[0, 2, 57, 15, 43, 42, 87, 97, 95, 94, 6, 96, 99, 93, 59, 92, 37, 98, 85, 61, 16, 86, 38, 14, 44, 91, 100], [0, 50, 33, 81, 9, 51, 20, 66, 65, 71, 35, 34, 78, 79, 3, 29, 24, 80, 68, 77, 76, 28, 53], [0, 26, 12, 54, 55, 25, 39, 67, 23, 56, 4, 75, 41, 22, 74, 72, 73, 21, 40, 58, 13], [0, 31, 88, 62, 10, 63, 90, 32, 30, 70, 1, 69, 27], [0, 89, 18, 83, 60, 5, 84, 17, 45, 46, 8, 82, 48, 47, 36, 49, 64, 11, 19, 7, 52]]


#################

init = 884.574
res = 739.854

solution = [[0, 2, 57, 15, 43, 42, 87, 97, 95, 94, 6, 96, 99, 59, 92, 37, 98, 93, 85, 61, 16, 86, 38, 14, 44, 91, 100], [0, 89, 18, 83, 60, 5, 84, 17, 45, 8, 46, 47, 36, 49, 64, 63, 90, 32, 30, 70, 1, 69, 27], [0, 31, 10, 62, 11, 19, 48, 82, 7, 88, 52], [0, 50, 76, 77, 3, 79, 33, 81, 9, 51, 20, 66, 65, 71, 35, 34, 78, 29, 24, 68, 80, 12, 28], [0, 13, 58, 40, 21, 73, 72, 74, 22, 41, 75, 56, 23, 67, 39, 25, 55, 4, 54, 26, 53]]


#################

init = 803.079
res = 715.488

solution = [[0, 52, 18, 83, 45, 8, 82, 48, 47, 46, 36, 49, 64, 63, 90, 32, 30, 70, 10, 62, 11, 19, 7, 88, 31], [0, 89, 60, 5, 84, 17, 61, 16, 86, 38, 14, 44, 91, 100, 37, 98, 85, 93, 59, 92, 95, 94, 6, 96, 99], [0, 27, 69, 1, 50, 76, 77, 3, 79, 33, 81, 9, 51, 20, 66, 65, 71, 35, 34, 78, 29, 24, 54, 80, 68, 12, 26, 28], [0, 13, 13, 97, 87, 42, 43, 15, 57, 2, 73, 72, 74, 22, 41, 75, 56, 23, 67, 39, 25, 55, 4, 21, 40, 58, 53]]


#################

init = 791.44
res = 706.127

solution = [[0, 13, 13, 87, 42, 43, 15, 57, 2, 73, 72, 74, 22, 41, 75, 56, 23, 67, 39, 25, 55, 4, 21, 40, 58, 53], [0, 6, 94, 95, 97, 92, 59, 96, 99, 93, 85, 98, 37, 100, 91, 44, 14, 38, 86, 16, 61, 17, 84, 5, 60, 89], [0, 52, 18, 83, 45, 46, 8, 82, 48, 47, 36, 49, 64, 63, 90, 32, 30, 70, 10, 62, 11, 19, 7, 88, 31], [0, 27, 69, 1, 50, 76, 77, 3, 79, 33, 81, 9, 51, 20, 66, 65, 71, 35, 34, 78, 29, 24, 54, 80, 68, 12, 26, 28]]


#################

init = 791.44
res = 697.756

solution = [[0, 53, 58, 40, 21, 73, 72, 4, 55, 25, 39, 67, 23, 56, 75, 74, 22, 41, 15, 43, 42, 57, 2, 87, 13, 13], [0, 94, 95, 97, 92, 98, 37, 100, 91, 44, 14, 38, 86, 16, 61, 85, 93, 59, 99, 96, 6, 89], [0, 69, 1, 50, 76, 77, 3, 79, 33, 81, 9, 51, 70, 30, 20, 66, 65, 71, 35, 34, 78, 29, 24, 54, 80, 68, 12, 26, 28], [0, 27, 31, 88, 7, 82, 48, 19, 11, 62, 10, 32, 90, 63, 64, 49, 36, 47, 46, 8, 45, 17, 84, 5, 60, 83, 18, 52]]


#################

init = 791.44
res = 710.568

solution = [[0, 31, 88, 7, 82, 48, 19, 11, 62, 10, 70, 30, 32, 90, 63, 64, 49, 36, 47, 46, 8, 18, 52], [0, 27, 69, 1, 50, 76, 77, 3, 79, 33, 81, 9, 51, 20, 66, 65, 71, 35, 34, 78, 29, 24, 54, 80, 68, 12, 26, 28], [0, 13, 13, 97, 87, 42, 43, 15, 57, 2, 41, 22, 74, 75, 56, 23, 67, 39, 25, 55, 4, 72, 73, 21, 40, 58, 53], [0, 89, 60, 83, 45, 17, 84, 5, 61, 16, 86, 38, 14, 44, 91, 100, 37, 98, 85, 93, 59, 92, 95, 94, 6, 96, 99]]


#################

init = 791.44
res = 699.74

solution = [[0, 28, 26, 12, 68, 80, 54, 24, 29, 78, 34, 35, 71, 65, 66, 20, 51, 9, 81, 33, 79, 3, 77, 76, 50, 1, 69, 27], [0, 52, 18, 83, 60, 5, 84, 17, 45, 46, 8, 82, 7, 48, 47, 36, 49, 64, 19, 11, 63, 90, 32, 30, 70, 10, 62, 88, 31], [0, 13, 13, 87, 42, 43, 15, 57, 2, 73, 72, 74, 22, 41, 75, 56, 23, 67, 39, 25, 55, 4, 21, 40, 58, 53], [0, 94, 95, 97, 92, 37, 98, 100, 91, 44, 14, 38, 86, 16, 61, 85, 93, 59, 99, 96, 6, 89]]


#################

init = 898.714
res = 723.092

solution = [[0, 94, 95, 97, 92, 59, 93, 85, 98, 37, 100, 91, 44, 14, 38, 86, 16, 61, 17, 84, 5, 60, 99, 99, 96, 6, 89], [0, 52, 18, 83, 45, 8, 46, 47, 36, 49, 64, 63, 90, 32, 30, 70, 10, 62, 11, 19, 48, 82, 7, 88, 31], [0, 13, 87, 87, 42, 43, 15, 57, 2, 58, 53], [0, 27, 69, 1, 50, 76, 77, 3, 79, 33, 81, 9, 51, 20, 66, 65, 71, 35, 34, 78, 29, 24, 68, 80, 12, 28], [0, 40, 21, 73, 72, 74, 22, 41, 75, 56, 23, 67, 39, 25, 55, 4, 54, 26]]


#################

init = 875.319
res = 733.491

solution = [[0, 13, 87, 87, 42, 43, 15, 57, 2], [0, 6, 94, 96, 99, 99, 95, 97, 92, 59, 93, 85, 98, 37, 100, 91, 44, 14, 38, 86, 16, 61, 17, 84, 5, 60, 18, 52], [0, 53, 58, 40, 21, 73, 72, 74, 22, 41, 75, 56, 23, 67, 39, 25, 55, 4, 54], [0, 89, 83, 45, 8, 46, 47, 36, 49, 64, 11, 19, 48, 82, 7, 88, 31, 62, 10, 63, 90, 32, 30, 70, 1, 69, 27], [0, 26, 12, 80, 68, 24, 29, 78, 34, 35, 71, 65, 66, 20, 51, 9, 81, 33, 79, 3, 77, 76, 50, 28]]


#################

init = 875.319
res = 710.144

solution = [[0, 76, 77, 3, 79, 33, 81, 9, 51, 30, 70, 10, 62, 63, 90, 32, 20, 66, 65, 71, 35, 34, 78, 29, 24, 68, 80, 12], [0, 27, 52, 18, 83, 60, 5, 84, 17, 45, 8, 46, 47, 36, 49, 64, 11, 19, 48, 82, 7, 88, 31, 69, 1, 50, 28], [0, 53, 26, 40, 21, 73, 72, 4, 54, 55, 25, 39, 67, 23, 56, 75, 74, 22, 41, 15, 43, 42, 57, 2, 87, 87, 13, 58], [0, 94, 95, 97, 92, 98, 37, 100, 91, 44, 14, 38, 86, 16, 61, 85, 93, 59, 99, 99, 96, 6, 89]]


#################

init = 863.903
res = 736.24

solution = [[0, 89, 60, 5, 84, 17, 61, 16, 86, 38, 14, 44, 91, 100, 37, 98, 85, 93, 59, 92, 97, 95, 94, 99, 99, 96, 6], [0, 53, 40, 21, 73, 74, 22, 41, 75, 72, 4, 56, 23, 67, 39, 25, 55, 54], [0, 58, 2, 57, 15, 43, 42, 87, 87, 13], [0, 28, 50, 76, 77, 3, 79, 33, 81, 9, 51, 20, 66, 65, 71, 35, 34, 78, 29, 24, 68, 80, 12, 26], [0, 27, 69, 1, 70, 30, 32, 90, 63, 10, 62, 31, 88, 7, 82, 48, 19, 11, 64, 49, 36, 47, 46, 8, 45, 83, 18, 52]]


#################

init = 863.903
res = 727.991

solution = [[0, 94, 95, 97, 92, 59, 93, 85, 98, 37, 100, 91, 44, 14, 38, 86, 16, 61, 17, 84, 5, 99, 99, 96, 6, 89], [0, 13, 87, 87, 42, 43, 15, 57, 2, 58], [0, 27, 69, 1, 70, 30, 32, 90, 63, 10, 62, 31, 88, 7, 82, 48, 19, 11, 64, 49, 36, 47, 46, 8, 45, 83, 60, 18, 52], [0, 26, 12, 68, 80, 54, 24, 29, 78, 34, 35, 71, 65, 66, 20, 51, 9, 81, 33, 79, 3, 77, 76, 50, 28], [0, 53, 40, 21, 73, 72, 74, 22, 41, 75, 56, 23, 67, 39, 25, 55, 4]]


#################

init = 715.484
res = 708.536

solution = [[0, 28, 12, 80, 68, 24, 29, 78, 34, 35, 71, 65, 66, 20, 51, 9, 81, 33, 79, 3, 77, 76, 50, 1, 69, 27, 27], [0, 52, 31, 70, 30, 32, 90, 63, 10, 62, 88, 7, 82, 48, 19, 11, 64, 49, 36, 47, 46, 8, 45, 83, 60, 18, 89], [0, 13, 94, 95, 97, 92, 59, 98, 37, 100, 44, 14, 38, 86, 17, 84, 5, 61, 16, 91, 85, 93, 99, 96, 6], [0, 26, 54, 55, 25, 39, 67, 23, 56, 4, 21, 73, 72, 74, 75, 22, 41, 15, 43, 42, 87, 57, 2, 40, 58, 53]]


#################

init = 715.484
res = 704.688

solution = [[0, 26, 54, 55, 25, 39, 67, 23, 56, 4, 21, 73, 72, 74, 75, 22, 41, 15, 43, 42, 87, 57, 2, 40, 58, 53], [0, 13, 94, 95, 97, 92, 98, 37, 100, 91, 44, 14, 38, 86, 16, 61, 85, 93, 59, 99, 96, 6, 89], [0, 52, 18, 83, 60, 5, 84, 17, 45, 8, 46, 36, 49, 64, 11, 19, 47, 48, 82, 7, 88, 31, 62, 10, 63, 90, 32, 30, 70], [0, 28, 12, 80, 68, 24, 29, 78, 34, 35, 71, 65, 66, 20, 51, 9, 81, 33, 79, 3, 77, 76, 50, 1, 69, 27, 27]]


#################

init = 715.484
res = 704.704

solution = [[0, 13, 94, 95, 97, 92, 59, 93, 85, 98, 37, 100, 91, 44, 14, 38, 86, 16, 61, 17, 84, 5, 99, 96, 6], [0, 52, 31, 70, 30, 32, 90, 63, 10, 62, 88, 7, 82, 48, 19, 11, 64, 49, 36, 47, 46, 8, 45, 83, 60, 18, 89], [0, 28, 12, 80, 68, 24, 29, 78, 34, 35, 71, 65, 66, 20, 51, 9, 81, 33, 79, 3, 77, 76, 50, 1, 69, 27, 27], [0, 26, 54, 55, 25, 39, 67, 23, 56, 4, 21, 73, 72, 74, 75, 22, 41, 15, 43, 42, 87, 57, 2, 40, 58, 53]]


#################

init = 715.484
res = 703.776

solution = [[0, 53, 58, 2, 57, 87, 42, 43, 15, 41, 22, 74, 75, 56, 23, 67, 39, 25, 55, 4, 72, 73, 21, 40, 26], [0, 13, 94, 95, 97, 92, 59, 99, 93, 85, 98, 37, 100, 91, 44, 14, 38, 86, 16, 61, 5, 96, 6], [0, 28, 12, 68, 80, 54, 24, 29, 78, 34, 35, 71, 65, 66, 20, 51, 9, 81, 33, 79, 3, 77, 76, 50, 1, 69, 27, 27], [0, 52, 88, 31, 70, 30, 32, 90, 63, 10, 62, 7, 82, 48, 19, 11, 64, 49, 36, 47, 46, 8, 45, 17, 84, 83, 60, 18, 89]]


#################

init = 715.484
res = 699.365

solution = [[0, 89, 6, 96, 99, 59, 93, 85, 61, 16, 86, 38, 14, 44, 91, 100, 37, 98, 92, 97, 95, 94, 13], [0, 52, 18, 83, 60, 5, 84, 17, 45, 8, 46, 47, 36, 49, 64, 11, 19, 48, 82, 7, 88, 62, 10, 63, 90, 32, 30, 70, 31], [0, 53, 58, 40, 2, 57, 87, 42, 43, 15, 41, 22, 75, 74, 72, 73, 21, 4, 56, 23, 67, 39, 25, 55, 54, 26], [0, 28, 12, 80, 68, 24, 29, 78, 34, 35, 71, 65, 66, 20, 51, 9, 81, 33, 79, 3, 77, 76, 50, 1, 69, 27, 27]]
Execution = 783.8888499736786
