// Bad capcity (550)

(l,m,n) = 1.8, 0.3, 0.5

Aretes fixées après apprentissage pour cette exécution
Fixed edges = [[0, 72, 21, 73, 72, 74, 22, 41, 75, 56, 23, 67, 39, 25, 55, 4, 54, 24, 29, 79, 33, 50, 76, 77, 3, 79, 78, 34, 35, 71, 65, 66, 20, 51, 9, 81, 33, 51, 30, 70, 69, 27, 0], [0, 99, 93, 59, 96, 99, 59, 92, 37, 98, 93, 85, 91, 16, 86, 38, 44, 14, 43, 15, 57, 42, 43, 0], [0, 44, 16, 61, 17, 84, 5, 60, 83, 45, 8, 46, 36, 49, 64, 11, 19, 48, 47, 46, 45, 17, 0], [0, 77, 68, 80, 12, 26, 40, 58, 53, 40, 2, 57, 87, 97, 92, 95, 94, 6, 96, 94, 13, 95, 97, 0], [0, 69, 31, 88, 62, 10, 32, 90, 63, 64, 0], [0, 88, 7, 82, 8, 83, 18, 89, 6, 0], [0, 36, 47, 19, 62, 11, 63, 10, 0], [0, 29, 78, 81, 0], [0, 24, 80, 54, 55, 24, 68, 0], [0, 18, 52, 7, 48, 82, 18, 60, 0], [0, 42, 87, 2, 73, 0], [0, 20, 30, 32, 0], [0, 34, 9, 35, 0], [0, 31, 70, 0], [0, 21, 40, 0], [0, 14, 38, 0], [0, 84, 61, 91, 98, 0], [0, 28, 12, 54, 26, 0], [0, 61, 85, 0], [0, 4, 25, 0], [0, 74, 75, 0], [0, 39, 56, 0], [0, 1, 0], [0, 100, 0]]
Time = 122.66355729103088


#################

init = 822.951
res = 685.054
gap = 0.446

solution = [[0, 13, 94, 95, 97, 87, 2, 57, 15, 43, 42, 14, 44, 38, 86, 16, 61, 85, 91, 100, 37, 98, 92, 59, 93, 99, 96, 6], [0, 53, 58, 40, 21, 73, 72, 74, 22, 41, 75, 56, 23, 67, 39, 25, 55, 4, 54, 24, 29, 68, 80, 12, 26], [0, 27, 69, 1, 50, 33, 81, 9, 51, 30, 70, 31, 88, 62, 10, 63, 90, 32, 20, 66, 65, 71, 35, 34, 78, 79, 3, 77, 76, 28], [0, 89, 18, 83, 60, 5, 84, 17, 45, 8, 46, 47, 36, 49, 64, 11, 19, 48, 82, 7, 52]]


#################

init = 774.827
res = 696.565
gap = 2.091

solution = [[0, 6, 94, 95, 97, 92, 59, 96, 99, 93, 85, 98, 37, 100, 91, 44, 14, 38, 86, 16, 61, 17, 84, 5, 60, 83, 45, 8, 46, 48, 82, 18, 89], [0, 27, 69, 1, 70, 30, 51, 9, 81, 33, 50, 76, 77, 3, 79, 78, 34, 35, 71, 65, 66, 20, 32, 90, 63, 64, 49, 36, 47, 19, 11, 62, 10, 31, 88, 7, 52], [0, 13, 87, 42, 43, 15, 57, 2, 58], [0, 53, 40, 21, 73, 72, 74, 22, 41, 75, 56, 23, 67, 39, 25, 55, 4, 54, 24, 29, 68, 80, 12, 26, 28]]


#################

init = 772.737
res = 681.224
gap = -0.114

solution = [[0, 13, 94, 6, 96, 99, 93, 85, 91, 100, 37, 98, 92, 59, 95, 97, 87, 2, 57, 15, 43, 42, 14, 44, 38, 86, 16, 61, 5, 84, 17, 45, 46, 8, 83, 60, 89], [0, 27, 52, 18, 82, 7, 88, 31, 10, 62, 11, 19, 48, 47, 36, 49, 64, 63, 90, 32, 20, 66, 65, 71, 35, 9, 51, 30, 70, 69, 1, 50, 76, 28], [0, 26, 12, 80, 68, 77, 3, 79, 33, 81, 78, 34, 29, 24, 54, 4, 55, 25, 39, 67, 23, 56, 75, 41, 22, 74, 72, 73, 21, 40, 58, 53]]


#################

init = 788.145
res = 691.677
gap = 1.399

solution = [[0, 13, 94, 6, 96, 99, 59, 93, 85, 61, 16, 86, 38, 14, 44, 91, 100, 98, 37, 92, 95, 97, 87, 42, 43, 15, 57, 2, 58], [0, 53, 40, 21, 73, 72, 74, 22, 41, 75, 56, 23, 67, 39, 25, 55, 4, 54, 26], [0, 28, 12, 80, 68, 24, 29, 78, 34, 35, 71, 65, 66, 20, 32, 90, 63, 10, 62, 88, 31, 70, 30, 51, 9, 81, 33, 79, 3, 77, 76, 50, 1, 69, 27], [0, 52, 7, 82, 48, 19, 11, 64, 49, 36, 47, 46, 8, 45, 17, 84, 5, 60, 83, 18, 89]]


#################

init = 766.858
res = 693.648
gap = 1.679

solution = [[0, 13, 94, 6, 96, 99, 93, 98, 85, 61, 16, 86, 38, 14, 44, 91, 100, 37, 92, 59, 95, 97, 87, 42, 43, 15, 57, 2, 58], [0, 89, 18, 83, 60, 5, 84, 17, 45, 8, 46, 47, 36, 49, 64, 11, 19, 48, 82, 7, 52], [0, 27, 69, 1, 50, 76, 77, 3, 79, 33, 81, 9, 51, 30, 70, 31, 88, 62, 10, 63, 90, 32, 20, 66, 65, 71, 35, 34, 78, 29, 24, 68, 80, 12, 28], [0, 53, 40, 21, 73, 72, 74, 22, 41, 75, 56, 23, 67, 39, 25, 55, 4, 54, 26]]
Execution = 1039.912687778473
