

#################
lambda = 0.0
mu = 0.0
nu = 0.0
execute = 30

[1015.848, 904.349, 1015.848, 945.151, 996.099, 1015.848, 1015.848, 1015.848, 950.29, 1015.848, 1015.848, 966.323, 895.135, 1013.711, 1015.848, 1015.848, 901.394, 889.595, 1015.848, 1015.848, 1015.848, 995.368, 892.685, 954.04, 1015.848, 989.806, 835.81, 1015.848, 1003.554, 991.567]

mean = 978.225
min = 835.81
gap = -13.543

[[0, 31, 1, 5, 32, 10, 15, 4], [0, 38, 2, 22, 3, 7, 16, 29, 20, 23], [0, 14, 19, 25, 33, 12, 9, 18], [0, 6, 36, 27, 28, 13, 30, 21], [0, 17, 24, 35, 37, 34, 26, 11, 8]]


#################
lambda = 1.3
mu = 0.0
nu = 0.6000000000000001
execute = 30

[838.263, 838.263, 838.263, 838.263, 838.263, 837.97, 838.263, 838.263, 838.263, 838.263, 838.263, 838.263, 838.263, 838.263, 838.263, 838.263, 838.263, 838.263, 838.263, 838.263, 838.263, 838.263, 838.263, 838.263, 838.263, 838.263, 838.263, 838.263, 838.263, 838.263]

mean = 838.253
min = 837.97
gap = -13.25

[[0, 5, 16, 7, 3, 22, 32, 10], [0, 26, 34, 37, 35, 2, 24, 17], [0, 6, 36, 27, 28, 13, 30, 21], [0, 14, 12, 9, 18, 4], [0, 8, 11, 38, 15, 29, 20, 23, 1, 31, 33, 25, 19]]


#################
lambda = 0.0
mu = 1.1
nu = 1.7000000000000002
execute = 30

[935.783, 867.68, 944.086, 852.989, 910.503, 863.79, 951.629, 941.152, 923.607, 922.496, 927.696, 915.972, 872.124, 912.877, 908.322, 895.453, 925.239, 950.479, 903.899, 922.226, 910.383, 869.457, 877.622, 930.051, 949.926, 875.367, 869.579, 994.615, 887.521, 893.385]

mean = 910.197
min = 852.989
gap = -11.256

[[0, 4, 18, 12, 33, 25, 19, 14], [0, 9, 17, 6, 36, 28, 13, 30, 21], [0, 24, 35, 37, 34, 27, 26, 11, 8], [0, 23, 20, 16, 7, 3, 22, 2], [0, 31, 1, 29, 5, 32, 10, 15, 38]]


#################
lambda = 0.0
mu = 1.1
nu = 0.30000000000000004
execute = 30

[888.824, 940.114, 863.511, 943.575, 904.411, 937.796, 878.233, 853.315, 898.836, 897.498, 898.236, 929.025, 893.192, 929.445, 854.502, 925.807, 892.943, 899.691, 913.545, 984.376, 898.998, 946.867, 883.739, 941.025, 945.457, 915.504, 1008.137, 933.224, 877.56, 910.117]

mean = 912.917
min = 853.315
gap = -11.213

[[0, 26, 34, 37, 35, 2, 24, 17], [0, 6, 36, 27, 28, 13, 30, 21], [0, 14, 12, 9, 18, 4], [0, 33, 31, 1, 10, 5, 20, 23, 25, 19], [0, 29, 16, 7, 3, 22, 32, 15, 38, 11, 8]]


#################
lambda = 0.0
mu = 1.3
nu = 1.7000000000000002
execute = 30

[901.318, 874.178, 902.119, 876.371, 861.251, 931.088, 930.236, 905.364, 871.541, 931.293, 864.493, 897.798, 857.099, 891.049, 916.102, 951.217, 953.009, 895.346, 884.084, 926.532, 854.391, 890.61, 882.199, 894.577, 934.02, 876.86, 1000.718, 926.234, 939.481, 952.403]

mean = 905.766
min = 854.391
gap = -11.073

[[0, 21, 30, 13, 28, 6, 36, 27], [0, 4, 18, 12, 33, 25, 19, 14], [0, 8, 11, 26, 34, 37, 35, 24, 9], [0, 1, 29, 32, 16, 7, 3, 22, 2, 17], [0, 38, 15, 10, 5, 20, 23, 31]]
