

#################

init = 7305.168
res = 6905.157
gap = 6.432

solution = [[0, 1, 20, 40, 60, 80, 100, 120, 140, 160, 180, 200, 99, 119, 139, 159, 179, 199, 198, 178, 158, 138, 118, 98, 78, 79, 59, 58, 38, 39, 19], [0, 7, 6, 5, 4, 3, 2, 23, 22, 21, 41, 61, 81, 101, 121, 141, 161, 181, 182, 162, 142, 122, 102, 82, 62, 42, 43, 63, 83, 103, 123, 143, 163, 183, 184, 164, 144, 145, 125, 105, 124, 104, 84, 64, 44, 24], [0, 12, 11, 10, 29, 49, 69, 89, 109, 129, 149, 169, 189, 188, 168, 148, 128, 108, 88, 68, 48, 28, 27, 26, 25, 45, 65, 85, 66, 86, 106, 126, 146, 166, 165, 185, 186, 187, 167, 147, 127, 107, 87, 67, 47, 46], [0, 8, 9, 30, 50, 70, 90, 110, 130, 150, 170, 190, 191, 171, 151, 131, 111, 91, 71, 51, 31, 32, 33, 34, 35, 55, 54, 53, 52, 72, 92, 112, 132, 152, 172, 192, 193, 173, 153, 133, 113, 93, 73], [0, 18, 17, 37, 57, 77, 97, 117, 137, 157, 177, 197, 196, 176, 156, 136, 116, 96, 95, 115, 135, 155, 175, 195, 194, 174, 154, 134, 114, 94, 74, 75, 76, 56, 36, 16, 15, 14, 13]]


#################

init = 7819.588
res = 7576.869
gap = 14.727

solution = [[0, 23, 44, 63, 64, 84, 104, 105, 125, 126, 147, 167, 187, 186, 166, 146, 185, 165, 145, 124, 144, 164, 184, 183, 163, 143, 162, 182, 181, 161, 141, 142, 122, 123, 103, 83, 82, 62, 61, 41, 42, 43, 22], [0, 8, 7, 27, 26, 25, 24, 45, 65, 85, 86, 66, 46, 47, 67, 87, 106, 127, 107, 108, 128, 148, 168, 188, 189, 169, 149, 129, 109, 89, 88, 68, 48, 49, 69, 70, 91, 111, 92, 112, 132, 153, 133, 113, 93, 73, 53, 33, 32, 51, 50, 30, 29, 28, 9], [0, 37, 36, 35, 55, 95, 115, 135, 155, 175, 195, 194, 174, 154, 134, 173, 193, 192, 172, 152, 131, 151, 171, 191, 190, 170, 150, 130, 110, 90, 71, 72, 52, 31, 10, 11, 12], [0, 14, 15, 16, 17, 18, 39, 59, 79, 78, 77, 76, 96, 116, 136, 156, 176, 196, 197, 177, 157, 137, 117, 97, 98, 118, 138, 158, 178, 198, 199, 179, 159, 139, 119, 99, 120, 140, 160, 180, 200, 121, 101, 102, 81, 100, 80, 60, 40, 21, 1], [0, 6, 5, 4, 3, 2, 20, 19, 38, 58, 57, 56, 75, 114, 94, 74, 54, 34, 13]]


#################

init = 8093.829
res = 7462.451
gap = 13.42

solution = [[0, 8, 7, 5, 24, 25, 26, 46, 45, 65, 85, 86, 66, 67, 87, 107, 127, 108, 128, 148, 168, 188, 189, 169, 149, 129, 109, 110, 90, 70, 91, 71, 51, 50, 30, 49, 69, 89, 88, 68, 48, 47, 27, 28, 29, 9, 31, 32, 52, 53, 33], [0, 20, 1, 2, 3, 22, 21, 40, 60, 41, 61, 81, 101, 121, 141, 161, 162, 142, 122, 102, 82, 62, 42, 64, 84, 104, 124, 144, 164, 184, 185, 165, 145, 166, 186, 187, 167, 147, 146, 126, 106, 125, 105, 44, 6, 10, 11, 12, 13], [0, 39, 58, 59, 79, 78, 98, 118, 138, 158, 178, 198, 199, 179, 159, 139, 119, 99, 80, 100, 120, 140, 160, 180, 200, 181, 182, 183, 163, 143, 123, 103, 83, 63, 43, 23, 4], [0, 14, 34, 54, 73, 93, 113, 133, 134, 114, 94, 74, 75, 76, 56, 55, 35, 36, 16, 15], [0, 19, 18, 17, 38, 37, 57, 77, 97, 117, 137, 157, 177, 197, 196, 176, 156, 136, 116, 96, 95, 115, 135, 155, 175, 195, 154, 174, 194, 193, 173, 153, 152, 172, 192, 191, 171, 151, 190, 170, 150, 130, 131, 111, 132, 112, 92, 72]]


#################

init = 7743.524
res = 6932.746
gap = 6.805

solution = [[0, 29, 49, 69, 70, 71, 72, 73, 93, 113, 133, 153, 173, 193, 192, 172, 152, 132, 112, 92, 91, 111, 131, 151, 171, 191, 190, 170, 150, 130, 110, 90, 89, 109, 129, 149, 169, 189, 188, 168, 148, 128, 108, 88, 68, 107, 87, 67, 47, 48, 28, 27], [0, 4, 5, 25, 26, 46, 66, 86, 106, 127, 147, 167, 187, 186, 166, 146, 126, 185, 165, 145, 125, 105, 104, 124, 144, 164, 184, 183, 163, 143, 123, 103, 83, 63, 64, 84, 85, 65, 45, 44, 43, 23, 24, 3], [0, 1, 2, 22, 21, 40, 60, 41, 42, 62, 82, 102, 122, 142, 162, 182, 181, 161, 141, 121, 101, 81, 61, 80, 100, 120, 140, 160, 180, 200, 159, 179, 199, 198, 178, 158, 138, 118, 97, 117, 137, 157, 177, 197, 196, 176, 156, 136, 116, 96, 76, 56, 57, 37, 36], [0, 6, 7, 8, 9, 10, 11, 32, 31, 30, 50, 51, 52, 53, 54, 34, 33, 12, 13, 14, 16, 17, 18, 19, 20], [0, 39, 38, 58, 59, 79, 99, 119, 139, 98, 78, 77, 75, 95, 115, 135, 155, 175, 195, 194, 174, 154, 134, 114, 94, 74, 55, 35, 15]]


#################

init = 7771.21
res = 7115.095
gap = 9.193

solution = [[0, 27, 28, 29, 49, 69, 89, 68, 88, 108, 128, 148, 168, 188, 189, 169, 149, 129, 109, 190, 170, 150, 130, 110, 90, 91, 111, 131, 151, 171, 191, 192, 172, 152, 132, 112, 113, 133, 153, 173, 193, 194, 174, 154, 134, 114, 94, 93, 73, 92, 72, 52, 53], [0, 18, 17, 16, 36, 35, 55, 56, 57, 78, 58, 59, 60, 80, 100, 120, 101, 81, 61, 82, 62, 42, 41, 21, 22, 2, 3, 4, 5, 6, 7, 9, 10, 11, 30, 50, 70, 71, 51, 31, 32, 33, 12, 13], [0, 15, 14, 34, 54, 74, 75, 95, 115, 135, 155, 175, 195, 196, 176, 156, 136, 116, 96, 76, 37, 38, 39, 40, 19, 20, 1], [0, 23, 43, 63, 83, 103, 102, 122, 142, 162, 182, 181, 161, 141, 121, 140, 160, 180, 200, 199, 179, 159, 139, 119, 99, 79, 98, 118, 138, 158, 178, 198, 197, 177, 157, 137, 117, 97, 77], [0, 26, 25, 24, 44, 45, 65, 64, 84, 104, 124, 123, 143, 163, 183, 184, 164, 144, 185, 165, 145, 125, 105, 85, 86, 106, 126, 146, 166, 186, 187, 167, 147, 127, 107, 87, 67, 66, 46, 47, 48, 8]]


#################

init = 7801.12
res = 7340.7
gap = 11.984

solution = [[0, 8, 28, 29, 30, 50, 70, 69, 49, 48, 68, 88, 89, 109, 110, 90, 91, 111, 131, 151, 132, 152, 172, 192, 171, 191, 190, 170, 150, 130, 129, 149, 169, 189, 188, 168, 148, 128, 108, 127, 107, 87, 67, 47, 27, 7], [0, 18, 17, 16, 15, 14, 56, 76, 96, 116, 136, 117, 97, 77, 58, 59, 40, 2, 3, 4, 5, 6, 26, 46, 66, 86, 106, 126, 146, 147, 167, 187, 166, 186, 185, 165, 145, 125, 105, 85, 65, 64, 44, 45, 25, 24, 23], [0, 13, 12, 11, 32, 52, 72, 73, 53, 33, 34, 35, 36, 38, 39, 41, 61, 82, 62, 42, 22, 1, 20, 19], [0, 21, 60, 80, 79, 99, 119, 139, 158, 178, 198, 199, 179, 159, 200, 180, 160, 140, 120, 100, 81, 101, 121, 141, 161, 181, 182, 162, 142, 122, 102, 103, 123, 143, 163, 183, 184, 164, 144, 124, 104, 84, 83, 63, 43], [0, 9, 10, 31, 51, 71, 92, 112, 93, 113, 133, 153, 173, 193, 194, 174, 154, 134, 114, 94, 74, 54, 55, 75, 95, 115, 135, 155, 175, 195, 196, 176, 156, 197, 177, 157, 137, 138, 118, 98, 78, 57, 37]]
