Aretes fixées après apprentissage pour cette exécution
Fixed edges = [[0, 11, 8, 29, 14, 30, 27, 23, 11, 19, 6, 15, 8, 23, 29, 27, 24, 30, 5, 4, 26, 5, 13, 6, 7, 15, 11, 17, 25, 21, 28, 25, 31, 32, 13, 21, 20, 18, 10, 13, 18, 2, 9, 22, 3, 21, 32, 10, 7, 19, 17, 15, 19, 0], [0, 17, 8, 6, 29, 7, 14, 32, 28, 13, 14, 24, 0], [0, 2, 16, 22, 0], [0, 4, 20, 0], [0, 28, 31, 0], [0, 3, 12, 9, 0], [0, 6, 14, 5, 0], [0, 1, 0], [0, 33, 0]]


#################
lambda = 0.5
mu = 0.1
nu = 0.1

init = 959.028
res = 805.303
gap = 3.266

solution = [[0, 18, 2, 9, 12, 3, 22, 16, 33], [0, 19, 17, 25, 31, 28, 32], [0, 24, 30, 5], [0, 20, 4, 26], [0, 21, 13, 10, 7, 6, 15, 14], [0, 29, 8, 11, 23, 1, 27]]


#################
lambda = 0.5
mu = 0.1
nu = 0.4

init = 975.533
res = 805.303
gap = 3.266

solution = [[0, 19, 17, 25, 31, 28, 32], [0, 20, 4, 26], [0, 29, 8, 11, 23, 1, 27], [0, 18, 2, 9, 12, 3, 22, 16, 33], [0, 14, 15, 6, 7, 10, 13, 21], [0, 24, 30, 5]]


#################
lambda = 0.5
mu = 0.1
nu = 1.3

init = 948.096
res = 817.737
gap = 4.737

solution = [[0, 19, 17, 25, 31, 28, 32], [0, 18, 2, 21, 13, 10, 7, 6, 14], [0, 24, 30, 5], [0, 15, 8, 11, 23, 27, 1, 29], [0, 20, 33, 16, 22, 3, 12, 9], [0, 26, 4]]


#################
lambda = 0.5
mu = 0.1
nu = 1.4000000000000001

init = 955.418
res = 805.303
gap = 3.266

solution = [[0, 32, 28, 31, 25, 17, 19], [0, 18, 2, 9, 12, 3, 22, 16, 33], [0, 20, 4, 26], [0, 24, 30, 5], [0, 14, 15, 6, 7, 10, 13, 21], [0, 29, 8, 11, 23, 1, 27]]


#################
lambda = 0.5
mu = 0.2
nu = 0.1

init = 1015.382
res = 812.962
gap = 4.178

solution = [[0, 14, 7, 6, 15, 29, 24, 30], [0, 5, 27, 1, 23, 11, 8], [0, 19, 17, 25, 31, 28, 32], [0, 33, 16, 22, 3, 12, 9, 2, 18], [0, 21, 13, 10], [0, 20, 4, 26]]


#################
lambda = 0.5
mu = 0.30000000000000004
nu = 0.1

init = 980.609
res = 790.812
gap = 1.494

solution = [[0, 18, 2, 9, 12, 3, 22, 16, 33], [0, 21, 32, 28, 31, 25, 13, 10], [0, 27, 1, 23, 11, 19, 17], [0, 7, 6, 15, 8, 29, 14], [0, 5, 30, 24], [0, 20, 4, 26]]


#################
lambda = 0.5
mu = 0.4
nu = 1.7000000000000002

init = 988.938
res = 790.221
gap = 1.42

solution = [[0, 21, 32, 28, 31, 25, 13, 10], [0, 18, 2, 9, 12, 3, 22, 16, 33], [0, 29, 1, 27, 23, 11, 19, 17], [0, 26, 4, 20], [0, 7, 6, 15, 8, 14], [0, 5, 30, 24]]


#################
lambda = 0.5
mu = 0.5
nu = 1.5

init = 991.041
res = 801.903
gap = 2.856

solution = [[0, 26, 4, 20], [0, 5, 30, 24, 29, 6, 7], [0, 18, 2, 9, 12, 3, 22, 16, 33], [0, 27, 1, 23, 11, 8, 15, 14], [0, 10, 13, 21], [0, 32, 28, 31, 25, 17, 19]]


#################
lambda = 0.5
mu = 0.7000000000000001
nu = 1.5

init = 960.494
res = 805.303
gap = 3.266

solution = [[0, 32, 28, 31, 25, 17, 19], [0, 29, 8, 11, 23, 1, 27], [0, 5, 30, 24], [0, 20, 4, 26], [0, 14, 15, 6, 7, 10, 13, 21], [0, 18, 2, 9, 12, 3, 22, 16, 33]]


#################
lambda = 0.5
mu = 0.9
nu = 0.1

init = 1032.471
res = 805.303
gap = 3.266

solution = [[0, 5, 30, 24], [0, 29, 8, 11, 23, 1, 27], [0, 20, 4, 26], [0, 32, 28, 31, 25, 17, 19], [0, 14, 15, 6, 7, 10, 13, 21], [0, 18, 2, 9, 12, 3, 22, 16, 33]]


#################
lambda = 0.5
mu = 0.9
nu = 0.2

init = 1001.925
res = 803.865
gap = 3.093

solution = [[0, 32, 28, 31, 25, 17, 19, 11, 15], [0, 14, 29, 8, 1, 23, 27], [0, 5, 30, 24], [0, 26, 4, 20], [0, 18, 2, 9, 12, 3, 22, 16, 33], [0, 21, 13, 10, 7, 6]]


#################
lambda = 0.5
mu = 0.9
nu = 1.0

init = 982.804
res = 824.748
gap = 5.547

solution = [[0, 32, 28, 31, 25, 17, 19], [0, 5, 30, 24, 27, 23, 11, 29], [0, 7, 6, 15, 8, 1, 14], [0, 26, 4], [0, 20, 33, 16, 22, 9, 12, 3], [0, 10, 13, 21, 2, 18]]


#################
lambda = 0.5
mu = 0.9
nu = 1.3

init = 966.225
res = 805.303
gap = 3.266

solution = [[0, 32, 28, 31, 25, 17, 19], [0, 29, 8, 11, 23, 1, 27], [0, 24, 30, 5], [0, 26, 4, 20], [0, 14, 15, 6, 7, 10, 13, 21], [0, 18, 2, 9, 12, 3, 22, 16, 33]]


#################
lambda = 0.5
mu = 1.0
nu = 0.1

init = 992.331
res = 804.017
gap = 3.112

solution = [[0, 18, 2, 9, 12, 3, 22, 16, 33], [0, 32, 28, 31, 25, 17, 19], [0, 24, 30, 5], [0, 15, 8, 11, 23, 27, 1, 29], [0, 20, 4, 26], [0, 21, 13, 10, 7, 6, 14]]


#################
lambda = 0.5
mu = 1.0
nu = 1.8

init = 1022.878
res = 801.903
gap = 2.856

solution = [[0, 26, 4, 20], [0, 32, 28, 31, 25, 17, 19], [0, 27, 1, 23, 11, 8, 15, 14], [0, 5, 30, 24, 29, 6, 7], [0, 10, 13, 21], [0, 18, 2, 9, 12, 3, 22, 16, 33]]


#################
lambda = 0.5
mu = 1.1
nu = 1.2000000000000002

init = 959.632
res = 790.221
gap = 1.42

solution = [[0, 18, 2, 9, 12, 3, 22, 16, 33], [0, 26, 4, 20], [0, 24, 30, 5], [0, 17, 19, 11, 23, 27, 1, 29], [0, 21, 32, 28, 31, 25, 13, 10], [0, 7, 6, 15, 8, 14]]


#################
lambda = 0.5
mu = 1.2000000000000002
nu = 0.1

init = 929.06
res = 790.221
gap = 1.42

solution = [[0, 33, 16, 22, 3, 12, 9, 2, 18], [0, 21, 32, 28, 31, 25, 13, 10], [0, 29, 1, 27, 23, 11, 19, 17], [0, 20, 4, 26], [0, 5, 30, 24], [0, 7, 6, 15, 8, 14]]


#################
lambda = 0.5
mu = 1.2000000000000002
nu = 0.5

init = 931.668
res = 790.812
gap = 1.494

solution = [[0, 18, 2, 9, 12, 3, 22, 16, 33], [0, 21, 32, 28, 31, 25, 13, 10], [0, 27, 1, 23, 11, 19, 17], [0, 14, 29, 8, 15, 6, 7], [0, 5, 30, 24], [0, 20, 4, 26]]


#################
lambda = 0.5
mu = 1.2000000000000002
nu = 1.0

init = 967.006
res = 790.812
gap = 1.494

solution = [[0, 21, 32, 28, 31, 25, 13, 10], [0, 18, 2, 9, 12, 3, 22, 16, 33], [0, 7, 6, 15, 8, 29, 14], [0, 27, 1, 23, 11, 19, 17], [0, 20, 4, 26], [0, 5, 30, 24]]


#################
lambda = 0.5
mu = 1.3
nu = 0.1

init = 1020.547
res = 804.017
gap = 3.112

solution = [[0, 18, 2, 9, 12, 3, 22, 16, 33], [0, 32, 28, 31, 25, 17, 19], [0, 15, 8, 11, 23, 27, 1, 29], [0, 20, 4, 26], [0, 14, 6, 7, 10, 13, 21], [0, 5, 30, 24]]


#################
lambda = 0.5
mu = 1.3
nu = 1.2000000000000002

init = 967.186
res = 805.303
gap = 3.266

solution = [[0, 18, 2, 9, 12, 3, 22, 16, 33], [0, 26, 4, 20], [0, 5, 30, 24], [0, 29, 8, 11, 23, 1, 27], [0, 19, 17, 25, 31, 28, 32], [0, 14, 15, 6, 7, 10, 13, 21]]


#################
lambda = 0.5
mu = 1.4000000000000001
nu = 0.1

init = 967.818
res = 803.902
gap = 3.098

solution = [[0, 26, 4, 20], [0, 18, 2, 9, 12, 3, 22, 16, 33], [0, 21, 13, 10], [0, 32, 28, 31, 25, 17, 19, 11], [0, 7, 6, 15, 8, 1, 29], [0, 5, 30, 24, 27, 23, 14]]


#################
lambda = 0.5
mu = 1.4000000000000001
nu = 1.5

init = 952.548
res = 795.877
gap = 2.121

solution = [[0, 18, 2, 9, 12, 3, 22, 16, 33], [0, 21, 32, 28, 31, 25, 13, 10], [0, 14, 29, 1, 23, 27], [0, 7, 6, 15, 8, 11, 19, 17], [0, 24, 30, 5], [0, 26, 4, 20]]


#################
lambda = 0.5
mu = 1.5
nu = 0.1

init = 1153.908
res = 801.903
gap = 2.856

solution = [[0, 5, 30, 24, 29, 6, 7], [0, 27, 1, 23, 11, 8, 15, 14], [0, 18, 2, 9, 12, 3, 22, 16, 33], [0, 19, 17, 25, 31, 28, 32], [0, 21, 13, 10], [0, 26, 4, 20]]


#################
lambda = 0.5
mu = 1.5
nu = 0.30000000000000004

init = 1159.735
res = 805.303
gap = 3.266

solution = [[0, 29, 8, 11, 23, 1, 27], [0, 24, 30, 5], [0, 18, 2, 9, 12, 3, 22, 16, 33], [0, 26, 4, 20], [0, 32, 28, 31, 25, 17, 19], [0, 14, 15, 6, 7, 10, 13, 21]]


#################
lambda = 0.5
mu = 1.5
nu = 0.6000000000000001

init = 1141.318
res = 803.946
gap = 3.103

solution = [[0, 33, 16, 22, 3, 12, 9, 2, 18], [0, 26, 4, 20], [0, 11, 19, 17, 25, 31, 28, 32], [0, 10, 13, 21], [0, 29, 23, 27, 24, 30, 5], [0, 7, 6, 15, 8, 1, 14]]


#################
lambda = 0.5
mu = 1.5
nu = 1.3

init = 1024.875
res = 805.303
gap = 3.266

solution = [[0, 32, 28, 31, 25, 17, 19], [0, 5, 30, 24], [0, 29, 8, 11, 23, 1, 27], [0, 26, 4, 20], [0, 14, 15, 6, 7, 10, 13, 21], [0, 18, 2, 9, 12, 3, 22, 16, 33]]


#################
lambda = 0.5
mu = 1.5
nu = 1.6

init = 1039.734
res = 801.903
gap = 2.856

solution = [[0, 14, 15, 8, 11, 23, 1, 27], [0, 7, 6, 29, 24, 30, 5], [0, 18, 2, 9, 12, 3, 22, 16, 33], [0, 26, 4, 20], [0, 32, 28, 31, 25, 17, 19], [0, 10, 13, 21]]


#################
lambda = 0.5
mu = 1.5
nu = 1.8

init = 1034.204
res = 803.902
gap = 3.098

solution = [[0, 32, 28, 31, 25, 17, 19, 11], [0, 29, 1, 8, 15, 6, 7], [0, 5, 30, 24, 27, 23, 14], [0, 33, 16, 22, 3, 12, 9, 2, 18], [0, 26, 4, 20], [0, 10, 13, 21]]


#################
lambda = 0.5
mu = 1.6
nu = 0.1

init = 1104.851
res = 788.982
gap = 1.265

solution = [[0, 4, 26, 5, 30, 24], [0, 14, 8, 15, 6, 7, 20], [0, 29, 1, 27, 23, 11, 19, 17], [0, 21, 32, 28, 31, 25, 13, 10], [0, 18, 2, 9, 12, 3, 22, 16, 33]]


#################
lambda = 0.5
mu = 1.6
nu = 0.6000000000000001

init = 1157.377
res = 805.303
gap = 3.266

solution = [[0, 33, 16, 22, 3, 12, 9, 2, 18], [0, 32, 28, 31, 25, 17, 19], [0, 21, 13, 10, 7, 6, 15, 14], [0, 29, 8, 11, 23, 1, 27], [0, 20, 4, 26], [0, 24, 30, 5]]


#################
lambda = 0.5
mu = 1.6
nu = 1.6

init = 1159.985
res = 795.666
gap = 2.095

solution = [[0, 33, 16, 22, 3, 12, 9, 2, 18], [0, 21, 32, 28, 31, 25, 13, 10], [0, 27, 23, 1, 29, 14, 20], [0, 7, 6, 15, 8, 11, 19, 17], [0, 4, 26, 5, 30, 24]]


#################
lambda = 0.5
mu = 1.6
nu = 1.8

init = 1156.158
res = 804.017
gap = 3.112

solution = [[0, 32, 28, 31, 25, 17, 19], [0, 18, 2, 9, 12, 3, 22, 16, 33], [0, 20, 4, 26], [0, 15, 8, 11, 23, 27, 1, 29], [0, 21, 13, 10, 7, 6, 14], [0, 5, 30, 24]]


#################
lambda = 0.5
mu = 1.7000000000000002
nu = 0.1

init = 1229.4
res = 805.303
gap = 3.266

solution = [[0, 29, 8, 11, 23, 1, 27], [0, 24, 30, 5], [0, 26, 4, 20], [0, 18, 2, 9, 12, 3, 22, 16, 33], [0, 32, 28, 31, 25, 17, 19], [0, 14, 15, 6, 7, 10, 13, 21]]


#################
lambda = 0.5
mu = 1.7000000000000002
nu = 1.9000000000000001

init = 1187.491
res = 801.903
gap = 2.856

solution = [[0, 5, 30, 24, 29, 6, 7], [0, 14, 15, 8, 11, 23, 1, 27], [0, 26, 4, 20], [0, 18, 2, 9, 12, 3, 22, 16, 33], [0, 19, 17, 25, 31, 28, 32], [0, 21, 13, 10]]


#################
lambda = 0.5
mu = 1.8
nu = 0.1

init = 1161.867
res = 790.812
gap = 1.494

solution = [[0, 18, 2, 9, 12, 3, 22, 16, 33], [0, 21, 32, 28, 31, 25, 13, 10], [0, 27, 1, 23, 11, 19, 17], [0, 7, 6, 15, 8, 29, 14], [0, 20, 4, 26], [0, 24, 30, 5]]


#################
lambda = 0.5
mu = 1.8
nu = 0.30000000000000004

init = 1164.316
res = 804.017
gap = 3.112

solution = [[0, 26, 4, 20], [0, 5, 30, 24], [0, 15, 8, 11, 23, 27, 1, 29], [0, 32, 28, 31, 25, 17, 19], [0, 14, 6, 7, 10, 13, 21], [0, 33, 16, 22, 3, 12, 9, 2, 18]]


#################
lambda = 0.5
mu = 1.8
nu = 1.4000000000000001

init = 1180.75
res = 790.221
gap = 1.42

solution = [[0, 20, 4, 26], [0, 5, 30, 24], [0, 18, 2, 9, 12, 3, 22, 16, 33], [0, 29, 1, 27, 23, 11, 19, 17], [0, 14, 8, 15, 6, 7], [0, 21, 32, 28, 31, 25, 13, 10]]


#################
lambda = 0.5
mu = 1.9000000000000001
nu = 0.1

init = 1092.505
res = 818.578
gap = 4.835

solution = [[0, 30, 24, 27, 1, 23, 11], [0, 10, 13, 6, 15, 8, 29, 14], [0, 7, 19, 17, 25, 31, 28, 32], [0, 33, 2, 16, 22, 9, 12, 3, 21], [0, 5, 26, 4, 20, 18]]


#################
lambda = 0.5
mu = 1.9000000000000001
nu = 0.7000000000000001

init = 1158.119
res = 801.903
gap = 2.856

solution = [[0, 26, 4, 20], [0, 5, 30, 24, 29, 6, 7], [0, 18, 2, 9, 12, 3, 22, 16, 33], [0, 14, 15, 8, 11, 23, 1, 27], [0, 19, 17, 25, 31, 28, 32], [0, 10, 13, 21]]


#################
lambda = 0.5
mu = 1.9000000000000001
nu = 1.0

init = 1230.255
res = 790.221
gap = 1.42

solution = [[0, 21, 32, 28, 31, 25, 13, 10], [0, 29, 1, 27, 23, 11, 19, 17], [0, 26, 4, 20], [0, 33, 16, 22, 3, 12, 9, 2, 18], [0, 7, 6, 15, 8, 14], [0, 5, 30, 24]]


#################
lambda = 0.6000000000000001
mu = 0.6000000000000001
nu = 1.2000000000000002

init = 980.505
res = 820.511
gap = 5.059

solution = [[0, 26, 4], [0, 14, 8, 1, 23, 27, 29], [0, 32, 28, 31, 25, 17, 19, 11, 15], [0, 5, 30, 24], [0, 20, 33, 16, 22, 9, 12, 3], [0, 6, 7, 10, 13, 21, 2, 18]]


#################
lambda = 0.6000000000000001
mu = 0.9
nu = 1.0

init = 1013.351
res = 790.812
gap = 1.494

solution = [[0, 18, 2, 9, 12, 3, 22, 16, 33], [0, 21, 32, 28, 31, 25, 13, 10], [0, 7, 6, 15, 8, 29, 14], [0, 27, 1, 23, 11, 19, 17], [0, 24, 30, 5], [0, 20, 4, 26]]


#################
lambda = 0.6000000000000001
mu = 0.9
nu = 1.3

init = 996.771
res = 788.982
gap = 1.265

solution = [[0, 4, 26, 5, 30, 24], [0, 14, 8, 15, 6, 7, 20], [0, 29, 1, 27, 23, 11, 19, 17], [0, 21, 32, 28, 31, 25, 13, 10], [0, 18, 2, 9, 12, 3, 22, 16, 33]]


#################
lambda = 0.6000000000000001
mu = 1.0
nu = 0.1

init = 961.056
res = 803.946
gap = 3.103

solution = [[0, 11, 19, 17, 25, 31, 28, 32], [0, 5, 30, 24, 27, 23, 29], [0, 7, 6, 15, 8, 1, 14], [0, 21, 13, 10], [0, 26, 4, 20], [0, 18, 2, 9, 12, 3, 22, 16, 33]]


#################
lambda = 0.6000000000000001
mu = 1.2000000000000002
nu = 0.1

init = 958.448
res = 795.877
gap = 2.121

solution = [[0, 18, 2, 9, 12, 3, 22, 16, 33], [0, 17, 19, 11, 8, 15, 6, 7], [0, 27, 23, 1, 29, 14], [0, 5, 30, 24], [0, 26, 4, 20], [0, 21, 32, 28, 31, 25, 13, 10]]


#################
lambda = 0.6000000000000001
mu = 1.3
nu = 0.1

init = 956.562
res = 795.666
gap = 2.095

solution = [[0, 7, 6, 15, 8, 11, 19, 17], [0, 10, 13, 25, 31, 28, 32, 21], [0, 18, 2, 9, 12, 3, 22, 16, 33], [0, 4, 26, 5, 30, 24], [0, 27, 23, 1, 29, 14, 20]]


#################
lambda = 0.6000000000000001
mu = 1.3
nu = 0.9

init = 938.844
res = 790.221
gap = 1.42

solution = [[0, 21, 32, 28, 31, 25, 13, 10], [0, 18, 2, 9, 12, 3, 22, 16, 33], [0, 24, 30, 5], [0, 20, 4, 26], [0, 14, 8, 15, 6, 7], [0, 29, 1, 27, 23, 11, 19, 17]]


#################
lambda = 0.6000000000000001
mu = 1.3
nu = 1.4000000000000001

init = 966.808
res = 809.254
gap = 3.738

solution = [[0, 33, 16, 22, 3, 12, 9, 2, 18], [0, 7, 6, 15, 8, 11, 19, 17], [0, 14, 29, 1, 23, 27], [0, 26, 4, 20], [0, 10, 13, 21, 32, 28, 31, 25], [0, 24, 30, 5]]


#################
lambda = 0.6000000000000001
mu = 1.4000000000000001
nu = 0.1

init = 957.48
res = 790.221
gap = 1.42

solution = [[0, 18, 2, 9, 12, 3, 22, 16, 33], [0, 21, 32, 28, 31, 25, 13, 10], [0, 29, 1, 27, 23, 11, 19, 17], [0, 7, 6, 15, 8, 14], [0, 24, 30, 5], [0, 20, 4, 26]]


#################
lambda = 0.6000000000000001
mu = 1.5
nu = 0.1

init = 971.733
res = 805.303
gap = 3.266

solution = [[0, 18, 2, 9, 12, 3, 22, 16, 33], [0, 19, 17, 25, 31, 28, 32], [0, 26, 4, 20], [0, 5, 30, 24], [0, 14, 15, 6, 7, 10, 13, 21], [0, 29, 8, 11, 23, 1, 27]]


#################
lambda = 0.6000000000000001
mu = 1.5
nu = 1.3

init = 960.505
res = 790.812
gap = 1.494

solution = [[0, 18, 2, 9, 12, 3, 22, 16, 33], [0, 26, 4, 20], [0, 5, 30, 24], [0, 21, 32, 28, 31, 25, 13, 10], [0, 7, 6, 15, 8, 29, 14], [0, 17, 19, 11, 23, 1, 27]]


#################
lambda = 0.6000000000000001
mu = 1.5
nu = 1.5

init = 969.832
res = 805.303
gap = 3.266

solution = [[0, 19, 17, 25, 31, 28, 32], [0, 18, 2, 9, 12, 3, 22, 16, 33], [0, 26, 4, 20], [0, 5, 30, 24], [0, 21, 13, 10, 7, 6, 15, 14], [0, 29, 8, 11, 23, 1, 27]]


#################
lambda = 0.6000000000000001
mu = 1.6
nu = 0.1

init = 1133.099
res = 801.885
gap = 2.854

solution = [[0, 14, 8, 11, 23, 1, 27], [0, 18, 2, 9, 12, 3, 22, 16, 33], [0, 6, 15, 29, 24, 30, 5], [0, 7, 19, 17, 25, 31, 28, 32], [0, 20, 4, 26], [0, 21, 13, 10]]


#################
lambda = 0.6000000000000001
mu = 1.6
nu = 0.30000000000000004

init = 1136.386
res = 804.017
gap = 3.112

solution = [[0, 18, 2, 9, 12, 3, 22, 16, 33], [0, 15, 8, 11, 23, 27, 1, 29], [0, 26, 4, 20], [0, 19, 17, 25, 31, 28, 32], [0, 21, 13, 10, 7, 6, 14], [0, 5, 30, 24]]


#################
lambda = 0.6000000000000001
mu = 1.7000000000000002
nu = 0.1

init = 1097.924
res = 804.017
gap = 3.112

solution = [[0, 19, 17, 25, 31, 28, 32], [0, 33, 16, 22, 3, 12, 9, 2, 18], [0, 20, 4, 26], [0, 29, 1, 27, 23, 11, 8, 15], [0, 5, 30, 24], [0, 21, 13, 10, 7, 6, 14]]


#################
lambda = 0.6000000000000001
mu = 1.7000000000000002
nu = 0.4

init = 1116.656
res = 801.903
gap = 2.856

solution = [[0, 7, 6, 29, 24, 30, 5], [0, 27, 1, 23, 11, 8, 15, 14], [0, 26, 4, 20], [0, 18, 2, 9, 12, 3, 22, 16, 33], [0, 19, 17, 25, 31, 28, 32], [0, 21, 13, 10]]


#################
lambda = 0.6000000000000001
mu = 1.7000000000000002
nu = 0.5

init = 1161.712
res = 803.902
gap = 3.098

solution = [[0, 21, 13, 10], [0, 32, 28, 31, 25, 17, 19, 11], [0, 26, 4, 20], [0, 18, 2, 9, 12, 3, 22, 16, 33], [0, 7, 6, 15, 8, 1, 29], [0, 14, 23, 27, 24, 30, 5]]


#################
lambda = 0.6000000000000001
mu = 1.7000000000000002
nu = 0.6000000000000001

init = 1124.143
res = 805.303
gap = 3.266

solution = [[0, 18, 2, 9, 12, 3, 22, 16, 33], [0, 32, 28, 31, 25, 17, 19], [0, 29, 8, 11, 23, 1, 27], [0, 21, 13, 10, 7, 6, 15, 14], [0, 20, 4, 26], [0, 5, 30, 24]]


#################
lambda = 0.6000000000000001
mu = 1.7000000000000002
nu = 0.9

init = 1115.468
res = 801.903
gap = 2.856

solution = [[0, 5, 30, 24, 29, 6, 7], [0, 26, 4, 20], [0, 18, 2, 9, 12, 3, 22, 16, 33], [0, 27, 1, 23, 11, 8, 15, 14], [0, 10, 13, 21], [0, 32, 28, 31, 25, 17, 19]]


#################
lambda = 0.6000000000000001
mu = 1.8
nu = 0.1

init = 1192.035
res = 804.017
gap = 3.112

solution = [[0, 26, 4, 20], [0, 32, 28, 31, 25, 17, 19], [0, 15, 8, 11, 23, 27, 1, 29], [0, 5, 30, 24], [0, 14, 6, 7, 10, 13, 21], [0, 33, 16, 22, 3, 12, 9, 2, 18]]


#################
lambda = 0.6000000000000001
mu = 1.8
nu = 1.2000000000000002

init = 1165.762
res = 790.221
gap = 1.42

solution = [[0, 33, 16, 22, 3, 12, 9, 2, 18], [0, 24, 30, 5], [0, 29, 1, 27, 23, 11, 19, 17], [0, 26, 4, 20], [0, 7, 6, 15, 8, 14], [0, 10, 13, 25, 31, 28, 32, 21]]


#################
lambda = 0.6000000000000001
mu = 1.8
nu = 1.3

init = 1214.578
res = 781.964
gap = 0.379

solution = [[0, 18, 2, 9, 12, 3, 22, 16, 33], [0, 4, 26, 5, 30, 24], [0, 20, 21, 32, 28, 31, 25, 13], [0, 14, 29, 8, 15, 6, 7], [0, 10, 17, 19, 11, 23, 1, 27]]


#################
lambda = 0.6000000000000001
mu = 1.8
nu = 1.8

init = 1171.271
res = 801.885
gap = 2.854

solution = [[0, 18, 2, 9, 12, 3, 22, 16, 33], [0, 6, 15, 29, 24, 30, 5], [0, 27, 1, 23, 11, 8, 14], [0, 26, 4, 20], [0, 21, 13, 10], [0, 7, 19, 17, 25, 31, 28, 32]]


#################
lambda = 0.6000000000000001
mu = 1.9000000000000001
nu = 0.1

init = 1192.254
res = 805.303
gap = 3.266

solution = [[0, 33, 16, 22, 3, 12, 9, 2, 18], [0, 20, 4, 26], [0, 29, 8, 11, 23, 1, 27], [0, 19, 17, 25, 31, 28, 32], [0, 14, 15, 6, 7, 10, 13, 21], [0, 24, 30, 5]]


#################
lambda = 0.6000000000000001
mu = 1.9000000000000001
nu = 0.5

init = 1219.812
res = 803.946
gap = 3.103

solution = [[0, 29, 23, 27, 24, 30, 5], [0, 18, 2, 9, 12, 3, 22, 16, 33], [0, 7, 6, 15, 8, 1, 14], [0, 26, 4, 20], [0, 10, 13, 21], [0, 11, 19, 17, 25, 31, 28, 32]]


#################
lambda = 0.6000000000000001
mu = 1.9000000000000001
nu = 1.5

init = 1085.304
res = 798.485
gap = 2.44

solution = [[0, 18, 2, 9, 12, 3, 22, 16, 33], [0, 10, 13, 25, 31, 28, 32, 21], [0, 14, 29, 1, 23, 27], [0, 7, 6, 15, 8, 11, 17, 19], [0, 5, 30, 24], [0, 20, 4, 26]]


#################
lambda = 0.7000000000000001
mu = 0.1
nu = 0.1

init = 1024.353
res = 801.885
gap = 2.854

solution = [[0, 33, 16, 22, 3, 12, 9, 2, 18], [0, 6, 15, 29, 24, 30, 5], [0, 27, 1, 23, 11, 8, 14], [0, 20, 4, 26], [0, 10, 13, 21], [0, 7, 19, 17, 25, 31, 28, 32]]


#################
lambda = 0.7000000000000001
mu = 0.1
nu = 1.7000000000000002

init = 958.232
res = 793.566
gap = 1.835

solution = [[0, 15, 8, 11, 23, 27, 1, 29], [0, 19, 17, 25, 31, 28, 32], [0, 4, 26, 5, 30, 24], [0, 20, 21, 13, 10, 7, 6, 14], [0, 18, 2, 9, 12, 3, 22, 16, 33]]


#################
lambda = 0.7000000000000001
mu = 0.1
nu = 1.8

init = 960.674
res = 790.812
gap = 1.494

solution = [[0, 33, 16, 22, 3, 12, 9, 2, 18], [0, 21, 32, 28, 31, 25, 13, 10], [0, 17, 19, 11, 23, 1, 27], [0, 20, 4, 26], [0, 5, 30, 24], [0, 7, 6, 15, 8, 29, 14]]


#################
lambda = 0.7000000000000001
mu = 0.7000000000000001
nu = 1.6

init = 952.51
res = 801.644
gap = 2.825

solution = [[0, 32, 28, 31, 25, 17, 19, 11, 15], [0, 26, 4, 20], [0, 5, 30, 24, 29, 6, 7], [0, 14, 8, 1, 23, 27], [0, 18, 2, 9, 12, 3, 22, 16, 33], [0, 21, 13, 10]]


#################
lambda = 0.7000000000000001
mu = 0.8
nu = 0.7000000000000001

init = 927.631
res = 801.903
gap = 2.856

solution = [[0, 18, 2, 9, 12, 3, 22, 16, 33], [0, 27, 1, 23, 11, 8, 15, 14], [0, 26, 4, 20], [0, 5, 30, 24, 29, 6, 7], [0, 10, 13, 21], [0, 32, 28, 31, 25, 17, 19]]


#################
lambda = 0.7000000000000001
mu = 0.8
nu = 0.9

init = 954.378
res = 801.903
gap = 2.856

solution = [[0, 14, 15, 8, 11, 23, 1, 27], [0, 5, 30, 24, 29, 6, 7], [0, 33, 16, 22, 3, 12, 9, 2, 18], [0, 19, 17, 25, 31, 28, 32], [0, 20, 4, 26], [0, 21, 13, 10]]


#################
lambda = 0.7000000000000001
mu = 0.9
nu = 0.9

init = 970.729
res = 801.644
gap = 2.825

solution = [[0, 26, 4, 20], [0, 32, 28, 31, 25, 17, 19, 11, 15], [0, 5, 30, 24, 29, 6, 7], [0, 27, 23, 1, 8, 14], [0, 10, 13, 21], [0, 18, 2, 9, 12, 3, 22, 16, 33]]


#################
lambda = 0.7000000000000001
mu = 0.9
nu = 1.3

init = 968.381
res = 804.017
gap = 3.112

solution = [[0, 15, 8, 11, 23, 27, 1, 29], [0, 20, 4, 26], [0, 18, 2, 9, 12, 3, 22, 16, 33], [0, 32, 28, 31, 25, 17, 19], [0, 5, 30, 24], [0, 21, 13, 10, 7, 6, 14]]


#################
lambda = 0.7000000000000001
mu = 1.3
nu = 0.1

init = 959.36
res = 790.221
gap = 1.42

solution = [[0, 18, 2, 9, 12, 3, 22, 16, 33], [0, 24, 30, 5], [0, 20, 4, 26], [0, 17, 19, 11, 23, 27, 1, 29], [0, 21, 32, 28, 31, 25, 13, 10], [0, 7, 6, 15, 8, 14]]


#################
lambda = 0.7000000000000001
mu = 1.3
nu = 0.2

init = 957.024
res = 795.666
gap = 2.095

solution = [[0, 4, 26, 5, 30, 24], [0, 27, 23, 1, 29, 14, 20], [0, 7, 6, 15, 8, 11, 19, 17], [0, 21, 32, 28, 31, 25, 13, 10], [0, 18, 2, 9, 12, 3, 22, 16, 33]]


#################
lambda = 0.7000000000000001
mu = 1.6
nu = 0.1

init = 981.061
res = 790.812
gap = 1.494

solution = [[0, 18, 2, 9, 12, 3, 22, 16, 33], [0, 21, 32, 28, 31, 25, 13, 10], [0, 27, 1, 23, 11, 19, 17], [0, 14, 29, 8, 15, 6, 7], [0, 5, 30, 24], [0, 20, 4, 26]]


#################
lambda = 0.7000000000000001
mu = 1.7000000000000002
nu = 0.1

init = 1112.853
res = 805.303
gap = 3.266

solution = [[0, 32, 28, 31, 25, 17, 19], [0, 18, 2, 9, 12, 3, 22, 16, 33], [0, 20, 4, 26], [0, 24, 30, 5], [0, 14, 15, 6, 7, 10, 13, 21], [0, 29, 8, 11, 23, 1, 27]]


#################
lambda = 0.7000000000000001
mu = 1.7000000000000002
nu = 0.4

init = 1118.68
res = 801.903
gap = 2.856

solution = [[0, 18, 2, 9, 12, 3, 22, 16, 33], [0, 26, 4, 20], [0, 14, 15, 8, 11, 23, 1, 27], [0, 5, 30, 24, 29, 6, 7], [0, 21, 13, 10], [0, 19, 17, 25, 31, 28, 32]]


#################
lambda = 0.7000000000000001
mu = 1.7000000000000002
nu = 1.8

init = 1110.055
res = 795.666
gap = 2.095

solution = [[0, 4, 26, 5, 30, 24], [0, 27, 23, 1, 29, 14, 20], [0, 7, 6, 15, 8, 11, 19, 17], [0, 21, 32, 28, 31, 25, 13, 10], [0, 18, 2, 9, 12, 3, 22, 16, 33]]


#################
lambda = 0.7000000000000001
mu = 1.8
nu = 0.1

init = 1142.47
res = 804.017
gap = 3.112

solution = [[0, 26, 4, 20], [0, 32, 28, 31, 25, 17, 19], [0, 15, 8, 11, 23, 27, 1, 29], [0, 24, 30, 5], [0, 21, 13, 10, 7, 6, 14], [0, 18, 2, 9, 12, 3, 22, 16, 33]]


#################
lambda = 0.7000000000000001
mu = 1.8
nu = 0.2

init = 1164.586
res = 808.259
gap = 3.62

solution = [[0, 15, 11, 19, 17, 25, 31, 28, 32], [0, 18, 2, 9, 12, 3, 22, 16, 33], [0, 14, 7, 29, 24, 30, 5], [0, 6, 8, 1, 27, 23], [0, 26, 4, 20], [0, 21, 13, 10]]


#################
lambda = 0.7000000000000001
mu = 1.8
nu = 0.7000000000000001

init = 1120.92
res = 790.221
gap = 1.42

solution = [[0, 18, 2, 9, 12, 3, 22, 16, 33], [0, 21, 32, 28, 31, 25, 13, 10], [0, 20, 4, 26], [0, 29, 1, 27, 23, 11, 19, 17], [0, 5, 30, 24], [0, 14, 8, 15, 6, 7]]


#################
lambda = 0.7000000000000001
mu = 1.8
nu = 0.8

init = 1154.429
res = 803.946
gap = 3.103

solution = [[0, 29, 23, 27, 24, 30, 5], [0, 26, 4, 20], [0, 7, 6, 15, 8, 1, 14], [0, 11, 19, 17, 25, 31, 28, 32], [0, 18, 2, 9, 12, 3, 22, 16, 33], [0, 10, 13, 21]]


#################
lambda = 0.7000000000000001
mu = 1.8
nu = 1.0

init = 1180.257
res = 795.666
gap = 2.095

solution = [[0, 4, 26, 5, 30, 24], [0, 27, 23, 1, 29, 14, 20], [0, 7, 6, 15, 8, 11, 19, 17], [0, 33, 16, 22, 3, 12, 9, 2, 18], [0, 10, 13, 25, 31, 28, 32, 21]]


#################
lambda = 0.7000000000000001
mu = 1.9000000000000001
nu = 0.1

init = 1151.336
res = 807.117
gap = 3.484

solution = [[0, 18, 2, 9, 12, 3, 22, 16, 33], [0, 20, 4, 26], [0, 24, 30, 5], [0, 7, 6, 15, 1, 23, 27, 14], [0, 29, 8, 11, 19, 17, 13, 10], [0, 21, 32, 28, 31, 25]]


#################
lambda = 0.7000000000000001
mu = 1.9000000000000001
nu = 1.8

init = 1084.169
res = 803.946
gap = 3.103

solution = [[0, 11, 19, 17, 25, 31, 28, 32], [0, 7, 6, 15, 8, 1, 14], [0, 5, 30, 24, 27, 23, 29], [0, 26, 4, 20], [0, 21, 13, 10], [0, 33, 16, 22, 3, 12, 9, 2, 18]]


#################
lambda = 0.7000000000000001
mu = 1.9000000000000001
nu = 1.9000000000000001

init = 1182.097
res = 790.221
gap = 1.42

solution = [[0, 26, 4, 20], [0, 18, 2, 9, 12, 3, 22, 16, 33], [0, 29, 1, 27, 23, 11, 19, 17], [0, 10, 13, 25, 31, 28, 32, 21], [0, 24, 30, 5], [0, 7, 6, 15, 8, 14]]


#################
lambda = 0.8
mu = 0.7000000000000001
nu = 0.1

init = 958.298
res = 804.017
gap = 3.112

solution = [[0, 32, 28, 31, 25, 17, 19], [0, 15, 8, 11, 23, 27, 1, 29], [0, 26, 4, 20], [0, 5, 30, 24], [0, 21, 13, 10, 7, 6, 14], [0, 18, 2, 9, 12, 3, 22, 16, 33]]


#################
lambda = 0.8
mu = 1.7000000000000002
nu = 0.1

init = 970.815
res = 790.812
gap = 1.494

solution = [[0, 7, 6, 15, 8, 29, 14], [0, 27, 1, 23, 11, 19, 17], [0, 33, 16, 22, 3, 12, 9, 2, 18], [0, 26, 4, 20], [0, 21, 32, 28, 31, 25, 13, 10], [0, 5, 30, 24]]


#################
lambda = 0.8
mu = 1.8
nu = 0.4

init = 977.56
res = 790.812
gap = 1.494

solution = [[0, 18, 2, 9, 12, 3, 22, 16, 33], [0, 21, 32, 28, 31, 25, 13, 10], [0, 27, 1, 23, 11, 19, 17], [0, 7, 6, 15, 8, 29, 14], [0, 5, 30, 24], [0, 20, 4, 26]]


#################
lambda = 0.8
mu = 1.8
nu = 1.0

init = 1122.746
res = 803.946
gap = 3.103

solution = [[0, 5, 30, 24, 27, 23, 29], [0, 26, 4, 20], [0, 11, 19, 17, 25, 31, 28, 32], [0, 18, 2, 9, 12, 3, 22, 16, 33], [0, 10, 13, 21], [0, 7, 6, 15, 8, 1, 14]]


#################
lambda = 0.8
mu = 1.8
nu = 1.8

init = 1090.882
res = 794.851
gap = 1.994

solution = [[0, 19, 17, 25, 31, 28, 32], [0, 29, 8, 11, 23, 1, 27], [0, 24, 30, 5, 26, 4], [0, 14, 15, 6, 7, 10, 13, 21, 20], [0, 18, 2, 9, 12, 3, 22, 16, 33]]


#################
lambda = 0.8
mu = 1.9000000000000001
nu = 0.1

init = 1088.507
res = 790.812
gap = 1.494

solution = [[0, 33, 16, 22, 3, 12, 9, 2, 18], [0, 21, 32, 28, 31, 25, 13, 10], [0, 7, 6, 15, 8, 29, 14], [0, 27, 1, 23, 11, 19, 17], [0, 24, 30, 5], [0, 20, 4, 26]]


#################
lambda = 0.8
mu = 1.9000000000000001
nu = 0.8

init = 1137.265
res = 805.303
gap = 3.266

solution = [[0, 19, 17, 25, 31, 28, 32], [0, 33, 16, 22, 3, 12, 9, 2, 18], [0, 5, 30, 24], [0, 20, 4, 26], [0, 21, 13, 10, 7, 6, 15, 14], [0, 29, 8, 11, 23, 1, 27]]


#################
lambda = 0.8
mu = 1.9000000000000001
nu = 1.2000000000000002

init = 1115.383
res = 804.017
gap = 3.112

solution = [[0, 19, 17, 25, 31, 28, 32], [0, 18, 2, 9, 12, 3, 22, 16, 33], [0, 15, 8, 11, 23, 27, 1, 29], [0, 14, 6, 7, 10, 13, 21], [0, 26, 4, 20], [0, 5, 30, 24]]


#################
lambda = 0.8
mu = 1.9000000000000001
nu = 1.4000000000000001

init = 1125.001
res = 820.511
gap = 5.059

solution = [[0, 18, 2, 9, 12, 3, 22, 16, 33], [0, 19, 17, 25, 31, 28, 32], [0, 26, 4, 20], [0, 21, 13, 10, 14], [0, 23, 11, 8, 15, 6, 7], [0, 29, 1, 27, 24, 30, 5]]


#################
lambda = 0.8
mu = 1.9000000000000001
nu = 1.9000000000000001

init = 1194.416
res = 802.372
gap = 2.913

solution = [[0, 30, 24, 27, 1, 23, 11], [0, 14, 6, 15, 8, 29, 5], [0, 18, 2, 9, 12, 3, 22, 16, 33], [0, 7, 19, 17, 25, 31, 28, 32], [0, 26, 4, 20, 21, 13, 10]]


#################
lambda = 0.9
mu = 0.30000000000000004
nu = 0.1

init = 949.236
res = 804.017
gap = 3.112

solution = [[0, 33, 16, 22, 3, 12, 9, 2, 18], [0, 19, 17, 25, 31, 28, 32], [0, 15, 8, 11, 23, 27, 1, 29], [0, 26, 4, 20], [0, 24, 30, 5], [0, 14, 6, 7, 10, 13, 21]]


#################
lambda = 0.9
mu = 0.30000000000000004
nu = 0.8

init = 990.991
res = 804.017
gap = 3.112

solution = [[0, 26, 4, 20], [0, 15, 8, 11, 23, 27, 1, 29], [0, 32, 28, 31, 25, 17, 19], [0, 33, 16, 22, 3, 12, 9, 2, 18], [0, 21, 13, 10, 7, 6, 14], [0, 5, 30, 24]]


#################
lambda = 0.9
mu = 1.1
nu = 1.0

init = 992.066
res = 788.982
gap = 1.265

solution = [[0, 33, 16, 22, 3, 12, 9, 2, 18], [0, 17, 19, 11, 23, 27, 1, 29], [0, 4, 26, 5, 30, 24], [0, 10, 13, 25, 31, 28, 32, 21], [0, 20, 7, 6, 15, 8, 14]]


#################
lambda = 0.9
mu = 1.1
nu = 1.6

init = 989.908
res = 803.241
gap = 3.018

solution = [[0, 18, 2, 9, 12, 3, 22, 16, 33], [0, 26, 4, 20], [0, 17, 19, 11, 8, 29, 14], [0, 21, 32, 28, 31, 25, 13, 10], [0, 24, 30, 5], [0, 7, 6, 15, 1, 23, 27]]


#################
lambda = 1.0
mu = 0.1
nu = 0.1

init = 939.458
res = 804.017
gap = 3.112

solution = [[0, 26, 4, 20], [0, 32, 28, 31, 25, 17, 19], [0, 24, 30, 5], [0, 15, 8, 11, 23, 27, 1, 29], [0, 21, 13, 10, 7, 6, 14], [0, 18, 2, 9, 12, 3, 22, 16, 33]]


#################
lambda = 1.0
mu = 0.4
nu = 1.2000000000000002

init = 947.403
res = 790.221
gap = 1.42

solution = [[0, 18, 2, 9, 12, 3, 22, 16, 33], [0, 29, 1, 27, 23, 11, 19, 17], [0, 26, 4, 20], [0, 7, 6, 15, 8, 14], [0, 21, 32, 28, 31, 25, 13, 10], [0, 24, 30, 5]]


#################
lambda = 1.0
mu = 0.5
nu = 1.9000000000000001

init = 978.874
res = 804.017
gap = 3.112

solution = [[0, 15, 8, 11, 23, 27, 1, 29], [0, 18, 2, 9, 12, 3, 22, 16, 33], [0, 19, 17, 25, 31, 28, 32], [0, 20, 4, 26], [0, 24, 30, 5], [0, 14, 6, 7, 10, 13, 21]]


#################
lambda = 1.0
mu = 1.1
nu = 1.5

init = 1014.224
res = 801.903
gap = 2.856

solution = [[0, 14, 15, 8, 11, 23, 1, 27], [0, 7, 6, 29, 24, 30, 5], [0, 18, 2, 9, 12, 3, 22, 16, 33], [0, 26, 4, 20], [0, 32, 28, 31, 25, 17, 19], [0, 10, 13, 21]]


#################
lambda = 1.0
mu = 1.3
nu = 0.8

init = 1016.403
res = 805.303
gap = 3.266

solution = [[0, 5, 30, 24], [0, 19, 17, 25, 31, 28, 32], [0, 18, 2, 9, 12, 3, 22, 16, 33], [0, 20, 4, 26], [0, 29, 8, 11, 23, 1, 27], [0, 21, 13, 10, 7, 6, 15, 14]]


#################
lambda = 1.0
mu = 1.4000000000000001
nu = 0.1

init = 1001.649
res = 830.965
gap = 6.254

solution = [[0, 23, 11, 8, 15, 6, 14], [0, 7, 29, 1, 27, 24, 30, 5], [0, 19, 17, 25, 31, 28, 32], [0, 20, 33, 2, 16, 22, 9, 12, 3], [0, 10, 13, 21, 18], [0, 26, 4]]


#################
lambda = 1.0
mu = 1.9000000000000001
nu = 1.9000000000000001

init = 980.183
res = 790.812
gap = 1.494

solution = [[0, 18, 2, 9, 12, 3, 22, 16, 33], [0, 26, 4, 20], [0, 5, 30, 24], [0, 7, 6, 15, 8, 29, 14], [0, 21, 32, 28, 31, 25, 13, 10], [0, 27, 1, 23, 11, 19, 17]]


#################
lambda = 1.1
mu = 0.1
nu = 0.1

init = 913.524
res = 795.666
gap = 2.095

solution = [[0, 24, 30, 5, 26, 4], [0, 7, 6, 15, 8, 11, 19, 17], [0, 27, 23, 1, 29, 14, 20], [0, 21, 32, 28, 31, 25, 13, 10], [0, 18, 2, 9, 12, 3, 22, 16, 33]]


#################
lambda = 1.1
mu = 0.1
nu = 0.7000000000000001

init = 938.7
res = 801.903
gap = 2.856

solution = [[0, 27, 1, 23, 11, 8, 15, 14], [0, 5, 30, 24, 29, 6, 7], [0, 19, 17, 25, 31, 28, 32], [0, 26, 4, 20], [0, 21, 13, 10], [0, 18, 2, 9, 12, 3, 22, 16, 33]]


#################
lambda = 1.1
mu = 0.1
nu = 1.2000000000000002

init = 926.7
res = 793.566
gap = 1.835

solution = [[0, 19, 17, 25, 31, 28, 32], [0, 15, 8, 11, 23, 27, 1, 29], [0, 4, 26, 5, 30, 24], [0, 20, 21, 13, 10, 7, 6, 14], [0, 18, 2, 9, 12, 3, 22, 16, 33]]


#################
lambda = 1.1
mu = 1.2000000000000002
nu = 1.6

init = 953.686
res = 807.772
gap = 3.562

solution = [[0, 18, 2, 9, 12, 3, 22, 16, 33], [0, 7, 6, 15, 8, 29, 14], [0, 19, 17, 31, 28, 32, 21], [0, 27, 1, 23, 11, 25, 13, 10], [0, 20, 4, 26], [0, 5, 30, 24]]


#################
lambda = 1.1
mu = 1.4000000000000001
nu = 0.1

init = 975.227
res = 805.303
gap = 3.266

solution = [[0, 32, 28, 31, 25, 17, 19], [0, 18, 2, 9, 12, 3, 22, 16, 33], [0, 20, 4, 26], [0, 24, 30, 5], [0, 14, 15, 6, 7, 10, 13, 21], [0, 29, 8, 11, 23, 1, 27]]


#################
lambda = 1.1
mu = 1.5
nu = 0.1

init = 984.415
res = 803.902
gap = 3.098

solution = [[0, 5, 30, 24, 27, 23, 14], [0, 29, 1, 8, 15, 6, 7], [0, 26, 4, 20], [0, 11, 19, 17, 25, 31, 28, 32], [0, 18, 2, 9, 12, 3, 22, 16, 33], [0, 10, 13, 21]]


#################
lambda = 1.1
mu = 1.6
nu = 0.1

init = 1045.911
res = 821.109
gap = 5.128

solution = [[0, 20, 33, 16, 22, 9, 12, 3], [0, 4, 26], [0, 15, 8, 11, 23, 27, 1, 29], [0, 32, 28, 31, 25, 17, 19], [0, 18, 2, 21, 13, 10, 7, 6, 14], [0, 5, 30, 24]]


#################
lambda = 1.1
mu = 1.9000000000000001
nu = 0.5

init = 965.325
res = 805.303
gap = 3.266

solution = [[0, 32, 28, 31, 25, 17, 19], [0, 5, 30, 24], [0, 29, 8, 11, 23, 1, 27], [0, 26, 4, 20], [0, 14, 15, 6, 7, 10, 13, 21], [0, 18, 2, 9, 12, 3, 22, 16, 33]]


#################
lambda = 1.1
mu = 1.9000000000000001
nu = 1.5

init = 975.571
res = 804.017
gap = 3.112

solution = [[0, 33, 16, 22, 3, 12, 9, 2, 18], [0, 15, 8, 11, 23, 27, 1, 29], [0, 26, 4, 20], [0, 5, 30, 24], [0, 19, 17, 25, 31, 28, 32], [0, 14, 6, 7, 10, 13, 21]]


#################
lambda = 1.1
mu = 1.9000000000000001
nu = 1.9000000000000001

init = 962.384
res = 790.812
gap = 1.494

solution = [[0, 18, 2, 9, 12, 3, 22, 16, 33], [0, 20, 4, 26], [0, 24, 30, 5], [0, 7, 6, 15, 8, 29, 14], [0, 27, 1, 23, 11, 19, 17], [0, 21, 32, 28, 31, 25, 13, 10]]


#################
lambda = 1.2000000000000002
mu = 0.1
nu = 1.4000000000000001

init = 974.334
res = 804.017
gap = 3.112

solution = [[0, 19, 17, 25, 31, 28, 32], [0, 15, 8, 11, 23, 27, 1, 29], [0, 24, 30, 5], [0, 18, 2, 9, 12, 3, 22, 16, 33], [0, 21, 13, 10, 7, 6, 14], [0, 20, 4, 26]]


#################
lambda = 1.2000000000000002
mu = 0.1
nu = 1.8

init = 954.274
res = 804.017
gap = 3.112

solution = [[0, 32, 28, 31, 25, 17, 19], [0, 18, 2, 9, 12, 3, 22, 16, 33], [0, 15, 8, 11, 23, 27, 1, 29], [0, 26, 4, 20], [0, 24, 30, 5], [0, 14, 6, 7, 10, 13, 21]]


#################
lambda = 1.2000000000000002
mu = 1.2000000000000002
nu = 0.1

init = 956.662
res = 803.902
gap = 3.098

solution = [[0, 5, 30, 24, 27, 23, 14], [0, 29, 1, 8, 15, 6, 7], [0, 26, 4, 20], [0, 11, 19, 17, 25, 31, 28, 32], [0, 18, 2, 9, 12, 3, 22, 16, 33], [0, 10, 13, 21]]


#################
lambda = 1.2000000000000002
mu = 1.7000000000000002
nu = 0.1

init = 985.312
res = 803.946
gap = 3.103

solution = [[0, 18, 2, 9, 12, 3, 22, 16, 33], [0, 7, 6, 15, 8, 1, 14], [0, 5, 30, 24, 27, 23, 29], [0, 26, 4, 20], [0, 11, 19, 17, 25, 31, 28, 32], [0, 21, 13, 10]]


#################
lambda = 1.2000000000000002
mu = 1.9000000000000001
nu = 0.5

init = 952.138
res = 790.812
gap = 1.494

solution = [[0, 18, 2, 9, 12, 3, 22, 16, 33], [0, 21, 32, 28, 31, 25, 13, 10], [0, 7, 6, 15, 8, 29, 14], [0, 27, 1, 23, 11, 19, 17], [0, 20, 4, 26], [0, 5, 30, 24]]


#################
lambda = 1.3
mu = 0.4
nu = 0.1

init = 938.292
res = 795.666
gap = 2.095

solution = [[0, 7, 6, 15, 8, 11, 19, 17], [0, 27, 23, 1, 29, 14, 20], [0, 24, 30, 5, 26, 4], [0, 21, 32, 28, 31, 25, 13, 10], [0, 18, 2, 9, 12, 3, 22, 16, 33]]


#################
lambda = 1.3
mu = 1.1
nu = 0.1

init = 939.086
res = 810.092
gap = 3.838

solution = [[0, 32, 28, 31, 25, 17, 19, 29], [0, 5, 30, 24, 27, 1, 14], [0, 23, 11, 8, 15, 6, 7], [0, 18, 2, 9, 12, 3, 22, 16, 33], [0, 10, 13, 21], [0, 26, 4, 20]]


#################
lambda = 1.3
mu = 1.2000000000000002
nu = 0.1

init = 958.928
res = 805.303
gap = 3.266

solution = [[0, 18, 2, 9, 12, 3, 22, 16, 33], [0, 32, 28, 31, 25, 17, 19], [0, 24, 30, 5], [0, 20, 4, 26], [0, 29, 8, 11, 23, 1, 27], [0, 21, 13, 10, 7, 6, 15, 14]]


#################
lambda = 1.3
mu = 1.2000000000000002
nu = 0.7000000000000001

init = 955.952
res = 805.303
gap = 3.266

solution = [[0, 20, 4, 26], [0, 19, 17, 25, 31, 28, 32], [0, 29, 8, 11, 23, 1, 27], [0, 24, 30, 5], [0, 14, 15, 6, 7, 10, 13, 21], [0, 18, 2, 9, 12, 3, 22, 16, 33]]


#################
lambda = 1.3
mu = 1.7000000000000002
nu = 1.4000000000000001

init = 993.939
res = 804.017
gap = 3.112

solution = [[0, 15, 8, 11, 23, 27, 1, 29], [0, 26, 4, 20], [0, 33, 16, 22, 3, 12, 9, 2, 18], [0, 32, 28, 31, 25, 17, 19], [0, 5, 30, 24], [0, 21, 13, 10, 7, 6, 14]]


#################
lambda = 1.4000000000000001
mu = 0.1
nu = 0.1

init = 974.756
res = 805.303
gap = 3.266

solution = [[0, 29, 8, 11, 23, 1, 27], [0, 21, 13, 10, 7, 6, 15, 14], [0, 33, 16, 22, 3, 12, 9, 2, 18], [0, 26, 4, 20], [0, 5, 30, 24], [0, 19, 17, 25, 31, 28, 32]]


#################
lambda = 1.4000000000000001
mu = 0.2
nu = 0.1

init = 974.631
res = 804.017
gap = 3.112

solution = [[0, 18, 2, 9, 12, 3, 22, 16, 33], [0, 32, 28, 31, 25, 17, 19], [0, 15, 8, 11, 23, 27, 1, 29], [0, 20, 4, 26], [0, 14, 6, 7, 10, 13, 21], [0, 5, 30, 24]]


#################
lambda = 1.4000000000000001
mu = 0.4
nu = 0.8

init = 967.052
res = 790.221
gap = 1.42

solution = [[0, 18, 2, 9, 12, 3, 22, 16, 33], [0, 29, 1, 27, 23, 11, 19, 17], [0, 20, 4, 26], [0, 24, 30, 5], [0, 10, 13, 25, 31, 28, 32, 21], [0, 14, 8, 15, 6, 7]]


#################
lambda = 1.4000000000000001
mu = 1.4000000000000001
nu = 0.8

init = 990.587
res = 805.303
gap = 3.266

solution = [[0, 32, 28, 31, 25, 17, 19], [0, 5, 30, 24], [0, 29, 8, 11, 23, 1, 27], [0, 26, 4, 20], [0, 14, 15, 6, 7, 10, 13, 21], [0, 18, 2, 9, 12, 3, 22, 16, 33]]


#################
lambda = 1.4000000000000001
mu = 1.9000000000000001
nu = 0.1

init = 988.664
res = 804.017
gap = 3.112

solution = [[0, 32, 28, 31, 25, 17, 19], [0, 15, 8, 11, 23, 27, 1, 29], [0, 18, 2, 9, 12, 3, 22, 16, 33], [0, 20, 4, 26], [0, 14, 6, 7, 10, 13, 21], [0, 5, 30, 24]]

execution : 614 s
