Aretes fixées après apprentissage pour cette exécution
Fixed edges = [[0, 19, 17, 25, 31, 28, 0], [0, 23, 27, 0], [0, 16, 22, 0], [0, 9, 12, 3, 0], [0, 4, 26, 0], [0, 5, 30, 0], [0, 1, 29, 0], [0, 11, 8, 15, 0], [0, 2, 0], [0, 6, 0], [0, 7, 0], [0, 10, 0], [0, 13, 0], [0, 14, 0], [0, 18, 0], [0, 20, 0], [0, 21, 0], [0, 24, 0], [0, 32, 0], [0, 33, 0]]
Time = 0.2940669059753418


#################

init = 1004.388
res = 801.903
gap = -948.007

solution = [[0, 18, 2, 9, 12, 3, 22, 16, 33], [0, 19, 17, 25, 31, 28, 32], [0, 5, 30, 24, 29, 6, 7], [0, 27, 1, 23, 11, 8, 15, 14], [0, 20, 4, 26], [0, 21, 13, 10]]


#################

init = 1004.388
res = 801.903
gap = -948.007

solution = [[0, 18, 2, 9, 12, 3, 22, 16, 33], [0, 19, 17, 25, 31, 28, 32], [0, 5, 30, 24, 29, 6, 7], [0, 27, 1, 23, 11, 8, 15, 14], [0, 10, 13, 21], [0, 26, 4, 20]]


#################

init = 1004.388
res = 805.303
gap = -943.582

solution = [[0, 19, 17, 25, 31, 28, 32], [0, 18, 2, 9, 12, 3, 22, 16, 33], [0, 20, 4, 26], [0, 5, 30, 24], [0, 29, 8, 11, 23, 1, 27], [0, 14, 15, 6, 7, 10, 13, 21]]


#################

init = 1004.388
res = 801.903
gap = -948.007

solution = [[0, 18, 2, 9, 12, 3, 22, 16, 33], [0, 19, 17, 25, 31, 28, 32], [0, 5, 30, 24, 29, 6, 7], [0, 27, 1, 23, 11, 8, 15, 14], [0, 10, 13, 21], [0, 20, 4, 26]]


#################

init = 1004.388
res = 801.644
gap = -948.345

solution = [[0, 18, 2, 9, 12, 3, 22, 16, 33], [0, 26, 4, 20], [0, 7, 6, 29, 24, 30, 5], [0, 14, 8, 1, 23, 27], [0, 32, 28, 31, 25, 17, 19, 11, 15], [0, 10, 13, 21]]


#################

init = 869.147
res = 794.773
gap = -957.408

solution = [[0, 15, 8, 11, 23, 27, 1, 29], [0, 18, 2, 9, 12, 3, 22, 16, 33], [0, 26, 4, 20, 21, 13, 10], [0, 5, 30, 24, 6, 7, 14], [0, 32, 28, 31, 25, 17, 19]]


#################

init = 869.147
res = 794.773
gap = -957.408

solution = [[0, 19, 17, 25, 31, 28, 32], [0, 15, 8, 11, 23, 27, 1, 29], [0, 5, 30, 24, 6, 7, 14], [0, 18, 2, 9, 12, 3, 22, 16, 33], [0, 26, 4, 20, 21, 13, 10]]


#################

init = 869.147
res = 790.629
gap = -962.952

solution = [[0, 19, 17, 25, 31, 28, 32], [0, 5, 30, 24, 29, 6, 7], [0, 14, 15, 8, 11, 23, 1, 27], [0, 18, 2, 9, 12, 3, 22, 16, 33], [0, 26, 4, 20, 21, 13, 10]]


#################

init = 869.147
res = 786.797
gap = -968.129

solution = [[0, 10, 13, 28, 31, 25, 17, 19], [0, 27, 1, 23, 11, 8, 15, 14], [0, 5, 30, 24, 29, 6, 7], [0, 26, 4, 33, 16, 20], [0, 21, 32, 3, 12, 9, 22, 2, 18]]


#################

init = 869.147
res = 794.773
gap = -957.408

solution = [[0, 19, 17, 25, 31, 28, 32], [0, 15, 8, 11, 23, 27, 1, 29], [0, 5, 30, 24, 6, 7, 14], [0, 18, 2, 9, 12, 3, 22, 16, 33], [0, 26, 4, 20, 21, 13, 10]]


#################

init = 932.365
res = 790.37
gap = -963.3

solution = [[0, 33, 16, 22, 3, 12, 9, 2, 18], [0, 5, 30, 24, 29, 6, 7], [0, 27, 23, 1, 8, 14], [0, 15, 11, 19, 17, 25, 31, 28, 32], [0, 26, 4, 20, 21, 13, 10]]


#################

init = 932.365
res = 799.678
gap = -950.922

solution = [[0, 10, 19, 17, 25, 31, 28, 32], [0, 15, 8, 11, 23, 27, 1, 29], [0, 24, 30, 5, 26, 4], [0, 20, 33, 16, 22, 3, 12, 9], [0, 18, 2, 21, 13, 7, 6, 14]]


#################

init = 932.365
res = 791.128
gap = -962.281

solution = [[0, 24, 30, 5, 26, 4], [0, 2, 9, 12, 3, 22, 16, 33, 20], [0, 15, 8, 11, 23, 27, 1, 29], [0, 14, 6, 7, 13, 21, 18], [0, 10, 19, 17, 25, 31, 28, 32]]


#################

init = 932.365
res = 791.128
gap = -962.281

solution = [[0, 2, 9, 12, 3, 22, 16, 33, 20], [0, 15, 8, 11, 23, 27, 1, 29], [0, 24, 30, 5, 26, 4], [0, 10, 19, 17, 25, 31, 28, 32], [0, 18, 21, 13, 7, 6, 14]]


#################

init = 932.365
res = 791.128
gap = -962.281

solution = [[0, 15, 8, 11, 23, 27, 1, 29], [0, 24, 30, 5, 26, 4], [0, 2, 9, 12, 3, 22, 16, 33, 20], [0, 10, 19, 17, 25, 31, 28, 32], [0, 18, 21, 13, 7, 6, 14]]


#################

init = 877.236
res = 792.386
gap = -960.594

solution = [[0, 27, 23, 1, 8, 29, 14], [0, 32, 28, 31, 25, 17, 19, 11, 15], [0, 2, 9, 12, 3, 22, 16, 33, 20], [0, 24, 30, 5, 26, 4], [0, 6, 7, 10, 13, 21, 18]]


#################

init = 877.236
res = 792.386
gap = -960.594

solution = [[0, 27, 23, 1, 8, 29, 14], [0, 32, 28, 31, 25, 17, 19, 11, 15], [0, 2, 9, 12, 3, 22, 16, 33, 20], [0, 24, 30, 5, 26, 4], [0, 6, 7, 10, 13, 21, 18]]


#################

init = 877.236
res = 791.94
gap = -961.191

solution = [[0, 29, 27, 23, 1, 8, 14], [0, 32, 28, 31, 25, 17, 19, 11, 15], [0, 2, 9, 12, 3, 22, 16, 33, 20], [0, 6, 7, 10, 13, 21, 18], [0, 24, 30, 5, 26, 4]]


#################

init = 877.236
res = 791.94
gap = -961.191

solution = [[0, 14, 8, 1, 23, 27, 29], [0, 2, 9, 12, 3, 22, 16, 33, 20], [0, 24, 30, 5, 26, 4], [0, 32, 28, 31, 25, 17, 19, 11, 15], [0, 6, 7, 10, 13, 21, 18]]


#################

init = 877.236
res = 791.94
gap = -961.191

solution = [[0, 32, 28, 31, 25, 17, 19, 11, 15], [0, 14, 8, 1, 23, 27, 29], [0, 24, 30, 5, 26, 4], [0, 6, 7, 10, 13, 21, 18], [0, 2, 9, 12, 3, 22, 16, 33, 20]]


#################

init = 993.943
res = 790.37
gap = -963.3

solution = [[0, 18, 2, 9, 12, 3, 22, 16, 33], [0, 27, 23, 1, 8, 14], [0, 7, 6, 29, 24, 30, 5], [0, 15, 11, 19, 17, 25, 31, 28, 32], [0, 26, 4, 20, 21, 13, 10]]


#################

init = 993.943
res = 790.37
gap = -963.3

solution = [[0, 15, 11, 19, 17, 25, 31, 28, 32], [0, 27, 23, 1, 8, 14], [0, 7, 6, 29, 24, 30, 5], [0, 26, 4, 20, 21, 13, 10], [0, 18, 2, 9, 12, 3, 22, 16, 33]]


#################

init = 993.943
res = 790.37
gap = -963.3

solution = [[0, 15, 11, 19, 17, 25, 31, 28, 32], [0, 27, 23, 1, 8, 14], [0, 7, 6, 29, 24, 30, 5], [0, 26, 4, 20, 21, 13, 10], [0, 18, 2, 9, 12, 3, 22, 16, 33]]


#################

init = 993.943
res = 791.128
gap = -962.281

solution = [[0, 20, 33, 16, 22, 3, 12, 9, 2], [0, 24, 30, 5, 26, 4], [0, 29, 1, 27, 23, 11, 8, 15], [0, 10, 19, 17, 25, 31, 28, 32], [0, 18, 21, 13, 7, 6, 14]]


#################

init = 993.943
res = 790.37
gap = -963.3

solution = [[0, 15, 11, 19, 17, 25, 31, 28, 32], [0, 27, 23, 1, 8, 14], [0, 7, 6, 29, 24, 30, 5], [0, 26, 4, 20, 21, 13, 10], [0, 33, 16, 22, 3, 12, 9, 2, 18]]


#################

init = 857.419
res = 791.94
gap = -961.191

solution = [[0, 14, 8, 1, 23, 27, 29], [0, 2, 9, 12, 3, 22, 16, 33, 20], [0, 24, 30, 5, 26, 4], [0, 6, 7, 10, 13, 21, 18], [0, 32, 28, 31, 25, 17, 19, 11, 15]]


#################

init = 857.419
res = 791.94
gap = -961.191

solution = [[0, 14, 8, 1, 23, 27, 29], [0, 24, 30, 5, 26, 4], [0, 15, 11, 19, 17, 25, 31, 28, 32], [0, 2, 9, 12, 3, 22, 16, 33, 20], [0, 6, 7, 10, 13, 21, 18]]


#################

init = 857.419
res = 792.386
gap = -960.594

solution = [[0, 32, 28, 31, 25, 17, 19, 11, 15], [0, 27, 23, 1, 8, 29, 14], [0, 24, 30, 5, 26, 4], [0, 2, 9, 12, 3, 22, 16, 33, 20], [0, 6, 7, 10, 13, 21, 18]]


#################

init = 857.419
res = 792.386
gap = -960.594

solution = [[0, 27, 23, 1, 8, 29, 14], [0, 32, 28, 31, 25, 17, 19, 11, 15], [0, 2, 9, 12, 3, 22, 16, 33, 20], [0, 24, 30, 5, 26, 4], [0, 6, 7, 10, 13, 21, 18]]


#################

init = 857.419
res = 791.128
gap = -962.281

solution = [[0, 2, 9, 12, 3, 22, 16, 33, 20], [0, 4, 26, 5, 30, 24], [0, 29, 1, 27, 23, 11, 8, 15], [0, 32, 28, 31, 25, 17, 19, 10], [0, 14, 6, 7, 13, 21, 18]]


#################

init = 976.934
res = 791.128
gap = -962.281

solution = [[0, 2, 9, 12, 3, 22, 16, 33, 20], [0, 24, 30, 5, 26, 4], [0, 29, 1, 27, 23, 11, 8, 15], [0, 32, 28, 31, 25, 17, 19, 10], [0, 14, 6, 7, 13, 21, 18]]


#################

init = 976.934
res = 790.37
gap = -963.3

solution = [[0, 18, 2, 9, 12, 3, 22, 16, 33], [0, 27, 23, 1, 8, 14], [0, 7, 6, 29, 24, 30, 5], [0, 32, 28, 31, 25, 17, 19, 11, 15], [0, 26, 4, 20, 21, 13, 10]]


#################

init = 976.934
res = 792.386
gap = -960.594

solution = [[0, 20, 33, 16, 22, 3, 12, 9, 2], [0, 27, 23, 1, 8, 29, 14], [0, 32, 28, 31, 25, 17, 19, 11, 15], [0, 24, 30, 5, 26, 4], [0, 6, 7, 10, 13, 21, 18]]
Aretes fixées après apprentissage pour cette exécution
Fixed edges = [[0, 28, 31, 25, 17, 19, 0], [0, 16, 22, 0], [0, 9, 12, 3, 0], [0, 4, 26, 0], [0, 8, 11, 0], [0, 5, 30, 24, 0], [0, 1, 27, 0], [0, 2, 0], [0, 6, 0], [0, 7, 0], [0, 10, 0], [0, 13, 0], [0, 14, 0], [0, 15, 0], [0, 18, 0], [0, 20, 0], [0, 21, 0], [0, 23, 0], [0, 29, 0], [0, 32, 0], [0, 33, 0]]
Time = 0.29071807861328125


#################

init = 952.66
res = 801.644
gap = -948.345

solution = [[0, 20, 4, 26], [0, 18, 2, 9, 12, 3, 22, 16, 33], [0, 5, 30, 24, 29, 6, 7], [0, 27, 23, 1, 8, 14], [0, 32, 28, 31, 25, 17, 19, 11, 15], [0, 10, 13, 21]]


#################

init = 952.66
res = 790.221
gap = -963.5

solution = [[0, 18, 2, 9, 12, 3, 22, 16, 33], [0, 17, 19, 11, 23, 27, 1, 29], [0, 5, 30, 24], [0, 20, 4, 26], [0, 7, 6, 15, 8, 14], [0, 21, 32, 28, 31, 25, 13, 10]]


#################

init = 952.66
res = 795.666
gap = -956.222

solution = [[0, 33, 16, 22, 3, 12, 9, 2, 18], [0, 27, 23, 1, 29, 14, 20], [0, 4, 26, 5, 30, 24], [0, 10, 13, 25, 31, 28, 32, 21], [0, 17, 19, 11, 8, 15, 6, 7]]


#################

init = 952.66
res = 780.936
gap = -976.144

solution = [[0, 24, 30, 5, 26, 4], [0, 7, 6, 15, 8, 29, 14], [0, 27, 1, 23, 11, 19, 17, 10], [0, 20, 33, 16, 22, 3, 12, 9, 2], [0, 13, 25, 31, 28, 32, 21, 18]]


#################

init = 952.66
res = 801.903
gap = -948.007

solution = [[0, 19, 17, 25, 31, 28, 32], [0, 18, 2, 9, 12, 3, 22, 16, 33], [0, 14, 15, 8, 11, 23, 1, 27], [0, 7, 6, 29, 24, 30, 5], [0, 10, 13, 21], [0, 26, 4, 20]]


#################

init = 887.001
res = 788.982
gap = -965.17

solution = [[0, 18, 2, 9, 12, 3, 22, 16, 33], [0, 21, 32, 28, 31, 25, 13, 10], [0, 24, 30, 5, 26, 4], [0, 29, 1, 27, 23, 11, 19, 17], [0, 14, 8, 15, 6, 7, 20]]


#################

init = 887.001
res = 790.221
gap = -963.5

solution = [[0, 18, 2, 9, 12, 3, 22, 16, 33], [0, 10, 13, 25, 31, 28, 32, 21], [0, 5, 30, 24], [0, 26, 4, 20], [0, 29, 1, 27, 23, 11, 19, 17], [0, 7, 6, 15, 8, 14]]


#################

init = 887.001
res = 790.812
gap = -962.705

solution = [[0, 18, 2, 9, 12, 3, 22, 16, 33], [0, 26, 4, 20], [0, 27, 1, 23, 11, 19, 17], [0, 24, 30, 5], [0, 10, 13, 25, 31, 28, 32, 21], [0, 14, 29, 8, 15, 6, 7]]


#################

init = 887.001
res = 790.221
gap = -963.5

solution = [[0, 18, 2, 9, 12, 3, 22, 16, 33], [0, 26, 4, 20], [0, 10, 13, 25, 31, 28, 32, 21], [0, 29, 1, 27, 23, 11, 19, 17], [0, 24, 30, 5], [0, 7, 6, 15, 8, 14]]


#################

init = 887.001
res = 790.812
gap = -962.705

solution = [[0, 27, 1, 23, 11, 19, 17], [0, 18, 2, 9, 12, 3, 22, 16, 33], [0, 7, 6, 15, 8, 29, 14], [0, 26, 4, 20], [0, 24, 30, 5], [0, 21, 32, 28, 31, 25, 13, 10]]


#################

init = 909.108
res = 788.982
gap = -965.17

solution = [[0, 18, 2, 9, 12, 3, 22, 16, 33], [0, 17, 19, 11, 23, 27, 1, 29], [0, 24, 30, 5, 26, 4], [0, 10, 13, 25, 31, 28, 32, 21], [0, 14, 8, 15, 6, 7, 20]]


#################

init = 909.108
res = 788.982
gap = -965.17

solution = [[0, 18, 2, 9, 12, 3, 22, 16, 33], [0, 24, 30, 5, 26, 4], [0, 29, 1, 27, 23, 11, 19, 17], [0, 14, 8, 15, 6, 7, 20], [0, 10, 13, 25, 31, 28, 32, 21]]


#################

init = 909.108
res = 780.936
gap = -976.144

solution = [[0, 2, 9, 12, 3, 22, 16, 33, 20], [0, 24, 30, 5, 26, 4], [0, 14, 29, 8, 15, 6, 7], [0, 27, 1, 23, 11, 19, 17, 10], [0, 13, 25, 31, 28, 32, 21, 18]]


#################

init = 909.108
res = 788.982
gap = -965.17

solution = [[0, 33, 16, 22, 3, 12, 9, 2, 18], [0, 29, 1, 27, 23, 11, 19, 17], [0, 24, 30, 5, 26, 4], [0, 10, 13, 25, 31, 28, 32, 21], [0, 14, 8, 15, 6, 7, 20]]
