Aretes fixées après apprentissage pour cette exécution
Fixed edges = [[0, 226, 227, 228, 229, 230, 231, 0], [0, 184, 183, 182, 222, 223, 224, 225, 185, 186, 0], [0, 206, 207, 208, 209, 210, 211, 0], [0, 161, 201, 240, 0], [0, 232, 233, 234, 235, 0], [0, 220, 221, 181, 180, 179, 0], [0, 202, 203, 204, 205, 0], [0, 187, 188, 0], [0, 143, 144, 145, 146, 147, 0], [0, 68, 69, 70, 71, 0], [0, 5, 6, 7, 0], [0, 4, 3, 2, 1, 40, 39, 38, 37, 36, 35, 34, 0], [0, 195, 196, 236, 237, 238, 239, 198, 197, 157, 158, 0], [0, 212, 213, 214, 215, 0], [0, 139, 140, 141, 142, 0], [0, 75, 76, 77, 78, 79, 80, 41, 42, 43, 0], [0, 25, 26, 27, 28, 29, 30, 31, 32, 0], [0, 10, 11, 12, 13, 14, 15, 16, 17, 18, 19, 20, 21, 22, 23, 24, 0], [0, 175, 176, 216, 217, 218, 219, 0], [0, 159, 160, 121, 122, 0], [0, 99, 100, 101, 102, 103, 104, 105, 106, 107, 0], [0, 58, 59, 60, 61, 0], [0, 169, 170, 171, 0], [0, 148, 149, 150, 151, 152, 153, 0], [0, 130, 131, 132, 133, 134, 135, 136, 137, 138, 0], [0, 124, 125, 126, 127, 0], [0, 115, 116, 117, 118, 119, 120, 81, 0], [0, 93, 94, 95, 96, 97, 0], [0, 49, 50, 51, 52, 53, 54, 55, 56, 57, 0], [0, 193, 194, 0], [0, 172, 173, 174, 0], [0, 167, 168, 0], [0, 65, 66, 67, 0], [0, 154, 155, 156, 157, 0], [0, 111, 112, 0], [0, 109, 110, 0], [0, 88, 89, 90, 0], [0, 84, 85, 86, 0], [0, 62, 63, 64, 0], [0, 8, 9, 0], [0, 82, 83, 0], [0, 45, 46, 47, 0], [0, 163, 164, 0], [0, 165, 166, 0], [0, 91, 92, 0], [0, 72, 73, 0], [0, 189, 190, 191, 192, 0], [0, 33, 0], [0, 44, 0], [0, 48, 0], [0, 74, 0], [0, 87, 0], [0, 98, 0], [0, 108, 0], [0, 113, 0], [0, 114, 0], [0, 123, 0], [0, 128, 0], [0, 129, 0], [0, 162, 0], [0, 177, 0], [0, 178, 0], [0, 199, 0], [0, 200, 0]]
Time = 150.6328203678131


#################

init = 8414.485
res = 5658.802
gap = 0.633

solution = [[0, 27, 26, 25, 24, 23, 22, 21, 20, 19, 18, 16, 15, 14, 13, 12, 11, 10], [0, 56, 96, 97, 137, 136, 135, 134, 133, 132, 171, 211, 212, 213, 214, 215, 216, 217, 218, 219, 220, 180, 179, 139, 140, 141, 101, 100, 99, 98, 57, 17], [0, 138, 178, 177, 176, 175, 174, 173, 172, 131, 130, 129, 128, 127, 126, 125, 124, 123, 82, 42, 43, 44], [0, 8, 48, 47, 46, 85, 86, 87, 88, 89, 90, 91, 92, 93, 94, 95, 55, 54, 53, 52, 51, 50, 49, 9], [0, 41, 81, 120, 160, 121, 161, 200, 240, 201, 202, 203, 204, 205, 206, 207, 208, 209, 210, 170, 169, 168, 167, 166, 165, 164, 163, 162, 122, 83, 84, 45], [0, 111, 150, 149, 148, 147, 187, 188, 229, 230, 231, 232, 233, 234, 235, 236, 237, 238, 239, 199, 198, 197, 196, 195, 194, 193, 153, 113], [0, 110, 109, 108, 107, 106, 146, 186, 185, 184, 183, 182, 181, 221, 222, 223, 224, 225, 226, 227, 228, 189, 190, 191, 192, 152, 151, 112], [0, 7, 6, 5, 4, 3, 2, 1, 39, 38, 37, 36, 35, 34, 33, 32, 31, 30, 29, 28], [0, 75, 76, 77, 117, 116, 115, 114, 154, 155, 156, 157, 157, 158, 159, 119, 118, 78, 79, 80, 40], [0, 74, 73, 72, 71, 70, 69, 68, 67, 66, 65, 64, 104, 105, 145, 144, 143, 142, 102, 103, 63, 62, 61, 60, 59, 58]]


#################

init = 8414.485
res = 5642.558
gap = 0.347

solution = [[0, 58, 98, 99, 100, 101, 142, 141, 140, 139, 138, 137, 177, 178, 179, 180, 181, 221, 220, 219, 218, 217, 216, 176, 175, 135, 136, 96, 97, 56, 57], [0, 15, 16, 17, 18, 59, 60, 61, 62, 63, 64, 65, 104, 105, 106, 146, 145, 185, 186, 187, 188, 189, 190, 191, 152, 153, 154, 155, 156, 116], [0, 5, 6, 46, 45, 44, 84, 123, 122, 121, 161, 200, 199, 239, 240, 201, 202, 203, 162, 163, 164, 124, 125, 85, 86, 87, 47, 7], [0, 42, 43, 83, 82, 81, 160, 159, 158, 198, 238, 237, 236, 235, 234, 233, 193, 194, 195, 196, 197, 157, 157, 117, 118, 119, 120, 41], [0, 66, 147, 148, 149, 150, 151, 192, 232, 231, 230, 229, 228, 227, 226, 225, 224, 223, 222, 182, 183, 184, 144, 143, 103, 102], [0, 80, 79, 78, 77, 76, 75, 115, 114, 113, 112, 111, 110, 109, 108, 107, 67, 68, 69, 70, 71, 72, 73, 74, 34], [0, 4, 3, 2, 1, 40, 39, 38, 37, 36, 35, 33, 32, 31, 30, 29, 28, 27, 26, 25, 24, 23, 22, 21, 20, 19], [0, 13, 14, 54, 55, 95, 94, 134, 133, 132, 172, 173, 174, 215, 214, 213, 212, 211, 210, 209, 208, 168, 129, 89, 49, 50, 11, 12], [0, 10, 51, 52, 53, 93, 92, 91, 90, 130, 131, 171, 170, 169, 167, 207, 206, 205, 204, 165, 166, 126, 127, 128, 88, 48, 8, 9]]


#################

init = 8414.485
res = 5710.085
gap = 1.525

solution = [[0, 66, 65, 64, 63, 103, 104, 144, 183, 223, 224, 225, 226, 227, 228, 229, 230, 191, 192, 193, 194, 195, 196, 197, 158, 159, 119, 120], [0, 109, 110, 111, 151, 150, 149, 148, 188, 189, 190, 231, 232, 233, 234, 235, 236, 237, 238, 198, 157, 157, 156, 155, 154, 153, 152, 112, 113, 114], [0, 31, 30, 29, 28, 27, 26, 25, 24, 23, 20, 19, 18], [0, 32, 74, 73, 72, 71, 70, 69, 68, 67, 108, 107, 106, 105, 145, 146, 147, 187, 186, 185, 184, 143, 142, 102, 62, 22], [0, 17, 16, 15, 14, 13, 12, 11, 10, 9, 7, 6, 5, 4, 3, 43, 42, 41, 80, 79, 78, 118, 117, 116, 115, 75, 76, 77], [0, 2, 1, 40, 39, 38, 37, 36, 35, 34, 33], [0, 59, 60, 100, 99, 98, 138, 178, 177, 176, 175, 215, 216, 217, 218, 219, 220, 221, 222, 182, 181, 180, 179, 139, 140, 141, 101, 61, 21], [0, 58, 57, 97, 137, 136, 135, 134, 133, 132, 172, 173, 174, 214, 213, 212, 211, 210, 170, 171, 131, 130, 89, 88, 87, 47, 46], [0, 44, 83, 82, 81, 122, 121, 160, 200, 161, 162, 163, 164, 165, 166, 167, 168, 169, 209, 208, 207, 206, 205, 204, 203, 202, 201, 240, 239, 199], [0, 8, 48, 49, 50, 51, 52, 53, 54, 55, 56, 96, 95, 94, 93, 92, 91, 90, 129, 128, 127, 126, 125, 124, 123, 84, 85, 86, 45]]


#################

init = 8414.485
res = 5719.376
gap = 1.685

solution = [[0, 35, 34, 33, 32], [0, 25, 26, 27, 28, 29, 30, 31, 39, 40, 1, 2, 3, 4, 5, 6, 11, 12, 13, 14, 15, 16, 17, 18, 19, 20, 21, 22], [0, 54, 53, 52, 51, 90, 89, 88, 87, 86, 85, 126, 127, 128, 168, 167, 166, 165, 125, 124, 123, 83, 84, 44, 45, 46, 47, 7], [0, 23, 63, 62, 61, 60, 59, 100, 101, 102, 103, 104, 105, 106, 107, 108, 109, 110, 70, 69, 68, 67, 66, 65, 64, 24], [0, 99, 139, 140, 141, 142, 143, 144, 145, 185, 225, 226, 227, 228, 229, 230, 231, 232, 233, 234, 235, 236, 237, 238, 239, 199, 159, 160], [0, 111, 151, 150, 149, 148, 147, 146, 186, 187, 188, 189, 190, 191, 192, 193, 194, 195, 196, 197, 198, 158, 117, 116, 76, 77, 37, 36], [0, 58, 57, 97, 98, 138, 137, 177, 178, 179, 180, 181, 182, 183, 184, 224, 223, 222, 221, 220, 219, 218, 217, 216, 176, 136, 95, 94, 93], [0, 10, 9, 8, 48, 49, 50, 91, 131, 130, 129, 169, 170, 211, 212, 213, 214, 215, 175, 174, 173, 133, 134, 135, 96, 56, 55], [0, 92, 132, 172, 171, 210, 209, 208, 207, 206, 205, 204, 203, 164, 163, 162, 202, 201, 240, 200, 161, 121, 122, 82, 41, 80, 79, 78, 38], [0, 71, 72, 73, 74, 75, 115, 114, 113, 112, 152, 153, 154, 155, 156, 157, 157, 118, 119, 120, 81, 42, 43]]


#################

init = 8414.485
res = 5841.538
gap = 3.741

solution = [[0, 17, 16, 15, 14, 13, 12, 52, 53, 54, 55, 56, 57, 97, 96, 95, 134, 135, 136, 176, 175, 174, 173, 133, 94, 93, 92, 91, 90, 89, 88, 48], [0, 159, 160, 121, 122, 123, 124, 125, 165, 164, 163, 162, 161, 200, 240, 201, 202, 203, 204, 205, 206, 167, 168, 169, 170, 130, 129, 128, 87, 47], [0, 6, 7, 8, 9, 10, 11, 51, 50, 49, 46, 45, 44, 84, 85, 86, 127, 126, 166, 207, 208, 209, 210, 211, 171, 132], [0, 5, 4, 3, 2, 40, 39, 38, 37, 36, 35, 33, 32, 31, 30, 29, 28, 27, 26, 25, 24, 23], [0, 60, 61, 62, 102, 101, 100, 139, 138, 137, 177, 178, 179, 180, 181, 182, 222, 221, 220, 219, 218, 217, 216, 215, 214, 213, 212, 172, 131], [0, 80, 79, 78, 77, 76, 75, 74, 34], [0, 73, 72, 112, 113, 114, 154, 153, 152, 192, 193, 194, 195, 196, 157, 157, 158, 118, 119, 120, 81, 82, 83, 43, 42, 41, 1], [0, 117, 116, 115, 155, 156, 197, 198, 199, 239, 238, 237, 236, 235, 234, 233, 232, 231, 191, 151, 150, 110, 111, 71], [0, 70, 69, 109, 149, 148, 147, 187, 188, 189, 190, 230, 229, 228, 227, 226, 225, 224, 223, 183, 184, 185, 186, 146, 145, 104, 103, 63, 64], [0, 65, 66, 67, 68, 108, 107, 106, 105, 144, 143, 142, 141, 140, 99, 98, 58, 59, 18, 19, 20, 21, 22]]


#################

init = 9575.346
res = 5745.905
gap = 2.139

solution = [[0, 51, 50, 49, 48, 47, 46, 45, 44, 43, 83, 84, 85, 86, 87, 88, 89, 128, 127, 126, 125, 124, 123, 163, 164, 165, 166], [0, 18, 17, 16, 15, 14, 13, 12, 11, 10, 9, 8, 7, 6, 5, 4, 3, 2, 1, 40, 39, 38, 37, 36, 34, 33, 32, 31], [0, 68, 69, 70, 110, 111, 151, 150, 189, 190, 230, 229, 228, 227, 187, 188, 148, 149, 109, 108, 107, 106, 105, 104, 65, 66, 67, 27], [0, 41, 42, 82, 81, 121, 160, 159, 158, 157, 157, 197, 196, 195, 194, 193, 153, 154, 155, 156, 115, 116, 117, 118, 78, 77, 76, 75, 35], [0, 71, 72, 73, 74, 114, 113, 112, 152, 192, 191, 231, 232, 233, 234, 235, 236, 237, 238, 198, 199, 239, 240, 201, 161, 200, 120, 119, 79, 80], [0, 122, 162, 202, 203, 204, 205, 206, 207, 167, 168, 208, 209, 210, 211, 212, 172, 171, 170, 169, 129, 130, 131, 132, 93, 52, 53], [0, 90, 91, 92, 133, 134, 135, 136, 137, 177, 176, 175, 174, 173, 213, 214, 215, 216, 217, 218, 179, 180, 181, 182, 183, 184, 185, 144, 103, 64], [0, 30, 29, 28, 26, 25, 24, 23, 22, 21, 20, 58, 57, 56, 55, 54, 94, 95, 96, 97, 98, 99, 61, 62, 63], [0, 102, 101, 141, 142, 143, 145, 146, 147, 186, 226, 225, 224, 223, 222, 221, 220, 219, 178, 138, 139, 140, 100, 60, 59, 19]]


#################

init = 9575.346
res = 5733.217
gap = 1.922

solution = [[0, 31, 30, 29, 28, 27, 26, 25, 24, 23, 22, 21, 20, 19, 17, 54, 55, 56, 57, 58, 59, 60, 61, 62, 63, 64, 65, 66], [0, 117, 157, 157, 199, 200, 161, 162, 202, 201, 240, 239, 238, 237, 236, 235, 234, 233, 232, 231, 230, 229, 189, 190, 150, 149, 70, 69, 68, 67], [0, 78, 79, 80, 41, 42, 82, 122, 123, 164, 165, 166, 167, 168, 169, 170, 130, 129, 128, 127, 126, 86, 87, 88, 89, 48, 8], [0, 45, 44, 43, 83, 84, 85, 125, 124, 163, 203, 204, 205, 206, 207, 208, 209, 210, 211, 212, 213, 214, 215, 216, 217, 176, 135, 134, 94], [0, 102, 103, 104, 105, 145, 144, 143, 142, 182, 183, 184, 185, 225, 224, 223, 222, 221, 181, 180, 179, 220, 219, 218, 178, 177, 136, 95, 53, 52], [0, 32, 33, 34, 35, 75, 115, 114, 113, 112, 111, 110, 109, 108, 148, 188, 228, 227, 226, 186, 187, 147, 146, 107, 106], [0, 71, 72, 73, 74, 116, 156, 155, 154, 153, 152, 151, 191, 192, 193, 194, 195, 196, 197, 198, 158, 159, 160, 121, 81, 120, 119, 118, 77, 76], [0, 18, 16, 15, 14, 13, 12, 11, 10, 9, 47, 46, 6, 5, 4, 3, 2, 1, 40, 39, 38, 37, 36], [0, 96, 97, 98, 99, 100, 101, 141, 140, 139, 138, 137, 175, 174, 173, 172, 171, 131, 132, 133, 93, 92, 91, 90, 51, 50, 49, 7]]


#################

init = 9575.346
res = 5685.386
gap = 1.097

solution = [[0, 10, 11, 12, 13, 14, 15, 16, 56, 55, 54, 53, 52, 51, 50, 49, 48, 8, 7, 6, 5, 4, 3, 2, 40, 39, 38], [0, 27, 26, 25, 24, 23, 22, 21, 20, 19, 18, 59, 60, 61, 62, 63, 64, 65, 66, 67, 68, 28, 29, 31, 32, 33, 34, 35], [0, 70, 69, 108, 109, 110, 111, 112, 113, 114, 115, 116, 156, 155, 154, 153, 152, 151, 150, 149, 148, 188, 228, 227, 187, 147, 146, 107], [0, 44, 45, 46, 86, 87, 128, 129, 130, 131, 171, 170, 169, 209, 210, 211, 212, 213, 214, 215, 175, 174, 173, 172, 132, 93, 94], [0, 17, 57, 58, 102, 101, 100, 99, 139, 140, 141, 142, 182, 181, 220, 219, 218, 217, 216, 176, 135, 134, 133, 92, 91, 90, 89, 88, 47, 9], [0, 103, 104, 105, 106, 145, 144, 143, 183, 184, 185, 186, 226, 225, 224, 223, 222, 221, 180, 179, 178, 177, 136, 137, 138, 98, 97, 96, 95], [0, 37, 118, 158, 198, 238, 237, 236, 235, 234, 233, 232, 231, 230, 229, 189, 190, 191, 192, 193, 194, 195, 196, 197, 157, 157, 117, 36], [0, 43, 83, 84, 85, 125, 126, 127, 167, 168, 208, 207, 206, 166, 165, 205, 204, 203, 202, 201, 240, 239, 199, 159, 119, 80], [0, 30, 71, 72, 73, 74, 75, 76, 77, 78, 79, 120, 160, 200, 161, 162, 163, 164, 124, 123, 122, 121, 81, 82, 42, 41, 1]]


#################

init = 9575.346
res = 5773.323
gap = 2.604

solution = [[0, 179, 180, 181, 182, 183, 184, 143, 144, 145, 146, 147, 186, 185, 225, 224, 223, 222, 221, 220, 219, 218, 217, 216, 215, 175, 136, 137, 97, 57], [0, 89, 90, 91, 93, 94, 133, 134, 135, 176, 177, 178, 138, 139, 140, 141, 142, 103, 102, 101, 100, 99, 98, 96, 95, 56, 16], [0, 123, 163, 164, 204, 205, 206, 207, 208, 209, 210, 211, 212, 213, 214, 174, 173, 172, 171, 170, 130, 131, 132, 92, 52, 53, 54, 55], [0, 47, 46, 45, 44, 43, 81, 82, 83, 84, 85, 86, 87, 127, 126, 125, 124, 165, 166, 167, 168, 169, 129, 128, 88, 48, 49, 50, 51], [0, 77, 118, 119, 120, 160, 121, 122, 162, 203, 202, 201, 161, 200, 240, 239, 238, 237, 236, 235, 234, 233, 232, 231, 191, 192, 193, 153, 113, 74], [0, 28, 29, 30, 31, 32, 33, 34, 35, 73, 72, 71, 70, 69, 68, 67, 66, 65, 63, 62, 61, 60, 59, 58, 20, 21, 22, 23], [0, 19, 18, 17, 15, 14, 13, 12, 11, 10, 9, 8, 7, 6, 5, 4, 3, 2, 1, 40, 36, 37, 38, 39], [0, 42, 41, 80, 79, 78, 76, 75, 114, 115, 116, 117, 156, 155, 154, 194, 195, 196, 197, 198, 199, 159, 158, 157, 157], [0, 27, 26, 25, 24, 64, 104, 105, 106, 107, 108, 109, 110, 149, 148, 188, 187, 226, 227, 228, 229, 230, 190, 189, 150, 151, 152, 112, 111]]


#################

init = 9575.346
res = 5724.745
gap = 1.777

solution = [[0, 16, 17, 57, 56, 55, 15, 14, 13, 12, 11, 10, 9, 8, 7, 6, 5, 4, 3, 2, 1, 40, 39, 38, 37, 36, 35, 34, 33], [0, 51, 50, 49, 48, 47, 46, 45, 44, 43, 83, 84, 85, 86, 87, 88, 89, 129, 128, 127, 126, 125, 124, 123, 163, 164, 165, 166], [0, 115, 155, 195, 194, 193, 192, 191, 190, 189, 188, 187, 227, 228, 229, 230, 231, 232, 233, 234, 235, 236, 237, 238, 197, 196, 156, 157, 157, 116], [0, 32, 72, 73, 74, 75, 76, 117, 118, 119, 159, 158, 198, 199, 239, 240, 161, 162, 122, 82, 42, 41, 80, 79, 78, 77], [0, 90, 91, 132, 133, 134, 135, 136, 137, 138, 178, 179, 139, 140, 141, 142, 143, 102, 101, 100, 99, 98, 97, 96, 95, 54], [0, 30, 31, 71, 111, 112, 113, 114, 154, 153, 152, 151, 150, 149, 148, 147, 146, 105, 106, 107, 108, 109, 110, 70, 69, 68, 28, 29], [0, 120, 81, 121, 160, 200, 201, 202, 203, 204, 205, 206, 207, 167, 168, 208, 209, 210, 211, 212, 213, 214, 173, 172, 171, 170, 169, 130, 131, 92, 93, 52], [0, 26, 25, 24, 23, 22, 21, 20, 19, 18, 58, 59, 60, 61, 62, 63, 64, 65, 66, 67, 27], [0, 103, 104, 144, 145, 185, 186, 226, 225, 224, 223, 184, 183, 182, 222, 221, 181, 180, 220, 219, 218, 217, 177, 176, 216, 215, 175, 174, 94, 53]]


#################

init = 8820.026
res = 5601.423
gap = -0.385

solution = [[0, 10, 11, 12, 13, 14, 15, 16, 17, 18, 19, 21, 22, 23, 24, 25, 26, 27, 28, 29, 30, 31, 32, 33, 34, 35, 36, 37], [0, 68, 67, 107, 106, 105, 104, 143, 144, 145, 146, 186, 185, 225, 226, 227, 228, 229, 189, 188, 187, 147, 148, 149, 150, 110, 109, 108, 69, 70], [0, 61, 101, 100, 99, 139, 140, 141, 181, 180, 179, 219, 220, 221, 222, 223, 224, 184, 183, 182, 142, 102, 103, 62, 63, 64, 65, 66], [0, 57, 56, 55, 95, 135, 134, 133, 132, 171, 170, 210, 211, 212, 213, 214, 215, 216, 217, 218, 178, 138, 98, 59, 60, 20], [0, 8, 9, 49, 50, 51, 52, 53, 54, 94, 93, 92, 91, 90, 89, 88, 128, 129, 130, 131, 172, 173, 174, 175, 176, 177, 137, 136, 96, 97, 58], [0, 2, 42, 41, 81, 82, 83, 123, 122, 162, 163, 164, 165, 205, 204, 203, 202, 201, 240, 239, 199, 200, 161, 121, 160, 120, 80, 40, 1], [0, 6, 5, 4, 3, 43, 44, 45, 46, 86, 85, 84, 124, 125, 126, 166, 206, 207, 208, 209, 169, 168, 167, 127, 87, 47, 48, 7], [0, 151, 191, 190, 230, 231, 232, 233, 234, 235, 236, 237, 238, 198, 197, 196, 195, 194, 193, 192, 152, 153, 154, 115, 116, 117, 77, 38], [0, 76, 75, 74, 73, 72, 71, 111, 112, 113, 114, 155, 156, 157, 157, 158, 159, 119, 118, 78, 79, 39]]


#################

init = 8820.026
res = 5563.101
gap = -1.077

solution = [[0, 38, 39, 40, 1, 41, 80, 79, 78, 118, 119, 159, 158, 157, 157, 156, 155, 114, 113, 112, 111, 71, 72, 73, 74, 75, 76, 36], [0, 54, 94, 134, 133, 132, 171, 170, 210, 211, 212, 213, 214, 215, 216, 217, 218, 178, 177, 137, 138, 139, 99, 59, 60, 20], [0, 9, 8, 48, 49, 50, 51, 52, 53, 93, 92, 91, 90, 130, 131, 172, 173, 174, 175, 176, 136, 135, 95, 96, 97, 98, 58, 57, 56, 55], [0, 61, 101, 100, 140, 141, 181, 180, 179, 219, 220, 221, 222, 223, 224, 225, 226, 186, 185, 184, 183, 182, 142, 102, 62, 63, 64, 24], [0, 65, 66, 67, 107, 106, 105, 104, 103, 143, 144, 145, 146, 147, 148, 188, 187, 227, 228, 229, 230, 231, 191, 190, 189, 149, 108, 68], [0, 4, 44, 45, 46, 86, 85, 125, 126, 166, 165, 164, 204, 205, 206, 207, 208, 209, 169, 168, 167, 127, 128, 129, 89, 88, 87, 47, 7, 6, 5], [0, 3, 43, 83, 84, 124, 123, 122, 162, 163, 203, 202, 201, 240, 239, 199, 200, 161, 121, 160, 120, 81, 82, 42, 2], [0, 37, 77, 117, 116, 115, 154, 153, 193, 194, 195, 196, 197, 198, 238, 237, 236, 235, 234, 233, 232, 192, 152, 151, 150, 110, 109, 69, 70, 30], [0, 10, 11, 12, 13, 14, 15, 16, 17, 18, 19, 21, 22, 23, 25, 26, 27, 28, 29, 31, 32, 33, 34, 35]]


#################

init = 8820.026
res = 5583.27
gap = -0.712

solution = [[0, 2, 3, 4, 5, 6, 8, 9, 10, 11, 12, 13, 14, 15, 16, 17, 20, 21, 22, 23, 24, 25, 26, 27, 28, 29, 30, 32, 33, 34], [0, 58, 98, 97, 137, 177, 176, 175, 174, 173, 172, 171, 211, 212, 213, 214, 215, 216, 217, 218, 178, 138, 139, 140, 100, 99, 59], [0, 48, 49, 50, 51, 52, 53, 54, 94, 93, 92, 91, 90, 130, 131, 132, 133, 134, 135, 136, 96, 95, 55, 56, 57, 18], [0, 42, 43, 44, 45, 85, 84, 124, 125, 126, 127, 128, 168, 167, 207, 208, 209, 210, 170, 169, 129, 89, 88, 87, 86, 46, 47, 7], [0, 65, 64, 104, 144, 143, 183, 184, 224, 223, 222, 221, 220, 219, 179, 180, 181, 182, 142, 141, 101, 102, 103, 63, 62, 61, 60, 19], [0, 1, 40, 39, 38, 78, 77, 117, 118, 119, 159, 158, 157, 157, 156, 155, 154, 153, 152, 151, 150, 110, 111, 112, 113, 114, 73, 72], [0, 66, 67, 107, 106, 105, 145, 146, 186, 185, 225, 226, 227, 228, 188, 187, 147, 148, 149, 109, 108, 68, 69, 70, 71, 31], [0, 41, 81, 82, 83, 123, 122, 162, 163, 164, 165, 166, 206, 205, 204, 203, 202, 201, 240, 239, 199, 200, 161, 121, 160, 120, 80, 79, 37], [0, 36, 76, 116, 196, 197, 198, 238, 237, 236, 235, 234, 233, 232, 231, 230, 229, 189, 190, 191, 192, 193, 194, 195, 115, 75, 74, 35]]


#################

init = 8820.026
res = 5586.271
gap = -0.657

solution = [[0, 65, 64, 63, 62, 61, 101, 102, 103, 143, 142, 182, 183, 184, 224, 223, 222, 221, 220, 219, 179, 180, 181, 141, 140, 139, 99, 100], [0, 10, 11, 12, 13, 14, 15, 16, 17, 18, 19, 21, 22, 23, 24, 25, 26, 27, 28, 29, 30, 31, 32, 33, 34, 35, 36], [0, 97, 96, 136, 176, 175, 174, 173, 172, 171, 170, 169, 209, 210, 211, 212, 213, 214, 215, 216, 217, 218, 178, 177, 137, 138, 98, 58], [0, 9, 50, 51, 52, 53, 54, 94, 93, 92, 91, 90, 89, 129, 130, 131, 132, 133, 134, 135, 95, 55, 56, 57, 59, 60, 20], [0, 66, 67, 68, 108, 107, 106, 105, 104, 144, 145, 146, 186, 185, 225, 226, 227, 228, 188, 187, 147, 148, 149, 150, 110, 109, 69, 70], [0, 7, 6, 5, 4, 43, 44, 45, 46, 86, 85, 84, 124, 125, 126, 165, 166, 206, 207, 208, 168, 167, 127, 128, 88, 87, 47, 48, 49, 8], [0, 3, 42, 41, 81, 82, 83, 123, 122, 162, 163, 164, 205, 204, 203, 202, 201, 240, 239, 238, 198, 199, 200, 161, 121, 160, 120, 80], [0, 71, 111, 151, 191, 190, 189, 229, 230, 231, 232, 233, 234, 235, 236, 237, 197, 196, 195, 194, 193, 192, 152, 153, 154, 115, 116, 117, 77], [0, 2, 1, 40, 39, 38, 79, 78, 118, 119, 159, 158, 157, 157, 156, 155, 114, 113, 112, 72, 73, 74, 75, 76, 37]]


#################

init = 8820.026
res = 5673.5
gap = 0.89

solution = [[0, 9, 49, 50, 51, 52, 53, 93, 92, 91, 90, 130, 131, 132, 133, 134, 135, 94, 95, 96, 97, 98, 60, 59, 58, 57, 56, 55], [0, 10, 11, 12, 13, 14, 15, 16, 17, 18, 19, 20, 21, 22, 23, 24, 25, 26, 27, 28, 29, 30, 31, 32, 33, 34, 35, 36], [0, 67, 66, 65, 64, 63, 62, 102, 101, 141, 142, 182, 183, 184, 185, 225, 224, 223, 222, 221, 181, 179, 178, 138, 139, 99], [0, 54, 136, 137, 177, 176, 175, 174, 173, 172, 171, 170, 169, 168, 207, 208, 209, 210, 211, 212, 213, 214, 215, 216, 217, 218, 219, 220, 180, 140, 100, 61], [0, 150, 151, 191, 190, 189, 229, 230, 231, 232, 233, 234, 235, 236, 237, 238, 198, 197, 196, 195, 194, 193, 192, 152, 153, 154, 115, 76], [0, 7, 6, 5, 4, 3, 43, 44, 45, 46, 47, 87, 86, 85, 84, 124, 125, 126, 165, 205, 206, 166, 167, 127, 128, 129, 89, 88, 48, 8], [0, 2, 42, 41, 81, 82, 83, 123, 122, 162, 163, 164, 204, 203, 202, 201, 240, 239, 199, 200, 161, 121, 160, 120, 80, 1], [0, 75, 74, 73, 72, 71, 110, 109, 108, 149, 148, 187, 188, 228, 227, 226, 186, 147, 146, 145, 144, 143, 103, 104, 105, 106, 107, 68], [0, 37, 38, 39, 40, 79, 78, 77, 116, 117, 118, 119, 159, 158, 157, 157, 156, 155, 114, 113, 112, 111, 70, 69]]


#################

init = 8437.845
res = 5670.696
gap = 0.841

solution = [[0, 51, 52, 92, 93, 94, 95, 136, 137, 138, 139, 140, 141, 142, 143, 103, 102, 101, 100, 99, 98, 97, 57, 56, 55, 54, 53, 13], [0, 30, 31, 32, 33, 34, 35, 36, 37, 38, 10, 11, 12, 14, 15, 16, 17, 18, 19, 20, 21, 22, 24, 25, 26, 27, 28, 29], [0, 1, 41, 81, 121, 161, 200, 199, 239, 240, 201, 202, 203, 204, 205, 206, 207, 208, 168, 167, 166, 165, 164, 124, 125, 87, 47, 46, 45, 44, 6, 5], [0, 39, 40, 80, 79, 78, 77, 76, 75, 74, 115, 116, 117, 118, 119, 120, 160, 159, 158, 157, 157, 156, 155, 154, 114], [0, 105, 106, 146, 145, 185, 186, 226, 225, 224, 223, 222, 221, 220, 219, 218, 217, 216, 176, 177, 178, 179, 180, 181, 182, 183, 184, 144, 104, 23], [0, 96, 135, 134, 133, 173, 174, 175, 215, 214, 213, 212, 211, 210, 209, 169, 170, 171, 172, 132, 131, 91, 90, 50, 49, 9], [0, 2, 3, 4, 43, 42, 82, 122, 162, 163, 123, 83, 84, 85, 86, 126, 127, 128, 129, 130, 89, 88, 48, 8, 7], [0, 58, 59, 60, 61, 62, 63, 64, 65, 66, 67, 107, 147, 187, 227, 228, 188, 148, 149, 110, 111, 71, 70, 69], [0, 73, 72, 112, 113, 153, 152, 192, 193, 194, 195, 196, 197, 198, 238, 237, 236, 235, 234, 233, 232, 231, 230, 229, 189, 190, 191, 151, 150, 109, 108, 68]]


#################

init = 8437.845
res = 5703.776
gap = 1.416

solution = [[0, 17, 16, 15, 14, 13, 12, 11, 9, 8, 7, 6, 5, 2, 1, 40, 37, 36, 35, 34, 33, 32, 31, 30, 71, 70, 69, 29, 28, 27], [0, 120, 160, 121, 161, 200, 199, 239, 240, 201, 202, 203, 204, 205, 206, 207, 208, 168, 167, 166, 165, 125, 126, 127, 128, 47, 46, 45, 44, 4], [0, 96, 95, 94, 93, 92, 91, 90, 88, 87, 86, 85, 84, 83, 123, 124, 164, 163, 162, 122, 82, 81, 41, 42, 43, 3], [0, 72, 73, 74, 75, 76, 117, 116, 115, 114, 113, 152, 153, 154, 155, 156, 157, 157, 158, 159, 119, 118, 77, 78, 79, 80, 39, 38], [0, 112, 151, 191, 192, 193, 194, 195, 196, 197, 198, 238, 237, 236, 235, 234, 233, 232, 231, 230, 229, 189, 190, 150, 149, 109, 110, 111], [0, 134, 175, 176, 177, 178, 218, 217, 216, 215, 214, 213, 212, 211, 210, 209, 169, 170, 171, 172, 173, 174, 133, 132, 131, 130, 129, 89], [0, 55, 56, 57, 97, 98, 99, 100, 101, 102, 103, 143, 142, 141, 140, 139, 138, 137, 136, 135, 54, 53, 52, 51, 50, 49, 48, 10], [0, 68, 108, 148, 147, 187, 188, 228, 227, 226, 186, 185, 225, 224, 223, 222, 221, 220, 219, 179, 180, 181, 182, 183, 184, 144, 145, 146, 65, 26], [0, 19, 20, 21, 22, 23, 24, 25, 66, 67, 107, 106, 105, 104, 64, 63, 62, 61, 60, 59, 58, 18]]


#################

init = 8437.845
res = 5610.989
gap = -0.214

solution = [[0, 40, 80, 41, 81, 120, 160, 200, 199, 239, 240, 201, 202, 203, 204, 205, 206, 207, 208, 168, 167, 166, 126, 127, 128, 129, 90, 91, 51], [0, 10, 50, 49, 48, 87, 86, 85, 84, 83, 123, 124, 125, 165, 164, 163, 162, 161, 121, 122, 82, 42, 43, 44, 45, 46, 6], [0, 30, 31, 32, 33, 34, 35, 36, 37, 38, 39, 1, 4, 5, 7, 8, 9, 11, 12, 13, 14, 15, 16, 17, 18, 20, 21, 22, 23, 24], [0, 47, 88, 89, 130, 131, 171, 170, 169, 209, 210, 211, 212, 213, 214, 215, 175, 174, 173, 172, 132, 133, 134, 135, 136, 97, 59], [0, 72, 73, 74, 75, 76, 77, 117, 116, 115, 114, 113, 112, 152, 153, 154, 155, 156, 157, 157, 158, 159, 119, 118, 78, 79, 2, 3], [0, 55, 56, 57, 58, 98, 99, 139, 179, 180, 220, 219, 218, 217, 216, 176, 177, 178, 138, 137, 96, 95, 94, 93, 92, 52, 53, 54], [0, 71, 111, 151, 191, 192, 193, 194, 195, 196, 197, 198, 238, 237, 236, 235, 234, 233, 232, 231, 230, 229, 189, 190, 150, 110], [0, 29, 28, 27, 26, 66, 67, 108, 109, 149, 148, 147, 187, 188, 228, 227, 226, 225, 224, 223, 222, 221, 181, 141, 140, 100, 101, 61, 60, 19], [0, 70, 69, 68, 107, 106, 105, 104, 144, 145, 146, 186, 185, 184, 183, 182, 142, 143, 103, 102, 62, 63, 64, 65, 25]]


#################

init = 8437.845
res = 5598.039
gap = -0.446

solution = [[0, 73, 72, 71, 111, 112, 113, 114, 115, 155, 154, 153, 152, 192, 193, 194, 195, 196, 157, 157, 158, 159, 119, 118, 78, 79, 80], [0, 74, 75, 76, 77, 117, 116, 156, 197, 198, 238, 237, 236, 235, 234, 233, 232, 231, 230, 229, 189, 190, 191, 151, 150, 110, 70, 69], [0, 134, 135, 175, 176, 177, 178, 218, 217, 216, 215, 214, 213, 212, 211, 210, 170, 171, 172, 173, 174, 133, 132, 131, 130, 129, 128, 88], [0, 48, 49, 50, 51, 52, 92, 91, 90, 89, 87, 86, 85, 84, 83, 123, 124, 164, 163, 162, 161, 121, 122, 82, 43, 44, 4], [0, 45, 46, 47, 127, 126, 125, 165, 166, 167, 168, 169, 209, 208, 207, 206, 205, 204, 203, 202, 201, 240, 239, 199, 200, 160, 120, 81, 41, 42], [0, 17, 15, 14, 13, 12, 11, 10, 9, 8, 7, 6, 5, 3, 2, 1, 40, 39, 38, 37, 36, 35, 34, 33, 32, 31, 30, 29], [0, 105, 145, 146, 186, 185, 184, 183, 182, 181, 180, 179, 219, 220, 221, 222, 223, 224, 225, 226, 227, 228, 188, 187, 147, 148, 149, 109, 108, 68, 28], [0, 16, 55, 56, 57, 58, 98, 99, 100, 101, 102, 103, 104, 144, 143, 142, 141, 140, 139, 138, 137, 136, 97, 96, 95, 94, 93, 53, 54], [0, 19, 20, 21, 22, 23, 24, 25, 26, 27, 67, 107, 106, 66, 65, 64, 63, 62, 61, 60, 59, 18]]


#################

init = 8437.845
res = 5631.849
gap = 0.157

solution = [[0, 17, 16, 15, 14, 13, 12, 11, 10, 9, 8, 7, 6, 5, 4, 3, 1, 40, 38, 37, 36, 35, 34, 33, 32, 31, 30, 29, 28, 27], [0, 55, 56, 57, 58, 98, 99, 100, 101, 102, 143, 144, 184, 183, 182, 141, 140, 139, 138, 137, 97, 96, 95, 94, 93, 92, 52, 53, 54], [0, 177, 178, 218, 217, 216, 215, 214, 213, 212, 211, 210, 170, 171, 172, 173, 174, 175, 176, 136, 135, 134, 133, 132, 131, 130, 129, 48], [0, 69, 68, 108, 148, 149, 150, 190, 230, 231, 232, 233, 234, 235, 236, 237, 238, 198, 197, 196, 195, 194, 193, 192, 191, 151, 111, 71], [0, 72, 73, 74, 75, 76, 77, 117, 116, 115, 114, 113, 112, 152, 153, 154, 155, 156, 157, 157, 158, 159, 119, 118, 78, 79, 80, 41, 39], [0, 44, 45, 46, 47, 128, 127, 126, 166, 167, 168, 169, 209, 208, 207, 206, 205, 204, 203, 202, 201, 240, 239, 199, 200, 160, 120, 81, 42], [0, 49, 50, 51, 91, 90, 89, 88, 87, 86, 85, 84, 83, 123, 124, 125, 165, 164, 163, 162, 161, 121, 122, 82, 43, 2], [0, 20, 21, 22, 23, 24, 25, 26, 65, 66, 67, 107, 106, 105, 104, 64, 63, 62, 61, 60, 59, 19, 18], [0, 70, 110, 109, 147, 146, 145, 185, 186, 187, 188, 189, 229, 228, 227, 226, 225, 224, 223, 222, 221, 220, 219, 179, 180, 181, 142, 103]]


#################

init = 8008.908
res = 5630.882
gap = 0.14

solution = [[0, 38, 37, 36, 35, 33, 32, 31, 30, 29, 28, 27, 26, 25, 63, 62, 61, 60, 59, 58, 57, 18, 19, 20, 21, 22, 23, 24], [0, 7, 8, 9, 11, 12, 13, 14, 15, 16, 17, 56, 55, 95, 96, 97, 136, 135, 134, 133, 132, 131, 130, 91, 92, 93, 94, 54, 53, 52], [0, 51, 50, 90, 89, 129, 169, 170, 171, 172, 173, 174, 175, 176, 216, 215, 214, 213, 212, 211, 210, 209, 208, 207, 168, 128, 88, 48, 49, 10], [0, 64, 103, 102, 142, 141, 140, 139, 179, 180, 181, 182, 183, 184, 185, 186, 146, 145, 144, 143, 104, 105, 106, 66, 65], [0, 67, 107, 147, 187, 188, 228, 227, 226, 225, 224, 223, 222, 221, 220, 219, 218, 217, 177, 178, 138, 137, 98, 99, 100, 101], [0, 151, 152, 153, 154, 155, 156, 157, 157, 158, 159, 199, 239, 240, 201, 202, 203, 204, 164, 163, 162, 161, 200, 160, 121, 81, 120, 80, 41, 42], [0, 4, 43, 44, 84, 83, 82, 122, 123, 124, 125, 165, 205, 206, 166, 167, 127, 126, 85, 86, 87, 47, 46, 45, 6, 5], [0, 3, 2, 1, 40, 39, 75, 76, 77, 78, 79, 119, 118, 117, 116, 115, 114, 113, 112, 111, 71, 72, 73, 74, 34], [0, 70, 69, 109, 110, 150, 190, 191, 192, 193, 194, 195, 196, 197, 198, 238, 237, 236, 235, 234, 233, 232, 231, 230, 229, 189, 149, 148, 108, 68]]


#################

init = 8008.908
res = 5689.423
gap = 1.167

solution = [[0, 4, 44, 84, 83, 82, 81, 120, 160, 200, 161, 162, 121, 122, 123, 124, 125, 126, 166, 165, 205, 206, 207, 208, 168, 167, 127, 87, 47, 48], [0, 49, 89, 88, 128, 129, 130, 170, 169, 209, 210, 211, 212, 213, 214, 215, 175, 174, 173, 172, 171, 131, 91, 90, 50, 51, 12], [0, 6, 7, 8, 9, 10, 52, 53, 54, 55, 95, 94, 93, 92, 132, 133, 134, 135, 136, 137, 97, 96, 56, 18, 17, 16, 15, 14, 13, 11], [0, 31, 72, 111, 151, 152, 153, 154, 155, 156, 157, 157, 158, 159, 199, 239, 240, 201, 202, 203, 204, 164, 163, 85, 86, 46, 45, 5], [0, 32, 33, 34, 35, 36, 37, 39, 40, 1, 2, 3, 43, 42, 41, 80, 79, 119, 118, 117, 116, 115, 114, 113, 112, 71, 70, 69], [0, 38, 78, 77, 76, 75, 74, 73, 30, 29, 28, 27, 26, 66, 65, 64, 63, 62, 61, 60, 20, 21, 22, 23, 24], [0, 147, 187, 188, 228, 227, 226, 225, 224, 223, 222, 221, 220, 219, 218, 217, 216, 176, 177, 178, 179, 180, 140, 139, 138, 98, 57, 58], [0, 68, 108, 148, 149, 189, 229, 230, 231, 232, 233, 234, 235, 236, 237, 238, 198, 197, 196, 195, 194, 193, 192, 191, 190, 150, 110, 109], [0, 19, 59, 99, 100, 101, 102, 142, 141, 181, 182, 183, 184, 185, 186, 146, 145, 144, 143, 103, 104, 105, 106, 107, 67, 25]]


#################

init = 8008.908
res = 5646.281
gap = 0.412

solution = [[0, 80, 41, 42, 43, 44, 45, 46, 86, 85, 84, 83, 82, 81, 121, 122, 123, 124, 125, 165, 205, 206, 166, 126, 127, 87, 47], [0, 78, 118, 158, 198, 197, 237, 238, 239, 240, 201, 202, 203, 204, 164, 163, 162, 161, 200, 199, 159, 160, 120, 119, 79, 39], [0, 23, 24, 25, 26, 27, 28, 29, 30, 31, 32, 33, 73, 72, 71, 70, 69, 67, 66, 65, 64, 63, 62, 60, 59, 58, 57, 56, 16, 17], [0, 48, 49, 50, 90, 89, 88, 128, 129, 130, 170, 169, 168, 167, 207, 208, 209, 210, 211, 212, 172, 171, 131, 132, 133, 93, 92, 91, 51, 52, 53, 13], [0, 21, 22, 102, 142, 141, 140, 139, 138, 178, 179, 180, 181, 182, 183, 184, 185, 186, 146, 145, 144, 143, 103, 104, 105, 106], [0, 7, 8, 9, 10, 11, 12, 14, 15, 55, 95, 96, 136, 135, 175, 176, 216, 215, 214, 213, 173, 174, 134, 94, 54], [0, 107, 147, 187, 188, 189, 229, 228, 227, 226, 225, 224, 223, 222, 221, 220, 219, 218, 217, 177, 137, 97, 98, 99, 100, 101, 61, 20, 19, 18], [0, 6, 5, 4, 3, 2, 1, 40, 38, 37, 36, 35, 34, 74, 75, 76, 116, 115, 114, 113, 112, 111, 110, 109, 108, 68], [0, 77, 117, 157, 157, 156, 155, 154, 153, 152, 192, 193, 194, 195, 196, 236, 235, 234, 233, 232, 231, 230, 190, 191, 151, 150, 149, 148]]


#################

init = 8008.908
res = 5667.101
gap = 0.778

solution = [[0, 24, 23, 22, 102, 101, 100, 141, 142, 182, 183, 184, 185, 186, 187, 188, 148, 147, 146, 145, 144, 143, 103, 104, 105, 106, 107, 25], [0, 91, 90, 130, 129, 169, 170, 171, 172, 173, 174, 175, 176, 216, 215, 214, 213, 212, 211, 210, 209, 208, 168, 128, 87, 47, 48, 7], [0, 1, 40, 39, 38, 37, 36, 35, 76, 75, 74, 73, 113, 114, 115, 116, 117, 118, 119, 120, 160, 121, 122, 82, 81, 41, 80, 79, 78, 77], [0, 4, 3, 2, 42, 43, 44, 84, 83, 123, 164, 203, 204, 205, 206, 207, 167, 166, 165, 125, 126, 127, 88, 89, 49, 50], [0, 71, 72, 112, 152, 153, 154, 155, 156, 157, 157, 158, 159, 199, 239, 240, 200, 161, 201, 202, 162, 163, 124, 85, 86, 46, 45, 5, 6], [0, 8, 9, 10, 11, 12, 13, 14, 15, 54, 55, 95, 96, 97, 138, 137, 136, 135, 134, 133, 132, 131, 92, 93, 94, 53, 52, 51], [0, 69, 68, 108, 109, 149, 189, 229, 228, 227, 226, 225, 224, 223, 222, 221, 220, 219, 218, 217, 177, 178, 179, 180, 181, 140, 139, 99, 98, 57, 56, 16, 17], [0, 70, 110, 150, 190, 230, 231, 232, 233, 234, 235, 236, 237, 238, 198, 197, 196, 195, 194, 193, 192, 191, 151, 111], [0, 34, 33, 32, 31, 30, 29, 28, 27, 26, 67, 66, 65, 64, 63, 62, 61, 60, 59, 58, 18, 19, 20, 21]]


#################

init = 8008.908
res = 5604.877
gap = -0.323

solution = [[0, 37, 36, 35, 34, 33, 32, 31, 30, 29, 28, 27, 26, 24, 23, 22, 62, 61, 60, 59, 58, 57, 56, 16, 17, 18, 19, 20, 21], [0, 7, 8, 9, 10, 12, 13, 14, 15, 55, 95, 96, 97, 137, 136, 135, 175, 176, 216, 215, 214, 174, 134, 94, 54, 53, 52], [0, 49, 50, 90, 89, 88, 87, 127, 128, 129, 130, 170, 169, 209, 210, 211, 212, 213, 173, 172, 171, 131, 132, 133, 93, 92, 91, 51, 11], [0, 2, 1, 40, 39, 38, 78, 79, 80, 41, 81, 120, 119, 118, 117, 116, 115, 114, 113, 112, 111, 71, 72, 73, 74, 75, 76, 77], [0, 68, 108, 148, 188, 228, 227, 226, 225, 224, 223, 222, 221, 220, 219, 218, 217, 177, 178, 138, 98, 99, 100, 101, 102, 103, 63], [0, 64, 104, 144, 143, 142, 141, 140, 139, 179, 180, 181, 182, 183, 184, 185, 186, 187, 147, 146, 145, 105, 106, 107, 67, 66, 65, 25], [0, 5, 6, 46, 45, 44, 84, 124, 164, 163, 162, 202, 203, 204, 205, 206, 207, 208, 168, 167, 166, 165, 125, 126, 85, 86, 47, 48], [0, 70, 110, 150, 190, 191, 192, 193, 194, 195, 196, 197, 198, 238, 237, 236, 235, 234, 233, 232, 231, 230, 229, 189, 149, 109, 69], [0, 151, 152, 153, 154, 155, 156, 157, 157, 158, 159, 199, 239, 240, 201, 161, 200, 160, 121, 122, 123, 83, 82, 42, 43, 3, 4]]


#################

init = 8332.959
res = 5679.042
gap = 0.987

solution = [[0, 12, 11, 10, 9, 8, 7, 6, 5, 4, 3, 2, 1, 40, 39, 32, 31, 30, 29, 28, 27, 26, 25, 24, 23, 21, 20, 19], [0, 144, 145, 146, 147, 187, 188, 228, 229, 230, 231, 232, 233, 234, 235, 236, 237, 238, 198, 197, 196, 195, 194, 193, 192, 151, 150, 149, 148, 108], [0, 189, 190, 191, 152, 153, 154, 155, 156, 157, 157, 158, 159, 199, 239, 240, 200, 161, 201, 202, 203, 204, 164, 163, 162, 122, 121, 160, 120, 80], [0, 18, 17, 16, 57, 58, 59, 99, 140, 141, 142, 143, 102, 103, 104, 105, 106, 107, 67, 66, 65, 64, 63, 62, 22], [0, 61, 101, 100, 139, 179, 180, 181, 182, 183, 184, 185, 186, 227, 226, 225, 224, 223, 222, 221, 220, 219, 218, 178, 138, 98, 60], [0, 15, 55, 95, 94, 134, 135, 136, 176, 175, 174, 173, 172, 171, 131, 132, 133, 93, 92, 91, 51, 52, 53, 54, 13, 14], [0, 56, 96, 97, 137, 177, 217, 216, 215, 214, 213, 212, 211, 210, 170, 169, 209, 208, 207, 206, 205, 165, 166, 167, 168, 128, 129, 130, 90, 89, 49, 50], [0, 34, 74, 75, 76, 77, 78, 79, 119, 118, 117, 116, 115, 114, 113, 112, 111, 110, 109, 68, 69, 70, 71, 72, 73, 33], [0, 35, 36, 37, 38, 42, 43, 44, 45, 46, 47, 48, 88, 87, 86, 85, 127, 126, 125, 124, 123, 84, 83, 82, 81, 41]]


#################

init = 8332.959
res = 5656.28
gap = 0.588

solution = [[0, 137, 177, 217, 216, 215, 214, 213, 212, 211, 210, 170, 169, 209, 208, 207, 206, 205, 204, 164, 165, 166, 167, 168, 127, 128, 129, 130, 90, 50], [0, 15, 16, 56, 55, 95, 94, 134, 135, 136, 176, 175, 174, 173, 172, 171, 131, 132, 133, 93, 92, 91, 51, 52, 53, 54, 13, 14], [0, 12, 11, 10, 9, 8, 7, 6, 4, 3, 2, 1, 40, 32, 31, 30, 29, 28, 27, 26, 25, 24, 23, 22, 21, 20, 19, 18], [0, 98, 99, 100, 140, 139, 179, 180, 181, 182, 183, 184, 185, 186, 226, 225, 224, 223, 222, 221, 220, 219, 218, 178, 138, 97, 96, 57], [0, 67, 66, 65, 64, 63, 62, 103, 104, 105, 106, 107, 108, 148, 147, 146, 145, 144, 143, 142, 141, 101, 102, 61, 60, 59, 58, 17], [0, 33, 73, 72, 71, 70, 110, 111, 112, 113, 153, 152, 192, 193, 194, 195, 196, 156, 155, 154, 114, 74, 34], [0, 68, 69, 109, 149, 150, 151, 191, 190, 189, 188, 187, 227, 228, 229, 230, 231, 232, 233, 234, 235, 236, 237, 197, 157, 157, 117, 116, 115, 75], [0, 39, 38, 78, 79, 119, 120, 81, 121, 160, 200, 161, 162, 122, 82, 83, 84, 125, 126, 86, 87, 88, 89, 49, 48, 47, 46, 5], [0, 36, 37, 80, 41, 42, 43, 44, 45, 85, 124, 123, 163, 203, 202, 201, 240, 239, 238, 198, 199, 159, 158, 118, 77, 76, 35]]


#################

init = 8332.959
res = 5638.673
gap = 0.278

solution = [[0, 12, 11, 10, 9, 8, 7, 6, 5, 4, 3, 2, 33, 32, 31, 30, 29, 28, 27, 26, 25, 24, 23, 22, 21, 19, 18, 17], [0, 152, 153, 154, 155, 156, 157, 157, 158, 159, 199, 239, 240, 201, 202, 203, 163, 162, 161, 200, 160, 121, 122, 123, 124, 125, 126, 127], [0, 16, 56, 96, 136, 176, 216, 215, 214, 213, 212, 211, 210, 209, 208, 207, 206, 205, 204, 164, 165, 166, 167, 168, 169, 170, 130, 129, 128, 88, 89, 48, 49, 50], [0, 14, 54, 55, 95, 94, 134, 135, 175, 174, 173, 172, 171, 131, 132, 133, 93, 92, 91, 90, 51, 52, 53, 13], [0, 147, 148, 149, 150, 190, 189, 229, 230, 231, 232, 233, 234, 235, 236, 237, 238, 198, 197, 196, 195, 194, 193, 192, 191, 151, 111], [0, 37, 36, 35, 75, 76, 77, 78, 79, 80, 81, 82, 83, 84, 85, 86, 87, 47, 46, 45, 44, 43, 42, 40, 39, 38], [0, 1, 41, 120, 119, 118, 117, 116, 115, 114, 113, 112, 110, 109, 108, 107, 66, 67, 68, 69, 70, 71, 72, 73, 74, 34], [0, 20, 60, 59, 99, 100, 140, 141, 142, 183, 184, 185, 186, 187, 188, 228, 227, 226, 225, 224, 223, 222, 221, 180, 179, 139, 98, 58], [0, 65, 64, 63, 62, 61, 101, 102, 103, 104, 105, 106, 146, 145, 144, 143, 182, 181, 220, 219, 218, 217, 177, 178, 138, 137, 97, 57, 15]]


#################

init = 8332.959
res = 5627.04
gap = 0.072

solution = [[0, 12, 11, 10, 9, 8, 7, 6, 5, 4, 3, 2, 1, 40, 37, 36, 30, 29, 28, 27, 26, 25, 24, 23, 22, 21, 19, 18, 17, 16], [0, 57, 97, 138, 178, 179, 180, 181, 182, 183, 184, 185, 186, 187, 227, 226, 225, 224, 223, 222, 221, 220, 219, 218, 217, 177, 137, 136, 96, 56], [0, 13, 52, 51, 50, 49, 89, 90, 91, 92, 133, 173, 213, 214, 215, 216, 176, 175, 174, 134, 135, 95, 94, 54, 55, 15], [0, 48, 88, 128, 129, 130, 131, 171, 170, 169, 168, 167, 127, 126, 166, 165, 205, 206, 207, 208, 209, 210, 211, 212, 172, 132, 93, 53, 14], [0, 33, 34, 35, 75, 74, 73, 113, 114, 115, 156, 155, 154, 153, 152, 191, 190, 189, 149, 150, 110, 109, 69, 70, 71, 31], [0, 125, 124, 123, 122, 121, 160, 200, 161, 162, 163, 164, 204, 203, 202, 201, 240, 239, 238, 198, 199, 159, 158, 157, 157, 79, 80, 39], [0, 41, 42, 43, 44, 45, 46, 47, 87, 86, 85, 84, 83, 82, 81, 120, 119, 118, 117, 116, 76, 77, 78, 38], [0, 20, 60, 59, 58, 98, 99, 139, 140, 141, 142, 103, 104, 105, 106, 107, 108, 68, 67, 66, 65, 64, 63, 62, 61], [0, 100, 101, 102, 143, 144, 145, 146, 147, 148, 188, 228, 229, 230, 231, 232, 233, 234, 235, 236, 237, 197, 196, 195, 194, 193, 192, 151, 111, 112, 72, 32]]


#################

init = 8332.959
res = 5638.408
gap = 0.273

solution = [[0, 12, 11, 10, 9, 8, 7, 6, 5, 4, 3, 2, 1, 31, 30, 29, 28, 27, 26, 25, 24, 23, 22, 21, 19, 18], [0, 100, 140, 141, 142, 183, 184, 185, 186, 187, 188, 228, 227, 226, 225, 224, 223, 222, 221, 220, 219, 218, 217, 177, 178, 138, 137, 97, 57, 56, 16, 17], [0, 40, 79, 119, 160, 121, 122, 162, 163, 164, 204, 203, 202, 201, 161, 200, 240, 239, 199, 159, 158, 157, 157, 156, 155, 154, 153, 152, 112, 73], [0, 13, 52, 51, 91, 92, 93, 133, 132, 131, 130, 129, 128, 167, 168, 169, 170, 211, 212, 213, 214, 215, 216, 176, 175, 135, 136, 96, 55, 15], [0, 20, 60, 59, 58, 98, 99, 139, 179, 180, 181, 182, 143, 144, 145, 146, 147, 148, 149, 109, 108, 107, 106, 105, 104, 103, 102, 101], [0, 49, 50, 90, 89, 88, 127, 126, 166, 165, 205, 206, 207, 208, 209, 210, 171, 172, 173, 174, 134, 94, 95, 54, 53, 14], [0, 35, 36, 37, 38, 39, 41, 42, 43, 44, 45, 46, 47, 48, 87, 86, 85, 84, 125, 124, 123, 83, 82, 81, 120, 80], [0, 110, 150, 190, 189, 229, 230, 231, 232, 233, 234, 235, 236, 237, 238, 198, 197, 196, 195, 194, 193, 192, 191, 151, 111, 72], [0, 61, 62, 63, 64, 65, 66, 67, 68, 69, 70, 71, 113, 114, 115, 116, 117, 118, 78, 77, 76, 75, 74, 34, 33, 32]]
