Aretes fixées après apprentissage pour cette exécution
Fixed edges = [[0, 195, 196, 236, 237, 238, 239, 198, 197, 157, 156, 155, 0], [0, 226, 227, 228, 229, 230, 231, 232, 233, 234, 235, 0], [0, 182, 222, 223, 224, 225, 185, 186, 0], [0, 220, 221, 181, 180, 179, 0], [0, 177, 176, 216, 217, 218, 219, 0], [0, 174, 173, 172, 171, 170, 169, 209, 210, 211, 212, 213, 214, 215, 0], [0, 167, 168, 128, 127, 126, 166, 206, 207, 208, 209, 0], [0, 163, 202, 203, 204, 205, 165, 164, 163, 0], [0, 194, 193, 153, 152, 151, 150, 190, 191, 0], [0, 187, 188, 189, 190, 0], [0, 162, 161, 201, 200, 199, 0], [0, 158, 159, 160, 121, 0], [0, 148, 149, 0], [0, 134, 135, 136, 137, 138, 139, 140, 141, 142, 0], [0, 130, 131, 132, 133, 0], [0, 124, 125, 126, 0], [0, 111, 112, 113, 114, 115, 116, 117, 118, 119, 120, 80, 79, 78, 77, 76, 75, 74, 0], [0, 103, 104, 105, 106, 107, 108, 109, 110, 0], [0, 99, 100, 101, 102, 0], [0, 81, 82, 83, 84, 85, 86, 87, 0], [0, 49, 50, 51, 52, 53, 54, 55, 56, 57, 58, 59, 60, 61, 62, 63, 64, 0], [0, 80, 41, 42, 43, 44, 45, 46, 47, 0], [0, 34, 35, 36, 37, 38, 39, 40, 1, 2, 3, 4, 5, 6, 7, 0], [0, 25, 26, 27, 28, 29, 30, 31, 32, 0], [0, 18, 19, 20, 21, 22, 23, 24, 0], [0, 10, 11, 12, 13, 14, 15, 16, 17, 0], [0, 8, 9, 0], [0, 175, 176, 0], [0, 143, 144, 145, 146, 147, 0], [0, 122, 123, 0], [0, 91, 92, 93, 94, 95, 96, 97, 98, 0], [0, 88, 89, 90, 0], [0, 66, 67, 68, 69, 70, 71, 72, 73, 0], [0, 183, 184, 0], [0, 165, 166, 0], [0, 192, 232, 0], [0, 153, 154, 0], [0, 128, 129, 0], [0, 201, 202, 0], [0, 161, 200, 0], [0, 23, 62, 0], [0, 33, 0], [0, 48, 0], [0, 65, 0], [0, 178, 0], [0, 240, 0]]
Time = 100.39913153648376


#################

init = 6672.316
res = 6079.418
gap = 7.508

solution = [[0, 7, 6, 5, 4, 3, 2, 1, 40, 39, 38, 77, 76, 75, 74, 32, 31, 30, 29, 28, 27, 26, 25, 24, 23, 23], [0, 51, 52, 53, 54, 55, 56, 57, 58, 59, 60, 61, 62, 62, 63, 64, 65, 66, 68, 69, 70, 71, 72, 33, 34, 35, 36], [0, 101, 100, 99, 98, 97, 96, 95, 94, 93, 92, 91, 89, 87, 86, 85, 84, 82, 81, 120, 119, 79, 80, 80, 41, 42, 44, 45, 46, 47], [0, 8, 10, 11, 12, 13, 14, 15, 16, 17, 18, 19, 20, 21, 22], [0, 9, 49, 48, 88, 128, 128, 127, 167, 168, 208, 207, 206, 205, 204, 164, 165, 165, 166, 166, 125, 126, 126], [0, 141, 140, 139, 138, 137, 176, 176, 175, 174, 173, 214, 213, 212, 211, 210, 209, 209, 169, 170, 171, 172, 132, 131, 130, 129, 90, 50], [0, 133, 134, 135, 215, 216, 217, 218, 219, 220, 221, 222, 223, 224, 225, 226, 227, 228, 229, 230, 231, 232, 232, 192, 151, 150, 149, 148], [0, 136, 177, 178, 179, 180, 181, 182, 183, 143, 142, 102, 103, 104, 105, 106, 108, 109, 110, 111, 112, 113, 73], [0, 155, 154, 153, 153, 152, 191, 190, 190, 189, 188, 187, 186, 185, 184, 144, 145, 146, 147, 107, 67], [0, 43, 83, 122, 123, 124, 163, 163, 203, 202, 202, 162, 121, 160, 159, 158, 118, 78, 37], [0, 114, 115, 116, 156, 196, 195, 194, 193, 233, 234, 235, 236, 237, 238, 239, 240, 201, 201, 161, 161, 200, 200, 199, 198, 197, 157, 117]]


#################

init = 6042.841
res = 5841.386
gap = 3.739

solution = [[0, 48, 88, 89, 129, 128, 128, 127, 167, 168, 208, 207, 206, 205, 204, 164, 165, 165, 165, 166, 166, 126, 126, 125, 124, 85, 86, 87, 47, 46, 45, 5], [0, 42, 43, 44, 84, 83, 82, 122, 123, 163, 163, 203, 202, 202, 162, 161, 161, 161, 121, 160, 159, 119, 120, 81, 41, 80, 40], [0, 21, 62, 63, 64, 104, 103, 102, 142, 143, 183, 182, 181, 180, 179, 178, 177, 136, 94, 95, 96, 97, 98, 99, 100, 101, 61, 20], [0, 19, 18, 17, 16, 15, 14, 13, 51, 50, 49, 10, 9, 8, 7, 6, 4, 3, 2, 1, 39, 38, 37, 35, 34, 33], [0, 11, 12, 53, 54, 55, 56, 57, 58, 59, 60, 22, 23, 24, 25], [0, 65, 105, 106, 107, 108, 109, 150, 149, 148, 147, 146, 145, 144, 184, 185, 186, 187, 188, 189, 231, 232, 232, 192, 152, 153, 153, 153, 154, 155, 115, 75], [0, 110, 151, 191, 190, 190, 230, 229, 228, 227, 226, 225, 224, 223, 222, 221, 220, 219, 218, 217, 216, 215, 135, 134, 133, 93], [0, 141, 140, 139, 138, 137, 176, 176, 175, 174, 173, 214, 213, 212, 211, 210, 209, 209, 169, 170, 171, 172, 132, 131, 130, 90, 91, 92, 52], [0, 31, 30, 29, 28, 27, 26, 66, 67, 68, 69, 70, 71, 111, 112, 113, 114, 74, 73, 72, 32], [0, 36, 76, 77, 117, 116, 156, 196, 195, 194, 193, 233, 234, 235, 236, 237, 238, 239, 240, 201, 201, 200, 200, 199, 198, 197, 157, 158, 118, 79, 78]]


#################

init = 6028.267
res = 5824.638
gap = 3.462

solution = [[0, 80, 79, 78, 118, 119, 120, 160, 159, 158, 157, 197, 198, 199, 200, 200, 161, 161, 121, 122, 81, 41, 42, 43, 44, 45, 46, 47, 8, 9], [0, 13, 14, 15, 16, 17, 18, 19, 20, 21, 22, 23, 24, 25, 26, 27, 67, 66, 65, 63, 62, 61, 60, 59, 58, 57], [0, 141, 140, 139, 138, 137, 176, 176, 175, 174, 214, 213, 212, 211, 210, 209, 209, 169, 170, 171, 172, 132, 131, 130, 129, 90, 91, 92, 52, 12], [0, 55, 94, 133, 173, 215, 216, 217, 218, 219, 220, 221, 222, 223, 224, 225, 226, 227, 228, 229, 230, 231, 232, 232, 192, 191, 190, 190], [0, 56, 95, 96, 97, 98, 99, 100, 101, 102, 103, 142, 143, 144, 184, 183, 182, 181, 180, 179, 178, 177, 136, 135, 134, 93, 53, 54], [0, 87, 86, 85, 84, 83, 124, 125, 126, 126, 166, 166, 165, 165, 164, 203, 204, 205, 206, 207, 208, 168, 167, 127, 128, 128, 88, 89, 48, 10], [0, 11, 51, 50, 49, 7, 6, 5, 4, 3, 2, 1, 40, 39, 38], [0, 64, 104, 105, 106, 107, 108, 148, 147, 146, 145, 185, 186, 187, 188, 189, 149, 150, 151, 152, 153, 153, 154, 155, 114, 113, 112, 111, 110, 109], [0, 34, 33, 32, 31, 30, 29, 28, 68, 69, 70, 71, 72, 73, 74, 75, 76, 36, 35], [0, 37, 77, 117, 116, 115, 156, 196, 195, 194, 193, 233, 234, 235, 236, 237, 238, 239, 240, 201, 201, 202, 202, 162, 163, 163, 123, 82]]


#################

init = 6085.678
res = 5866.08
gap = 4.144

solution = [[0, 174, 215, 216, 217, 218, 219, 220, 221, 222, 223, 224, 225, 226, 227, 228, 229, 230, 231, 232, 232, 192, 191, 151, 112, 113, 114, 115], [0, 141, 140, 139, 138, 137, 136, 135, 134, 176, 176, 175, 214, 213, 212, 211, 210, 209, 209, 169, 170, 171, 172, 173, 133, 132, 131, 130, 129, 89, 49], [0, 8, 9, 10, 11, 12, 13, 14, 54, 55, 56, 57, 58, 59, 60, 61, 62, 63, 64, 23, 22], [0, 177, 178, 179, 180, 181, 182, 183, 184, 185, 186, 187, 188, 189, 190, 190, 150, 149, 148, 147, 146, 145, 144, 143, 142, 102], [0, 21, 20, 19, 18, 17, 16, 15, 53, 93, 94, 95, 96, 97, 98, 99, 100, 101, 103, 104, 105, 106, 107, 108, 68, 67, 66, 65, 25, 24], [0, 26, 27, 28, 29, 30, 31, 32, 33, 34, 35, 36, 37, 38, 39, 1, 2, 3, 4], [0, 80, 81, 82, 122, 121, 160, 200, 200, 161, 161, 201, 201, 240, 239, 238, 237, 236, 235, 234, 233, 193, 194, 195, 196, 197, 198, 199, 159, 158, 117, 116], [0, 42, 41, 120, 119, 118, 157, 156, 155, 154, 153, 153, 152, 111, 110, 109, 69, 70, 71, 72, 73, 74, 75, 76, 77, 78, 79, 40], [0, 7, 6, 5, 43, 44, 45, 46, 86, 85, 84, 125, 124, 164, 165, 165, 166, 166, 126, 126, 87, 88, 90, 91, 92, 52, 51, 50], [0, 47, 48, 128, 128, 127, 167, 168, 208, 207, 206, 205, 204, 203, 202, 202, 162, 163, 163, 123, 83]]


#################

init = 6191.914
res = 5851.023
gap = 3.897

solution = [[0, 17, 16, 15, 14, 13, 12, 9, 8, 7, 5, 4, 3, 2, 1, 40, 39, 38, 37, 35, 34, 33, 32, 31, 30, 29, 28, 27, 26, 25], [0, 44, 43, 42, 82, 83, 84, 125, 126, 126, 86, 87, 88, 89, 129, 130, 131, 132, 91, 90, 49, 48, 47, 46, 6], [0, 142, 141, 140, 139, 179, 180, 221, 222, 223, 224, 225, 226, 227, 228, 229, 230, 231, 191, 190, 190, 189, 149, 150, 151, 152, 153, 153], [0, 24, 23, 22, 62, 61, 60, 59, 58, 98, 99, 100, 101, 102, 103, 104, 105, 106, 107, 108, 109, 110, 111, 112, 113, 74], [0, 81, 122, 123, 124, 164, 163, 163, 162, 202, 202, 203, 204, 205, 165, 165, 166, 166, 206, 207, 208, 168, 167, 128, 128, 127, 85, 45], [0, 64, 63, 143, 144, 145, 146, 147, 148, 188, 187, 186, 185, 184, 183, 182, 181, 220, 219, 218, 217, 216, 176, 136, 135, 95, 94, 54], [0, 11, 10, 50, 51, 52, 53, 55, 56, 19, 20, 21], [0, 92, 93, 133, 134, 174, 173, 172, 171, 170, 169, 209, 209, 210, 211, 212, 213, 214, 215, 175, 176, 177, 178, 138, 137, 97, 96, 57, 18], [0, 65, 66, 67, 68, 69, 70, 71, 72, 73, 115, 116, 156, 155, 195, 196, 197, 198, 158, 157, 117, 118, 78, 77, 76, 36], [0, 41, 80, 79, 119, 120, 121, 160, 159, 199, 200, 200, 161, 161, 201, 201, 240, 239, 238, 237, 236, 235, 234, 233, 232, 232, 192, 193, 194, 154, 114, 75]]
