Aretes fixées après apprentissage pour cette exécution
Fixed edges = [[0, 24, 23, 31, 0], [0, 22, 26, 0], [0, 25, 16, 30, 27, 0], [0, 11, 29, 0], [0, 9, 15, 0], [0, 12, 21, 0], [0, 1, 0], [0, 2, 0], [0, 3, 0], [0, 4, 0], [0, 5, 0], [0, 6, 0], [0, 7, 0], [0, 8, 0], [0, 10, 0], [0, 13, 0], [0, 14, 0], [0, 17, 0], [0, 18, 0], [0, 19, 0], [0, 20, 0], [0, 28, 0], [0, 32, 0]]


#################
lambda = 0.5
mu = 0.1
nu = 0.1

init = 824.691
res = 745.453
gap = 0.463

solution = [[0, 31, 23, 24, 26, 22, 5, 13], [0, 14, 17, 29, 11, 10, 32], [0, 21, 12], [0, 1, 7, 19, 6, 18], [0, 28, 27, 30, 16, 25], [0, 4, 8, 3, 2, 15, 9, 20]]


#################
lambda = 0.5
mu = 0.1
nu = 1.7000000000000002

init = 859.447
res = 778.159
gap = 4.647

solution = [[0, 21, 12], [0, 4, 8, 3, 2, 15, 9, 20], [0, 1, 18, 6, 7, 13, 5], [0, 17, 11, 29, 19, 14], [0, 22, 26, 24, 23, 31], [0, 10, 32], [0, 25, 16, 30, 27, 28]]


#################
lambda = 0.5
mu = 0.2
nu = 0.1

init = 823.757
res = 760.823
gap = 2.474

solution = [[0, 21, 12], [0, 13, 6, 18, 1, 14], [0, 4, 8, 3, 9, 15, 20, 2, 5], [0, 7, 19, 29, 11, 17], [0, 22, 26, 24, 23, 31], [0, 25, 16, 30, 27, 28], [0, 10, 32]]


#################
lambda = 0.5
mu = 0.2
nu = 1.6

init = 858.513
res = 778.159
gap = 4.647

solution = [[0, 21, 12], [0, 4, 8, 3, 2, 15, 9, 20], [0, 1, 18, 6, 7, 13, 5], [0, 17, 11, 29, 19, 14], [0, 22, 26, 24, 23, 31], [0, 10, 32], [0, 25, 16, 30, 27, 28]]


#################
lambda = 0.5
mu = 0.30000000000000004
nu = 1.5

init = 864.71
res = 746.076
gap = 0.546

solution = [[0, 21, 12], [0, 2, 20, 15, 9, 3, 8, 4], [0, 18, 6, 19, 7, 1], [0, 13, 5, 22, 26, 24, 23, 31], [0, 28, 27, 30, 16, 25], [0, 32, 10, 11, 29, 17, 14]]


#################
lambda = 0.5
mu = 0.4
nu = 1.3

init = 863.244
res = 774.873
gap = 4.242

solution = [[0, 21, 12], [0, 1, 18, 6, 7, 5, 13], [0, 4, 8, 3, 9, 15, 20, 2], [0, 25, 16, 30, 27, 28], [0, 22, 26, 24, 23, 31], [0, 17, 11, 29, 19, 14], [0, 10, 32]]


#################
lambda = 0.5
mu = 0.5
nu = 1.8

init = 863.555
res = 746.875
gap = 0.653

solution = [[0, 21, 12], [0, 1, 18, 6, 7, 13], [0, 20, 9, 15, 2, 3, 4, 8, 5], [0, 14, 19, 29, 11, 17, 10], [0, 32, 25, 16, 30, 27, 28], [0, 22, 26, 24, 23, 31]]


#################
lambda = 0.5
mu = 1.0
nu = 0.1

init = 830.894
res = 772.94
gap = 4.003

solution = [[0, 21, 12], [0, 17, 11, 29, 14], [0, 10, 32], [0, 5, 8, 4, 3, 2, 15, 9, 20], [0, 31, 23, 24, 26, 22, 13], [0, 1, 18, 6, 7, 19], [0, 25, 16, 30, 27, 28]]


#################
lambda = 0.5
mu = 1.0
nu = 0.5

init = 821.966
res = 751.935
gap = 1.321

solution = [[0, 21, 12], [0, 13, 7, 19, 6, 18, 14], [0, 31, 23, 24, 26, 22, 5, 1], [0, 25, 16, 30, 27, 28], [0, 20, 9, 15, 2, 3, 8, 4], [0, 32, 10, 17, 11, 29]]


#################
lambda = 0.5
mu = 1.0
nu = 0.6000000000000001

init = 873.955
res = 766.756
gap = 3.229

solution = [[0, 21, 12], [0, 20, 9, 15, 2, 3, 4, 8, 5], [0, 31, 23, 24, 26, 22], [0, 1, 18, 6, 7, 13], [0, 10, 17, 11, 29, 19, 14], [0, 27, 30, 16, 25], [0, 32, 28]]


#################
lambda = 0.5
mu = 1.1
nu = 0.1

init = 858.359
res = 746.436
gap = 0.594

solution = [[0, 1, 18, 6, 7, 13], [0, 5, 8, 4, 3, 2, 15, 9, 20], [0, 17, 11, 29, 19, 14], [0, 31, 23, 24, 26, 22], [0, 32, 25, 16, 30, 27, 28], [0, 21, 12, 10]]


#################
lambda = 0.5
mu = 1.1
nu = 0.4

init = 910.348
res = 772.143
gap = 3.904

solution = [[0, 21, 12], [0, 5, 8, 4, 3, 2, 15, 9, 20], [0, 17, 11, 29, 19, 14], [0, 1, 18, 6, 7, 13], [0, 22, 26, 24, 23, 31], [0, 10, 32, 28], [0, 25, 16, 30, 27]]


#################
lambda = 0.5
mu = 1.1
nu = 1.6

init = 867.795
res = 753.285
gap = 1.498

solution = [[0, 21, 12], [0, 1, 18, 6, 7, 5, 13], [0, 22, 4, 26, 24, 23, 31], [0, 8, 3, 2, 15, 9, 20, 19], [0, 32, 10, 11, 29, 17, 14], [0, 25, 16, 30, 27, 28]]


#################
lambda = 0.5
mu = 1.1
nu = 1.7000000000000002

init = 841.717
res = 753.447
gap = 1.519

solution = [[0, 31, 23, 24, 22, 26, 4, 8], [0, 13, 5, 7, 6, 18, 1], [0, 21, 12], [0, 25, 16, 30, 27, 28], [0, 32, 10, 11, 29, 17], [0, 3, 2, 15, 9, 20, 19, 14]]


#################
lambda = 0.5
mu = 1.2000000000000002
nu = 0.1

init = 877.648
res = 758.088
gap = 2.122

solution = [[0, 14, 17, 29, 11, 10, 32], [0, 19, 20, 9, 15, 2, 3, 8], [0, 1, 18, 6, 7, 13, 5], [0, 21, 12], [0, 31, 23, 24, 22, 26, 4], [0, 25, 16, 30, 27, 28]]


#################
lambda = 0.5
mu = 1.2000000000000002
nu = 1.7000000000000002

init = 865.627
res = 772.414
gap = 3.938

solution = [[0, 4, 8, 3, 2, 15, 9, 20], [0, 31, 23, 24, 26, 22, 5, 13], [0, 27, 30, 16, 25], [0, 18, 6, 19, 7, 1], [0, 11, 29, 17, 14], [0, 32, 28], [0, 10, 12, 21]]


#################
lambda = 0.5
mu = 1.3
nu = 0.1

init = 852.567
res = 762.729
gap = 2.718

solution = [[0, 4, 8, 3, 2, 15, 9, 20], [0, 31, 23, 24, 26, 22, 13], [0, 1, 18, 6, 19, 7, 5], [0, 14, 17, 29, 11], [0, 28, 27, 30, 16, 25, 32], [0, 21, 12, 10]]


#################
lambda = 0.5
mu = 1.3
nu = 0.7000000000000001

init = 853.622
res = 799.648
gap = 7.209

solution = [[0, 21, 12], [0, 24, 23, 31, 27, 30, 16, 25], [0, 22, 26, 4, 8, 3, 13], [0, 28, 32, 10], [0, 5, 2, 15, 9, 20, 19, 7], [0, 14, 17, 29, 11], [0, 1, 18, 6]]


#################
lambda = 0.5
mu = 1.3
nu = 1.4000000000000001

init = 834.208
res = 794.84
gap = 6.648

solution = [[0, 21, 12], [0, 4, 8, 3, 2, 15, 9, 20], [0, 22, 26, 24, 23, 31], [0, 18, 6, 19, 7, 5, 13], [0, 17, 11, 29, 1], [0, 25, 16, 30, 27, 28], [0, 32, 10, 14]]


#################
lambda = 0.5
mu = 1.4000000000000001
nu = 0.1

init = 897.574
res = 749.906
gap = 1.054

solution = [[0, 21, 12], [0, 14, 18, 6, 19, 7, 13], [0, 31, 23, 24, 26, 22, 1], [0, 5, 8, 4, 3, 2, 15, 9, 20], [0, 32, 10, 11, 29, 17], [0, 25, 16, 30, 27, 28]]


#################
lambda = 0.5
mu = 1.5
nu = 0.1

init = 908.998
res = 808.463
gap = 8.221

solution = [[0, 21, 12], [0, 24, 23, 31], [0, 7, 2, 15, 9, 20, 19, 6], [0, 32, 10, 17, 11, 29], [0, 5, 22, 26, 4, 8, 3, 18], [0, 28, 27, 30, 16, 25], [0, 13, 1, 14]]


#################
lambda = 0.5
mu = 1.5
nu = 0.2

init = 920.308
res = 755.71
gap = 1.814

solution = [[0, 3, 2, 15, 9, 20, 19, 7], [0, 21, 12], [0, 32, 10, 17, 29, 11], [0, 14, 1, 18, 6, 13, 5], [0, 31, 23, 24, 22, 26, 4, 8], [0, 25, 16, 30, 27, 28]]


#################
lambda = 0.5
mu = 1.6
nu = 0.1

init = 955.669
res = 779.796
gap = 4.847

solution = [[0, 21, 12], [0, 24, 23, 31, 27, 30, 16, 25], [0, 22, 26, 4, 8, 3, 13], [0, 32, 10, 17, 11, 29], [0, 1, 18, 6, 14, 28], [0, 7, 19, 20, 9, 15, 2, 5]]


#################
lambda = 0.5
mu = 1.7000000000000002
nu = 0.1

init = 952.689
res = 779.796
gap = 4.847

solution = [[0, 21, 12], [0, 24, 23, 31, 27, 30, 16, 25], [0, 22, 26, 4, 8, 3, 13], [0, 32, 10, 17, 11, 29], [0, 1, 18, 6, 14, 28], [0, 7, 19, 20, 9, 15, 2, 5]]


#################
lambda = 0.5
mu = 1.7000000000000002
nu = 1.3

init = 929.348
res = 746.874
gap = 0.653

solution = [[0, 10, 12, 21], [0, 13, 5, 22, 26, 24, 23, 31], [0, 20, 9, 15, 2, 3, 8, 4], [0, 14, 17, 29, 11, 32], [0, 28, 27, 30, 16, 25], [0, 18, 6, 19, 7, 1]]


#################
lambda = 0.5
mu = 1.7000000000000002
nu = 1.7000000000000002

init = 928.139
res = 757.195
gap = 2.007

solution = [[0, 1, 18, 6, 7, 13, 5], [0, 19, 20, 9, 15, 2, 3, 8], [0, 21, 12], [0, 14, 17, 29, 11, 10, 32], [0, 28, 27, 30, 16, 25], [0, 22, 4, 26, 24, 23, 31]]


#################
lambda = 0.5
mu = 1.7000000000000002
nu = 1.9000000000000001

init = 937.96
res = 762.722
gap = 2.717

solution = [[0, 10, 12, 21], [0, 4, 8, 3, 2, 20, 15, 9], [0, 5, 7, 19, 6, 18, 1], [0, 31, 23, 24, 26, 22, 13], [0, 25, 16, 30, 27, 28], [0, 32, 11, 29, 17, 14]]


#################
lambda = 0.5
mu = 1.8
nu = 0.1

init = 916.528
res = 755.648
gap = 1.806

solution = [[0, 21, 12], [0, 14, 17, 29, 11, 10, 32], [0, 25, 16, 30, 27, 28], [0, 5, 7, 19, 6, 18, 1], [0, 20, 9, 15, 2, 3, 8, 4], [0, 31, 23, 24, 26, 22, 13]]


#################
lambda = 0.5
mu = 1.9000000000000001
nu = 0.1

init = 981.164
res = 746.076
gap = 0.546

solution = [[0, 21, 12], [0, 2, 20, 15, 9, 3, 8, 4], [0, 31, 23, 24, 26, 22, 5, 13], [0, 14, 17, 29, 11, 10, 32], [0, 28, 27, 30, 16, 25], [0, 18, 6, 19, 7, 1]]


#################
lambda = 0.6000000000000001
mu = 0.1
nu = 0.1

init = 824.068
res = 743.004
gap = 0.135

solution = [[0, 10, 12, 21], [0, 20, 9, 15, 2, 3, 4, 8, 5], [0, 7, 19, 29, 11, 17], [0, 13, 6, 18, 1, 14], [0, 32, 25, 16, 30, 27, 28], [0, 22, 26, 24, 23, 31]]


#################
lambda = 0.6000000000000001
mu = 0.1
nu = 1.8

init = 851.117
res = 755.648
gap = 1.806

solution = [[0, 21, 12], [0, 31, 23, 24, 26, 22, 13], [0, 4, 8, 3, 2, 15, 9, 20], [0, 1, 18, 6, 19, 7, 5], [0, 14, 17, 29, 11, 10, 32], [0, 25, 16, 30, 27, 28]]


#################
lambda = 0.6000000000000001
mu = 0.9
nu = 0.1

init = 821.655
res = 747.853
gap = 0.783

solution = [[0, 10, 12, 21], [0, 4, 8, 3, 9, 15, 20, 2, 5], [0, 14, 17, 29, 11, 32], [0, 18, 6, 19, 7, 1], [0, 31, 23, 24, 26, 22, 13], [0, 25, 16, 30, 27, 28]]


#################
lambda = 0.6000000000000001
mu = 1.2000000000000002
nu = 0.1

init = 858.644
res = 751.706
gap = 1.291

solution = [[0, 25, 16, 30, 27, 28], [0, 21, 12], [0, 7, 20, 9, 15, 2, 3, 8, 5], [0, 31, 23, 24, 22, 26, 4], [0, 1, 18, 6, 19, 13], [0, 32, 10, 11, 29, 17, 14]]


#################
lambda = 0.6000000000000001
mu = 1.2000000000000002
nu = 0.4

init = 842.675
res = 761.134
gap = 2.514

solution = [[0, 25, 16, 30, 27, 28], [0, 21, 12], [0, 22, 26, 24, 23, 31], [0, 20, 9, 15, 2, 3, 4, 8, 5], [0, 10, 32], [0, 7, 19, 29, 11, 17], [0, 13, 6, 18, 1, 14]]


#################
lambda = 0.6000000000000001
mu = 1.2000000000000002
nu = 1.6

init = 844.485
res = 751.106
gap = 1.212

solution = [[0, 14, 17, 29, 11, 10, 32], [0, 21, 12], [0, 4, 8, 3, 2, 20, 15, 9], [0, 31, 23, 24, 26, 22, 5, 13], [0, 25, 16, 30, 27, 28], [0, 18, 6, 19, 7, 1]]


#################
lambda = 0.6000000000000001
mu = 1.3
nu = 0.1

init = 841.504
res = 751.706
gap = 1.291

solution = [[0, 21, 12], [0, 7, 20, 9, 15, 2, 3, 8, 5], [0, 1, 18, 6, 19, 13], [0, 14, 17, 29, 11, 10, 32], [0, 28, 27, 30, 16, 25], [0, 31, 23, 24, 22, 26, 4]]


#################
lambda = 0.6000000000000001
mu = 1.4000000000000001
nu = 0.1

init = 845.445
res = 777.638
gap = 4.583

solution = [[0, 10, 12, 21], [0, 31, 23, 24, 1, 18, 13], [0, 22, 26, 4, 8, 3, 5], [0, 6, 7, 19, 20, 9, 15, 2], [0, 28, 27, 30, 16, 25], [0, 14, 17, 29, 11, 32]]


#################
lambda = 0.6000000000000001
mu = 1.4000000000000001
nu = 0.6000000000000001

init = 844.435
res = 801.424
gap = 7.415

solution = [[0, 25, 16, 30, 27, 28], [0, 21, 12], [0, 5, 3, 8, 4, 26, 22], [0, 24, 23, 31], [0, 32, 10, 17, 11, 29], [0, 14, 1, 18, 13], [0, 6, 7, 19, 20, 9, 15, 2]]


#################
lambda = 0.6000000000000001
mu = 1.7000000000000002
nu = 1.6

init = 920.697
res = 752.089
gap = 1.341

solution = [[0, 21, 12, 10], [0, 5, 8, 4, 3, 2, 20, 15, 9], [0, 1, 18, 6, 7, 13], [0, 32, 25, 16, 30, 27, 28], [0, 31, 23, 24, 26, 22], [0, 17, 11, 29, 19, 14]]


#################
lambda = 0.6000000000000001
mu = 1.9000000000000001
nu = 0.1

init = 919.529
res = 742.693
gap = 0.093

solution = [[0, 14, 1, 18, 6, 13], [0, 17, 11, 29, 19, 7], [0, 10, 12, 21], [0, 32, 25, 16, 30, 27, 28], [0, 31, 23, 24, 26, 22], [0, 4, 8, 3, 9, 15, 20, 2, 5]]


#################
lambda = 0.7000000000000001
mu = 1.4000000000000001
nu = 0.1

init = 861.55
res = 763.295
gap = 2.79

solution = [[0, 21, 12], [0, 7, 20, 9, 15, 2, 3, 8, 5], [0, 1, 18, 6, 19, 13], [0, 28, 27, 30, 16, 25, 10, 32], [0, 11, 29, 17, 14], [0, 22, 4, 26, 24, 23, 31]]


#################
lambda = 0.7000000000000001
mu = 1.4000000000000001
nu = 0.8

init = 855.36
res = 772.273
gap = 3.92

solution = [[0, 25, 16, 30, 27, 28], [0, 21, 12], [0, 13, 5, 22, 26, 24, 23, 31], [0, 1, 18, 6, 7, 19], [0, 4, 8, 3, 9, 15, 20, 2], [0, 17, 11, 29, 14], [0, 10, 32]]


#################
lambda = 0.7000000000000001
mu = 1.5
nu = 0.1

init = 896.58
res = 758.088
gap = 2.122

solution = [[0, 21, 12], [0, 14, 17, 29, 11, 10, 32], [0, 1, 18, 6, 7, 13, 5], [0, 8, 3, 2, 15, 9, 20, 19], [0, 25, 16, 30, 27, 28], [0, 31, 23, 24, 22, 26, 4]]


#################
lambda = 0.7000000000000001
mu = 1.5
nu = 0.2

init = 912.531
res = 775.351
gap = 4.301

solution = [[0, 21, 12], [0, 10, 32], [0, 22, 26, 24, 23, 31], [0, 2, 20, 15, 9, 3, 8, 4], [0, 14, 1, 18, 6, 13, 5], [0, 17, 11, 29, 19, 7], [0, 28, 27, 30, 16, 25]]


#################
lambda = 0.7000000000000001
mu = 1.5
nu = 0.30000000000000004

init = 861.396
res = 768.124
gap = 3.401

solution = [[0, 21, 12], [0, 28, 27, 30, 16, 25], [0, 13, 6, 18, 1, 14], [0, 17, 11, 29, 19, 7], [0, 10, 32], [0, 31, 23, 24, 26, 22, 5], [0, 4, 8, 3, 2, 15, 9, 20]]


#################
lambda = 0.7000000000000001
mu = 1.5
nu = 0.9

init = 837.286
res = 830.141
gap = 10.618

solution = [[0, 25, 16, 30, 27], [0, 21, 12], [0, 1, 18], [0, 10, 32], [0, 13, 2, 15, 9, 20, 7, 6], [0, 17, 11, 29, 19, 14], [0, 22, 26, 4, 8, 3, 5], [0, 24, 23, 31, 28]]


#################
lambda = 0.7000000000000001
mu = 1.8
nu = 0.7000000000000001

init = 951.334
res = 756.271
gap = 1.887

solution = [[0, 31, 23, 24, 26, 22, 13], [0, 4, 8, 3, 9, 15, 20, 2], [0, 1, 18, 6, 19, 7, 5], [0, 14, 17, 29, 11, 10, 32], [0, 25, 16, 30, 27, 28], [0, 21, 12]]


#################
lambda = 0.7000000000000001
mu = 1.8
nu = 0.9

init = 916.362
res = 746.874
gap = 0.653

solution = [[0, 13, 5, 22, 26, 24, 23, 31], [0, 10, 12, 21], [0, 14, 17, 29, 11, 32], [0, 4, 8, 3, 2, 15, 9, 20], [0, 28, 27, 30, 16, 25], [0, 18, 6, 19, 7, 1]]


#################
lambda = 0.7000000000000001
mu = 1.8
nu = 1.3

init = 915.419
res = 751.106
gap = 1.212

solution = [[0, 4, 8, 3, 2, 20, 15, 9], [0, 21, 12], [0, 14, 17, 29, 11, 10, 32], [0, 13, 5, 22, 26, 24, 23, 31], [0, 1, 7, 19, 6, 18], [0, 25, 16, 30, 27, 28]]


#################
lambda = 0.8
mu = 0.1
nu = 0.1

init = 842.631
res = 757.692
gap = 2.071

solution = [[0, 4, 8, 3, 9, 15, 20, 2], [0, 10, 12, 21], [0, 1, 18, 6, 19, 7, 5], [0, 14, 17, 29, 11, 32], [0, 31, 23, 24, 26, 22, 13], [0, 28, 27, 30, 16, 25]]


#################
lambda = 0.8
mu = 0.2
nu = 1.9000000000000001

init = 842.942
res = 750.147
gap = 1.086

solution = [[0, 20, 9, 15, 2, 3, 8, 4], [0, 21, 12], [0, 31, 23, 24, 26, 22, 5, 13], [0, 17, 11, 29, 19, 7], [0, 28, 27, 30, 16, 25], [0, 32, 10, 14, 1, 18, 6]]


#################
lambda = 0.8
mu = 0.30000000000000004
nu = 0.1

init = 813.076
res = 746.564
gap = 0.611

solution = [[0, 4, 8, 3, 9, 15, 20, 2, 5], [0, 22, 26, 24, 23, 31], [0, 28, 27, 30, 16, 25, 32], [0, 21, 12], [0, 14, 19, 29, 11, 17, 10], [0, 1, 18, 6, 7, 13]]


#################
lambda = 0.8
mu = 1.5
nu = 1.3

init = 862.509
res = 746.874
gap = 0.653

solution = [[0, 20, 9, 15, 2, 3, 8, 4], [0, 18, 6, 19, 7, 1], [0, 13, 5, 22, 26, 24, 23, 31], [0, 14, 17, 29, 11, 32], [0, 10, 12, 21], [0, 25, 16, 30, 27, 28]]


#################
lambda = 0.8
mu = 1.6
nu = 0.1

init = 838.884
res = 779.796
gap = 4.847

solution = [[0, 21, 12], [0, 32, 10, 17, 11, 29], [0, 5, 2, 15, 9, 20, 19, 7], [0, 13, 3, 8, 4, 26, 22], [0, 1, 18, 6, 14, 28], [0, 24, 23, 31, 27, 30, 16, 25]]


#################
lambda = 0.8
mu = 1.6
nu = 1.4000000000000001

init = 889.021
res = 782.2
gap = 5.139

solution = [[0, 32, 10, 17, 11, 29], [0, 7, 19, 20, 9, 15, 2, 5], [0, 14, 1, 18, 6, 13], [0, 21, 12], [0, 8, 3, 4, 26, 22, 28], [0, 24, 23, 31, 27, 30, 16, 25]]


#################
lambda = 0.8
mu = 1.9000000000000001
nu = 0.1

init = 929.349
res = 757.069
gap = 1.99

solution = [[0, 1, 18, 6, 19, 7, 5], [0, 10, 12, 21], [0, 4, 8, 3, 2, 15, 9, 20], [0, 14, 17, 29, 11, 32], [0, 25, 16, 30, 27, 28], [0, 31, 23, 24, 26, 22, 13]]


#################
lambda = 0.8
mu = 1.9000000000000001
nu = 1.1

init = 979.816
res = 768.4
gap = 3.436

solution = [[0, 21, 12], [0, 25, 16, 30, 27], [0, 31, 23, 24, 26, 22], [0, 4, 8, 3, 9, 15, 20, 2, 5], [0, 14, 1, 18, 6, 13], [0, 7, 19, 29, 11, 17], [0, 10, 32, 28]]


#################
lambda = 0.9
mu = 0.1
nu = 0.1

init = 844.489
res = 747.366
gap = 0.718

solution = [[0, 31, 23, 24, 26, 22, 13], [0, 5, 8, 4, 3, 9, 15, 20, 2], [0, 21, 12], [0, 32, 10, 11, 29, 17, 14], [0, 1, 7, 19, 6, 18], [0, 25, 16, 30, 27, 28]]


#################
lambda = 0.9
mu = 0.4
nu = 0.1

init = 852.309
res = 772.463
gap = 3.944

solution = [[0, 21, 12], [0, 5, 8, 4, 3, 2, 15, 9, 20], [0, 1, 18, 6, 7, 19], [0, 31, 23, 24, 26, 22, 13], [0, 25, 16, 30, 27, 28], [0, 10, 32], [0, 11, 29, 17, 14]]


#################
lambda = 0.9
mu = 1.5
nu = 0.4

init = 851.731
res = 745.677
gap = 0.493

solution = [[0, 25, 16, 30, 27, 28], [0, 10, 12, 21], [0, 8, 4, 26, 22, 24, 23, 31], [0, 14, 17, 29, 11, 32], [0, 19, 20, 9, 15, 2, 3, 5], [0, 1, 18, 6, 7, 13]]


#################
lambda = 0.9
mu = 1.6
nu = 0.1

init = 878.887
res = 760.44
gap = 2.425

solution = [[0, 25, 16, 30, 27, 28], [0, 21, 12], [0, 1, 18, 6, 19, 13], [0, 5, 8, 3, 2, 15, 9, 20, 7], [0, 22, 4, 26, 24, 23, 31], [0, 32, 10, 14, 17, 29, 11]]


#################
lambda = 0.9
mu = 1.8
nu = 1.4000000000000001

init = 883.267
res = 755.71
gap = 1.814

solution = [[0, 21, 12], [0, 31, 23, 24, 22, 26, 4, 8], [0, 14, 1, 18, 6, 13, 5], [0, 7, 19, 20, 9, 15, 2, 3], [0, 32, 10, 17, 29, 11], [0, 25, 16, 30, 27, 28]]


#################
lambda = 0.9
mu = 1.8
nu = 1.8

init = 904.606
res = 745.985
gap = 0.534

solution = [[0, 10, 12, 21], [0, 14, 17, 29, 11, 32], [0, 8, 3, 2, 15, 9, 20, 19], [0, 1, 18, 6, 7, 13], [0, 28, 27, 30, 16, 25], [0, 31, 23, 24, 22, 26, 4, 5]]


#################
lambda = 0.9
mu = 1.9000000000000001
nu = 1.7000000000000002

init = 911.755
res = 834.638
gap = 11.099

solution = [[0, 21, 12], [0, 1, 18, 6, 19], [0, 13, 2, 15, 9, 20, 7], [0, 5, 3, 8, 4, 26, 22], [0, 25, 16, 30, 27, 28], [0, 17, 11, 29, 14], [0, 10, 32], [0, 24, 23, 31]]


#################
lambda = 1.0
mu = 0.1
nu = 0.7000000000000001

init = 844.8
res = 748.406
gap = 0.856

solution = [[0, 20, 9, 15, 2, 3, 4, 8, 5], [0, 21, 12], [0, 17, 11, 29, 19, 7], [0, 14, 1, 18, 6, 13], [0, 32, 10, 25, 16, 30, 27, 28], [0, 22, 26, 24, 23, 31]]


#################
lambda = 1.0
mu = 0.7000000000000001
nu = 1.7000000000000002

init = 813.865
res = 748.406
gap = 0.856

solution = [[0, 21, 12], [0, 13, 6, 18, 1, 14], [0, 20, 9, 15, 2, 3, 4, 8, 5], [0, 32, 10, 25, 16, 30, 27, 28], [0, 7, 19, 29, 11, 17], [0, 22, 26, 24, 23, 31]]


#################
lambda = 1.0
mu = 0.8
nu = 1.5

init = 864.032
res = 768.711
gap = 3.475

solution = [[0, 21, 12], [0, 13, 6, 18, 1, 14], [0, 20, 9, 15, 2, 3, 4, 8, 5], [0, 17, 11, 29, 19, 7], [0, 27, 30, 16, 25], [0, 28, 32, 10], [0, 31, 23, 24, 26, 22]]


#################
lambda = 1.1
mu = 0.1
nu = 0.1

init = 814.458
res = 742.693
gap = 0.093

solution = [[0, 4, 8, 3, 9, 15, 20, 2, 5], [0, 21, 12, 10], [0, 22, 26, 24, 23, 31], [0, 32, 25, 16, 30, 27, 28], [0, 17, 11, 29, 19, 7], [0, 13, 6, 18, 1, 14]]


#################
lambda = 1.1
mu = 0.2
nu = 0.1

init = 814.123
res = 757.069
gap = 1.99

solution = [[0, 10, 12, 21], [0, 31, 23, 24, 26, 22, 13], [0, 20, 9, 15, 2, 3, 8, 4], [0, 1, 18, 6, 19, 7, 5], [0, 28, 27, 30, 16, 25], [0, 14, 17, 29, 11, 32]]


#################
lambda = 1.1
mu = 0.2
nu = 1.4000000000000001

init = 815.946
res = 748.468
gap = 0.864

solution = [[0, 20, 9, 15, 2, 3, 8, 4], [0, 14, 18, 6, 19, 7, 13], [0, 21, 12], [0, 1, 5, 22, 26, 24, 23, 31], [0, 25, 16, 30, 27, 28], [0, 32, 10, 11, 29, 17]]


#################
lambda = 1.1
mu = 0.9
nu = 1.9000000000000001

init = 822.665
res = 748.406
gap = 0.856

solution = [[0, 21, 12], [0, 13, 6, 18, 1, 14], [0, 20, 9, 15, 2, 3, 4, 8, 5], [0, 32, 10, 25, 16, 30, 27, 28], [0, 7, 19, 29, 11, 17], [0, 22, 26, 24, 23, 31]]


#################
lambda = 1.1
mu = 1.0
nu = 1.0

init = 822.443
res = 779.389
gap = 4.797

solution = [[0, 21, 12], [0, 1, 18, 6, 7, 5, 13], [0, 25, 16, 30, 27, 28], [0, 31, 23, 24, 22, 26, 4], [0, 19, 20, 9, 15, 2, 3, 8], [0, 10, 32], [0, 11, 29, 17, 14]]


#################
lambda = 1.1
mu = 1.0
nu = 1.4000000000000001

init = 821.877
res = 748.096
gap = 0.815

solution = [[0, 21, 12], [0, 13, 6, 18, 1, 14], [0, 4, 8, 3, 9, 15, 20, 2, 5], [0, 7, 19, 29, 11, 17], [0, 22, 26, 24, 23, 31], [0, 32, 10, 25, 16, 30, 27, 28]]


#################
lambda = 1.1
mu = 1.3
nu = 0.1

init = 854.878
res = 748.406
gap = 0.856

solution = [[0, 21, 12], [0, 32, 10, 25, 16, 30, 27, 28], [0, 14, 1, 18, 6, 13], [0, 17, 11, 29, 19, 7], [0, 20, 9, 15, 2, 3, 4, 8, 5], [0, 31, 23, 24, 26, 22]]


#################
lambda = 1.1
mu = 1.3
nu = 0.8

init = 838.909
res = 760.823
gap = 2.474

solution = [[0, 21, 12], [0, 13, 6, 18, 1, 14], [0, 7, 19, 29, 11, 17], [0, 10, 32], [0, 28, 27, 30, 16, 25], [0, 31, 23, 24, 26, 22], [0, 4, 8, 3, 9, 15, 20, 2, 5]]


#################
lambda = 1.1
mu = 1.4000000000000001
nu = 0.4

init = 837.738
res = 777.393
gap = 4.553

solution = [[0, 31, 23, 24, 22, 26, 4], [0, 21, 12], [0, 10, 32], [0, 7, 20, 9, 15, 2, 3, 8, 5], [0, 25, 16, 30, 27, 28], [0, 17, 11, 29, 14], [0, 13, 19, 6, 18, 1]]


#################
lambda = 1.1
mu = 1.7000000000000002
nu = 0.1

init = 871.738
res = 757.195
gap = 2.007

solution = [[0, 21, 12], [0, 1, 18, 6, 7, 13, 5], [0, 25, 16, 30, 27, 28], [0, 14, 17, 29, 11, 10, 32], [0, 8, 3, 2, 15, 9, 20, 19], [0, 22, 4, 26, 24, 23, 31]]


#################
lambda = 1.2000000000000002
mu = 0.1
nu = 0.1

init = 813.113
res = 742.693
gap = 0.093

solution = [[0, 21, 12, 10], [0, 32, 25, 16, 30, 27, 28], [0, 22, 26, 24, 23, 31], [0, 4, 8, 3, 9, 15, 20, 2, 5], [0, 17, 11, 29, 19, 7], [0, 13, 6, 18, 1, 14]]


#################
lambda = 1.2000000000000002
mu = 0.30000000000000004
nu = 0.1

init = 814.747
res = 755.648
gap = 1.806

solution = [[0, 21, 12], [0, 1, 18, 6, 19, 7, 5], [0, 28, 27, 30, 16, 25], [0, 32, 10, 11, 29, 17, 14], [0, 20, 9, 15, 2, 3, 8, 4], [0, 31, 23, 24, 26, 22, 13]]


#################
lambda = 1.2000000000000002
mu = 0.30000000000000004
nu = 1.4000000000000001

init = 816.569
res = 779.916
gap = 4.862

solution = [[0, 10, 17, 11, 29, 1], [0, 4, 8, 3, 9, 15, 20, 2, 5], [0, 18, 6, 19, 7, 13], [0, 21, 12], [0, 14, 32, 27, 30, 16, 25], [0, 22, 26, 24, 23, 31, 28]]


#################
lambda = 1.2000000000000002
mu = 0.7000000000000001
nu = 0.1

init = 813.387
res = 761.134
gap = 2.514

solution = [[0, 21, 12], [0, 10, 32], [0, 20, 9, 15, 2, 3, 4, 8, 5], [0, 31, 23, 24, 26, 22], [0, 7, 19, 29, 11, 17], [0, 14, 1, 18, 6, 13], [0, 25, 16, 30, 27, 28]]


#################
lambda = 1.2000000000000002
mu = 1.7000000000000002
nu = 0.1

init = 857.783
res = 779.493
gap = 4.81

solution = [[0, 21, 12], [0, 7, 2, 15, 9, 20, 19, 6], [0, 32, 10, 14, 17, 11, 29], [0, 25, 16, 30, 27, 28], [0, 1, 18, 13, 24, 23, 31], [0, 5, 3, 8, 4, 26, 22]]


#################
lambda = 1.3
mu = 0.1
nu = 1.8

init = 860.929
res = 744.565
gap = 0.344

solution = [[0, 1, 18, 6, 7, 13], [0, 8, 3, 2, 15, 9, 20, 19], [0, 25, 16, 30, 27, 28], [0, 5, 4, 26, 22, 24, 23, 31], [0, 32, 10, 11, 29, 17, 14], [0, 21, 12]]


#################
lambda = 1.3
mu = 0.6000000000000001
nu = 0.1

init = 843.565
res = 750.812
gap = 1.174

solution = [[0, 1, 18, 6, 19, 13], [0, 21, 12], [0, 25, 16, 30, 27, 28], [0, 7, 20, 9, 15, 2, 3, 8, 5], [0, 14, 17, 29, 11, 10, 32], [0, 22, 4, 26, 24, 23, 31]]


#################
lambda = 1.3
mu = 0.8
nu = 0.1

init = 818.528
res = 749.906
gap = 1.054

solution = [[0, 21, 12], [0, 20, 9, 15, 2, 3, 4, 8, 5], [0, 31, 23, 24, 26, 22, 1], [0, 13, 7, 19, 6, 18, 14], [0, 28, 27, 30, 16, 25], [0, 32, 10, 11, 29, 17]]


#################
lambda = 1.3
mu = 0.9
nu = 0.2

init = 822.165
res = 776.751
gap = 4.474

solution = [[0, 21, 12], [0, 20, 9, 15, 2, 3, 4, 8, 5], [0, 31, 23, 24, 26, 22, 1], [0, 18, 6, 19, 7, 13], [0, 28, 27, 30, 16, 25], [0, 10, 32], [0, 11, 29, 17, 14]]


#################
lambda = 1.3
mu = 0.9
nu = 1.5

init = 822.188
res = 748.83
gap = 0.912

solution = [[0, 21, 12], [0, 20, 9, 15, 2, 3, 4, 8, 5], [0, 7, 19, 29, 11, 17], [0, 14, 1, 18, 6, 13], [0, 31, 23, 24, 26, 22], [0, 28, 27, 30, 16, 25, 32, 10]]


#################
lambda = 1.3
mu = 1.7000000000000002
nu = 0.1

init = 847.964
res = 746.874
gap = 0.653

solution = [[0, 10, 12, 21], [0, 13, 5, 22, 26, 24, 23, 31], [0, 20, 9, 15, 2, 3, 8, 4], [0, 14, 17, 29, 11, 32], [0, 25, 16, 30, 27, 28], [0, 18, 6, 19, 7, 1]]


#################
lambda = 1.3
mu = 1.9000000000000001
nu = 0.1

init = 912.977
res = 773.679
gap = 4.095

solution = [[0, 21, 12], [0, 25, 16, 30, 27, 28], [0, 1, 5, 22, 26, 24, 23, 31], [0, 4, 8, 3, 2, 15, 9, 20], [0, 10, 32], [0, 11, 29, 17], [0, 14, 18, 6, 19, 7, 13]]


#################
lambda = 1.3
mu = 1.9000000000000001
nu = 0.2

init = 912.933
res = 773.679
gap = 4.095

solution = [[0, 21, 12], [0, 25, 16, 30, 27, 28], [0, 1, 5, 22, 26, 24, 23, 31], [0, 4, 8, 3, 2, 15, 9, 20], [0, 10, 32], [0, 11, 29, 17], [0, 14, 18, 6, 19, 7, 13]]


#################
lambda = 1.3
mu = 1.9000000000000001
nu = 0.30000000000000004

init = 841.679
res = 826.609
gap = 10.236

solution = [[0, 21, 12], [0, 1, 18, 6, 13], [0, 10, 32], [0, 17, 11, 29, 14], [0, 25, 16, 30, 27, 28], [0, 5, 2, 15, 9, 20, 19, 7], [0, 24, 23, 31], [0, 22, 26, 4, 8, 3]]


#################
lambda = 1.4000000000000001
mu = 0.1
nu = 0.1

init = 859.583
res = 757.195
gap = 2.007

solution = [[0, 1, 18, 6, 7, 13, 5], [0, 14, 17, 29, 11, 10, 32], [0, 21, 12], [0, 8, 3, 2, 15, 9, 20, 19], [0, 22, 4, 26, 24, 23, 31], [0, 28, 27, 30, 16, 25]]


#################
lambda = 1.4000000000000001
mu = 0.7000000000000001
nu = 0.7000000000000001

init = 846.143
res = 756.739
gap = 1.948

solution = [[0, 4, 8, 3, 9, 15, 20, 2, 5], [0, 21, 12], [0, 10, 32, 28, 27, 30, 16, 25], [0, 7, 19, 29, 11, 17], [0, 13, 6, 18, 1, 14], [0, 31, 23, 24, 26, 22]]


#################
lambda = 1.4000000000000001
mu = 0.9
nu = 0.1

init = 825.953
res = 746.875
gap = 0.653

solution = [[0, 21, 12], [0, 20, 9, 15, 2, 3, 4, 8, 5], [0, 32, 25, 16, 30, 27, 28], [0, 1, 18, 6, 7, 13], [0, 14, 19, 29, 11, 17, 10], [0, 22, 26, 24, 23, 31]]


#################
lambda = 1.4000000000000001
mu = 0.9
nu = 1.6

init = 818.75
res = 746.743
gap = 0.635

solution = [[0, 21, 12], [0, 20, 9, 15, 2, 3, 4, 8, 5], [0, 31, 23, 24, 26, 22, 13], [0, 18, 6, 19, 7, 1], [0, 32, 10, 11, 29, 17, 14], [0, 25, 16, 30, 27, 28]]


#################
lambda = 1.4000000000000001
mu = 1.5
nu = 0.8

init = 821.494
res = 747.493
gap = 0.735

solution = [[0, 2, 20, 15, 9, 3, 8, 4], [0, 31, 23, 24, 26, 22, 5, 13], [0, 28, 27, 30, 16, 25, 32], [0, 10, 12, 21], [0, 1, 18, 6, 14], [0, 7, 19, 29, 11, 17]]


#################
lambda = 1.4000000000000001
mu = 1.8
nu = 1.6

init = 851.594
res = 779.796
gap = 4.847

solution = [[0, 21, 12], [0, 7, 19, 20, 9, 15, 2, 5], [0, 22, 26, 4, 8, 3, 13], [0, 32, 10, 17, 11, 29], [0, 1, 18, 6, 14, 28], [0, 24, 23, 31, 27, 30, 16, 25]]


#################
lambda = 1.4000000000000001
mu = 1.9000000000000001
nu = 0.1

init = 895.311
res = 745.453
gap = 0.463

solution = [[0, 21, 12], [0, 25, 16, 30, 27, 28], [0, 14, 17, 29, 11, 10, 32], [0, 20, 9, 15, 2, 3, 8, 4], [0, 13, 5, 22, 26, 24, 23, 31], [0, 18, 6, 19, 7, 1]]

execution : 439 s
