Aretes fixées après apprentissage pour cette exécution
Fixed edges = [[0, 2, 20, 15, 9, 3, 4, 8, 5, 0], [0, 18, 6, 19, 7, 13, 0], [0, 17, 29, 11, 0], [0, 12, 21, 0], [0, 28, 27, 30, 16, 25, 0], [0, 22, 26, 24, 23, 31, 0], [0, 1, 0], [0, 10, 0], [0, 14, 0], [0, 32, 0]]


#################
lambda = 0.1
mu = 0.1
nu = 0.1

init = 826.84
res = 784.328
gap = 5.397

solution = [[0, 18, 6, 19, 7, 13], [0, 21, 12], [0, 5, 8, 4, 3, 2, 15, 9, 20], [0, 25, 16, 30, 27], [0, 1, 22, 26, 24, 23, 31], [0, 14, 17, 29, 11], [0, 28, 32, 10]]


#################
lambda = 0.6000000000000001
mu = 0.1
nu = 0.1

init = 818.92
res = 752.527
gap = 1.399

solution = [[0, 10, 12, 21], [0, 28, 27, 30, 16, 25], [0, 4, 8, 3, 2, 20, 15, 9], [0, 14, 17, 29, 11, 32], [0, 18, 6, 19, 7, 1], [0, 13, 5, 22, 26, 24, 23, 31]]


#################
lambda = 0.7000000000000001
mu = 0.1
nu = 0.1

init = 808.83
res = 749.091
gap = 0.947

solution = [[0, 2, 20, 15, 9, 3, 8, 4], [0, 14, 18, 6, 19, 7, 13], [0, 21, 12], [0, 28, 27, 30, 16, 25], [0, 1, 5, 22, 26, 24, 23, 31], [0, 32, 10, 11, 29, 17]]


#################
lambda = 0.7000000000000001
mu = 0.1
nu = 1.5

init = 810.176
res = 747.286
gap = 0.707

solution = [[0, 2, 20, 15, 9, 3, 4, 8], [0, 28, 27, 30, 16, 25], [0, 21, 12], [0, 14, 17, 29, 11, 10, 32], [0, 13, 5, 22, 26, 24, 23, 31], [0, 18, 6, 19, 7, 1]]


#################
lambda = 0.9
mu = 0.1
nu = 0.1

init = 807.196
res = 745.962
gap = 0.531

solution = [[0, 13, 5, 22, 26, 24, 23, 31], [0, 14, 17, 29, 11, 10, 32], [0, 4, 8, 3, 2, 15, 9, 20], [0, 1, 18, 6, 7, 19], [0, 21, 12], [0, 25, 16, 30, 27, 28]]


#################
lambda = 0.9
mu = 0.1
nu = 1.1

init = 808.542
res = 755.385
gap = 1.772

solution = [[0, 5, 2, 20, 15, 9, 3, 8, 4], [0, 17, 11, 29, 1], [0, 32, 25, 16, 30, 27, 28], [0, 22, 26, 24, 23, 31], [0, 21, 12, 10], [0, 13, 7, 19, 6, 18, 14]]


#################
lambda = 1.6
mu = 0.1
nu = 0.1

init = 811.092
res = 746.874
gap = 0.653

solution = [[0, 10, 12, 21], [0, 28, 27, 30, 16, 25], [0, 13, 5, 22, 26, 24, 23, 31], [0, 4, 8, 3, 2, 15, 9, 20], [0, 14, 17, 29, 11, 32], [0, 18, 6, 19, 7, 1]]


#################
lambda = 1.9000000000000001
mu = 0.1
nu = 0.1

init = 790.791
res = 753.145
gap = 1.48

solution = [[0, 21, 12], [0, 1, 5, 22, 26, 24, 23, 31], [0, 14, 18, 6, 19, 7, 13], [0, 28, 27, 30, 16, 25], [0, 20, 9, 15, 2, 3, 4, 8], [0, 32, 10, 17, 11, 29]]
