reapprentissage a partir des aretes conservées en golden 11 + ajout best + crit = 0.9
Instance : Golden_01.xml
Time = 105.61512327194214

res = 5586.339
res_int = 5591
solution = [[0, 65, 105, 104, 144, 184, 183, 223, 224, 225, 226, 227, 228, 188, 187, 186, 185, 145, 146, 147, 148, 149, 150, 110, 109, 108, 107, 106, 66], [0, 28, 29, 30, 31, 71, 70, 69, 68, 67, 27, 26, 25, 24, 23, 22, 21, 20, 19, 58, 57, 56, 55, 54, 53, 52, 51], [0, 75, 76, 77, 117, 157, 158, 198, 197, 196, 195, 235, 236, 237, 238, 239, 199, 159, 119, 118, 78, 79, 80, 41, 42, 2], [0, 74, 114, 115, 116, 156, 155, 154, 153, 152, 192, 193, 194, 234, 233, 232, 231, 230, 229, 189, 190, 191, 151, 111, 112, 113, 73, 72, 32], [0, 47, 87, 127, 128, 168, 167, 166, 165, 205, 206, 207, 208, 209, 210, 211, 212, 213, 214, 174, 173, 133, 134, 135, 136, 137, 138], [0, 64, 63, 103, 143, 142, 182, 222, 221, 220, 219, 218, 217, 216, 215, 175, 176, 177, 178, 179, 180, 181, 141, 140, 139, 59, 60], [0, 46, 45, 44, 84, 85, 86, 126, 125, 124, 164, 204, 203, 202, 201, 240, 200, 161, 162, 163, 123, 122, 121, 160, 120, 81, 82, 83, 43, 3], [0, 18, 17, 16, 15, 14, 13, 12, 11, 10, 9, 8, 7, 6, 5, 4, 1, 40, 39, 38, 37, 36, 35, 34, 33], [0, 50, 49, 48, 88, 89, 90, 91, 131, 130, 129, 169, 170, 171, 172, 132, 92, 93, 94, 95, 96, 97, 98, 99, 100, 101, 102, 62, 61]]

res = 5586.339
res_int = 5591
solution = [[0, 65, 105, 104, 144, 184, 183, 223, 224, 225, 226, 227, 228, 188, 187, 186, 185, 145, 146, 147, 148, 149, 150, 110, 109, 108, 107, 106, 66], [0, 28, 29, 30, 31, 71, 70, 69, 68, 67, 27, 26, 25, 24, 23, 22, 21, 20, 19, 58, 57, 56, 55, 54, 53, 52, 51], [0, 75, 76, 77, 117, 157, 158, 198, 197, 196, 195, 235, 236, 237, 238, 239, 199, 159, 119, 118, 78, 79, 80, 41, 42, 2], [0, 74, 114, 115, 116, 156, 155, 154, 153, 152, 192, 193, 194, 234, 233, 232, 231, 230, 229, 189, 190, 191, 151, 111, 112, 113, 73, 72, 32], [0, 47, 87, 127, 128, 168, 167, 166, 165, 205, 206, 207, 208, 209, 210, 211, 212, 213, 214, 174, 173, 133, 134, 135, 136, 137, 138], [0, 64, 63, 103, 143, 142, 182, 222, 221, 220, 219, 218, 217, 216, 215, 175, 176, 177, 178, 179, 180, 181, 141, 140, 139, 59, 60], [0, 46, 45, 44, 84, 85, 86, 126, 125, 124, 164, 204, 203, 202, 201, 240, 200, 161, 162, 163, 123, 122, 121, 160, 120, 81, 82, 83, 43, 3], [0, 18, 17, 16, 15, 14, 13, 12, 11, 10, 9, 8, 7, 6, 5, 4, 1, 40, 39, 38, 37, 36, 35, 34, 33], [0, 50, 49, 48, 88, 89, 90, 91, 131, 130, 129, 169, 170, 171, 172, 132, 92, 93, 94, 95, 96, 97, 98, 99, 100, 101, 102, 62, 61]]

res = 5586.339
res_int = 5591
solution = [[0, 65, 105, 104, 144, 184, 183, 223, 224, 225, 226, 227, 228, 188, 187, 186, 185, 145, 146, 147, 148, 149, 150, 110, 109, 108, 107, 106, 66], [0, 28, 29, 30, 31, 71, 70, 69, 68, 67, 27, 26, 25, 24, 23, 22, 21, 20, 19, 58, 57, 56, 55, 54, 53, 52, 51], [0, 75, 76, 77, 117, 157, 158, 198, 197, 196, 195, 235, 236, 237, 238, 239, 199, 159, 119, 118, 78, 79, 80, 41, 42, 2], [0, 74, 114, 115, 116, 156, 155, 154, 153, 152, 192, 193, 194, 234, 233, 232, 231, 230, 229, 189, 190, 191, 151, 111, 112, 113, 73, 72, 32], [0, 47, 87, 127, 128, 168, 167, 166, 165, 205, 206, 207, 208, 209, 210, 211, 212, 213, 214, 174, 173, 133, 134, 135, 136, 137, 138], [0, 64, 63, 103, 143, 142, 182, 222, 221, 220, 219, 218, 217, 216, 215, 175, 176, 177, 178, 179, 180, 181, 141, 140, 139, 59, 60], [0, 46, 45, 44, 84, 85, 86, 126, 125, 124, 164, 204, 203, 202, 201, 240, 200, 161, 162, 163, 123, 122, 121, 160, 120, 81, 82, 83, 43, 3], [0, 18, 17, 16, 15, 14, 13, 12, 11, 10, 9, 8, 7, 6, 5, 4, 1, 40, 39, 38, 37, 36, 35, 34, 33], [0, 50, 49, 48, 88, 89, 90, 91, 131, 130, 129, 169, 170, 171, 172, 132, 92, 93, 94, 95, 96, 97, 98, 99, 100, 101, 102, 62, 61]]

res = 5586.339
res_int = 5591
solution = [[0, 65, 105, 104, 144, 184, 183, 223, 224, 225, 226, 227, 228, 188, 187, 186, 185, 145, 146, 147, 148, 149, 150, 110, 109, 108, 107, 106, 66], [0, 28, 29, 30, 31, 71, 70, 69, 68, 67, 27, 26, 25, 24, 23, 22, 21, 20, 19, 58, 57, 56, 55, 54, 53, 52, 51], [0, 75, 76, 77, 117, 157, 158, 198, 197, 196, 195, 235, 236, 237, 238, 239, 199, 159, 119, 118, 78, 79, 80, 41, 42, 2], [0, 74, 114, 115, 116, 156, 155, 154, 153, 152, 192, 193, 194, 234, 233, 232, 231, 230, 229, 189, 190, 191, 151, 111, 112, 113, 73, 72, 32], [0, 47, 87, 127, 128, 168, 167, 166, 165, 205, 206, 207, 208, 209, 210, 211, 212, 213, 214, 174, 173, 133, 134, 135, 136, 137, 138], [0, 64, 63, 103, 143, 142, 182, 222, 221, 220, 219, 218, 217, 216, 215, 175, 176, 177, 178, 179, 180, 181, 141, 140, 139, 59, 60], [0, 46, 45, 44, 84, 85, 86, 126, 125, 124, 164, 204, 203, 202, 201, 240, 200, 161, 162, 163, 123, 122, 121, 160, 120, 81, 82, 83, 43, 3], [0, 18, 17, 16, 15, 14, 13, 12, 11, 10, 9, 8, 7, 6, 5, 4, 1, 40, 39, 38, 37, 36, 35, 34, 33], [0, 50, 49, 48, 88, 89, 90, 91, 131, 130, 129, 169, 170, 171, 172, 132, 92, 93, 94, 95, 96, 97, 98, 99, 100, 101, 102, 62, 61]]

res = 5586.339
res_int = 5591
solution = [[0, 65, 105, 104, 144, 184, 183, 223, 224, 225, 226, 227, 228, 188, 187, 186, 185, 145, 146, 147, 148, 149, 150, 110, 109, 108, 107, 106, 66], [0, 28, 29, 30, 31, 71, 70, 69, 68, 67, 27, 26, 25, 24, 23, 22, 21, 20, 19, 58, 57, 56, 55, 54, 53, 52, 51], [0, 75, 76, 77, 117, 157, 158, 198, 197, 196, 195, 235, 236, 237, 238, 239, 199, 159, 119, 118, 78, 79, 80, 41, 42, 2], [0, 74, 114, 115, 116, 156, 155, 154, 153, 152, 192, 193, 194, 234, 233, 232, 231, 230, 229, 189, 190, 191, 151, 111, 112, 113, 73, 72, 32], [0, 47, 87, 127, 128, 168, 167, 166, 165, 205, 206, 207, 208, 209, 210, 211, 212, 213, 214, 174, 173, 133, 134, 135, 136, 137, 138], [0, 64, 63, 103, 143, 142, 182, 222, 221, 220, 219, 218, 217, 216, 215, 175, 176, 177, 178, 179, 180, 181, 141, 140, 139, 59, 60], [0, 46, 45, 44, 84, 85, 86, 126, 125, 124, 164, 204, 203, 202, 201, 240, 200, 161, 162, 163, 123, 122, 121, 160, 120, 81, 82, 83, 43, 3], [0, 18, 17, 16, 15, 14, 13, 12, 11, 10, 9, 8, 7, 6, 5, 4, 1, 40, 39, 38, 37, 36, 35, 34, 33], [0, 50, 49, 48, 88, 89, 90, 91, 131, 130, 129, 169, 170, 171, 172, 132, 92, 93, 94, 95, 96, 97, 98, 99, 100, 101, 102, 62, 61]]

res = 5586.339
res_int = 5591
solution = [[0, 65, 105, 104, 144, 184, 183, 223, 224, 225, 226, 227, 228, 188, 187, 186, 185, 145, 146, 147, 148, 149, 150, 110, 109, 108, 107, 106, 66], [0, 28, 29, 30, 31, 71, 70, 69, 68, 67, 27, 26, 25, 24, 23, 22, 21, 20, 19, 58, 57, 56, 55, 54, 53, 52, 51], [0, 75, 76, 77, 117, 157, 158, 198, 197, 196, 195, 235, 236, 237, 238, 239, 199, 159, 119, 118, 78, 79, 80, 41, 42, 2], [0, 74, 114, 115, 116, 156, 155, 154, 153, 152, 192, 193, 194, 234, 233, 232, 231, 230, 229, 189, 190, 191, 151, 111, 112, 113, 73, 72, 32], [0, 47, 87, 127, 128, 168, 167, 166, 165, 205, 206, 207, 208, 209, 210, 211, 212, 213, 214, 174, 173, 133, 134, 135, 136, 137, 138], [0, 64, 63, 103, 143, 142, 182, 222, 221, 220, 219, 218, 217, 216, 215, 175, 176, 177, 178, 179, 180, 181, 141, 140, 139, 59, 60], [0, 46, 45, 44, 84, 85, 86, 126, 125, 124, 164, 204, 203, 202, 201, 240, 200, 161, 162, 163, 123, 122, 121, 160, 120, 81, 82, 83, 43, 3], [0, 18, 17, 16, 15, 14, 13, 12, 11, 10, 9, 8, 7, 6, 5, 4, 1, 40, 39, 38, 37, 36, 35, 34, 33], [0, 50, 49, 48, 88, 89, 90, 91, 131, 130, 129, 169, 170, 171, 172, 132, 92, 93, 94, 95, 96, 97, 98, 99, 100, 101, 102, 62, 61]]

res = 5586.339
res_int = 5591
solution = [[0, 65, 105, 104, 144, 184, 183, 223, 224, 225, 226, 227, 228, 188, 187, 186, 185, 145, 146, 147, 148, 149, 150, 110, 109, 108, 107, 106, 66], [0, 28, 29, 30, 31, 71, 70, 69, 68, 67, 27, 26, 25, 24, 23, 22, 21, 20, 19, 58, 57, 56, 55, 54, 53, 52, 51], [0, 75, 76, 77, 117, 157, 158, 198, 197, 196, 195, 235, 236, 237, 238, 239, 199, 159, 119, 118, 78, 79, 80, 41, 42, 2], [0, 74, 114, 115, 116, 156, 155, 154, 153, 152, 192, 193, 194, 234, 233, 232, 231, 230, 229, 189, 190, 191, 151, 111, 112, 113, 73, 72, 32], [0, 47, 87, 127, 128, 168, 167, 166, 165, 205, 206, 207, 208, 209, 210, 211, 212, 213, 214, 174, 173, 133, 134, 135, 136, 137, 138], [0, 64, 63, 103, 143, 142, 182, 222, 221, 220, 219, 218, 217, 216, 215, 175, 176, 177, 178, 179, 180, 181, 141, 140, 139, 59, 60], [0, 46, 45, 44, 84, 85, 86, 126, 125, 124, 164, 204, 203, 202, 201, 240, 200, 161, 162, 163, 123, 122, 121, 160, 120, 81, 82, 83, 43, 3], [0, 18, 17, 16, 15, 14, 13, 12, 11, 10, 9, 8, 7, 6, 5, 4, 1, 40, 39, 38, 37, 36, 35, 34, 33], [0, 50, 49, 48, 88, 89, 90, 91, 131, 130, 129, 169, 170, 171, 172, 132, 92, 93, 94, 95, 96, 97, 98, 99, 100, 101, 102, 62, 61]]

res = 5586.339
res_int = 5591
solution = [[0, 65, 105, 104, 144, 184, 183, 223, 224, 225, 226, 227, 228, 188, 187, 186, 185, 145, 146, 147, 148, 149, 150, 110, 109, 108, 107, 106, 66], [0, 28, 29, 30, 31, 71, 70, 69, 68, 67, 27, 26, 25, 24, 23, 22, 21, 20, 19, 58, 57, 56, 55, 54, 53, 52, 51], [0, 75, 76, 77, 117, 157, 158, 198, 197, 196, 195, 235, 236, 237, 238, 239, 199, 159, 119, 118, 78, 79, 80, 41, 42, 2], [0, 74, 114, 115, 116, 156, 155, 154, 153, 152, 192, 193, 194, 234, 233, 232, 231, 230, 229, 189, 190, 191, 151, 111, 112, 113, 73, 72, 32], [0, 47, 87, 127, 128, 168, 167, 166, 165, 205, 206, 207, 208, 209, 210, 211, 212, 213, 214, 174, 173, 133, 134, 135, 136, 137, 138], [0, 64, 63, 103, 143, 142, 182, 222, 221, 220, 219, 218, 217, 216, 215, 175, 176, 177, 178, 179, 180, 181, 141, 140, 139, 59, 60], [0, 46, 45, 44, 84, 85, 86, 126, 125, 124, 164, 204, 203, 202, 201, 240, 200, 161, 162, 163, 123, 122, 121, 160, 120, 81, 82, 83, 43, 3], [0, 18, 17, 16, 15, 14, 13, 12, 11, 10, 9, 8, 7, 6, 5, 4, 1, 40, 39, 38, 37, 36, 35, 34, 33], [0, 50, 49, 48, 88, 89, 90, 91, 131, 130, 129, 169, 170, 171, 172, 132, 92, 93, 94, 95, 96, 97, 98, 99, 100, 101, 102, 62, 61]]

res = 5586.339
res_int = 5591
solution = [[0, 65, 105, 104, 144, 184, 183, 223, 224, 225, 226, 227, 228, 188, 187, 186, 185, 145, 146, 147, 148, 149, 150, 110, 109, 108, 107, 106, 66], [0, 28, 29, 30, 31, 71, 70, 69, 68, 67, 27, 26, 25, 24, 23, 22, 21, 20, 19, 58, 57, 56, 55, 54, 53, 52, 51], [0, 75, 76, 77, 117, 157, 158, 198, 197, 196, 195, 235, 236, 237, 238, 239, 199, 159, 119, 118, 78, 79, 80, 41, 42, 2], [0, 74, 114, 115, 116, 156, 155, 154, 153, 152, 192, 193, 194, 234, 233, 232, 231, 230, 229, 189, 190, 191, 151, 111, 112, 113, 73, 72, 32], [0, 47, 87, 127, 128, 168, 167, 166, 165, 205, 206, 207, 208, 209, 210, 211, 212, 213, 214, 174, 173, 133, 134, 135, 136, 137, 138], [0, 64, 63, 103, 143, 142, 182, 222, 221, 220, 219, 218, 217, 216, 215, 175, 176, 177, 178, 179, 180, 181, 141, 140, 139, 59, 60], [0, 46, 45, 44, 84, 85, 86, 126, 125, 124, 164, 204, 203, 202, 201, 240, 200, 161, 162, 163, 123, 122, 121, 160, 120, 81, 82, 83, 43, 3], [0, 18, 17, 16, 15, 14, 13, 12, 11, 10, 9, 8, 7, 6, 5, 4, 1, 40, 39, 38, 37, 36, 35, 34, 33], [0, 50, 49, 48, 88, 89, 90, 91, 131, 130, 129, 169, 170, 171, 172, 132, 92, 93, 94, 95, 96, 97, 98, 99, 100, 101, 102, 62, 61]]

res = 5586.339
res_int = 5591
solution = [[0, 65, 105, 104, 144, 184, 183, 223, 224, 225, 226, 227, 228, 188, 187, 186, 185, 145, 146, 147, 148, 149, 150, 110, 109, 108, 107, 106, 66], [0, 28, 29, 30, 31, 71, 70, 69, 68, 67, 27, 26, 25, 24, 23, 22, 21, 20, 19, 58, 57, 56, 55, 54, 53, 52, 51], [0, 75, 76, 77, 117, 157, 158, 198, 197, 196, 195, 235, 236, 237, 238, 239, 199, 159, 119, 118, 78, 79, 80, 41, 42, 2], [0, 74, 114, 115, 116, 156, 155, 154, 153, 152, 192, 193, 194, 234, 233, 232, 231, 230, 229, 189, 190, 191, 151, 111, 112, 113, 73, 72, 32], [0, 47, 87, 127, 128, 168, 167, 166, 165, 205, 206, 207, 208, 209, 210, 211, 212, 213, 214, 174, 173, 133, 134, 135, 136, 137, 138], [0, 64, 63, 103, 143, 142, 182, 222, 221, 220, 219, 218, 217, 216, 215, 175, 176, 177, 178, 179, 180, 181, 141, 140, 139, 59, 60], [0, 46, 45, 44, 84, 85, 86, 126, 125, 124, 164, 204, 203, 202, 201, 240, 200, 161, 162, 163, 123, 122, 121, 160, 120, 81, 82, 83, 43, 3], [0, 18, 17, 16, 15, 14, 13, 12, 11, 10, 9, 8, 7, 6, 5, 4, 1, 40, 39, 38, 37, 36, 35, 34, 33], [0, 50, 49, 48, 88, 89, 90, 91, 131, 130, 129, 169, 170, 171, 172, 132, 92, 93, 94, 95, 96, 97, 98, 99, 100, 101, 102, 62, 61]]

Mean = 5586.338538982078
Execution = 10468.125538349152

Instance : Golden_02.xml
Time = 235.9514172077179
