toutes les solutions calculées (step by stetp) sont ajutées à la même base. crit = 0.7 
Instance : Golden_01.xml
Time = 201.09620094299316

res = 5581.512
res_int = 5587
solution = [[0, 36, 35, 34, 33, 32, 31, 30, 29, 28, 27, 26, 25, 24, 23, 22, 21, 20, 19, 18, 17, 16, 15, 10, 11, 12, 13, 14], [0, 58, 98, 99, 100, 140, 139, 179, 180, 181, 182, 183, 223, 222, 221, 220, 219, 218, 217, 216, 176, 177, 178, 138, 137, 136, 96, 97, 57, 56], [0, 117, 157, 158, 159, 160, 121, 161, 200, 240, 201, 202, 203, 204, 205, 206, 166, 165, 164, 163, 162, 122, 123, 83, 43, 44, 45, 46, 8], [0, 88, 89, 131, 171, 170, 169, 168, 167, 207, 208, 209, 210, 211, 212, 213, 214, 215, 175, 174, 173, 172, 132, 133, 134, 135, 95], [0, 51, 52, 53, 54, 55, 94, 93, 92, 91, 90, 130, 129, 128, 127, 126, 125, 124, 84, 85, 86, 87, 47, 48, 49, 50, 9], [0, 71, 72, 73, 74, 75, 118, 119, 120, 81, 82, 42, 41, 80, 79, 78, 38, 39, 40, 1, 2, 3, 4, 5, 6, 7], [0, 37, 77, 116, 156, 155, 195, 196, 197, 198, 199, 239, 238, 237, 236, 235, 234, 233, 232, 231, 230, 229, 228, 227, 226, 225, 224, 184, 185, 145, 104, 64], [0, 65, 66, 67, 68, 69, 70, 110, 109, 108, 107, 106, 105, 144, 143, 142, 141, 101, 102, 103, 63, 62, 61, 60, 59], [0, 111, 151, 150, 149, 148, 147, 146, 186, 187, 188, 189, 190, 191, 192, 193, 194, 154, 153, 152, 112, 113, 114, 115, 76]]

res = 5600.418
res_int = 5604
solution = [[0, 58, 97, 136, 137, 138, 178, 177, 176, 216, 217, 218, 219, 220, 221, 222, 223, 183, 182, 181, 180, 179, 139, 140, 141, 142, 143, 144, 104], [0, 46, 47, 48, 49, 50, 51, 52, 53, 54, 55, 56, 57, 98, 99, 100, 101, 102, 103, 63, 62, 61, 60, 59, 19, 18], [0, 20, 21, 22, 23, 24, 25, 26, 27, 28, 3, 4, 5, 6, 7, 8, 9, 10, 11, 12, 13, 14, 15, 16, 17], [0, 44, 45, 125, 124, 123, 122, 162, 163, 164, 165, 166, 206, 205, 204, 203, 202, 201, 161, 121, 160, 159, 158, 157, 156, 155, 115, 114], [0, 88, 89, 130, 131, 132, 172, 171, 170, 169, 168, 167, 207, 208, 209, 210, 211, 212, 213, 214, 215, 175, 174, 173, 133, 134, 135, 96], [0, 95, 94, 93, 92, 91, 90, 129, 128, 127, 126, 87, 86, 85, 84, 83, 82, 81, 120, 119, 118, 117, 116, 76, 37, 38, 39], [0, 36, 35, 34, 33, 32, 31, 30, 29, 67, 68, 69, 70, 71, 72, 73, 74, 75, 77, 78, 79, 80, 41, 42, 43, 2, 1, 40], [0, 64, 105, 145, 185, 184, 224, 225, 226, 227, 228, 229, 230, 231, 232, 192, 191, 190, 189, 188, 187, 186, 146, 147, 107, 106, 66, 65], [0, 110, 109, 108, 148, 149, 150, 151, 152, 193, 233, 234, 235, 236, 237, 238, 239, 240, 200, 199, 198, 197, 196, 195, 194, 154, 153, 113, 112, 111]]

res = 5617.107
res_int = 5619
solution = [[0, 88, 89, 130, 131, 132, 172, 171, 170, 169, 168, 167, 207, 208, 209, 210, 211, 212, 213, 214, 215, 175, 174, 173, 133, 134, 135, 136], [0, 8, 9, 10, 11, 12, 13, 14, 15, 16, 17, 56, 55, 54, 53, 52, 51, 50, 49, 48, 47, 46, 45, 5, 6, 7], [0, 1, 40, 39, 38, 37, 36, 35, 34, 33, 32, 31, 30, 29, 28, 27, 26, 24, 23, 22, 21, 20, 19, 18, 60, 61, 62, 63], [0, 116, 117, 118, 119, 120, 81, 82, 83, 84, 86, 87, 126, 127, 128, 129, 90, 91, 92, 93, 94, 95, 96, 57, 58, 59], [0, 98, 97, 137, 138, 178, 177, 176, 216, 217, 218, 219, 220, 221, 222, 223, 224, 184, 183, 182, 181, 180, 179, 139, 140, 141, 142, 103, 104, 64], [0, 2, 3, 43, 42, 41, 80, 79, 78, 77, 76, 75, 74, 73, 72, 71, 70, 69, 68, 67, 108, 109, 110, 111, 112, 113], [0, 115, 155, 156, 157, 158, 159, 160, 121, 161, 200, 240, 201, 202, 203, 204, 205, 206, 166, 165, 164, 163, 162, 122, 123, 124, 125, 85, 44, 4], [0, 107, 147, 148, 149, 150, 151, 152, 192, 232, 233, 234, 235, 236, 237, 238, 239, 199, 198, 197, 196, 195, 194, 193, 153, 154, 114], [0, 99, 100, 101, 102, 143, 144, 145, 185, 225, 226, 227, 228, 229, 230, 231, 191, 190, 189, 188, 187, 186, 146, 106, 105, 65, 66, 25]]

res = 5617.973
res_int = 5623
solution = [[0, 90, 89, 88, 87, 127, 128, 129, 130, 131, 171, 170, 169, 168, 167, 207, 208, 209, 210, 211, 212, 213, 173, 172, 132, 92, 91, 51], [0, 157, 158, 159, 160, 121, 161, 200, 240, 201, 202, 203, 204, 205, 206, 166, 165, 164, 163, 162, 122, 123, 124, 125, 126, 86, 85, 84, 83, 44], [0, 3, 4, 5, 6, 7, 50, 49, 48, 47, 46, 45, 43, 42, 41, 82, 81, 120, 119, 118, 117, 116, 75, 76, 77, 78, 79, 80], [0, 17, 16, 15, 14, 13, 12, 11, 10, 9, 8, 2, 1, 40, 39, 38, 37, 36, 35, 34, 33, 32, 31, 30, 29, 28, 27, 26, 25], [0, 115, 156, 196, 197, 198, 199, 239, 238, 237, 236, 235, 234, 233, 232, 231, 230, 229, 228, 227, 226, 225, 224, 184, 185, 186, 146, 145, 105], [0, 68, 69, 70, 111, 112, 152, 151, 150, 149, 148, 147, 187, 188, 189, 190, 191, 192, 193, 194, 195, 155, 154, 153, 113, 114, 74], [0, 73, 72, 71, 110, 109, 108, 107, 106, 67, 66, 65, 62, 61, 60, 59, 18, 19, 20, 21, 22, 23, 24], [0, 52, 53, 54, 55, 56, 57, 97, 96, 95, 94, 93, 133, 134, 174, 214, 215, 216, 176, 175, 135, 136, 137, 138, 98, 99, 58], [0, 64, 104, 144, 143, 183, 223, 222, 221, 220, 219, 218, 217, 177, 178, 179, 180, 181, 182, 142, 141, 140, 139, 100, 101, 102, 103, 63]]

res = 5645.038
res_int = 5652
solution = [[0, 132, 172, 173, 174, 175, 215, 214, 213, 212, 211, 210, 209, 208, 207, 167, 168, 169, 170, 171, 131, 130, 129, 128, 127, 87, 88, 89], [0, 58, 57, 56, 55, 54, 53, 52, 94, 95, 96, 97, 98, 138, 137, 136, 135, 134, 133, 93, 92, 91, 90, 51, 50, 49, 48, 47], [0, 109, 110, 111, 112, 152, 153, 154, 194, 193, 192, 191, 190, 189, 229, 228, 227, 226, 186, 187, 188, 147, 146, 106, 107, 67], [0, 117, 157, 158, 159, 160, 121, 161, 200, 240, 201, 202, 203, 204, 205, 206, 166, 165, 164, 163, 162, 122, 123, 124, 125, 126, 86, 85, 45, 46], [0, 18, 17, 16, 15, 14, 13, 12, 11, 10, 9, 8, 7, 6, 2, 1, 37, 36, 35, 34, 33, 32, 31, 30, 29, 28, 26, 27], [0, 5, 4, 3, 41, 42, 43, 44, 84, 83, 82, 81, 120, 119, 118, 78, 79, 80, 38, 39, 40], [0, 108, 148, 149, 150, 151, 230, 231, 232, 233, 234, 235, 236, 237, 238, 239, 199, 198, 197, 196, 195, 155, 156, 116, 115, 114, 113, 73], [0, 77, 76, 75, 74, 72, 71, 70, 69, 68, 66, 65, 64, 63, 62, 103, 102, 101, 100, 60, 59, 19, 20, 21, 22, 23, 24, 25], [0, 61, 99, 139, 140, 141, 181, 180, 179, 178, 177, 176, 216, 217, 218, 219, 220, 221, 222, 223, 224, 225, 185, 184, 183, 182, 142, 143, 144, 145, 105, 104]]

res = 5654.212
res_int = 5657
solution = [[0, 7, 8, 9, 10, 11, 12, 13, 14, 15, 55, 54, 53, 52, 51, 50, 49, 48, 47, 46, 45, 44, 42, 41, 80, 79, 78, 77], [0, 1, 40, 39, 38, 37, 36, 34, 33, 32, 31, 30, 29, 28, 25, 24, 23, 22, 21, 20, 19, 18, 17, 57, 58, 59, 60, 61, 62, 63], [0, 125, 124, 123, 122, 162, 163, 164, 165, 166, 206, 205, 204, 203, 202, 201, 240, 200, 161, 121, 160, 159, 158, 118, 119, 120, 81, 82], [0, 67, 68, 69, 70, 71, 112, 113, 154, 194, 193, 233, 234, 235, 236, 237, 238, 239, 199, 198, 197, 196, 195, 155, 156, 157, 117, 116, 76], [0, 64, 105, 106, 107, 147, 146, 145, 144, 143, 183, 184, 185, 186, 187, 188, 189, 190, 191, 152, 153, 114, 115, 75, 35], [0, 6, 5, 4, 3, 2, 43, 83, 84, 85, 86, 126, 127, 128, 129, 90, 91, 92, 93, 94, 95, 96, 56, 16], [0, 87, 88, 89, 130, 131, 171, 170, 169, 168, 167, 207, 208, 209, 210, 211, 212, 213, 214, 174, 173, 172, 132, 133, 134, 135, 136, 137, 97], [0, 99, 98, 138, 178, 177, 176, 175, 215, 216, 217, 218, 219, 220, 180, 179, 139, 140, 141, 102, 103, 104, 65, 66, 26, 27], [0, 74, 73, 72, 111, 110, 109, 108, 148, 149, 150, 151, 192, 232, 231, 230, 229, 228, 227, 226, 225, 224, 223, 222, 221, 181, 182, 142, 101, 100]]

res = 5659.083
res_int = 5662
solution = [[0, 136, 137, 138, 139, 140, 141, 142, 182, 181, 180, 179, 178, 177, 176, 216, 217, 218, 219, 220, 221, 222, 223, 224, 184, 183, 143, 144, 145, 105, 104, 64], [0, 110, 109, 108, 107, 106, 146, 147, 148, 188, 187, 186, 185, 225, 226, 227, 228, 229, 230, 191, 192, 152, 112, 113, 114, 115, 75], [0, 74, 73, 72, 111, 151, 150, 149, 189, 190, 231, 232, 233, 234, 194, 193, 153, 154, 155, 117, 118, 79, 80, 41, 42, 43, 44, 4], [0, 87, 127, 126, 125, 124, 123, 122, 160, 159, 158, 157, 197, 198, 199, 200, 240, 239, 238, 237, 236, 235, 195, 196, 156, 116, 76, 77, 37], [0, 51, 52, 53, 54, 94, 93, 92, 91, 131, 132, 133, 134, 135, 95, 96, 97, 98, 99, 100, 59, 58, 57, 56, 55, 15, 16, 17], [0, 22, 21, 20, 19, 18, 60, 61, 101, 102, 103, 62, 63, 65, 66, 67, 68, 69, 70, 71, 31], [0, 14, 13, 12, 11, 10, 9, 6, 5, 3, 2, 1, 40, 39, 38, 36, 35, 34, 33, 32, 30, 29, 28, 27, 26, 25, 24, 23], [0, 78, 119, 120, 81, 121, 161, 201, 202, 203, 204, 205, 206, 166, 165, 164, 163, 162, 82, 83, 84, 85, 86, 45, 46, 47, 7], [0, 50, 49, 89, 90, 130, 129, 169, 170, 171, 172, 173, 174, 175, 215, 214, 213, 212, 211, 210, 209, 208, 207, 167, 168, 128, 88, 48, 8]]

res = 5659.092
res_int = 5661
solution = [[0, 37, 36, 35, 34, 33, 32, 31, 30, 29, 28, 27, 26, 24, 23, 22, 21, 20, 19, 18, 17, 16, 15, 10, 11, 12, 13, 14], [0, 115, 116, 157, 158, 159, 160, 121, 161, 200, 240, 201, 202, 203, 204, 205, 206, 207, 208, 168, 167, 166, 165, 164, 163, 162, 122, 123, 124, 125], [0, 92, 132, 172, 173, 174, 175, 176, 177, 217, 216, 215, 214, 213, 212, 211, 210, 209, 169, 170, 171, 131, 130, 129, 128, 127, 126, 86, 85, 45], [0, 156, 196, 197, 198, 199, 239, 238, 237, 236, 235, 234, 233, 232, 231, 230, 229, 228, 227, 226, 225, 224, 185, 186, 187, 188, 147, 148, 109, 108], [0, 74, 73, 72, 71, 70, 69, 68, 67, 107, 146, 145, 144, 184, 183, 223, 222, 221, 220, 219, 218, 178, 179, 139, 99, 100], [0, 110, 111, 151, 150, 149, 189, 190, 191, 192, 193, 194, 195, 155, 154, 153, 152, 112, 113, 114, 75, 76, 38, 39, 40, 1], [0, 54, 55, 56, 57, 58, 59, 60, 61, 62, 63, 64, 103, 102, 101, 141, 140, 180, 181, 182, 142, 143, 104, 105, 106, 66, 65, 25], [0, 7, 6, 5, 4, 44, 84, 83, 82, 81, 120, 119, 118, 117, 77, 78, 79, 80, 41, 42, 43, 3, 2], [0, 8, 48, 47, 46, 87, 88, 89, 90, 91, 133, 134, 135, 136, 137, 138, 98, 97, 96, 95, 94, 93, 53, 52, 51, 50, 49, 9]]

res = 5661.754
res_int = 5667
solution = [[0, 44, 84, 85, 86, 126, 125, 124, 123, 122, 162, 163, 164, 165, 166, 206, 205, 204, 203, 202, 201, 240, 200, 161, 121, 160, 159, 158, 157], [0, 71, 72, 73, 74, 75, 76, 77, 78, 79, 80, 41, 42, 45, 46, 47, 48, 9, 8, 7, 6, 5, 4, 2, 1, 40, 39, 38], [0, 52, 92, 131, 171, 172, 173, 174, 175, 215, 214, 213, 212, 211, 210, 209, 208, 207, 167, 168, 169, 170, 130, 129, 128, 127, 87, 88], [0, 57, 56, 55, 54, 53, 93, 94, 95, 96, 97, 98, 138, 137, 136, 135, 134, 133, 132, 91, 90, 89, 49, 50, 51, 10, 11, 12], [0, 37, 36, 35, 34, 33, 32, 31, 30, 29, 28, 27, 26, 25, 64, 63, 62, 61, 20, 19, 18, 17, 16, 13, 14, 15], [0, 112, 152, 151, 150, 190, 191, 192, 193, 194, 195, 154, 153, 113, 114, 115, 116, 117, 118, 119, 120, 81, 82, 83, 43, 3], [0, 105, 104, 103, 143, 144, 185, 186, 226, 225, 224, 223, 222, 221, 220, 219, 218, 217, 216, 176, 177, 178, 179, 180, 140, 139, 99, 60, 21, 22], [0, 155, 156, 196, 197, 198, 199, 239, 238, 237, 236, 235, 234, 233, 232, 231, 230, 229, 228, 227, 187, 188, 189, 148, 149, 110, 111, 70], [0, 58, 59, 100, 101, 102, 142, 141, 181, 182, 183, 184, 145, 146, 147, 106, 107, 108, 109, 69, 68, 67, 66, 65, 24, 23]]

res = 5662.29
res_int = 5666
solution = [[0, 38, 37, 36, 35, 34, 33, 32, 31, 30, 29, 28, 27, 24, 23, 22, 21, 20, 19, 18, 17, 16, 15, 11, 12, 13, 14], [0, 82, 83, 84, 85, 86, 126, 125, 124, 123, 122, 162, 163, 164, 165, 166, 206, 205, 204, 203, 202, 201, 240, 200, 161, 121, 160, 159, 120, 81], [0, 108, 149, 148, 147, 146, 145, 144, 224, 225, 226, 227, 228, 229, 230, 231, 232, 233, 234, 235, 236, 237, 238, 239, 199, 198, 158, 119], [0, 69, 70, 71, 72, 73, 74, 75, 76, 77, 79, 80, 41, 42, 43, 44, 45, 46, 47, 7, 6, 5, 4, 3, 39, 40, 1, 2], [0, 78, 118, 117, 116, 115, 114, 113, 112, 152, 153, 154, 155, 156, 157, 197, 196, 195, 194, 193, 192, 191, 151, 111, 110, 109, 68], [0, 150, 190, 189, 188, 187, 186, 185, 184, 183, 223, 222, 221, 220, 219, 179, 138, 137, 97, 58, 59, 60, 61, 62, 63, 64, 65, 25], [0, 52, 53, 54, 56, 57, 98, 99, 100, 101, 141, 140, 139, 180, 181, 182, 142, 143, 102, 103, 104, 105, 106, 107, 67, 66, 26], [0, 55, 95, 96, 136, 135, 175, 176, 177, 178, 218, 217, 216, 215, 214, 213, 173, 174, 134, 133, 94, 93, 92, 51, 50, 10], [0, 8, 48, 88, 87, 127, 128, 129, 130, 170, 169, 168, 167, 207, 208, 209, 210, 211, 212, 172, 171, 131, 132, 91, 90, 89, 49, 9]]

Mean = 5635.847821401794
Execution = 13122.909226894379

Instance : Golden_02.xml
Time = 465.18354511260986

res = 8595.909
res_int = 8608
solution = [[0, 27, 28, 29, 68, 67, 107, 106, 105, 104, 145, 146, 147, 187, 186, 185, 184, 144, 143, 103, 102, 62, 63, 64, 65, 66, 26, 25, 24, 23, 22, 20, 18, 17, 16], [0, 12, 11, 10, 9, 8, 7, 6, 5, 45, 46, 48, 49, 50, 51, 52, 13, 14], [0, 60, 98, 99, 100, 140, 141, 181, 180, 220, 219, 218, 258, 298, 299, 259, 260, 300, 301, 261, 221, 222, 262, 302, 303, 304, 264, 263, 223, 224, 183, 182, 142, 101, 61, 21], [0, 19, 59, 58, 57, 97, 96, 135, 136, 137, 138, 139, 179, 178, 177, 217, 257, 297, 296, 295, 294, 254, 255, 256, 216, 215, 176, 175, 173, 172, 132, 133, 93, 53, 54, 55, 15], [0, 73, 74, 114, 113, 153, 193, 233, 234, 235, 275, 315, 316, 276, 236, 237, 277, 317, 318, 278, 238, 198, 197, 196, 195, 194, 154, 155, 115, 75, 76, 77, 78, 79], [0, 4, 3, 2, 39, 38, 37, 36, 35, 34, 33, 32, 31, 71, 72, 112, 152, 192, 191, 190, 150, 151, 111, 110], [0, 69, 108, 148, 188, 228, 227, 226, 225, 265, 305, 306, 266, 267, 307, 308, 268, 269, 309, 310, 270, 271, 311, 312, 313, 314, 274, 273, 272, 232, 231, 230, 229, 189, 149, 109, 70, 30], [0, 44, 85, 126, 127, 128, 129, 130, 131, 171, 170, 210, 209, 169, 168, 208, 248, 288, 289, 249, 250, 290, 291, 251, 211, 212, 252, 292, 293, 253, 213, 214, 174, 134, 94, 95, 56], [0, 1, 41, 42, 43, 84, 83, 82, 81, 120, 160, 121, 122, 123, 163, 162, 161, 201, 241, 281, 320, 280, 319, 279, 239, 240, 200, 199, 159, 158, 157, 156, 116, 117, 118, 119, 80, 40], [0, 92, 91, 90, 89, 88, 167, 166, 206, 207, 247, 287, 286, 246, 245, 285, 284, 244, 243, 283, 282, 242, 202, 203, 204, 205, 165, 164, 124, 125, 86, 87, 47]]

res = 8615.127
res_int = 8630
solution = [[0, 19, 20, 21, 22, 23, 24, 25, 26, 66, 65, 64, 63, 62, 102, 103, 143, 144, 184, 185, 186, 187, 147, 146, 145, 104, 105, 106, 107, 67, 68, 70, 71], [0, 17, 16, 15, 14, 12, 11, 10, 9, 8, 7, 6, 46, 47, 48, 49, 50, 51, 52, 92, 91, 90, 89, 88, 87, 86, 43, 42, 41, 80], [0, 36, 37, 38, 39, 40, 1, 2, 3, 4, 45, 84, 124, 164, 165, 205, 204, 203, 202, 242, 282, 283, 243, 244, 284, 285, 245, 246, 286, 287, 247, 207, 206, 166, 167], [0, 108, 148, 188, 228, 227, 226, 225, 265, 305, 306, 266, 267, 307, 308, 268, 269, 309, 310, 270, 271, 311, 312, 313, 314, 274, 273, 272, 232, 231, 230, 229, 189, 190, 150, 149, 109, 69, 29], [0, 61, 101, 142, 182, 183, 223, 224, 264, 304, 263, 303, 302, 262, 222, 221, 261, 301, 300, 260, 259, 299, 298, 258, 218, 219, 220, 179, 180, 181, 141, 140, 100, 60, 59], [0, 18, 58, 98, 99, 139, 138, 178, 177, 217, 257, 297, 296, 295, 294, 254, 255, 256, 216, 176, 137, 136, 135, 134, 133, 93, 94, 95, 96, 97, 57, 56, 55, 54, 53, 13], [0, 132, 172, 173, 174, 175, 215, 214, 213, 253, 293, 292, 252, 212, 211, 251, 291, 290, 250, 210, 209, 249, 289, 288, 248, 208, 168, 169, 170, 171, 131, 130, 129, 128, 127, 126, 125, 85], [0, 35, 34, 33, 32, 72, 112, 111, 110, 30, 28, 27], [0, 75, 77, 78, 79, 119, 118, 117, 116, 156, 157, 158, 159, 199, 200, 240, 239, 279, 319, 280, 320, 281, 241, 201, 161, 162, 163, 123, 122, 121, 160, 120, 81, 82, 83, 44, 5], [0, 76, 74, 114, 115, 155, 154, 194, 195, 196, 197, 198, 238, 278, 318, 317, 277, 237, 236, 276, 316, 315, 275, 235, 234, 233, 193, 192, 191, 151, 152, 153, 113, 73, 31]]

res = 8630.409
res_int = 8644
solution = [[0, 114, 115, 155, 154, 153, 194, 195, 196, 197, 198, 238, 278, 318, 317, 277, 237, 236, 276, 316, 315, 275, 235, 234, 233, 193, 192, 191, 190, 150, 151, 152, 112, 113, 73], [0, 43, 42, 41, 81, 82, 122, 123, 163, 162, 161, 201, 241, 281, 320, 280, 319, 279, 239, 240, 200, 199, 159, 158, 157, 156, 116, 117, 118, 119, 160, 121, 120, 79, 78, 77], [0, 10, 11, 12, 52, 51, 50, 49, 48, 47, 9, 8, 7, 6, 5, 2, 3, 4], [0, 21, 22, 23, 24, 25, 26, 27, 29, 30, 31, 32, 33, 34, 35, 36, 37, 38, 39, 76, 75, 74, 72, 71, 70, 69, 67], [0, 44, 45, 46, 85, 125, 126, 167, 166, 206, 207, 247, 248, 288, 287, 286, 246, 245, 285, 284, 244, 243, 283, 282, 242, 202, 203, 204, 205, 165, 164, 124, 84, 83, 80, 40, 1], [0, 90, 89, 88, 87, 86, 127, 128, 168, 208, 209, 249, 289, 290, 250, 251, 291, 252, 292, 293, 253, 213, 173, 172, 212, 211, 210, 171, 170, 169, 129, 130, 131, 91], [0, 60, 99, 137, 177, 217, 257, 297, 296, 295, 294, 254, 255, 256, 216, 215, 214, 174, 175, 176, 136, 135, 134, 133, 132, 92, 93, 94, 95, 55, 54, 53, 13, 14, 15, 16, 17], [0, 111, 110, 109, 149, 189, 229, 230, 231, 232, 272, 273, 274, 314, 313, 312, 311, 271, 270, 310, 309, 269, 268, 308, 307, 267, 266, 306, 305, 265, 225, 226, 227, 228, 188, 148, 108, 68, 28], [0, 61, 62, 102, 103, 143, 183, 182, 142, 141, 180, 179, 219, 259, 299, 298, 258, 218, 178, 138, 139, 98, 97, 96, 56, 57, 58, 18], [0, 63, 64, 65, 66, 107, 106, 105, 104, 144, 145, 146, 147, 187, 186, 185, 184, 224, 223, 263, 264, 304, 303, 302, 262, 222, 221, 261, 301, 300, 260, 220, 181, 140, 101, 100, 59, 19, 20]]

res = 8638.975
res_int = 8652
solution = [[0, 51, 50, 49, 48, 47, 46, 45, 85, 125, 166, 167, 206, 207, 247, 287, 286, 246, 245, 285, 284, 244, 243, 283, 282, 242, 202, 203, 204, 205, 165, 164, 124, 84], [0, 2, 42, 43, 44, 83, 82, 81, 120, 160, 121, 122, 123, 163, 162, 161, 201, 241, 281, 320, 280, 319, 279, 239, 240, 200, 199, 159, 158, 157, 156, 116, 117, 118, 119, 41, 1], [0, 21, 61, 101, 142, 182, 183, 223, 224, 264, 304, 303, 263, 262, 302, 301, 261, 260, 300, 259, 299, 298, 258, 218, 219, 220, 221, 222, 181, 180, 179, 140, 141, 100, 60, 59, 20], [0, 19, 18, 58, 98, 99, 139, 138, 178, 177, 217, 216, 256, 257, 297, 296, 295, 294, 254, 255, 215, 214, 174, 175, 176, 135, 136, 137, 97, 96, 95, 56, 57, 17, 16], [0, 80, 79, 78, 77, 76, 75, 74, 72, 71, 70, 30], [0, 114, 115, 155, 154, 194, 195, 196, 197, 198, 238, 278, 318, 317, 277, 237, 236, 276, 316, 315, 275, 235, 234, 233, 193, 192, 191, 190, 150, 151, 152, 153, 113, 73], [0, 87, 86, 126, 127, 128, 168, 208, 248, 288, 289, 249, 209, 210, 250, 290, 291, 251, 211, 212, 252, 292, 293, 253, 213, 173, 172, 171, 170, 169, 129, 88, 89, 91, 92, 93, 54, 55, 15], [0, 22, 23, 24, 25, 26, 27, 28, 29, 3, 4, 5, 6, 7, 8, 9, 10, 11, 12, 13, 14, 52, 53, 94, 134, 133, 132, 131, 130, 90], [0, 69, 108, 148, 188, 228, 227, 226, 225, 265, 305, 306, 266, 267, 307, 308, 268, 269, 309, 310, 270, 271, 311, 312, 313, 314, 274, 273, 272, 232, 231, 230, 229, 189, 149, 109, 110, 111, 112], [0, 40, 39, 38, 37, 36, 35, 34, 33, 32, 31, 68, 67, 66, 65, 64, 63, 62, 102, 103, 143, 144, 184, 185, 186, 187, 147, 146, 145, 104, 105, 106, 107]]

res = 8671.843
res_int = 8687
solution = [[0, 80, 79, 78, 77, 76, 75, 74, 35], [0, 39, 38, 37, 36, 34, 33, 72, 71, 70, 69, 67, 66, 65, 64, 63, 102, 103, 143, 183, 223, 184, 185, 186, 187, 147, 146, 145, 144, 104, 105, 106, 107], [0, 51, 50, 49, 48, 47, 46, 45, 85, 125, 126, 167, 207, 247, 287, 286, 246, 285, 245, 244, 284, 283, 243, 203, 204, 205, 206, 166, 165, 164, 124, 84, 83, 82], [0, 22, 62, 61, 101, 141, 142, 182, 222, 263, 224, 264, 304, 303, 302, 262, 261, 301, 300, 260, 259, 299, 298, 258, 218, 219, 220, 221, 181, 180, 140, 100, 99, 59, 60, 20, 21], [0, 23, 24, 25, 26, 27, 28, 29, 30, 31, 32, 40, 1, 2, 3, 4, 5, 6, 7, 8, 9, 10, 11, 12, 13, 14, 15, 16, 17, 55, 54, 94, 93, 92, 133, 132, 131], [0, 112, 111, 110, 109, 149, 189, 229, 230, 231, 232, 272, 273, 274, 314, 313, 312, 311, 271, 270, 310, 309, 269, 268, 308, 307, 267, 266, 306, 305, 265, 225, 226, 227, 228, 188, 148, 108, 68], [0, 44, 43, 42, 41, 81, 120, 160, 121, 122, 123, 163, 162, 161, 201, 202, 242, 282, 281, 241, 280, 320, 319, 279, 239, 240, 200, 199, 159, 158, 157, 156, 116, 117, 118, 119], [0, 114, 115, 155, 154, 194, 195, 196, 197, 198, 238, 278, 318, 317, 277, 237, 236, 276, 316, 315, 275, 235, 234, 233, 193, 192, 191, 190, 150, 151, 152, 153, 113, 73], [0, 86, 87, 127, 128, 169, 168, 208, 248, 288, 289, 249, 209, 170, 210, 250, 290, 291, 251, 211, 212, 252, 292, 293, 253, 213, 214, 173, 172, 171, 130, 129, 88, 89, 90, 91, 52, 53], [0, 19, 58, 98, 138, 139, 179, 178, 177, 217, 257, 297, 296, 256, 255, 295, 294, 254, 215, 216, 176, 175, 174, 134, 135, 136, 137, 97, 96, 95, 56, 57, 18]]

res = 8676.826
res_int = 8689
solution = [[0, 80, 79, 78, 77, 76, 75, 74, 34], [0, 44, 43, 42, 41, 81, 120, 160, 121, 122, 123, 164, 163, 162, 161, 201, 202, 242, 282, 281, 241, 280, 320, 319, 279, 239, 240, 200, 199, 159, 158, 157, 156, 116, 117, 118, 119], [0, 51, 50, 49, 48, 47, 86, 126, 127, 167, 207, 247, 287, 286, 246, 285, 245, 244, 284, 283, 243, 203, 204, 205, 206, 166, 165, 125, 124, 85, 84, 83, 82], [0, 45, 46, 87, 128, 169, 168, 208, 248, 288, 289, 249, 209, 170, 210, 250, 290, 291, 251, 211, 212, 252, 292, 293, 253, 254, 214, 213, 172, 171, 131, 130, 129, 88, 89, 90, 91, 52], [0, 57, 56, 94, 95, 96, 97, 137, 136, 135, 134, 133, 173, 174, 175, 176, 216, 215, 255, 294, 295, 256, 296, 297, 257, 217, 177, 178, 179, 139, 138, 98, 99, 58, 19], [0, 22, 23, 24, 25, 26, 27, 28, 29, 30, 31, 32, 40, 1, 2, 3, 4, 5, 6, 7, 8, 9, 10, 11, 12, 13, 14, 15, 16, 17, 18, 55, 54, 53, 93, 92, 132], [0, 39, 38, 37, 36, 35, 33, 72, 71, 70, 69, 67, 66, 65, 64, 63, 62, 102, 103, 144, 143, 183, 184, 185, 186, 187, 147, 146, 145, 104, 105, 106, 107], [0, 21, 61, 101, 142, 182, 222, 223, 224, 264, 304, 303, 263, 262, 302, 301, 261, 260, 300, 259, 299, 298, 258, 218, 219, 220, 221, 181, 180, 140, 141, 100, 60, 59, 20], [0, 112, 111, 110, 109, 149, 189, 229, 230, 231, 232, 272, 273, 274, 314, 313, 312, 311, 271, 270, 310, 309, 269, 268, 308, 307, 267, 266, 306, 305, 265, 225, 226, 227, 228, 188, 148, 108, 68], [0, 114, 115, 155, 154, 194, 195, 196, 197, 198, 238, 278, 318, 317, 277, 237, 236, 276, 316, 315, 275, 235, 234, 233, 193, 192, 191, 190, 150, 151, 152, 153, 113, 73]]

res = 8678.076
res_int = 8692
solution = [[0, 59, 60, 100, 140, 141, 181, 180, 220, 260, 300, 301, 261, 221, 222, 262, 302, 303, 304, 264, 263, 223, 224, 184, 185, 186, 187, 147, 146, 107, 106, 105, 104, 103, 102, 62, 61, 21], [0, 22, 23, 24, 26, 30, 31, 32, 33, 34, 35, 36, 37, 38, 39, 76, 75, 74, 72, 71, 70, 69, 67, 66], [0, 111, 110, 109, 149, 189, 229, 230, 231, 232, 272, 273, 274, 314, 313, 312, 311, 271, 270, 310, 309, 269, 268, 308, 307, 267, 266, 306, 305, 265, 225, 226, 227, 228, 188, 148, 108, 68], [0, 114, 115, 155, 154, 153, 194, 195, 196, 197, 198, 238, 278, 318, 317, 277, 237, 236, 276, 316, 315, 275, 235, 234, 233, 193, 192, 191, 190, 150, 151, 152, 112, 113, 73], [0, 63, 64, 65, 145, 144, 143, 183, 182, 142, 101, 99, 98, 138, 139, 179, 219, 259, 299, 298, 258, 218, 178, 137, 97, 96, 95, 56, 57, 58, 18], [0, 40, 1, 41, 42, 82, 81, 120, 160, 121, 122, 123, 163, 162, 161, 201, 241, 281, 320, 280, 319, 279, 239, 240, 200, 199, 159, 158, 157, 156, 116, 117, 118, 119, 80, 79, 78, 77], [0, 45, 46, 86, 85, 125, 166, 167, 207, 247, 287, 286, 246, 245, 285, 284, 244, 243, 283, 282, 242, 202, 203, 204, 205, 206, 165, 164, 124, 84, 83, 43, 44], [0, 10, 9, 48, 88, 89, 90, 130, 129, 169, 170, 171, 172, 173, 213, 253, 293, 292, 252, 212, 211, 251, 291, 290, 250, 210, 209, 249, 289, 288, 248, 208, 168, 128, 127, 126, 87, 47], [0, 11, 12, 52, 92, 132, 131, 91, 51, 50, 49, 8, 7, 6, 5, 2, 3, 4], [0, 29, 28, 27, 25, 20, 19, 17, 16, 15, 14, 13, 53, 54, 55, 94, 135, 136, 175, 176, 177, 217, 257, 297, 296, 295, 294, 254, 255, 256, 216, 215, 214, 174, 134, 133, 93]]

res = 8679.283
res_int = 8695
solution = [[0, 79, 78, 77, 76, 75, 74, 34], [0, 94, 93, 92, 133, 134, 95, 96, 97, 137, 136, 135, 174, 175, 176, 216, 256, 215, 255, 254, 294, 295, 296, 297, 257, 217, 177, 178, 138, 139, 99, 98, 58, 57, 19], [0, 51, 50, 49, 48, 47, 46, 45, 85, 125, 167, 208, 207, 247, 248, 288, 287, 286, 246, 285, 245, 244, 284, 283, 243, 202, 203, 204, 205, 206, 166, 165, 164, 124, 84, 42, 41], [0, 112, 111, 110, 109, 149, 189, 229, 230, 231, 232, 272, 273, 274, 314, 313, 312, 311, 271, 270, 310, 309, 269, 268, 308, 307, 267, 266, 306, 305, 265, 225, 226, 227, 228, 188, 148, 108, 68], [0, 21, 61, 101, 142, 182, 183, 223, 224, 264, 304, 263, 303, 302, 262, 261, 301, 300, 260, 259, 299, 298, 258, 218, 219, 220, 221, 222, 181, 180, 179, 140, 141, 100, 60, 59, 20], [0, 39, 38, 37, 36, 35, 71, 70, 69, 67, 66, 65, 64, 63, 62, 102, 103, 143, 144, 184, 185, 186, 187, 147, 146, 145, 104, 105, 106, 107], [0, 22, 23, 24, 25, 26, 27, 28, 29, 30, 31, 32, 33, 40, 1, 2, 3, 4, 5, 6, 7, 8, 9, 10, 11, 12, 13, 14, 15, 16, 17, 18, 56, 55, 54, 53], [0, 87, 86, 126, 127, 128, 168, 169, 170, 210, 209, 249, 289, 290, 250, 291, 251, 211, 212, 252, 292, 293, 253, 213, 214, 173, 172, 171, 132, 131, 130, 129, 88, 89, 90, 91, 52], [0, 44, 43, 83, 82, 81, 120, 160, 121, 122, 123, 163, 162, 161, 201, 241, 242, 282, 281, 320, 280, 319, 279, 239, 240, 200, 199, 159, 158, 157, 156, 116, 117, 118, 119, 80], [0, 72, 113, 152, 151, 150, 190, 191, 192, 193, 233, 234, 235, 275, 315, 316, 276, 236, 237, 277, 317, 318, 278, 238, 198, 197, 196, 195, 194, 153, 154, 155, 115, 114, 73]]

res = 8690.624
res_int = 8704
solution = [[0, 94, 93, 133, 134, 95, 96, 97, 137, 136, 135, 174, 175, 176, 216, 215, 254, 294, 295, 255, 256, 296, 297, 257, 217, 177, 178, 138, 139, 99, 98, 58, 57, 18, 17], [0, 114, 115, 155, 154, 194, 195, 196, 197, 198, 238, 278, 318, 317, 277, 237, 236, 276, 316, 315, 275, 235, 234, 233, 193, 192, 191, 190, 150, 151, 152, 153, 113, 73], [0, 51, 50, 49, 48, 47, 46, 45, 85, 125, 167, 207, 247, 287, 286, 246, 245, 285, 284, 244, 243, 283, 282, 242, 202, 203, 204, 205, 206, 166, 165, 164, 124, 84], [0, 44, 43, 42, 41, 82, 81, 120, 160, 121, 122, 83, 123, 163, 162, 161, 201, 241, 281, 320, 280, 319, 279, 239, 240, 200, 199, 159, 158, 157, 156, 116, 117, 118, 119, 80, 79], [0, 112, 111, 110, 109, 149, 189, 229, 230, 231, 232, 272, 273, 274, 314, 313, 312, 311, 271, 270, 310, 309, 269, 268, 308, 307, 267, 266, 306, 305, 265, 225, 226, 227, 228, 188, 148, 108, 68], [0, 22, 23, 24, 25, 26, 27, 28, 29, 30, 31, 32, 40, 1, 2, 3, 4, 5, 6, 7, 8, 9, 10, 11, 12, 13, 14, 15, 16, 56, 55, 54, 53, 52, 92, 91], [0, 87, 86, 126, 127, 128, 168, 208, 248, 288, 289, 249, 209, 210, 250, 290, 291, 251, 211, 212, 252, 292, 293, 253, 213, 214, 173, 172, 171, 170, 169, 129, 130, 131, 132, 90, 89, 88], [0, 21, 61, 101, 141, 182, 183, 223, 224, 264, 304, 303, 263, 262, 302, 301, 261, 260, 300, 259, 299, 298, 258, 218, 219, 220, 221, 222, 181, 180, 179, 140, 100, 60, 59, 20, 19], [0, 78, 77, 76, 75, 74, 34], [0, 39, 38, 37, 36, 35, 33, 72, 71, 70, 69, 67, 66, 65, 64, 63, 62, 103, 102, 142, 143, 144, 184, 185, 186, 187, 147, 146, 145, 104, 105, 106, 107]]

res = 8699.565
res_int = 8716
solution = [[0, 134, 133, 132, 171, 172, 173, 174, 214, 213, 253, 293, 292, 252, 212, 211, 251, 291, 290, 250, 210, 209, 249, 289, 288, 248, 208, 168, 169, 170, 130, 129, 128, 127, 86, 87, 88, 89, 49, 9], [0, 19, 20, 21, 22, 23, 24, 25, 26, 2, 3, 4, 5, 6, 7, 10, 11, 12, 13, 14, 15, 54, 94, 93, 92, 53, 52, 51, 50, 90, 91, 131], [0, 8, 48, 47, 46, 45, 44, 85, 125, 126, 167, 166, 206, 207, 247, 287, 286, 246, 245, 285, 284, 244, 243, 283, 282, 242, 202, 203, 204, 205, 165, 164, 124, 84, 83], [0, 1, 43, 42, 41, 81, 82, 122, 123, 163, 162, 161, 201, 241, 281, 320, 280, 319, 279, 239, 240, 199, 200, 121, 160, 159, 158, 157, 156, 116, 117, 118, 119, 120, 80, 79, 40], [0, 17, 16, 55, 56, 57, 97, 96, 95, 135, 136, 137, 176, 175, 215, 216, 256, 255, 254, 294, 295, 296, 297, 257, 217, 177, 178, 138, 139, 140, 100, 99, 98, 58, 59, 18], [0, 63, 102, 142, 182, 183, 223, 263, 264, 304, 303, 302, 262, 222, 221, 261, 301, 300, 260, 220, 219, 259, 299, 298, 258, 218, 179, 180, 181, 141, 101], [0, 114, 113, 112, 152, 153, 154, 194, 193, 233, 273, 272, 312, 313, 314, 274, 234, 235, 275, 315, 316, 276, 236, 237, 277, 317, 318, 278, 238, 198, 197, 196, 195, 155, 115, 35], [0, 36, 37, 38, 39, 78, 77, 76, 75, 74, 73, 72, 69, 68, 67, 66, 27], [0, 28, 29, 30, 70, 110, 150, 190, 189, 229, 230, 270, 310, 311, 271, 231, 232, 192, 191, 151, 111, 71, 31, 32, 33, 34], [0, 64, 65, 105, 106, 107, 108, 109, 149, 148, 147, 188, 187, 186, 226, 227, 228, 268, 269, 309, 308, 307, 267, 266, 306, 305, 265, 225, 224, 184, 185, 146, 145, 144, 143, 104, 103, 62, 61, 60]]

Mean = 8657.663654437716
Execution = 8889.621242761612

Instance : Golden_03.xml
Time = 1046.6677243709564

res = 11403.479
res_int = 11411
solution = [[0, 38, 39, 40, 1, 2, 41, 80, 79, 78, 77, 117, 157, 197, 237, 277, 317, 357, 397, 398, 358, 318, 278, 238, 239, 279, 319, 359, 399, 400, 360, 320, 280, 240, 200, 199, 198, 158, 159, 160, 121, 120, 81, 82, 42, 43, 44], [0, 13, 12, 11, 7, 6, 5, 46, 47, 48, 88, 87, 166, 165, 204, 203, 243, 244, 284, 324, 364, 363, 323, 283, 282, 322, 362, 361, 321, 281, 241, 242, 202, 201, 161, 162, 163, 123, 122, 83, 84, 85, 45, 3, 4], [0, 86, 126, 125, 124, 164, 205, 245, 285, 325, 365, 366, 326, 286, 246, 206, 207, 167, 127, 128, 168, 169, 209, 208, 248, 247, 287, 327, 367, 368, 328, 288, 249, 289, 329, 369, 370, 330, 290, 250, 210, 170, 132, 91, 51], [0, 10, 9, 8, 49, 50, 90, 89, 129, 130, 131, 171, 172, 212, 211, 251, 291, 331, 371, 372, 332, 292, 252, 253, 293, 333, 373, 374, 334, 294, 295, 255, 254, 214, 213, 173, 174, 133, 92, 52, 53, 14, 15, 17, 19], [0, 72, 73, 113, 112, 151, 150, 190, 191, 231, 232, 233, 274, 314, 354, 394, 395, 355, 396, 356, 316, 315, 275, 276, 236, 235, 195, 196, 156, 155, 154, 153, 114, 115, 116, 118, 119, 76, 75, 74, 35, 36, 37], [0, 34, 33, 32, 31, 30, 68, 67, 66, 105, 146, 145, 185, 186, 227, 267, 268, 269, 309, 349, 389, 388, 348, 308, 307, 347, 387, 346, 386, 385, 345, 305, 306, 266, 226, 225, 224, 184, 183, 182, 142, 143, 144, 104, 64, 24, 23], [0, 26, 27, 28, 29, 71, 70, 69, 109, 110, 111, 152, 192, 193, 194, 234, 273, 313, 353, 393, 392, 352, 312, 272, 271, 311, 351, 391, 390, 350, 310, 270, 230, 229, 228, 187, 188, 189, 149, 148, 147, 108, 107, 106, 65, 25], [0, 18, 59, 60, 61, 100, 138, 218, 258, 298, 338, 378, 379, 380, 381, 341, 301, 261, 262, 302, 303, 343, 342, 382, 383, 384, 344, 304, 265, 264, 263, 223, 222, 221, 181, 141, 140, 101, 102, 103, 63, 62, 22], [0, 16, 56, 55, 54, 93, 94, 134, 135, 136, 137, 176, 175, 215, 216, 256, 296, 336, 335, 375, 376, 377, 337, 297, 257, 217, 177, 178, 219, 259, 299, 339, 340, 300, 260, 220, 180, 179, 139, 99, 98, 97, 96, 95, 57, 58, 20, 21]]

res = 11409.952
res_int = 11420
solution = [[0, 39, 38, 37, 36, 35, 29, 28, 27, 26, 25, 24, 63, 64, 65, 66, 106, 105, 104, 144, 145, 146, 147, 187, 186, 226, 227, 267, 266, 306, 305, 345, 385, 386, 346, 307, 347, 387, 388, 348, 308, 268, 228, 188, 149, 109, 108], [0, 33, 34, 75, 76, 77, 117, 116, 115, 155, 154, 153, 152, 192, 193, 194, 234, 233, 232, 272, 312, 313, 273, 274, 314, 354, 394, 395, 355, 396, 356, 316, 315, 275, 276, 236, 235, 195, 196, 156, 157, 158, 118, 119, 78, 79], [0, 32, 31, 30, 68, 69, 70, 71, 72, 73, 74, 114, 113, 112, 111, 110, 150, 151, 191, 231, 271, 311, 351, 352, 353, 393, 392, 391, 390, 350, 389, 349, 309, 310, 270, 269, 229, 230, 190, 189, 148, 107, 67], [0, 1, 40, 80, 41, 42, 81, 120, 160, 159, 199, 198, 197, 237, 277, 317, 357, 397, 398, 358, 318, 278, 238, 239, 279, 319, 359, 399, 400, 360, 320, 280, 240, 200, 121, 122, 123, 124, 125, 126, 85, 84, 83, 43, 44, 4, 3], [0, 60, 59, 99, 139, 179, 180, 181, 221, 261, 301, 341, 300, 340, 380, 381, 382, 342, 302, 262, 222, 223, 263, 303, 343, 383, 384, 344, 304, 264, 265, 225, 224, 185, 184, 183, 182, 141, 142, 143, 103, 102, 101, 61, 22, 23], [0, 12, 13, 14, 15, 16, 17, 18, 19, 20, 21, 62, 100, 140, 219, 220, 260, 259, 299, 339, 379, 378, 338, 298, 258, 218, 178, 138, 98, 58, 56, 55, 54, 53, 52, 51, 50, 11, 10, 9, 8], [0, 93, 94, 95, 96, 135, 134, 133, 173, 174, 215, 214, 213, 212, 251, 291, 331, 371, 372, 332, 292, 252, 253, 293, 333, 373, 374, 334, 294, 254, 255, 295, 256, 296, 336, 335, 375, 376, 377, 337, 297, 257, 217, 216, 177, 176, 175, 136, 137, 97, 57], [0, 5, 45, 46, 86, 87, 127, 167, 207, 206, 205, 166, 165, 164, 204, 203, 202, 242, 243, 244, 245, 285, 325, 365, 364, 324, 284, 363, 323, 283, 282, 322, 362, 361, 321, 281, 241, 201, 161, 162, 163, 82, 2], [0, 6, 47, 88, 128, 129, 130, 131, 170, 169, 168, 208, 209, 249, 248, 247, 287, 246, 286, 326, 366, 367, 327, 368, 328, 288, 289, 329, 369, 370, 330, 290, 250, 210, 211, 171, 172, 132, 92, 91, 90, 89, 49, 48, 7]]

res = 11416.458
res_int = 11426
solution = [[0, 26, 25, 24, 64, 65, 66, 67, 107, 106, 105, 104, 144, 145, 146, 185, 186, 226, 266, 306, 305, 265, 264, 304, 344, 384, 385, 345, 346, 386, 387, 347, 307, 308, 348, 388, 389, 349, 309, 269, 268, 267, 227, 228, 188, 187, 147, 148, 108, 68, 27], [0, 33, 34, 74, 114, 115, 155, 154, 194, 195, 196, 236, 276, 316, 356, 396, 357, 397, 398, 358, 318, 317, 277, 237, 238, 278, 279, 319, 359, 399, 400, 360, 320, 280, 240, 239, 199, 198, 197, 157, 156, 116, 77, 76, 75, 35], [0, 62, 102, 101, 100, 99, 139, 140, 141, 181, 180, 179, 219, 259, 220, 221, 261, 260, 300, 340, 380, 381, 341, 301, 302, 342, 382, 383, 343, 303, 263, 262, 222, 223, 224, 225, 184, 183, 182, 142, 143, 103, 63], [0, 4, 44, 43, 42, 41, 80, 79, 78, 118, 119, 120, 81, 82, 83, 84, 124, 123, 122, 161, 200, 201, 202, 242, 241, 281, 321, 361, 362, 322, 282, 283, 323, 363, 364, 324, 284, 244, 243, 203, 164, 165, 125, 85, 45, 6, 5], [0, 7, 47, 46, 86, 87, 88, 128, 127, 126, 166, 167, 207, 206, 246, 286, 326, 366, 365, 325, 285, 245, 205, 204, 163, 162, 121, 160, 159, 158, 117], [0, 30, 70, 110, 111, 151, 191, 231, 271, 311, 351, 391, 390, 350, 310, 270, 230, 229, 189, 190, 150, 149, 109, 69, 29, 28], [0, 32, 31, 71, 72, 112, 152, 192, 232, 272, 312, 352, 392, 393, 353, 313, 273, 274, 314, 354, 394, 395, 355, 315, 275, 235, 234, 233, 193, 153, 113, 73, 36, 37, 38, 39, 40, 1, 2, 3], [0, 8, 9, 10, 11, 12, 13, 14, 15, 17, 18, 19, 20, 21, 22, 23, 61, 60, 59, 58, 57, 97, 98, 178, 218, 258, 299, 339, 379, 378, 338, 298, 257, 217, 135, 134, 95, 54, 53, 52, 51], [0, 50, 90, 91, 131, 132, 172, 171, 210, 250, 290, 330, 370, 369, 329, 289, 288, 328, 368, 367, 327, 287, 247, 248, 249, 209, 208, 168, 169, 170, 130, 129, 89, 49, 48], [0, 55, 94, 93, 92, 133, 173, 174, 214, 213, 212, 211, 251, 291, 331, 371, 372, 332, 292, 252, 253, 293, 333, 373, 374, 334, 294, 254, 255, 295, 335, 375, 376, 377, 337, 297, 336, 296, 256, 216, 215, 175, 176, 177, 138, 137, 136, 96, 56, 16]]

res = 11474.516
res_int = 11478
solution = [[0, 58, 57, 97, 136, 176, 175, 215, 216, 256, 296, 297, 337, 377, 336, 376, 375, 335, 295, 255, 254, 294, 334, 374, 373, 333, 293, 253, 252, 292, 332, 372, 371, 331, 291, 251, 212, 213, 214, 174, 173, 133, 134, 135, 94, 93, 55, 56, 16], [0, 159, 160, 121, 122, 123, 124, 85, 86, 127, 128, 129, 130, 170, 169, 168, 208, 209, 249, 248, 247, 287, 327, 367, 368, 328, 288, 289, 329, 369, 370, 330, 290, 250, 210, 211, 171, 172, 132, 131, 92, 91, 90, 50, 7], [0, 5, 45, 84, 125, 165, 164, 163, 162, 161, 201, 202, 242, 241, 281, 321, 361, 362, 322, 282, 283, 323, 363, 364, 324, 284, 244, 243, 203, 204, 205, 245, 285, 325, 365, 366, 326, 286, 246, 206, 207, 167, 166, 126, 87, 88, 89], [0, 12, 13, 14, 15, 17, 18, 19, 20, 21, 22, 61, 60, 59, 99, 98, 138, 178, 218, 259, 260, 300, 299, 339, 379, 378, 338, 298, 258, 257, 217, 177, 137, 96, 95, 54, 53, 52, 51, 11, 10, 9, 8], [0, 35, 117, 116, 115, 155, 156, 157, 158, 198, 199, 200, 240, 280, 320, 360, 400, 399, 359, 319, 279, 239, 238, 278, 318, 358, 398, 397, 357, 317, 316, 275, 235, 236, 276, 277, 237, 197, 196, 195, 194, 154, 114, 34, 33], [0, 62, 102, 101, 100, 139, 140, 141, 142, 182, 181, 180, 179, 219, 220, 221, 261, 301, 341, 340, 380, 381, 382, 342, 302, 262, 222, 223, 263, 303, 343, 383, 384, 344, 304, 264, 265, 225, 224, 184, 183, 143, 103, 63, 23], [0, 32, 31, 30, 70, 69, 68, 109, 110, 111, 150, 151, 192, 232, 272, 312, 352, 392, 393, 353, 313, 273, 314, 354, 394, 395, 396, 356, 355, 315, 274, 234, 233, 193, 153, 112, 71, 72, 73, 74, 75, 76, 77, 78, 79, 39], [0, 49, 48, 47, 46, 83, 82, 81, 120, 119, 118, 80, 41, 42, 43, 44, 6, 4, 3, 2, 1, 40, 38, 37, 36, 113, 152, 191, 231, 271, 311, 351, 391, 390, 350, 310, 270, 230, 229, 187, 146], [0, 24, 64, 104, 144, 145, 185, 186, 226, 227, 267, 266, 306, 305, 345, 385, 386, 346, 387, 347, 307, 308, 348, 388, 389, 349, 309, 269, 268, 228, 188, 189, 190, 149, 148, 147, 108, 107, 106, 105, 65, 66, 67, 25, 26, 27, 28, 29]]

res = 11491.161
res_int = 11502
solution = [[0, 13, 14, 15, 16, 17, 18, 19, 59, 58, 57, 56, 94, 134, 174, 214, 254, 255, 295, 294, 334, 374, 373, 333, 293, 253, 252, 292, 332, 372, 371, 331, 291, 251, 212, 213, 173, 133, 93, 54, 53, 52, 51, 11, 12], [0, 99, 98, 97, 96, 137, 138, 139, 140, 180, 179, 178, 177, 217, 218, 219, 220, 260, 259, 299, 339, 379, 378, 338, 298, 258, 257, 297, 337, 377, 376, 336, 375, 335, 296, 256, 216, 215, 175, 176, 136, 135, 95, 55], [0, 46, 45, 85, 86, 126, 125, 165, 205, 245, 285, 325, 365, 366, 326, 286, 246, 206, 166, 168, 169, 170, 130, 90], [0, 92, 91, 131, 132, 172, 171, 211, 210, 250, 290, 330, 370, 369, 329, 289, 288, 328, 368, 367, 327, 287, 247, 248, 249, 209, 208, 207, 167, 127, 128, 129, 89, 88, 87, 47, 48, 7, 6, 5], [0, 66, 67, 107, 147, 187, 188, 228, 227, 267, 268, 269, 309, 349, 389, 388, 348, 308, 307, 347, 387, 346, 386, 385, 345, 305, 306, 266, 226, 186, 185, 145, 146, 106, 105, 65, 64, 23, 22, 21, 10, 9, 8, 49, 50], [0, 24, 63, 62, 101, 102, 103, 104, 144, 143, 183, 184, 224, 225, 265, 264, 304, 344, 384, 383, 343, 303, 263, 223, 222, 262, 302, 342, 382, 341, 381, 380, 340, 300, 301, 261, 221, 181, 182, 142, 141, 100, 60, 61, 20], [0, 25, 26, 27, 28, 29, 68, 69, 109, 108, 148, 149, 150, 190, 189, 229, 230, 270, 310, 350, 390, 391, 351, 311, 271, 231, 191, 152, 114, 115, 116, 76, 75, 35, 36, 37, 38, 39], [0, 33, 34, 74, 73, 72, 112, 113, 153, 193, 233, 273, 274, 234, 235, 275, 315, 355, 395, 394, 354, 314, 313, 353, 393, 392, 352, 312, 272, 232, 192, 151, 111, 110, 70, 71, 30, 31, 32], [0, 77, 117, 157, 156, 155, 154, 194, 195, 196, 237, 236, 276, 316, 356, 396, 357, 397, 398, 358, 318, 317, 277, 278, 238, 239, 279, 319, 359, 399, 400, 360, 320, 280, 240, 200, 199, 198, 197, 158, 159, 120, 81, 41, 42], [0, 2, 1, 40, 80, 79, 78, 118, 119, 160, 121, 122, 161, 201, 202, 242, 241, 281, 321, 361, 362, 322, 282, 283, 323, 363, 364, 324, 284, 244, 243, 203, 204, 164, 163, 162, 123, 124, 84, 83, 82, 43, 44, 4, 3]]

res = 11507.255
res_int = 11515
solution = [[0, 85, 86, 126, 166, 167, 207, 206, 246, 286, 326, 366, 365, 325, 285, 245, 205, 204, 203, 243, 244, 284, 324, 364, 363, 323, 283, 282, 322, 362, 361, 321, 281, 241, 242, 202, 201, 161, 162, 163, 164, 165, 125, 124, 123], [0, 11, 12, 54, 53, 52, 92, 132, 172, 171, 211, 210, 250, 290, 330, 370, 369, 329, 289, 288, 328, 368, 367, 327, 287, 247, 248, 249, 209, 208, 168, 169, 170, 131, 130, 129, 88, 89, 90, 91, 51, 50, 49, 10, 9, 7, 8], [0, 93, 133, 173, 174, 214, 213, 212, 251, 291, 331, 371, 372, 332, 292, 252, 253, 293, 333, 373, 374, 334, 294, 254, 255, 295, 335, 375, 376, 336, 377, 337, 297, 257, 296, 256, 216, 215, 175, 176, 136, 135, 134, 94, 95, 55, 15], [0, 44, 43, 42, 41, 81, 120, 119, 159, 160, 121, 122, 82, 83, 84, 127, 128, 87, 45, 46, 47, 48, 13, 14, 16, 17, 18, 19, 20, 59, 58, 57, 56, 96, 97, 98, 99, 138, 137, 177, 217, 218, 178, 179, 139], [0, 21, 60, 100, 140, 180, 220, 221, 261, 260, 300, 299, 259, 219, 258, 298, 338, 378, 379, 339, 380, 340, 301, 341, 381, 382, 342, 302, 262, 263, 303, 343, 383, 384, 344, 304, 264, 224, 223, 222, 181, 141, 101, 102, 62, 61, 22], [0, 6, 5, 4, 3, 2, 1, 40, 80, 118, 158, 157, 196, 236, 237, 277, 317, 315, 355, 395, 394, 354, 314, 274, 234, 194, 154, 114, 113, 74, 73, 72, 31, 30, 29, 28, 27, 26, 67, 66, 65, 64, 23], [0, 25, 106, 107, 147, 146, 186, 187, 188, 228, 227, 267, 268, 269, 309, 349, 389, 388, 348, 308, 307, 347, 387, 346, 386, 385, 345, 305, 265, 306, 266, 226, 225, 185, 184, 183, 182, 142, 143, 144, 145, 105, 104, 103, 63, 24], [0, 37, 36, 76, 75, 115, 155, 195, 235, 275, 276, 316, 356, 396, 357, 397, 398, 358, 318, 278, 238, 239, 279, 319, 359, 399, 400, 360, 320, 280, 240, 200, 199, 198, 197, 156, 116, 117, 77, 78, 79, 39, 38], [0, 68, 69, 70, 110, 109, 108, 148, 149, 150, 190, 189, 229, 230, 231, 191, 192, 232, 272, 271, 270, 310, 350, 390, 391, 351, 311, 312, 352, 392, 393, 353, 313, 273, 233, 193, 153, 152, 151, 111, 112, 71, 32, 33, 34, 35]]

res = 11517.981
res_int = 11527
solution = [[0, 61, 100, 99, 98, 139, 180, 221, 220, 260, 261, 301, 341, 381, 382, 342, 302, 262, 222, 223, 263, 303, 343, 383, 384, 344, 304, 264, 224, 184, 183, 182, 181, 142, 143, 103, 102, 62, 63, 23], [0, 33, 34, 74, 114, 115, 116, 155, 154, 194, 195, 235, 236, 237, 277, 317, 357, 397, 398, 358, 318, 278, 238, 239, 279, 319, 359, 399, 400, 360, 320, 280, 240, 200, 199, 198, 197, 196, 156, 157, 158, 159, 160], [0, 22, 21, 20, 19, 18, 17, 58, 59, 60, 101, 141, 140, 179, 219, 259, 299, 300, 340, 380, 339, 379, 378, 338, 298, 297, 257, 258, 218, 178, 138, 56, 55, 54, 53, 52, 11, 10, 9, 8, 7, 6], [0, 13, 14, 15, 16, 96, 136, 176, 175, 215, 214, 213, 212, 211, 251, 291, 331, 371, 372, 332, 292, 252, 253, 293, 333, 373, 374, 334, 294, 254, 255, 295, 335, 375, 376, 377, 337, 336, 296, 256, 216, 217, 177, 137, 97, 57], [0, 25, 26, 27, 67, 66, 65, 105, 106, 107, 108, 109, 149, 148, 147, 187, 188, 228, 227, 267, 268, 269, 309, 349, 389, 388, 348, 308, 307, 347, 387, 346, 386, 385, 345, 305, 265, 306, 266, 226, 225, 185, 186, 146, 145, 144, 104, 64, 24], [0, 49, 89, 129, 130, 170, 169, 168, 208, 209, 249, 248, 247, 287, 327, 367, 368, 328, 288, 289, 329, 369, 370, 330, 290, 250, 210, 171, 172, 173, 174, 134, 135, 95, 94, 93, 92, 133, 132, 131, 91, 90, 50, 51, 12], [0, 48, 47, 46, 45, 4, 3, 2, 1, 40, 80, 41, 42, 82, 83, 123, 124, 125, 126, 166, 165, 164, 203, 243, 244, 284, 324, 364, 363, 323, 283, 282, 322, 362, 361, 321, 281, 241, 242, 202, 201, 161, 162, 122, 121, 81], [0, 39, 38, 37, 36, 35, 75, 76, 77, 78, 79, 117, 118, 119, 120, 163, 204, 205, 245, 285, 325, 365, 366, 326, 286, 246, 206, 207, 167, 127, 128, 88, 87, 86, 85, 84, 44, 43, 5], [0, 110, 150, 190, 189, 229, 230, 270, 310, 350, 390, 391, 392, 352, 312, 351, 311, 271, 231, 191, 151, 111, 72], [0, 31, 30, 29, 28, 68, 69, 70, 71, 112, 152, 192, 232, 272, 273, 313, 353, 393, 394, 354, 314, 315, 355, 395, 396, 356, 316, 276, 275, 274, 234, 233, 193, 153, 113, 73, 32]]

res = 11530.922
res_int = 11539
solution = [[0, 21, 20, 19, 59, 99, 100, 140, 139, 179, 180, 220, 219, 259, 260, 300, 299, 339, 379, 378, 338, 298, 297, 337, 377, 376, 336, 375, 335, 295, 296, 256, 257, 258, 218, 217, 177, 178, 138, 137, 97, 98, 58, 57, 15], [0, 32, 33, 34, 35, 75, 76, 77, 118, 158, 157, 197, 237, 277, 317, 357, 397, 398, 358, 318, 278, 238, 239, 279, 319, 359, 399, 400, 360, 320, 280, 240, 200, 199, 198, 159, 160, 121, 81, 120, 119, 79, 80, 1, 2], [0, 124, 164, 204, 244, 284, 324, 364, 363, 323, 283, 282, 322, 362, 361, 321, 281, 241, 242, 243, 203, 202, 201, 161, 162, 163, 123, 122, 82, 42, 41, 40, 39, 38], [0, 10, 9, 8, 7, 48, 49, 50, 51, 91, 90, 89, 88, 47, 46, 85, 86, 126, 166, 167, 207, 206, 246, 286, 326, 366, 365, 325, 285, 245, 205, 165, 125, 84, 83, 43, 44, 45, 6, 5, 4, 3], [0, 111, 112, 152, 151, 191, 231, 271, 311, 310, 350, 390, 391, 351, 352, 392, 393, 353, 394, 354, 314, 274, 194, 154, 155, 115, 114, 74], [0, 31, 30, 29, 28, 27, 67, 66, 65, 105, 104, 144, 145, 185, 186, 146, 147, 108, 69, 70, 71, 72, 73, 113, 153, 193, 192, 232, 272, 312, 313, 273, 233, 234, 275, 315, 355, 395, 396, 356, 316, 276, 236, 235, 195, 196, 156, 116, 117, 78, 37, 36], [0, 13, 14, 54, 53, 93, 94, 134, 133, 173, 174, 214, 213, 212, 251, 291, 331, 371, 372, 332, 292, 252, 253, 293, 333, 373, 374, 334, 294, 254, 255, 215, 216, 176, 175, 135, 136, 96, 95, 55, 56, 16, 17, 18], [0, 87, 127, 128, 168, 208, 209, 249, 248, 247, 287, 327, 367, 368, 328, 288, 289, 329, 369, 370, 330, 290, 250, 210, 211, 172, 171, 170, 169, 129, 130, 131, 132, 92, 52, 11, 12], [0, 26, 25, 24, 23, 64, 63, 103, 143, 142, 182, 183, 184, 224, 225, 226, 265, 264, 304, 344, 384, 383, 343, 303, 263, 223, 222, 262, 302, 342, 382, 381, 380, 340, 341, 301, 261, 221, 181, 141, 101, 102, 62, 61, 60, 22], [0, 106, 107, 148, 188, 187, 227, 228, 268, 267, 266, 306, 305, 345, 385, 386, 346, 387, 347, 307, 308, 348, 388, 389, 349, 309, 269, 270, 230, 229, 189, 190, 150, 149, 110, 109, 68]]

res = 11533.692
res_int = 11538
solution = [[0, 75, 74, 114, 115, 116, 155, 154, 194, 195, 235, 236, 237, 277, 276, 316, 317, 357, 397, 398, 358, 318, 278, 238, 239, 279, 319, 359, 399, 400, 360, 320, 280, 240, 200, 199, 198, 197, 196, 156, 157, 117, 118, 77, 76, 36], [0, 31, 71, 111, 151, 191, 231, 271, 311, 351, 391, 390, 389, 349, 350, 310, 270, 230, 229, 189, 190, 150, 110, 30, 29], [0, 28, 68, 69, 70, 112, 152, 192, 232, 272, 312, 352, 392, 393, 353, 313, 314, 354, 394, 395, 396, 356, 355, 315, 275, 274, 273, 233, 234, 193, 153, 113, 73, 72, 32, 33, 34, 35, 37, 38, 39, 40], [0, 2, 1, 41, 42, 43, 44, 84, 83, 163, 162, 161, 201, 202, 242, 241, 281, 321, 361, 362, 322, 282, 283, 323, 363, 364, 324, 284, 244, 243, 203, 204, 164, 85, 86, 87, 46, 45, 4, 3], [0, 23, 62, 61, 101, 100, 99, 139, 140, 181, 221, 220, 219, 259, 299, 258, 298, 338, 378, 379, 339, 380, 340, 300, 260, 261, 301, 341, 381, 382, 342, 302, 262, 263, 303, 343, 383, 384, 344, 304, 264, 183, 184, 144, 105, 25], [0, 24, 63, 104, 143, 142, 182, 222, 223, 224, 225, 226, 227, 267, 307, 306, 266, 265, 305, 345, 385, 386, 346, 347, 387, 388, 348, 308, 309, 269, 268, 228, 188, 187, 186, 185, 145, 146, 147, 148, 149, 109, 108, 107, 106], [0, 9, 10, 50, 49, 88, 128, 127, 126, 166, 167, 207, 206, 246, 286, 326, 366, 365, 325, 285, 245, 205, 165, 125, 124, 123, 122, 121, 160, 159, 158, 119, 120, 81, 82, 80, 79, 78], [0, 5, 6, 7, 47, 48, 89, 129, 130, 171, 170, 169, 168, 208, 209, 249, 248, 247, 287, 327, 367, 368, 328, 288, 289, 329, 369, 370, 330, 290, 250, 210, 211, 212, 172, 173, 133, 132, 131, 91, 90, 8], [0, 11, 12, 13, 14, 15, 16, 17, 18, 56, 55, 54, 53, 52, 51, 92, 93, 94, 95, 134, 135, 136, 137, 176, 175, 215, 216, 177, 178, 138, 98, 97, 96, 57, 58, 59, 60, 19, 20, 21, 22], [0, 174, 214, 213, 253, 293, 292, 252, 251, 291, 331, 371, 332, 372, 373, 333, 334, 374, 375, 335, 295, 294, 254, 255, 256, 296, 336, 376, 377, 337, 297, 257, 217, 218, 179, 180, 141, 102, 103, 64, 65, 66, 67, 27, 26]]

res = 11538.298
res_int = 11550
solution = [[0, 38, 39, 40, 1, 2, 41, 80, 79, 78, 77, 117, 157, 158, 199, 198, 197, 237, 277, 317, 357, 397, 398, 358, 318, 278, 238, 239, 279, 319, 359, 399, 400, 360, 320, 280, 240, 200, 121, 160, 159, 118, 119, 120, 81, 82, 45], [0, 6, 5, 4, 3, 42, 43, 44, 84, 83, 122, 162, 161, 201, 202, 242, 241, 281, 321, 361, 362, 322, 282, 283, 323, 363, 364, 324, 284, 244, 243, 203, 163, 123, 124, 85, 86, 87, 46, 47, 48, 7], [0, 21, 22, 62, 63, 64, 66, 104, 103, 61, 59, 58, 57, 56, 18, 17, 16, 15, 14, 13, 12, 50, 49, 89, 88, 128, 127, 126, 125, 165, 164, 204, 205, 245, 285, 325, 365, 366, 326, 286, 246, 247, 207, 206, 166, 167], [0, 8, 9, 51, 91, 90, 130, 129, 169, 168, 208, 209, 249, 248, 287, 327, 367, 368, 328, 288, 289, 329, 369, 370, 330, 290, 250, 210, 211, 212, 213, 214, 174, 173, 172, 171, 170, 131, 132, 133, 92, 93, 54, 53, 52, 11, 10], [0, 19, 20, 60, 100, 101, 102, 143, 142, 182, 183, 184, 224, 225, 226, 266, 306, 305, 345, 385, 386, 346, 387, 347, 307, 308, 348, 388, 389, 349, 309, 269, 268, 267, 227, 228, 188, 187, 186, 185, 144, 145, 146, 147, 106, 105, 65], [0, 30, 31, 32, 33, 74, 73, 72, 71, 70, 69, 109, 110, 150, 190, 231, 271, 311, 312, 352, 392, 351, 391, 390, 350, 310, 270, 230, 229, 189, 149, 148, 108, 107, 67, 68, 29, 28, 27, 26, 25, 24, 23], [0, 111, 112, 113, 153, 152, 151, 191, 192, 193, 233, 232, 272, 273, 313, 353, 393, 394, 354, 314, 274, 275, 315, 355, 395, 396, 356, 316, 276, 236, 235, 234, 194, 195, 196, 156, 155, 154, 114, 115, 116, 76, 75, 37, 36, 35, 34], [0, 55, 94, 134, 175, 215, 255, 254, 253, 252, 251, 291, 331, 371, 372, 332, 292, 293, 333, 373, 374, 334, 294, 295, 335, 375, 376, 336, 377, 337, 297, 258, 257, 296, 256, 216, 176, 136, 135, 95, 96, 137, 138, 98, 97], [0, 265, 264, 304, 344, 384, 383, 343, 303, 263, 223, 222, 262, 302, 342, 382, 341, 381, 380, 340, 300, 260, 301, 261, 221, 220, 219, 259, 299, 339, 379, 378, 338, 298, 218, 217, 177, 178, 179, 180, 181, 141, 140, 139, 99]]

Mean = 11482.37138379668
Execution = 14053.745320796967

Instance : Golden_04.xml
Time = 927.4955775737762
