Instance : Golden_02.xml
Time = 114.34182000160217

res = 8741.937
res_int = 8755
solution = [[0, 89, 129, 128, 168, 169, 209, 208, 248, 288, 287, 247, 207, 206, 246, 286, 285, 284, 283, 282, 242, 243, 244, 245, 205, 204, 164, 165, 124, 123, 122, 81, 82, 83, 84, 44, 43, 42], [0, 14, 54, 95, 134, 174, 175, 215, 214, 213, 253, 254, 294, 293, 292, 252, 212, 211, 251, 291, 290, 289, 249, 250, 210, 170, 171, 172, 173, 133, 94, 53, 13], [0, 21, 20, 19, 59, 60, 61, 101, 100, 99, 140, 141, 142, 182, 181, 221, 222, 262, 261, 260, 300, 301, 302, 303, 263, 264, 304, 305, 265, 225, 224, 223, 183, 143, 104, 103, 102, 62, 24], [0, 17, 55, 56, 96, 135, 136, 176, 216, 256, 255, 295, 296, 297, 257, 217, 177, 178, 218, 258, 298, 299, 259, 219, 220, 180, 179, 139, 138, 137, 97, 98, 58, 57, 18], [0, 12, 11, 10, 9, 8, 7, 6, 5, 45, 46, 47, 48, 49, 50, 51, 52, 93, 92, 91, 132, 131, 130, 90, 88, 87, 86, 85, 125, 126, 166, 167, 127], [0, 15, 16, 26, 28, 29, 30, 31, 32, 33, 34, 75, 115, 155, 195, 235, 236, 276, 316, 317, 277, 278, 318, 319, 279, 239, 159, 119, 80, 41, 3, 4], [0, 35, 36, 37, 77, 76, 116, 117, 118, 158, 157, 156, 196, 197, 237, 238, 198, 199, 200, 240, 280, 320, 281, 241, 201, 202, 203, 163, 162, 161, 121, 160, 120, 79, 78, 38, 39, 40, 1, 2], [0, 72, 73, 74, 114, 154, 153, 193, 194, 234, 233, 273, 274, 275, 315, 314, 313, 312, 272, 232, 231, 230, 190, 191, 192, 150, 151, 152, 113, 112, 111, 71], [0, 22, 23, 63, 64, 65, 106, 107, 67, 68, 27], [0, 25, 66, 105, 146, 145, 144, 184, 185, 186, 226, 266, 306, 307, 267, 268, 308, 309, 310, 311, 271, 270, 269, 229, 228, 227, 187, 188, 189, 149, 148, 147, 108, 109, 110, 70, 69]]

res = 8741.937
res_int = 8755
solution = [[0, 89, 129, 128, 168, 169, 209, 208, 248, 288, 287, 247, 207, 206, 246, 286, 285, 284, 283, 282, 242, 243, 244, 245, 205, 204, 164, 165, 124, 123, 122, 81, 82, 83, 84, 44, 43, 42], [0, 14, 54, 95, 134, 174, 175, 215, 214, 213, 253, 254, 294, 293, 292, 252, 212, 211, 251, 291, 290, 289, 249, 250, 210, 170, 171, 172, 173, 133, 94, 53, 13], [0, 21, 20, 19, 59, 60, 61, 101, 100, 99, 140, 141, 142, 182, 181, 221, 222, 262, 261, 260, 300, 301, 302, 303, 263, 264, 304, 305, 265, 225, 224, 223, 183, 143, 104, 103, 102, 62, 24], [0, 17, 55, 56, 96, 135, 136, 176, 216, 256, 255, 295, 296, 297, 257, 217, 177, 178, 218, 258, 298, 299, 259, 219, 220, 180, 179, 139, 138, 137, 97, 98, 58, 57, 18], [0, 12, 11, 10, 9, 8, 7, 6, 5, 45, 46, 47, 48, 49, 50, 51, 52, 93, 92, 91, 132, 131, 130, 90, 88, 87, 86, 85, 125, 126, 166, 167, 127], [0, 15, 16, 26, 28, 29, 30, 31, 32, 33, 34, 75, 115, 155, 195, 235, 236, 276, 316, 317, 277, 278, 318, 319, 279, 239, 159, 119, 80, 41, 3, 4], [0, 35, 36, 37, 77, 76, 116, 117, 118, 158, 157, 156, 196, 197, 237, 238, 198, 199, 200, 240, 280, 320, 281, 241, 201, 202, 203, 163, 162, 161, 121, 160, 120, 79, 78, 38, 39, 40, 1, 2], [0, 72, 73, 74, 114, 154, 153, 193, 194, 234, 233, 273, 274, 275, 315, 314, 313, 312, 272, 232, 231, 230, 190, 191, 192, 150, 151, 152, 113, 112, 111, 71], [0, 22, 23, 63, 64, 65, 106, 107, 67, 68, 27], [0, 25, 66, 105, 146, 145, 144, 184, 185, 186, 226, 266, 306, 307, 267, 268, 308, 309, 310, 311, 271, 270, 269, 229, 228, 227, 187, 188, 189, 149, 148, 147, 108, 109, 110, 70, 69]]

res = 8743.347
res_int = 8756
solution = [[0, 89, 129, 128, 168, 169, 209, 208, 248, 288, 287, 247, 207, 206, 246, 286, 285, 284, 283, 282, 242, 243, 244, 245, 205, 204, 164, 165, 124, 123, 122, 81, 82, 83, 84, 44, 43, 42], [0, 14, 54, 95, 134, 174, 175, 215, 214, 213, 253, 254, 294, 293, 292, 252, 212, 211, 251, 291, 290, 289, 249, 250, 210, 170, 171, 172, 173, 133, 94, 53, 13], [0, 21, 20, 19, 59, 60, 61, 101, 100, 99, 140, 141, 142, 182, 181, 221, 222, 262, 261, 260, 300, 301, 302, 303, 263, 264, 304, 305, 265, 225, 224, 223, 183, 143, 104, 103, 102, 62, 24], [0, 17, 55, 56, 96, 135, 136, 176, 216, 256, 255, 295, 296, 297, 257, 217, 177, 178, 218, 258, 298, 299, 259, 219, 220, 180, 179, 139, 138, 137, 97, 98, 58, 57, 18], [0, 12, 11, 10, 9, 8, 7, 6, 5, 45, 46, 47, 48, 49, 50, 51, 52, 93, 92, 91, 132, 131, 130, 90, 88, 87, 86, 85, 125, 126, 166, 167, 127], [0, 15, 16, 26, 28, 29, 30, 31, 32, 33, 34, 74, 75, 115, 155, 195, 235, 236, 276, 316, 317, 277, 278, 318, 319, 279, 239, 159, 119, 80, 41, 3, 4], [0, 35, 36, 37, 77, 76, 116, 117, 118, 158, 157, 156, 196, 197, 237, 238, 198, 199, 200, 240, 280, 320, 281, 241, 201, 202, 203, 163, 162, 161, 121, 160, 120, 79, 78, 38, 39, 40, 1, 2], [0, 72, 73, 114, 154, 153, 193, 194, 234, 233, 273, 274, 275, 315, 314, 313, 312, 272, 232, 231, 230, 190, 191, 192, 150, 151, 152, 113, 112, 111, 71], [0, 22, 23, 63, 64, 65, 106, 107, 67, 68, 27], [0, 25, 66, 105, 146, 145, 144, 184, 185, 186, 226, 266, 306, 307, 267, 268, 308, 309, 310, 311, 271, 270, 269, 229, 228, 227, 187, 188, 189, 149, 148, 147, 108, 109, 110, 70, 69]]

res = 8754.976
res_int = 8771
solution = [[0, 56, 57, 97, 96, 136, 137, 178, 177, 217, 218, 258, 298, 299, 259, 300, 260, 261, 301, 302, 262, 222, 221, 220, 219, 179, 139, 138, 98, 99, 59, 58], [0, 86, 85, 84, 123, 124, 164, 204, 244, 243, 242, 282, 283, 284, 285, 286, 246, 245, 205, 206, 207, 247, 287, 288, 248, 208, 209, 169, 168, 167, 166, 165, 125, 126, 127, 128, 87], [0, 120, 160, 159, 158, 157, 156, 155, 196, 197, 237, 277, 276, 316, 317, 318, 278, 238, 198, 199, 200, 240, 239, 279, 319, 280, 320, 281, 241, 201, 202, 203, 163, 162, 161, 121, 122, 81, 41], [0, 49, 88, 89, 90, 129, 130, 131, 171, 170, 210, 211, 212, 252, 251, 250, 249, 289, 290, 291, 292, 293, 294, 295, 254, 253, 213, 172, 132, 92, 91, 50, 51, 52, 11], [0, 34, 35, 36, 37, 38, 39, 40, 1, 2, 3, 4, 5, 6, 7, 8, 48, 47, 46, 45, 44, 43, 42, 80, 79, 78, 77, 117, 118, 119, 82, 83], [0, 9, 10, 12, 13, 14, 54, 53, 93, 94, 134, 133, 173, 174, 214, 215, 255, 256, 296, 297, 257, 216, 176, 175, 135, 95, 55, 15, 16, 17, 18, 19, 20, 21, 22], [0, 23, 62, 61, 60, 100, 101, 102, 142, 141, 140, 180, 181, 182, 183, 223, 224, 264, 263, 303, 304, 305, 265, 225, 185, 147, 146, 145, 143, 103, 63, 64, 65, 24, 25, 26, 27, 28, 29], [0, 66, 106, 105, 104, 144, 184, 186, 226, 266, 306, 267, 307, 308, 268, 269, 309, 310, 270, 271, 311, 312, 313, 273, 272, 232, 231, 230, 229, 228, 227, 187, 188, 107, 67], [0, 31, 71, 70, 69, 109, 110, 150, 151, 152, 153, 154, 194, 195, 236, 235, 275, 315, 314, 274, 234, 233, 193, 192, 191, 190, 189, 149, 148, 108, 68, 30], [0, 33, 73, 74, 75, 76, 116, 115, 114, 113, 112, 111, 72, 32]]

res = 8754.976
res_int = 8771
solution = [[0, 56, 57, 97, 96, 136, 137, 178, 177, 217, 218, 258, 298, 299, 259, 300, 260, 261, 301, 302, 262, 222, 221, 220, 219, 179, 139, 138, 98, 99, 59, 58], [0, 86, 85, 84, 123, 124, 164, 204, 244, 243, 242, 282, 283, 284, 285, 286, 246, 245, 205, 206, 207, 247, 287, 288, 248, 208, 209, 169, 168, 167, 166, 165, 125, 126, 127, 128, 87], [0, 120, 160, 159, 158, 157, 156, 155, 196, 197, 237, 277, 276, 316, 317, 318, 278, 238, 198, 199, 200, 240, 239, 279, 319, 280, 320, 281, 241, 201, 202, 203, 163, 162, 161, 121, 122, 81, 41], [0, 49, 88, 89, 90, 129, 130, 131, 171, 170, 210, 211, 212, 252, 251, 250, 249, 289, 290, 291, 292, 293, 294, 295, 254, 253, 213, 172, 132, 92, 91, 50, 51, 52, 11], [0, 34, 35, 36, 37, 38, 39, 40, 1, 2, 3, 4, 5, 6, 7, 8, 48, 47, 46, 45, 44, 43, 42, 80, 79, 78, 77, 117, 118, 119, 82, 83], [0, 9, 10, 12, 13, 14, 54, 53, 93, 94, 134, 133, 173, 174, 214, 215, 255, 256, 296, 297, 257, 216, 176, 175, 135, 95, 55, 15, 16, 17, 18, 19, 20, 21, 22], [0, 23, 62, 61, 60, 100, 101, 102, 142, 141, 140, 180, 181, 182, 183, 223, 224, 264, 263, 303, 304, 305, 265, 225, 185, 147, 146, 145, 143, 103, 63, 64, 65, 24, 25, 26, 27, 28, 29], [0, 66, 106, 105, 104, 144, 184, 186, 226, 266, 306, 267, 307, 308, 268, 269, 309, 310, 270, 271, 311, 312, 313, 273, 272, 232, 231, 230, 229, 228, 227, 187, 188, 107, 67], [0, 31, 71, 70, 69, 109, 110, 150, 151, 152, 153, 154, 194, 195, 236, 235, 275, 315, 314, 274, 234, 233, 193, 192, 191, 190, 189, 149, 148, 108, 68, 30], [0, 33, 73, 74, 75, 76, 116, 115, 114, 113, 112, 111, 72, 32]]

res = 8756.663
res_int = 8770
solution = [[0, 89, 129, 128, 168, 169, 209, 208, 248, 288, 287, 247, 207, 206, 246, 286, 285, 284, 283, 282, 242, 243, 244, 245, 205, 204, 164, 165, 124, 123, 122, 81, 82, 83, 84, 44, 43, 42, 41], [0, 14, 54, 95, 134, 174, 175, 215, 214, 213, 253, 254, 294, 293, 292, 252, 212, 211, 251, 291, 290, 289, 249, 250, 210, 170, 171, 172, 173, 133, 94, 53, 13], [0, 21, 20, 19, 59, 60, 61, 101, 100, 99, 140, 141, 142, 182, 181, 221, 222, 262, 261, 260, 300, 301, 302, 303, 263, 264, 304, 305, 265, 225, 224, 223, 183, 143, 104, 103, 102, 62, 24], [0, 17, 55, 56, 96, 135, 136, 176, 216, 256, 255, 295, 296, 297, 257, 217, 177, 178, 218, 258, 298, 299, 259, 219, 220, 180, 179, 139, 138, 137, 97, 98, 58, 57, 18], [0, 12, 11, 10, 9, 8, 7, 6, 5, 45, 46, 47, 48, 49, 50, 51, 52, 93, 92, 91, 132, 131, 130, 90, 88, 87, 86, 85, 125, 126, 166, 167, 127], [0, 15, 16, 25, 26, 28, 29, 30, 31, 32, 33, 34, 74, 75, 115, 155, 195, 235, 236, 276, 316, 317, 277, 278, 318, 319, 279, 239, 159, 119, 80, 3, 4], [0, 35, 36, 37, 77, 76, 116, 117, 118, 158, 157, 156, 196, 197, 237, 238, 198, 199, 200, 240, 280, 320, 281, 241, 201, 202, 203, 163, 162, 161, 121, 160, 120, 79, 78, 38, 39, 40, 1, 2], [0, 71, 111, 112, 113, 153, 152, 151, 150, 149, 148, 188, 189, 190, 230, 191, 192, 231, 232, 272, 312, 313, 314, 315, 275, 274, 273, 233, 234, 194, 193, 154, 114, 73, 72], [0, 22, 23, 63, 64, 65, 106, 107, 68, 69], [0, 27, 67, 66, 105, 146, 145, 144, 184, 185, 186, 226, 266, 306, 307, 267, 268, 308, 309, 310, 311, 271, 270, 269, 229, 228, 227, 187, 147, 108, 109, 110, 70]]

res = 8762.032
res_int = 8775
solution = [[0, 89, 129, 128, 168, 169, 209, 208, 248, 288, 287, 247, 207, 206, 246, 286, 285, 284, 283, 282, 242, 243, 244, 245, 205, 204, 164, 165, 124, 123, 122, 81, 82, 83, 84, 44, 43, 42, 41], [0, 14, 54, 95, 134, 174, 175, 215, 214, 213, 253, 254, 294, 293, 292, 252, 212, 211, 251, 291, 290, 289, 249, 250, 210, 170, 171, 172, 173, 133, 94, 53, 13], [0, 21, 20, 19, 59, 60, 61, 101, 100, 99, 140, 141, 142, 182, 181, 221, 222, 262, 261, 260, 300, 301, 302, 303, 263, 264, 304, 305, 265, 225, 224, 223, 183, 143, 104, 103, 102, 62, 24], [0, 17, 55, 56, 96, 135, 136, 176, 216, 256, 255, 295, 296, 297, 257, 217, 177, 178, 218, 258, 298, 299, 259, 219, 220, 180, 179, 139, 138, 137, 97, 98, 58, 57, 18], [0, 12, 11, 10, 9, 8, 7, 6, 5, 45, 46, 47, 48, 49, 50, 51, 52, 93, 92, 91, 132, 131, 130, 90, 88, 87, 86, 85, 125, 126, 166, 167, 127], [0, 15, 16, 25, 26, 28, 29, 30, 31, 32, 33, 34, 74, 75, 115, 155, 195, 235, 236, 276, 316, 317, 277, 278, 318, 319, 279, 239, 159, 119, 80, 3, 4], [0, 35, 36, 37, 77, 76, 116, 117, 118, 158, 157, 156, 196, 197, 237, 238, 198, 199, 200, 240, 280, 320, 281, 241, 201, 202, 203, 163, 162, 161, 121, 160, 120, 79, 78, 38, 39, 40, 1, 2], [0, 71, 111, 112, 113, 153, 152, 151, 150, 149, 148, 188, 189, 229, 230, 190, 191, 192, 231, 232, 272, 312, 313, 314, 315, 275, 274, 273, 233, 234, 194, 193, 154, 114, 73, 72], [0, 22, 23, 63, 64, 65, 106, 107, 68], [0, 27, 67, 66, 105, 146, 145, 144, 184, 185, 186, 226, 266, 306, 307, 267, 268, 308, 309, 310, 311, 271, 270, 269, 228, 227, 187, 147, 108, 109, 110, 69, 70]]

res = 8768.628
res_int = 8787
solution = [[0, 53, 94, 95, 135, 134, 133, 173, 174, 175, 215, 214, 213, 253, 254, 294, 293, 292, 291, 290, 289, 249, 250, 251, 252, 212, 211, 210, 170, 171, 172, 132, 92, 93, 52], [0, 44, 43, 83, 84, 85, 86, 127, 126, 166, 165, 164, 204, 205, 245, 244, 243, 242, 282, 283, 284, 285, 286, 246, 206, 207, 247, 287, 288, 248, 208, 209, 169, 168, 167, 128, 129], [0, 60, 59, 58, 57, 56, 55, 96, 136, 137, 138, 178, 218, 217, 177, 176, 216, 256, 255, 295, 296, 297, 257, 258, 298, 299, 259, 219, 220, 180, 179, 139, 140, 100, 99, 98, 97], [0, 23, 62, 61, 101, 141, 181, 182, 222, 221, 260, 300, 301, 261, 262, 302, 303, 263, 264, 304, 305, 265, 225, 224, 223, 183, 143, 142, 102, 103, 63, 64, 24, 25, 26, 35, 36], [0, 50, 49, 48, 47, 46, 45, 87, 88, 89, 90, 130, 131, 91, 51], [0, 33, 34, 75, 74, 73, 72, 32, 31, 30, 29, 28, 27, 22, 21, 20, 19, 18, 17, 16, 15, 54, 14, 13, 12, 11, 10, 9, 8, 7, 6, 5, 4, 3, 2], [0, 125, 124, 123, 122, 162, 163, 203, 202, 201, 241, 281, 320, 280, 319, 279, 239, 240, 161, 200, 199, 238, 278, 318, 317, 316, 276, 277, 237, 197, 198, 158, 118, 37], [0, 38, 39, 40, 1, 42, 41, 80, 79, 78, 77, 76, 115, 116, 117, 119, 120, 81, 82, 121, 160, 159, 157, 156, 155, 154, 114, 113, 112, 111, 71], [0, 67, 108, 107, 147, 148, 188, 189, 190, 191, 192, 232, 233, 234, 274, 314, 315, 275, 235, 236, 196, 195, 194, 193, 153, 152, 151, 150, 149, 109, 110, 69, 70], [0, 66, 65, 104, 144, 184, 185, 226, 266, 306, 307, 267, 268, 308, 309, 310, 311, 312, 313, 273, 272, 271, 231, 230, 270, 269, 229, 228, 227, 187, 186, 146, 145, 105, 106, 68]]

res = 8768.628
res_int = 8787
solution = [[0, 53, 94, 95, 135, 134, 133, 173, 174, 175, 215, 214, 213, 253, 254, 294, 293, 292, 291, 290, 289, 249, 250, 251, 252, 212, 211, 210, 170, 171, 172, 132, 92, 93, 52], [0, 44, 43, 83, 84, 85, 86, 127, 126, 166, 165, 164, 204, 205, 245, 244, 243, 242, 282, 283, 284, 285, 286, 246, 206, 207, 247, 287, 288, 248, 208, 209, 169, 168, 167, 128, 129], [0, 60, 59, 58, 57, 56, 55, 96, 136, 137, 138, 178, 218, 217, 177, 176, 216, 256, 255, 295, 296, 297, 257, 258, 298, 299, 259, 219, 220, 180, 179, 139, 140, 100, 99, 98, 97], [0, 23, 62, 61, 101, 141, 181, 182, 222, 221, 260, 300, 301, 261, 262, 302, 303, 263, 264, 304, 305, 265, 225, 224, 223, 183, 143, 142, 102, 103, 63, 64, 24, 25, 26, 35, 36], [0, 50, 49, 48, 47, 46, 45, 87, 88, 89, 90, 130, 131, 91, 51], [0, 33, 34, 75, 74, 73, 72, 32, 31, 30, 29, 28, 27, 22, 21, 20, 19, 18, 17, 16, 15, 54, 14, 13, 12, 11, 10, 9, 8, 7, 6, 5, 4, 3, 2], [0, 125, 124, 123, 122, 162, 163, 203, 202, 201, 241, 281, 320, 280, 319, 279, 239, 240, 161, 200, 199, 238, 278, 318, 317, 316, 276, 277, 237, 197, 198, 158, 118, 37], [0, 38, 39, 40, 1, 42, 41, 80, 79, 78, 77, 76, 115, 116, 117, 119, 120, 81, 82, 121, 160, 159, 157, 156, 155, 154, 114, 113, 112, 111, 71], [0, 67, 108, 107, 147, 148, 188, 189, 190, 191, 192, 232, 233, 234, 274, 314, 315, 275, 235, 236, 196, 195, 194, 193, 153, 152, 151, 150, 149, 109, 110, 69, 70], [0, 66, 65, 104, 144, 184, 185, 226, 266, 306, 307, 267, 268, 308, 309, 310, 311, 312, 313, 273, 272, 271, 231, 230, 270, 269, 229, 228, 227, 187, 186, 146, 145, 105, 106, 68]]

res = 8773.609
res_int = 8790
solution = [[0, 56, 57, 97, 96, 136, 137, 178, 177, 217, 218, 258, 298, 299, 259, 300, 260, 261, 301, 302, 262, 222, 221, 220, 219, 179, 139, 138, 98, 99, 59, 58], [0, 86, 85, 84, 123, 124, 164, 204, 244, 243, 242, 282, 283, 284, 285, 286, 246, 245, 205, 206, 207, 247, 287, 288, 248, 208, 209, 169, 168, 167, 166, 165, 125, 126, 127, 128, 87], [0, 120, 160, 159, 158, 157, 156, 155, 196, 197, 237, 277, 276, 316, 317, 318, 278, 238, 198, 199, 200, 240, 239, 279, 319, 280, 320, 281, 241, 201, 202, 203, 163, 162, 161, 121, 122, 81, 41], [0, 49, 88, 89, 90, 129, 130, 131, 171, 170, 210, 211, 212, 252, 251, 250, 249, 289, 290, 291, 292, 293, 294, 295, 254, 253, 213, 172, 132, 92, 91, 50, 51, 52, 11], [0, 67, 68, 69, 70, 110, 109, 108, 148, 149, 150, 189, 190, 191, 192, 193, 233, 234, 274, 314, 315, 275, 235, 236, 195, 194, 154, 153, 152, 151, 111, 71, 31], [0, 34, 35, 36, 37, 38, 39, 40, 1, 2, 3, 4, 5, 6, 7, 8, 48, 47, 46, 45, 44, 43, 42, 80, 79, 78, 77, 117, 118, 119, 82, 83], [0, 9, 10, 12, 13, 14, 54, 53, 93, 94, 134, 133, 173, 174, 214, 215, 255, 256, 296, 297, 257, 216, 176, 175, 135, 95, 55, 15, 16, 17, 18, 19, 20, 21, 22], [0, 32, 33, 73, 74, 75, 76, 116, 115, 114, 113, 112, 72, 30], [0, 23, 62, 61, 60, 100, 101, 102, 142, 141, 140, 180, 181, 182, 183, 223, 224, 264, 263, 303, 304, 305, 265, 225, 185, 147, 146, 145, 143, 103, 63, 64, 65, 24, 25, 26, 27, 28, 29], [0, 105, 104, 144, 184, 186, 226, 266, 306, 267, 307, 308, 268, 269, 309, 310, 270, 271, 311, 312, 313, 273, 272, 232, 231, 230, 229, 228, 227, 187, 188, 107, 106, 66]]

Mean = 8756.673356114316
Execution = 3164.314599752426

Instance : Golden_03.xml
Time = 258.7593984603882
Instance : Golden_02.xml
Time = 117.96680283546448
Instance : Golden_02.xml
Time = 116.57112455368042
Instance : Golden_02.xml
Time = 65.3763210773468
Instance : Golden_05.xml
Time = 52.77282357215881
Instance : Golden_05.xml
Time = 51.934303998947144
Instance : Golden_05.xml
Time = 51.6924774646759

res = 6555.441
res_int = 6556
solution = [[0, 26, 46, 66, 86, 106, 126, 146, 166, 186, 187, 167, 147, 127, 107, 87, 88, 108, 128, 148, 168, 188, 189, 169, 149, 129, 109, 89, 69, 49, 48, 68, 67, 47, 27, 28, 29], [0, 11, 10, 30, 50, 70, 90, 110, 130, 150, 170, 190, 191, 171, 151, 131, 111, 91, 71, 72, 92, 112, 132, 152, 172, 192, 193, 173, 153, 133, 113, 93, 73, 53, 52, 51, 31, 32, 33, 12], [0, 2, 22, 23, 44, 43, 42, 62, 82, 102, 122, 142, 162, 182, 183, 163, 143, 123, 103, 83, 63, 64, 84, 104, 124, 144, 164, 184, 185, 165, 145, 125, 105, 85, 65, 45, 25, 24, 3, 4, 5, 6, 7, 8, 9], [0, 20, 1, 21, 41, 61, 81, 101, 121, 141, 161, 181, 200, 180, 160, 140, 120, 100, 80, 79, 99, 99, 119, 139, 159, 179, 199, 198, 178, 158, 138, 118, 98, 78, 58, 59, 60, 40, 39, 38, 17, 16, 15, 14, 13], [0, 34, 54, 74, 94, 114, 134, 154, 174, 194, 195, 175, 155, 135, 115, 95, 75, 76, 96, 116, 136, 156, 176, 196, 197, 177, 157, 137, 117, 97, 77, 57, 56, 55, 35, 36, 37, 18, 19]]

res = 6555.441
res_int = 6556
solution = [[0, 26, 46, 66, 86, 106, 126, 146, 166, 186, 187, 167, 147, 127, 107, 87, 88, 108, 128, 148, 168, 188, 189, 169, 149, 129, 109, 89, 69, 49, 48, 68, 67, 47, 27, 28, 29], [0, 11, 10, 30, 50, 70, 90, 110, 130, 150, 170, 190, 191, 171, 151, 131, 111, 91, 71, 72, 92, 112, 132, 152, 172, 192, 193, 173, 153, 133, 113, 93, 73, 53, 52, 51, 31, 32, 33, 12], [0, 2, 22, 23, 44, 43, 42, 62, 82, 102, 122, 142, 162, 182, 183, 163, 143, 123, 103, 83, 63, 64, 84, 104, 124, 144, 164, 184, 185, 165, 145, 125, 105, 85, 65, 45, 25, 24, 3, 4, 5, 6, 7, 8, 9], [0, 20, 1, 21, 41, 61, 81, 101, 121, 141, 161, 181, 200, 180, 160, 140, 120, 100, 80, 79, 99, 99, 119, 139, 159, 179, 199, 198, 178, 158, 138, 118, 98, 78, 58, 59, 60, 40, 39, 38, 17, 16, 15, 14, 13], [0, 34, 54, 74, 94, 114, 134, 154, 174, 194, 195, 175, 155, 135, 115, 95, 75, 76, 96, 116, 136, 156, 176, 196, 197, 177, 157, 137, 117, 97, 77, 57, 56, 55, 35, 36, 37, 18, 19]]

res = 6555.441
res_int = 6556
solution = [[0, 26, 46, 66, 86, 106, 126, 146, 166, 186, 187, 167, 147, 127, 107, 87, 88, 108, 128, 148, 168, 188, 189, 169, 149, 129, 109, 89, 69, 49, 48, 68, 67, 47, 27, 28, 29], [0, 11, 10, 30, 50, 70, 90, 110, 130, 150, 170, 190, 191, 171, 151, 131, 111, 91, 71, 72, 92, 112, 132, 152, 172, 192, 193, 173, 153, 133, 113, 93, 73, 53, 52, 51, 31, 32, 33, 12], [0, 2, 22, 23, 44, 43, 42, 62, 82, 102, 122, 142, 162, 182, 183, 163, 143, 123, 103, 83, 63, 64, 84, 104, 124, 144, 164, 184, 185, 165, 145, 125, 105, 85, 65, 45, 25, 24, 3, 4, 5, 6, 7, 8, 9], [0, 34, 54, 74, 94, 114, 134, 154, 174, 194, 195, 175, 155, 135, 115, 95, 75, 76, 96, 116, 136, 156, 176, 196, 197, 177, 157, 137, 117, 97, 77, 57, 56, 55, 35, 36, 37, 38, 19], [0, 20, 1, 21, 41, 61, 81, 101, 121, 141, 161, 181, 200, 180, 160, 140, 120, 100, 80, 79, 99, 99, 119, 139, 159, 179, 199, 198, 178, 158, 138, 118, 98, 78, 58, 59, 60, 40, 39, 18, 17, 16, 15, 14, 13]]

res = 6555.441
res_int = 6556
solution = [[0, 26, 46, 66, 86, 106, 126, 146, 166, 186, 187, 167, 147, 127, 107, 87, 88, 108, 128, 148, 168, 188, 189, 169, 149, 129, 109, 89, 69, 49, 48, 68, 67, 47, 27, 28, 29], [0, 11, 10, 30, 50, 70, 90, 110, 130, 150, 170, 190, 191, 171, 151, 131, 111, 91, 71, 72, 92, 112, 132, 152, 172, 192, 193, 173, 153, 133, 113, 93, 73, 53, 52, 51, 31, 32, 33, 12], [0, 34, 54, 74, 94, 114, 134, 154, 174, 194, 195, 175, 155, 135, 115, 95, 75, 76, 96, 116, 136, 156, 176, 196, 197, 177, 157, 137, 117, 97, 77, 57, 56, 55, 35, 36, 37, 38, 19], [0, 20, 1, 21, 41, 61, 81, 101, 121, 141, 161, 181, 200, 180, 160, 140, 120, 100, 80, 79, 99, 99, 119, 139, 159, 179, 199, 198, 178, 158, 138, 118, 98, 78, 58, 59, 60, 40, 39, 18, 17, 16, 15, 14, 13], [0, 2, 22, 23, 44, 43, 42, 62, 82, 102, 122, 142, 162, 182, 183, 163, 143, 123, 103, 83, 63, 64, 84, 104, 124, 144, 164, 184, 185, 165, 145, 125, 105, 85, 65, 45, 25, 24, 3, 4, 5, 6, 7, 8, 9]]

res = 6558.431
res_int = 6560
solution = [[0, 17, 16, 15, 14, 13, 33, 34, 54, 74, 94, 114, 134, 154, 174, 194, 195, 175, 155, 135, 115, 95, 75, 55, 57, 37, 38, 39, 58, 59, 60, 40, 19, 18], [0, 35, 36, 56, 76, 96, 116, 136, 156, 176, 196, 197, 177, 157, 137, 117, 97, 77, 78, 98, 118, 138, 158, 178, 198, 199, 179, 159, 139, 119, 99, 99, 79, 80, 100, 120, 140, 160, 180, 200, 181, 161, 141, 121, 101, 81, 61, 41, 21, 22, 2, 1, 20], [0, 11, 12, 32, 52, 53, 73, 93, 113, 133, 153, 173, 193, 192, 172, 152, 132, 112, 92, 72, 71, 91, 111, 131, 151, 171, 191, 190, 170, 150, 130, 110, 90, 70, 50, 51, 31, 30, 10], [0, 5, 6, 7, 26, 27, 47, 46, 66, 86, 106, 126, 146, 166, 186, 187, 167, 147, 127, 107, 87, 67, 68, 88, 108, 128, 148, 168, 188, 189, 169, 149, 129, 109, 89, 69, 49, 48, 28, 29, 8, 9], [0, 3, 23, 24, 44, 43, 42, 62, 82, 102, 122, 142, 162, 182, 183, 163, 143, 123, 103, 83, 63, 64, 84, 104, 124, 144, 164, 184, 185, 165, 145, 125, 105, 85, 65, 45, 25, 4]]

res = 6558.431
res_int = 6560
solution = [[0, 17, 16, 15, 14, 13, 33, 34, 54, 74, 94, 114, 134, 154, 174, 194, 195, 175, 155, 135, 115, 95, 75, 55, 57, 37, 38, 39, 58, 59, 60, 40, 19, 18], [0, 35, 36, 56, 76, 96, 116, 136, 156, 176, 196, 197, 177, 157, 137, 117, 97, 77, 78, 98, 118, 138, 158, 178, 198, 199, 179, 159, 139, 119, 99, 99, 79, 80, 100, 120, 140, 160, 180, 200, 181, 161, 141, 121, 101, 81, 61, 41, 21, 22, 2, 1, 20], [0, 11, 12, 32, 52, 53, 73, 93, 113, 133, 153, 173, 193, 192, 172, 152, 132, 112, 92, 72, 71, 91, 111, 131, 151, 171, 191, 190, 170, 150, 130, 110, 90, 70, 50, 51, 31, 30, 10], [0, 5, 6, 7, 26, 27, 47, 46, 66, 86, 106, 126, 146, 166, 186, 187, 167, 147, 127, 107, 87, 67, 68, 88, 108, 128, 148, 168, 188, 189, 169, 149, 129, 109, 89, 69, 49, 48, 28, 29, 8, 9], [0, 3, 23, 24, 44, 43, 42, 62, 82, 102, 122, 142, 162, 182, 183, 163, 143, 123, 103, 83, 63, 64, 84, 104, 124, 144, 164, 184, 185, 165, 145, 125, 105, 85, 65, 45, 25, 4]]

res = 6561.235
res_int = 6563
solution = [[0, 9, 29, 30, 50, 70, 90, 110, 130, 150, 170, 190, 191, 171, 151, 131, 111, 91, 71, 72, 92, 112, 132, 152, 172, 192, 193, 173, 153, 133, 113, 93, 73, 53, 52, 51, 31, 32, 12, 11, 10], [0, 24, 44, 64, 65, 85, 105, 125, 145, 165, 185, 184, 164, 144, 124, 104, 84, 83, 103, 123, 143, 163, 183, 182, 162, 142, 122, 102, 82, 62, 63, 43, 42, 22, 23, 2, 1], [0, 3, 4, 5, 25, 45, 46, 47, 48, 68, 67, 66, 86, 106, 126, 146, 166, 186, 187, 167, 147, 127, 107, 87, 88, 108, 128, 148, 168, 188, 189, 169, 149, 129, 109, 89, 69, 49, 28, 27, 26, 6, 7, 8], [0, 16, 15, 14, 13, 33, 34, 35, 55, 54, 74, 94, 114, 134, 154, 174, 194, 195, 175, 155, 135, 115, 95, 75, 76, 96, 116, 136, 156, 176, 196, 197, 177, 157, 137, 117, 97, 77, 57, 56, 36, 37, 17], [0, 19, 18, 38, 39, 59, 58, 78, 98, 118, 138, 158, 178, 198, 199, 179, 159, 139, 119, 99, 99, 79, 80, 100, 120, 140, 160, 180, 200, 181, 161, 141, 121, 101, 81, 61, 41, 60, 40, 21, 20]]

res = 6561.235
res_int = 6563
solution = [[0, 9, 29, 30, 50, 70, 90, 110, 130, 150, 170, 190, 191, 171, 151, 131, 111, 91, 71, 72, 92, 112, 132, 152, 172, 192, 193, 173, 153, 133, 113, 93, 73, 53, 52, 51, 31, 32, 12, 11, 10], [0, 24, 44, 64, 65, 85, 105, 125, 145, 165, 185, 184, 164, 144, 124, 104, 84, 83, 103, 123, 143, 163, 183, 182, 162, 142, 122, 102, 82, 62, 63, 43, 42, 22, 23, 2, 1], [0, 3, 4, 5, 25, 45, 46, 47, 48, 68, 67, 66, 86, 106, 126, 146, 166, 186, 187, 167, 147, 127, 107, 87, 88, 108, 128, 148, 168, 188, 189, 169, 149, 129, 109, 89, 69, 49, 28, 27, 26, 6, 7, 8], [0, 16, 15, 14, 13, 33, 34, 35, 55, 54, 74, 94, 114, 134, 154, 174, 194, 195, 175, 155, 135, 115, 95, 75, 76, 96, 116, 136, 156, 176, 196, 197, 177, 157, 137, 117, 97, 77, 57, 56, 36, 37, 17], [0, 19, 18, 38, 39, 59, 58, 78, 98, 118, 138, 158, 178, 198, 199, 179, 159, 139, 119, 99, 99, 79, 80, 100, 120, 140, 160, 180, 200, 181, 161, 141, 121, 101, 81, 61, 41, 60, 40, 21, 20]]

res = 6561.235
res_int = 6563
solution = [[0, 9, 29, 30, 50, 70, 90, 110, 130, 150, 170, 190, 191, 171, 151, 131, 111, 91, 71, 72, 92, 112, 132, 152, 172, 192, 193, 173, 153, 133, 113, 93, 73, 53, 52, 51, 31, 32, 12, 11, 10], [0, 16, 15, 14, 13, 33, 34, 35, 55, 54, 74, 94, 114, 134, 154, 174, 194, 195, 175, 155, 135, 115, 95, 75, 76, 96, 116, 136, 156, 176, 196, 197, 177, 157, 137, 117, 97, 77, 57, 56, 36, 37, 17], [0, 19, 18, 38, 39, 59, 58, 78, 98, 118, 138, 158, 178, 198, 199, 179, 159, 139, 119, 99, 99, 79, 80, 100, 120, 140, 160, 180, 200, 181, 161, 141, 121, 101, 81, 61, 41, 60, 40, 21, 20], [0, 24, 44, 64, 65, 85, 105, 125, 145, 165, 185, 184, 164, 144, 124, 104, 84, 83, 103, 123, 143, 163, 183, 182, 162, 142, 122, 102, 82, 62, 63, 43, 42, 22, 23, 2, 1], [0, 3, 4, 5, 25, 45, 46, 47, 48, 68, 67, 66, 86, 106, 126, 146, 166, 186, 187, 167, 147, 127, 107, 87, 88, 108, 128, 148, 168, 188, 189, 169, 149, 129, 109, 89, 69, 49, 28, 27, 26, 6, 7, 8]]

res = 6563.471
res_int = 6565
solution = [[0, 22, 42, 62, 82, 102, 122, 142, 162, 182, 183, 163, 143, 123, 103, 83, 84, 104, 124, 144, 164, 184, 185, 165, 145, 125, 105, 85, 65, 64, 63, 43, 44, 24, 23, 3], [0, 6, 5, 4, 2, 1, 21, 41, 61, 81, 101, 121, 141, 161, 181, 200, 180, 160, 140, 120, 100, 80, 79, 99, 99, 119, 139, 159, 179, 199, 198, 178, 158, 138, 118, 98, 78, 58, 59, 60, 40, 20, 19, 18, 17, 16, 15], [0, 12, 11, 10, 30, 31, 32, 33, 53, 73, 93, 113, 133, 153, 173, 193, 192, 172, 152, 132, 112, 92, 72, 52, 51, 71, 91, 111, 131, 151, 171, 191, 190, 170, 150, 130, 110, 90, 70, 50, 49, 29, 9], [0, 7, 27, 26, 25, 45, 46, 47, 67, 66, 86, 106, 126, 146, 166, 186, 187, 167, 147, 127, 107, 87, 88, 108, 128, 148, 168, 188, 189, 169, 149, 129, 109, 89, 69, 68, 48, 28, 8], [0, 39, 38, 37, 36, 35, 55, 56, 57, 77, 97, 117, 137, 157, 177, 197, 196, 176, 156, 136, 116, 96, 76, 75, 95, 115, 135, 155, 175, 195, 194, 174, 154, 134, 114, 94, 74, 54, 34, 13, 14]]

Mean = 6558.58005281896
Execution = 3710.5646076202393

Instance : Golden_06.xml
Time = 85.55999064445496

res = 8755.404
res_int = 8749
solution = [[0, 1, 28, 56, 84, 83, 111, 110, 109, 108, 136, 164, 192, 220, 248, 276, 277, 249, 221, 193, 165, 137, 138, 166, 194, 222, 250, 278, 279, 251, 223, 195, 167, 139, 140, 112, 85, 113, 114, 86, 58, 57, 29, 30, 31, 32, 2], [0, 59, 87, 115, 143, 171, 199, 170, 142, 141, 168, 196, 224, 252, 280, 253, 225, 197, 169, 198, 226, 254, 255, 227, 256, 228, 200, 172, 144, 116, 117, 145, 145, 173, 201, 229, 257, 258, 230, 202, 174, 146, 118, 90, 62, 34], [0, 3, 4, 5, 33, 61, 60, 88, 89, 91, 119, 147, 175, 203, 231, 259, 260, 232, 204, 176, 148, 120, 121, 149, 177, 205, 233, 261, 262, 234, 206, 178, 150, 122, 94, 93, 92, 64, 63, 35, 36, 6, 7, 8, 9, 10], [0, 45, 73, 72, 71, 99, 127, 155, 183, 211, 239, 267, 268, 240, 269, 241, 213, 185, 212, 184, 156, 128, 100, 101, 129, 157, 130, 158, 186, 214, 242, 270, 271, 243, 215, 187, 188, 216, 244, 272, 273, 245, 217, 189, 161, 133, 105, 77, 78, 49, 50], [0, 11, 12, 13, 41, 40, 39, 38, 37, 65, 66, 67, 68, 95, 96, 124, 123, 151, 179, 207, 235, 263, 264, 236, 208, 180, 152, 153, 181, 209, 237, 265, 266, 238, 210, 182, 154, 126, 125, 97, 98, 70, 69, 42, 43, 44], [0, 25, 51, 79, 107, 135, 163, 191, 219, 247, 275, 274, 246, 218, 190, 162, 134, 106, 104, 132, 160, 159, 131, 103, 102, 74, 75, 76, 48, 47, 46, 18], [0, 26, 27, 55, 54, 82, 81, 80, 52, 53, 24, 23, 22, 21, 20, 19, 17, 16, 15, 14]]

res = 8755.404
res_int = 8749
solution = [[0, 1, 28, 56, 84, 83, 111, 110, 109, 108, 136, 164, 192, 220, 248, 276, 277, 249, 221, 193, 165, 137, 138, 166, 194, 222, 250, 278, 279, 251, 223, 195, 167, 139, 140, 112, 85, 113, 114, 86, 58, 57, 29, 30, 31, 32, 2], [0, 59, 87, 115, 143, 171, 199, 170, 142, 141, 168, 196, 224, 252, 280, 253, 225, 197, 169, 198, 226, 254, 255, 227, 256, 228, 200, 172, 144, 116, 117, 145, 145, 173, 201, 229, 257, 258, 230, 202, 174, 146, 118, 90, 62, 34], [0, 3, 4, 5, 33, 61, 60, 88, 89, 91, 119, 147, 175, 203, 231, 259, 260, 232, 204, 176, 148, 120, 121, 149, 177, 205, 233, 261, 262, 234, 206, 178, 150, 122, 94, 93, 92, 64, 63, 35, 36, 6, 7, 8, 9, 10], [0, 45, 73, 72, 71, 99, 127, 155, 183, 211, 239, 267, 268, 240, 269, 241, 213, 185, 212, 184, 156, 128, 100, 101, 129, 157, 130, 158, 186, 214, 242, 270, 271, 243, 215, 187, 188, 216, 244, 272, 273, 245, 217, 189, 161, 133, 105, 77, 78, 49, 50], [0, 11, 12, 13, 41, 40, 39, 38, 37, 65, 66, 67, 68, 95, 96, 124, 123, 151, 179, 207, 235, 263, 264, 236, 208, 180, 152, 153, 181, 209, 237, 265, 266, 238, 210, 182, 154, 126, 125, 97, 98, 70, 69, 42, 43, 44], [0, 25, 51, 79, 107, 135, 163, 191, 219, 247, 275, 274, 246, 218, 190, 162, 134, 106, 104, 132, 160, 159, 131, 103, 102, 74, 75, 76, 48, 47, 46, 18], [0, 26, 27, 55, 54, 82, 81, 80, 52, 53, 24, 23, 22, 21, 20, 19, 17, 16, 15, 14]]

res = 8773.87
res_int = 8767
solution = [[0, 1, 28, 56, 84, 83, 111, 110, 109, 108, 136, 164, 192, 220, 248, 276, 277, 249, 221, 193, 165, 137, 138, 166, 194, 222, 250, 278, 279, 251, 223, 195, 167, 139, 140, 112, 85, 113, 114, 86, 58, 57, 29, 30, 31, 32, 2], [0, 59, 87, 115, 143, 171, 199, 170, 142, 141, 168, 196, 224, 252, 280, 253, 225, 197, 169, 198, 226, 254, 255, 227, 256, 228, 200, 172, 144, 116, 117, 145, 145, 173, 201, 229, 257, 258, 230, 202, 174, 146, 118, 90, 62, 34], [0, 3, 4, 5, 33, 61, 60, 88, 89, 91, 119, 147, 175, 203, 231, 259, 260, 232, 204, 176, 148, 120, 121, 149, 177, 205, 233, 261, 262, 234, 206, 178, 150, 122, 94, 93, 92, 64, 63, 35, 36, 6, 7, 8, 9, 10], [0, 45, 73, 72, 71, 99, 127, 155, 183, 211, 239, 267, 268, 269, 241, 213, 185, 240, 212, 184, 156, 128, 100, 101, 129, 157, 130, 158, 186, 214, 242, 270, 271, 243, 215, 187, 188, 216, 244, 272, 273, 245, 217, 189, 161, 133, 105, 77, 78, 49, 50], [0, 11, 12, 13, 41, 40, 39, 38, 37, 65, 66, 67, 68, 95, 96, 124, 123, 151, 179, 207, 235, 263, 264, 236, 208, 180, 152, 153, 181, 209, 237, 265, 266, 238, 210, 182, 154, 126, 125, 97, 98, 70, 69, 42, 43, 44], [0, 25, 51, 79, 107, 135, 163, 191, 219, 247, 275, 274, 246, 218, 190, 162, 134, 106, 104, 132, 160, 159, 131, 103, 102, 74, 75, 76, 48, 47, 46, 18], [0, 26, 27, 55, 54, 82, 81, 80, 52, 53, 24, 23, 22, 21, 20, 19, 17, 16, 15, 14]]

res = 8778.296
res_int = 8773
solution = [[0, 1, 28, 56, 84, 83, 111, 110, 109, 108, 136, 164, 192, 220, 248, 276, 277, 249, 221, 193, 165, 137, 138, 166, 194, 222, 250, 278, 279, 251, 223, 195, 167, 139, 140, 112, 85, 113, 114, 86, 58, 57, 29, 30, 31, 32, 2], [0, 11, 12, 13, 41, 40, 39, 38, 37, 65, 66, 67, 68, 95, 96, 124, 123, 151, 179, 207, 235, 263, 264, 236, 208, 180, 152, 153, 181, 209, 237, 265, 266, 238, 210, 182, 154, 126, 125, 97, 98, 70, 69, 42, 43], [0, 59, 87, 115, 143, 171, 199, 170, 142, 141, 168, 196, 224, 252, 280, 253, 225, 197, 169, 198, 226, 254, 255, 227, 256, 228, 200, 172, 144, 116, 117, 145, 145, 173, 201, 229, 257, 258, 230, 202, 174, 146, 118, 90, 62, 34], [0, 3, 4, 5, 33, 61, 60, 88, 89, 91, 119, 147, 175, 203, 231, 259, 260, 232, 204, 176, 148, 120, 121, 149, 177, 205, 233, 261, 262, 234, 206, 178, 150, 122, 94, 93, 92, 64, 63, 35, 36, 6, 7, 8, 9, 10], [0, 55, 54, 53, 82, 81, 80, 79, 78, 50, 51, 23, 22, 21, 20, 19, 17, 16, 15, 14], [0, 44, 45, 73, 72, 71, 99, 127, 155, 183, 211, 239, 267, 268, 240, 269, 241, 213, 185, 212, 184, 156, 128, 100, 101, 129, 157, 130, 158, 186, 214, 242, 270, 271, 243, 215, 187, 188, 216, 244, 272, 273, 245, 217, 189, 161, 133, 105, 77, 49], [0, 27, 26, 25, 24, 52, 107, 135, 163, 191, 219, 247, 275, 274, 246, 218, 190, 162, 134, 106, 104, 132, 160, 159, 131, 103, 102, 74, 75, 76, 48, 47, 46, 18]]

res = 8780.787
res_int = 8777
solution = [[0, 1, 28, 56, 84, 83, 111, 110, 109, 108, 136, 164, 192, 220, 248, 276, 277, 249, 221, 193, 165, 137, 138, 166, 194, 222, 250, 278, 279, 251, 223, 195, 167, 139, 140, 112, 85, 113, 114, 86, 58, 57, 29, 30, 31, 32, 2], [0, 11, 12, 13, 41, 40, 39, 38, 37, 65, 66, 67, 68, 95, 96, 124, 123, 151, 179, 207, 235, 263, 264, 236, 208, 180, 152, 153, 181, 209, 237, 265, 266, 238, 210, 182, 154, 126, 125, 97, 98, 70, 69, 42, 43], [0, 55, 54, 82, 81, 80, 79, 51, 23, 22, 21, 20, 19, 17, 16, 15, 14], [0, 59, 87, 115, 143, 171, 199, 170, 142, 141, 168, 196, 224, 252, 280, 253, 225, 197, 169, 198, 226, 254, 255, 227, 256, 228, 200, 172, 144, 116, 117, 145, 145, 173, 201, 229, 257, 258, 230, 202, 174, 146, 118, 90, 62, 34], [0, 3, 4, 5, 33, 61, 60, 88, 89, 91, 119, 147, 175, 203, 231, 259, 260, 232, 204, 176, 148, 120, 121, 149, 177, 205, 233, 261, 262, 234, 206, 178, 150, 122, 94, 93, 92, 64, 63, 35, 36, 6, 7, 8, 9, 10], [0, 44, 45, 73, 72, 71, 99, 127, 155, 183, 211, 239, 267, 268, 240, 269, 241, 213, 185, 212, 184, 156, 128, 100, 101, 129, 157, 130, 158, 186, 214, 242, 270, 271, 243, 215, 187, 188, 216, 244, 272, 273, 245, 217, 189, 161, 133, 105, 104, 77, 49], [0, 27, 26, 25, 24, 53, 52, 50, 78, 106, 107, 135, 163, 191, 219, 247, 275, 274, 246, 218, 190, 162, 134, 132, 160, 159, 131, 103, 102, 74, 75, 76, 48, 47, 46, 18]]

res = 8781.04
res_int = 8777
solution = [[0, 1, 28, 56, 84, 83, 111, 110, 109, 108, 136, 164, 192, 220, 248, 276, 277, 249, 221, 193, 165, 137, 138, 166, 194, 222, 250, 278, 279, 251, 223, 195, 167, 139, 140, 112, 85, 113, 114, 86, 58, 57, 29, 30, 31, 32, 2], [0, 11, 12, 13, 41, 40, 39, 38, 37, 65, 66, 67, 68, 95, 96, 124, 123, 151, 179, 207, 235, 263, 264, 236, 208, 180, 152, 153, 181, 209, 237, 265, 266, 238, 210, 182, 154, 126, 125, 97, 98, 70, 69, 42, 43], [0, 44, 45, 73, 72, 71, 99, 127, 155, 183, 211, 239, 267, 268, 240, 269, 241, 213, 185, 212, 184, 156, 128, 100, 101, 129, 157, 130, 158, 186, 214, 242, 270, 271, 243, 215, 187, 188, 216, 244, 272, 273, 245, 217, 189, 161, 133, 105, 104, 77, 49], [0, 55, 54, 82, 81, 80, 79, 23, 22, 21, 20, 19, 18, 17, 16, 15, 14], [0, 27, 26, 25, 24, 53, 52, 51, 50, 78, 106, 107, 135, 163, 191, 219, 247, 275, 274, 246, 218, 190, 162, 134, 132, 160, 159, 131, 103, 102, 74, 75, 76, 48, 47, 46], [0, 59, 87, 115, 143, 171, 199, 170, 142, 141, 168, 196, 224, 252, 280, 253, 225, 197, 169, 198, 226, 254, 255, 227, 256, 228, 200, 172, 144, 116, 117, 145, 145, 173, 201, 229, 257, 258, 230, 202, 174, 146, 118, 90, 62, 34], [0, 3, 4, 5, 33, 61, 60, 88, 89, 91, 119, 147, 175, 203, 231, 259, 260, 232, 204, 176, 148, 120, 121, 149, 177, 205, 233, 261, 262, 234, 206, 178, 150, 122, 94, 93, 92, 64, 63, 35, 36, 6, 7, 8, 9, 10]]

res = 8782.158
res_int = 8778
solution = [[0, 1, 28, 56, 84, 83, 111, 110, 109, 108, 136, 164, 192, 220, 248, 276, 277, 249, 221, 193, 165, 137, 138, 166, 194, 222, 250, 278, 279, 251, 223, 195, 167, 139, 140, 112, 85, 113, 114, 86, 58, 57, 29, 30, 31, 32, 2], [0, 11, 12, 41, 40, 39, 38, 37, 65, 66, 67, 68, 95, 96, 124, 123, 151, 179, 207, 235, 263, 264, 236, 208, 180, 152, 153, 181, 209, 237, 265, 266, 238, 210, 182, 154, 126, 125, 97, 98, 70, 69, 42, 43], [0, 44, 45, 73, 72, 71, 99, 127, 155, 183, 211, 239, 267, 268, 240, 269, 241, 213, 185, 212, 184, 156, 128, 100, 101, 129, 157, 130, 158, 186, 214, 242, 270, 271, 243, 215, 187, 188, 216, 244, 272, 273, 245, 217, 189, 161, 133, 105, 104, 77, 49], [0, 55, 54, 82, 81, 80, 79, 24, 23, 22, 21, 20, 19, 18, 17, 16, 15, 14, 13], [0, 27, 26, 25, 53, 52, 51, 50, 78, 106, 107, 135, 163, 191, 219, 247, 275, 274, 246, 218, 190, 162, 134, 132, 160, 159, 131, 103, 102, 74, 75, 76, 48, 47, 46], [0, 59, 87, 115, 143, 171, 199, 170, 142, 141, 168, 196, 224, 252, 280, 253, 225, 197, 169, 198, 226, 254, 255, 227, 256, 228, 200, 172, 144, 116, 117, 145, 145, 173, 201, 229, 257, 258, 230, 202, 174, 146, 118, 90, 62, 34], [0, 3, 4, 5, 33, 61, 60, 88, 89, 91, 119, 147, 175, 203, 231, 259, 260, 232, 204, 176, 148, 120, 121, 149, 177, 205, 233, 261, 262, 234, 206, 178, 150, 122, 94, 93, 92, 64, 63, 35, 36, 6, 7, 8, 9, 10]]

res = 8782.158
res_int = 8778
solution = [[0, 1, 28, 56, 84, 83, 111, 110, 109, 108, 136, 164, 192, 220, 248, 276, 277, 249, 221, 193, 165, 137, 138, 166, 194, 222, 250, 278, 279, 251, 223, 195, 167, 139, 140, 112, 85, 113, 114, 86, 58, 57, 29, 30, 31, 32, 2], [0, 10, 11, 12, 41, 40, 39, 38, 37, 65, 66, 67, 68, 95, 96, 124, 123, 151, 179, 207, 235, 263, 264, 236, 208, 180, 152, 153, 181, 209, 237, 265, 266, 238, 210, 182, 154, 126, 125, 97, 98, 70, 69, 42, 43], [0, 44, 45, 73, 72, 71, 99, 127, 155, 183, 211, 239, 267, 268, 240, 269, 241, 213, 185, 212, 184, 156, 128, 100, 101, 129, 157, 130, 158, 186, 214, 242, 270, 271, 243, 215, 187, 188, 216, 244, 272, 273, 245, 217, 189, 161, 133, 105, 104, 77, 49], [0, 55, 54, 82, 81, 80, 79, 24, 23, 22, 21, 20, 19, 18, 17, 16, 15, 14, 13], [0, 27, 26, 25, 53, 52, 51, 50, 78, 106, 107, 135, 163, 191, 219, 247, 275, 274, 246, 218, 190, 162, 134, 132, 160, 159, 131, 103, 102, 74, 75, 76, 48, 47, 46], [0, 59, 87, 115, 143, 171, 199, 170, 142, 141, 168, 196, 224, 252, 280, 253, 225, 197, 169, 198, 226, 254, 255, 227, 256, 228, 200, 172, 144, 116, 117, 145, 145, 173, 201, 229, 257, 258, 230, 202, 174, 146, 118, 90, 62, 34], [0, 3, 4, 5, 33, 61, 60, 88, 89, 91, 119, 147, 175, 203, 231, 259, 260, 232, 204, 176, 148, 120, 121, 149, 177, 205, 233, 261, 262, 234, 206, 178, 150, 122, 94, 93, 92, 64, 63, 35, 36, 6, 7, 8, 9]]

res = 8788.109
res_int = 8782
solution = [[0, 9, 37, 65, 93, 94, 95, 122, 150, 178, 206, 234, 262, 261, 233, 205, 177, 149, 121, 120, 148, 176, 204, 232, 260, 259, 231, 203, 175, 147, 119, 91, 92, 64, 63, 62, 34, 35, 36, 8, 7, 6], [0, 22, 21, 49, 50, 51, 79, 107, 106, 134, 162, 190, 218, 246, 274, 275, 247, 219, 191, 163, 135, 136, 164, 192, 220, 248, 276, 277, 249, 221, 193, 165, 137, 110, 109, 108, 80, 52, 53, 23, 24, 25, 26], [0, 15, 16, 44, 43, 71, 72, 73, 101, 102, 130, 129, 155, 183, 211, 239, 267, 210, 238, 266, 265, 237, 209, 181, 153, 152, 180, 208, 236, 264, 263, 235, 207, 179, 151, 123, 124, 96, 67, 66, 38, 39, 10], [0, 2, 3, 32, 33, 61, 89, 90, 118, 146, 174, 202, 230, 258, 257, 229, 201, 173, 145, 145, 117, 116, 144, 172, 200, 228, 256, 255, 227, 199, 171, 143, 142, 170, 198, 226, 254, 253, 225, 280, 252, 224, 196, 197, 169, 141, 113, 57, 84, 29, 1], [0, 5, 4, 31, 30, 58, 59, 60, 88, 87, 115, 114, 86, 85, 112, 140, 168, 167, 195, 223, 251, 279, 278, 250, 222, 194, 166, 138, 139, 111, 83, 82, 81, 54, 55, 56, 28, 27], [0, 19, 18, 17, 45, 46, 47, 74, 75, 103, 131, 159, 187, 188, 160, 132, 104, 76, 48, 20], [0, 78, 77, 105, 133, 161, 189, 217, 245, 273, 272, 244, 216, 215, 243, 271, 270, 242, 214, 186, 158, 157, 185, 213, 241, 269, 268, 240, 212, 184, 156, 128, 100, 99, 127, 126, 154, 182, 125, 97, 98, 70, 69, 68, 40, 41, 42, 14, 13, 12, 11]]

res = 8788.109
res_int = 8782
solution = [[0, 9, 37, 65, 93, 94, 95, 122, 150, 178, 206, 234, 262, 261, 233, 205, 177, 149, 121, 120, 148, 176, 204, 232, 260, 259, 231, 203, 175, 147, 119, 91, 92, 64, 63, 62, 34, 35, 36, 8, 7, 6], [0, 22, 21, 49, 50, 51, 79, 107, 106, 134, 162, 190, 218, 246, 274, 275, 247, 219, 191, 163, 135, 136, 164, 192, 220, 248, 276, 277, 249, 221, 193, 165, 137, 110, 109, 108, 80, 52, 53, 23, 24, 25, 26], [0, 15, 16, 44, 43, 71, 72, 73, 101, 102, 130, 129, 155, 183, 211, 239, 267, 210, 238, 266, 265, 237, 209, 181, 153, 152, 180, 208, 236, 264, 263, 235, 207, 179, 151, 123, 124, 96, 67, 66, 38, 39, 10], [0, 2, 3, 32, 33, 61, 89, 90, 118, 146, 174, 202, 230, 258, 257, 229, 201, 173, 145, 145, 117, 116, 144, 172, 200, 228, 256, 255, 227, 199, 171, 143, 142, 170, 198, 226, 254, 253, 225, 280, 252, 224, 196, 197, 169, 141, 113, 57, 84, 29, 1], [0, 5, 4, 31, 30, 58, 59, 60, 88, 87, 115, 114, 86, 85, 112, 140, 168, 167, 195, 223, 251, 279, 278, 250, 222, 194, 166, 138, 139, 111, 83, 82, 81, 54, 55, 56, 28, 27], [0, 19, 18, 17, 45, 46, 47, 74, 75, 103, 131, 159, 187, 188, 160, 132, 104, 76, 48, 20], [0, 78, 77, 105, 133, 161, 189, 217, 245, 273, 272, 244, 216, 215, 243, 271, 270, 242, 214, 186, 158, 157, 185, 213, 241, 269, 268, 240, 212, 184, 156, 128, 100, 99, 127, 126, 154, 182, 125, 97, 98, 70, 69, 68, 40, 41, 42, 14, 13, 12, 11]]

Mean = 8776.533359154102
Execution = 6478.724803447723

Instance : Golden_07.xml
Time = 131.0975959300995
Instance : Golden_05.xml
Time = 56.71023368835449

res = 6545.023
res_int = 6545
solution = [[0, 8, 28, 48, 49, 50, 70, 90, 110, 130, 150, 170, 190, 189, 169, 149, 129, 109, 89, 69, 68, 88, 108, 128, 148, 168, 188, 187, 167, 147, 127, 107, 87, 67, 47, 27, 7], [0, 2, 3, 4, 24, 44, 64, 63, 83, 103, 123, 143, 163, 183, 184, 164, 144, 124, 104, 84, 65, 85, 105, 125, 145, 165, 185, 186, 166, 146, 126, 106, 86, 66, 46, 45, 25, 26, 6, 5], [0, 1, 21, 22, 23, 43, 42, 62, 82, 102, 122, 142, 162, 182, 181, 161, 141, 121, 101, 81, 61, 41, 60, 80, 100, 120, 140, 160, 180, 200, 199, 179, 159, 139, 119, 99, 79, 59, 40, 39], [0, 15, 16, 36, 35, 34, 74, 94, 114, 134, 154, 174, 194, 193, 173, 153, 133, 113, 93, 73, 72, 92, 112, 132, 152, 172, 192, 191, 171, 151, 131, 111, 91, 71, 51, 31, 30, 29, 9, 10, 11, 12], [0, 14, 13, 33, 32, 52, 53, 54, 55, 75, 95, 115, 135, 155, 175, 195, 196, 176, 156, 136, 116, 96, 76, 56, 57, 77, 97, 117, 137, 157, 177, 197, 198, 178, 158, 138, 118, 98, 78, 58, 38, 37, 17, 18, 19, 20]]

res = 6545.023
res_int = 6545
solution = [[0, 8, 28, 48, 49, 50, 70, 90, 110, 130, 150, 170, 190, 189, 169, 149, 129, 109, 89, 69, 68, 88, 108, 128, 148, 168, 188, 187, 167, 147, 127, 107, 87, 67, 47, 27, 7], [0, 2, 3, 4, 24, 44, 64, 63, 83, 103, 123, 143, 163, 183, 184, 164, 144, 124, 104, 84, 65, 85, 105, 125, 145, 165, 185, 186, 166, 146, 126, 106, 86, 66, 46, 45, 25, 26, 6, 5], [0, 1, 21, 22, 23, 43, 42, 62, 82, 102, 122, 142, 162, 182, 181, 161, 141, 121, 101, 81, 61, 41, 60, 80, 100, 120, 140, 160, 180, 200, 199, 179, 159, 139, 119, 99, 79, 59, 40, 39], [0, 15, 16, 36, 35, 34, 74, 94, 114, 134, 154, 174, 194, 193, 173, 153, 133, 113, 93, 73, 72, 92, 112, 132, 152, 172, 192, 191, 171, 151, 131, 111, 91, 71, 51, 31, 30, 29, 9, 10, 11, 12], [0, 14, 13, 33, 32, 52, 53, 54, 55, 75, 95, 115, 135, 155, 175, 195, 196, 176, 156, 136, 116, 96, 76, 56, 57, 77, 97, 117, 137, 157, 177, 197, 198, 178, 158, 138, 118, 98, 78, 58, 38, 37, 17, 18, 19, 20]]

res = 6545.023
res_int = 6545
solution = [[0, 15, 14, 13, 33, 32, 52, 53, 54, 55, 75, 95, 115, 135, 155, 175, 195, 196, 176, 156, 136, 116, 96, 76, 56, 57, 77, 97, 117, 137, 157, 177, 197, 198, 178, 158, 138, 118, 98, 78, 58, 38, 37, 17, 18, 19, 20], [0, 16, 36, 35, 34, 74, 94, 114, 134, 154, 174, 194, 193, 173, 153, 133, 113, 93, 73, 72, 92, 112, 132, 152, 172, 192, 191, 171, 151, 131, 111, 91, 71, 51, 31, 30, 29, 9, 10, 11, 12], [0, 8, 28, 48, 49, 50, 70, 90, 110, 130, 150, 170, 190, 189, 169, 149, 129, 109, 89, 69, 68, 88, 108, 128, 148, 168, 188, 187, 167, 147, 127, 107, 87, 67, 47, 27, 7], [0, 2, 3, 4, 24, 44, 64, 63, 83, 103, 123, 143, 163, 183, 184, 164, 144, 124, 104, 84, 65, 85, 105, 125, 145, 165, 185, 186, 166, 146, 126, 106, 86, 66, 46, 45, 25, 26, 6, 5], [0, 1, 21, 22, 23, 43, 42, 62, 82, 102, 122, 142, 162, 182, 181, 161, 141, 121, 101, 81, 61, 41, 60, 80, 100, 120, 140, 160, 180, 200, 199, 179, 159, 139, 119, 99, 79, 59, 40, 39]]

res = 6552.223
res_int = 6552
solution = [[0, 15, 14, 13, 12, 33, 32, 52, 53, 54, 55, 75, 95, 115, 135, 155, 175, 195, 196, 176, 156, 136, 116, 96, 76, 56, 57, 77, 97, 117, 137, 157, 177, 197, 198, 178, 158, 138, 118, 98, 78, 58, 38, 37, 17, 18, 19], [0, 39, 59, 79, 99, 119, 139, 159, 179, 199, 200, 180, 160, 140, 120, 100, 80, 60, 41, 61, 81, 101, 121, 141, 161, 181, 182, 162, 142, 122, 102, 82, 62, 42, 43, 23, 22, 21, 40, 20], [0, 1, 2, 3, 4, 5, 24, 44, 64, 63, 83, 103, 123, 143, 163, 183, 184, 164, 144, 124, 104, 84, 65, 85, 105, 125, 145, 165, 185, 186, 166, 146, 126, 106, 86, 66, 46, 45, 25, 26, 6], [0, 30, 29, 28, 48, 49, 50, 70, 90, 110, 130, 150, 170, 190, 189, 169, 149, 129, 109, 89, 69, 68, 88, 108, 128, 148, 168, 188, 187, 167, 147, 127, 107, 87, 67, 47, 27, 7], [0, 16, 36, 35, 34, 74, 94, 114, 134, 154, 174, 194, 193, 173, 153, 133, 113, 93, 73, 72, 92, 112, 132, 152, 172, 192, 191, 171, 151, 131, 111, 91, 71, 51, 31, 11, 10, 9, 8]]

res = 6552.223
res_int = 6552
solution = [[0, 30, 29, 28, 48, 49, 50, 70, 90, 110, 130, 150, 170, 190, 189, 169, 149, 129, 109, 89, 69, 68, 88, 108, 128, 148, 168, 188, 187, 167, 147, 127, 107, 87, 67, 47, 27, 7], [0, 15, 14, 13, 12, 33, 32, 52, 53, 54, 55, 75, 95, 115, 135, 155, 175, 195, 196, 176, 156, 136, 116, 96, 76, 56, 57, 77, 97, 117, 137, 157, 177, 197, 198, 178, 158, 138, 118, 98, 78, 58, 38, 37, 17, 18, 19], [0, 16, 36, 35, 34, 74, 94, 114, 134, 154, 174, 194, 193, 173, 153, 133, 113, 93, 73, 72, 92, 112, 132, 152, 172, 192, 191, 171, 151, 131, 111, 91, 71, 51, 31, 11, 10, 9, 8], [0, 39, 59, 79, 99, 119, 139, 159, 179, 199, 200, 180, 160, 140, 120, 100, 80, 60, 41, 61, 81, 101, 121, 141, 161, 181, 182, 162, 142, 122, 102, 82, 62, 42, 43, 23, 22, 21, 40, 20], [0, 1, 2, 3, 4, 5, 24, 44, 64, 63, 83, 103, 123, 143, 163, 183, 184, 164, 144, 124, 104, 84, 65, 85, 105, 125, 145, 165, 185, 186, 166, 146, 126, 106, 86, 66, 46, 45, 25, 26, 6]]

res = 6555.87
res_int = 6556
solution = [[0, 7, 6, 5, 4, 3, 2, 22, 23, 24, 44, 43, 63, 83, 103, 123, 143, 163, 183, 184, 164, 144, 124, 104, 84, 64, 65, 85, 105, 125, 145, 165, 185, 186, 166, 146, 126, 106, 86, 45, 25, 26, 27, 28, 8], [0, 32, 52, 51, 71, 91, 111, 131, 151, 171, 191, 192, 172, 152, 132, 112, 92, 72, 73, 93, 113, 133, 153, 173, 193, 194, 174, 154, 134, 114, 94, 74, 54, 53, 33, 34], [0, 11, 10, 9, 29, 49, 48, 47, 46, 66, 67, 87, 107, 127, 147, 167, 187, 188, 168, 148, 128, 108, 88, 68, 69, 89, 109, 129, 149, 169, 189, 190, 170, 150, 130, 110, 90, 70, 50, 30, 31, 12, 13, 14], [0, 19, 39, 59, 79, 99, 119, 139, 159, 179, 199, 200, 180, 160, 140, 120, 100, 80, 61, 81, 101, 121, 141, 161, 181, 182, 162, 142, 122, 102, 82, 62, 42, 41, 60, 40, 21, 20, 1], [0, 18, 17, 16, 36, 37, 38, 58, 78, 98, 118, 138, 158, 178, 198, 197, 177, 157, 137, 117, 97, 77, 57, 56, 76, 96, 116, 136, 156, 176, 196, 195, 175, 155, 135, 115, 95, 75, 55, 35, 15]]

res = 6555.87
res_int = 6556
solution = [[0, 7, 6, 5, 4, 3, 2, 22, 23, 24, 44, 43, 63, 83, 103, 123, 143, 163, 183, 184, 164, 144, 124, 104, 84, 64, 65, 85, 105, 125, 145, 165, 185, 186, 166, 146, 126, 106, 86, 45, 25, 26, 27, 28, 8], [0, 32, 52, 51, 71, 91, 111, 131, 151, 171, 191, 192, 172, 152, 132, 112, 92, 72, 73, 93, 113, 133, 153, 173, 193, 194, 174, 154, 134, 114, 94, 74, 54, 53, 33, 34], [0, 11, 10, 9, 29, 49, 48, 47, 46, 66, 67, 87, 107, 127, 147, 167, 187, 188, 168, 148, 128, 108, 88, 68, 69, 89, 109, 129, 149, 169, 189, 190, 170, 150, 130, 110, 90, 70, 50, 30, 31, 12, 13, 14], [0, 19, 39, 59, 79, 99, 119, 139, 159, 179, 199, 200, 180, 160, 140, 120, 100, 80, 61, 81, 101, 121, 141, 161, 181, 182, 162, 142, 122, 102, 82, 62, 42, 41, 60, 40, 21, 20, 1], [0, 18, 17, 16, 36, 37, 38, 58, 78, 98, 118, 138, 158, 178, 198, 197, 177, 157, 137, 117, 97, 77, 57, 56, 76, 96, 116, 136, 156, 176, 196, 195, 175, 155, 135, 115, 95, 75, 55, 35, 15]]

res = 6560.416
res_int = 6559
solution = [[0, 31, 30, 50, 70, 90, 110, 130, 150, 170, 190, 189, 169, 149, 129, 109, 89, 69, 68, 88, 108, 128, 148, 168, 188, 187, 167, 147, 127, 107, 87, 67, 46, 26, 27, 7, 6, 5, 4, 3, 2, 1, 20], [0, 16, 15, 14, 13, 34, 33, 53, 54, 74, 94, 114, 134, 154, 174, 194, 193, 173, 153, 133, 113, 93, 73, 72, 92, 112, 132, 152, 172, 192, 191, 171, 151, 131, 111, 91, 71, 51, 52, 32, 12, 11, 10], [0, 36, 35, 55, 75, 95, 115, 135, 155, 175, 195, 196, 176, 156, 136, 116, 96, 76, 56, 57, 77, 97, 117, 137, 157, 177, 197, 198, 178, 158, 138, 118, 98, 78, 58, 37, 17], [0, 25, 45, 44, 43, 63, 83, 103, 123, 143, 163, 183, 184, 164, 144, 124, 104, 84, 64, 65, 85, 105, 125, 145, 165, 185, 186, 166, 146, 126, 106, 86, 66, 47, 48, 49, 29, 28, 8, 9], [0, 24, 23, 22, 21, 40, 60, 41, 42, 62, 82, 102, 122, 142, 162, 182, 181, 161, 141, 121, 101, 81, 61, 80, 100, 120, 140, 160, 180, 200, 199, 179, 159, 139, 119, 99, 79, 59, 39, 38, 18, 19]]

res = 6560.416
res_int = 6559
solution = [[0, 31, 30, 50, 70, 90, 110, 130, 150, 170, 190, 189, 169, 149, 129, 109, 89, 69, 68, 88, 108, 128, 148, 168, 188, 187, 167, 147, 127, 107, 87, 67, 46, 26, 27, 7, 6, 5, 4, 3, 2, 1, 20], [0, 16, 15, 14, 13, 34, 33, 53, 54, 74, 94, 114, 134, 154, 174, 194, 193, 173, 153, 133, 113, 93, 73, 72, 92, 112, 132, 152, 172, 192, 191, 171, 151, 131, 111, 91, 71, 51, 52, 32, 12, 11, 10], [0, 36, 35, 55, 75, 95, 115, 135, 155, 175, 195, 196, 176, 156, 136, 116, 96, 76, 56, 57, 77, 97, 117, 137, 157, 177, 197, 198, 178, 158, 138, 118, 98, 78, 58, 37, 17], [0, 25, 45, 44, 43, 63, 83, 103, 123, 143, 163, 183, 184, 164, 144, 124, 104, 84, 64, 65, 85, 105, 125, 145, 165, 185, 186, 166, 146, 126, 106, 86, 66, 47, 48, 49, 29, 28, 8, 9], [0, 24, 23, 22, 21, 40, 60, 41, 42, 62, 82, 102, 122, 142, 162, 182, 181, 161, 141, 121, 101, 81, 61, 80, 100, 120, 140, 160, 180, 200, 199, 179, 159, 139, 119, 99, 79, 59, 39, 38, 18, 19]]

res = 6561.609
res_int = 6561
solution = [[0, 30, 29, 28, 48, 49, 50, 70, 90, 110, 130, 150, 170, 190, 189, 169, 149, 129, 109, 89, 69, 68, 88, 108, 128, 148, 168, 188, 187, 167, 147, 127, 107, 87, 67, 47, 27, 7], [0, 39, 59, 79, 99, 119, 139, 159, 179, 199, 200, 180, 160, 140, 120, 100, 80, 60, 41, 61, 81, 101, 121, 141, 161, 181, 182, 162, 142, 122, 102, 82, 62, 42, 43, 23, 22, 21, 40], [0, 19, 20, 1, 2, 3, 4, 5, 24, 44, 64, 63, 83, 103, 123, 143, 163, 183, 184, 164, 144, 124, 104, 84, 65, 85, 105, 125, 145, 165, 185, 186, 166, 146, 126, 106, 86, 66, 46, 45, 25, 26, 6], [0, 15, 14, 13, 12, 33, 32, 52, 53, 54, 55, 75, 95, 115, 135, 155, 175, 195, 196, 176, 156, 136, 116, 96, 76, 56, 57, 77, 97, 117, 137, 157, 177, 197, 198, 178, 158, 138, 118, 98, 78, 58, 38, 37, 17, 18], [0, 16, 36, 35, 34, 74, 94, 114, 134, 154, 174, 194, 193, 173, 153, 133, 113, 93, 73, 72, 92, 112, 132, 152, 172, 192, 191, 171, 151, 131, 111, 91, 71, 51, 31, 11, 10, 9, 8]]

Mean = 6553.369634571178
Execution = 4100.689215660095

Instance : Golden_06.xml
