toutes les solutions calculées (step by stetp) sont ajutées à la même base. crit = 0.9 (proche de golden10)
Instance : Golden_01.xml
Time = 103.94733166694641


res = 5576.278
res_int = 5581
solution = [[0, 58, 98, 138, 139, 140, 180, 179, 178, 177, 217, 218, 219, 220, 221, 222, 182, 181, 141, 142, 143, 144, 145, 106, 66, 67], [0, 34, 33, 32, 31, 30, 29, 28, 27, 26, 25, 65, 105, 104, 103, 102, 101, 100, 99, 59, 60, 61, 62, 63, 64, 24, 23, 22, 21, 20], [0, 69, 109, 149, 148, 147, 187, 188, 189, 190, 191, 192, 232, 231, 230, 229, 228, 227, 226, 225, 224, 223, 183, 184, 185, 186, 146, 107, 108, 68], [0, 19, 18, 16, 15, 14, 13, 12, 11, 10, 9, 8, 7, 5, 4, 3, 2, 1, 40, 39, 38, 37, 35, 36], [0, 51, 52, 53, 54, 94, 134, 174, 173, 172, 171, 211, 212, 213, 214, 215, 216, 176, 175, 135, 136, 137, 97, 96, 95, 55, 56, 57, 17], [0, 45, 85, 124, 123, 164, 163, 162, 161, 200, 199, 239, 240, 201, 202, 203, 204, 205, 206, 167, 168, 128, 127, 126, 86, 46, 6], [0, 50, 49, 48, 47, 87, 88, 89, 90, 91, 92, 93, 133, 132, 131, 130, 129, 169, 170, 210, 209, 208, 207, 166, 165, 125, 84, 83, 43, 44], [0, 75, 76, 77, 78, 79, 80, 120, 119, 118, 117, 116, 115, 154, 153, 152, 151, 150, 110, 111, 112, 113, 73, 72, 71, 70], [0, 74, 114, 155, 156, 196, 195, 194, 193, 233, 234, 235, 236, 237, 238, 198, 197, 157, 158, 159, 160, 121, 122, 82, 81, 41, 42]]

res = 5607.874
res_int = 5615
solution = [[0, 50, 51, 52, 53, 54, 94, 134, 174, 173, 213, 214, 215, 216, 217, 177, 176, 175, 135, 136, 137, 138, 97, 96, 95, 55, 56, 57, 16, 17], [0, 70, 71, 111, 110, 109, 149, 150, 151, 152, 153, 154, 115, 116, 117, 118, 119, 120, 80, 79, 78, 77, 76, 75, 74], [0, 69, 68, 108, 148, 147, 187, 188, 189, 190, 191, 192, 193, 233, 232, 231, 230, 229, 228, 227, 226, 225, 224, 184, 185, 186, 146, 106, 107, 67], [0, 58, 98, 99, 139, 140, 141, 181, 180, 179, 178, 218, 219, 220, 221, 222, 223, 183, 182, 142, 143, 144, 145, 105, 66, 25], [0, 47, 87, 86, 126, 127, 167, 166, 165, 163, 162, 161, 200, 199, 198, 197, 196, 156, 157, 158, 159, 160, 121, 81, 41, 42], [0, 5, 44, 84, 85, 125, 124, 164, 204, 205, 206, 207, 208, 209, 210, 211, 212, 172, 171, 170, 169, 168, 128, 129, 130, 131, 132, 133, 93, 92, 91, 90, 89, 88, 48, 49], [0, 15, 14, 13, 12, 11, 10, 9, 8, 7, 6, 46, 45, 4, 3, 2, 1, 40, 39, 38, 37, 36, 35, 34], [0, 32, 31, 30, 29, 28, 27, 26, 65, 64, 104, 103, 102, 101, 100, 59, 60, 61, 62, 63, 24, 23, 22, 21, 20, 19, 18], [0, 43, 83, 82, 122, 123, 203, 202, 201, 240, 239, 238, 237, 236, 235, 234, 194, 195, 155, 114, 113, 112, 72, 73, 33]]

res = 5621.998
res_int = 5627
solution = [[0, 58, 98, 138, 139, 140, 141, 181, 180, 179, 178, 177, 217, 218, 219, 220, 221, 222, 182, 142, 143, 144, 145, 106, 66, 67], [0, 18, 19, 20, 21, 22], [0, 51, 52, 53, 54, 94, 134, 174, 173, 172, 171, 211, 212, 213, 214, 215, 216, 176, 175, 135, 136, 137, 97, 96, 95, 55, 56, 57, 16, 17], [0, 15, 14, 13, 12, 11, 10, 9, 8, 7, 6, 5, 4, 3, 1, 40, 39, 38], [0, 80, 41, 81, 82, 83, 123, 122, 121, 160, 159, 158, 157, 197, 198, 238, 237, 236, 235, 234, 233, 193, 194, 195, 196, 156, 155, 114], [0, 68, 108, 107, 146, 186, 185, 184, 183, 223, 224, 225, 226, 227, 228, 229, 230, 231, 232, 192, 191, 190, 189, 188, 187, 147, 148, 149, 109, 69], [0, 70, 71, 72, 73, 74, 113, 112, 111, 110, 150, 151, 152, 153, 154, 115, 116, 117, 118, 119, 120, 79, 78, 77, 76, 75, 36, 37], [0, 23, 24, 64, 63, 62, 61, 60, 59, 99, 100, 101, 102, 103, 104, 105, 65, 25, 26, 27, 28, 29, 30, 31, 32, 33, 34, 35], [0, 44, 45, 46, 85, 86, 126, 125, 165, 166, 207, 208, 209, 210, 170, 169, 129, 130, 131, 132, 133, 93, 92, 91, 90, 89, 88, 48, 49, 50], [0, 47, 87, 127, 128, 168, 167, 206, 205, 204, 203, 202, 201, 240, 239, 199, 200, 161, 162, 163, 164, 124, 84, 43, 42, 2]]

res = 5628.263
res_int = 5632
solution = [[0, 46, 45, 85, 86, 126, 125, 165, 166, 206, 205, 204, 203, 202, 201, 240, 239, 238, 198, 199, 200, 161, 162, 163, 164, 124, 84, 44, 4], [0, 75, 74, 114, 155, 156, 196, 195, 194, 193, 233, 234, 235, 236, 237, 197, 157, 158, 159, 160, 121, 122, 123, 83, 43, 3], [0, 34, 33, 70, 71, 72, 73, 113, 112, 111, 110, 109, 149, 150, 151, 152, 153, 154, 115, 116, 117, 118, 119, 120, 81, 82, 42, 2], [0, 32, 31, 30, 29, 27, 26, 25, 65, 64, 104, 103, 102, 101, 140, 141, 181, 180, 179, 139, 99, 100, 61, 62, 63, 24, 23], [0, 19, 18, 17, 16, 15, 14, 13, 12, 11, 10, 9, 8, 7, 6, 5, 41, 80, 79, 78, 77, 76, 35, 36, 37, 38, 39, 40, 1], [0, 69, 108, 148, 147, 187, 188, 189, 190, 191, 192, 232, 231, 230, 229, 228, 227, 226, 225, 224, 223, 183, 184, 185, 186, 146, 107, 68, 28], [0, 47, 87, 127, 167, 207, 208, 209, 210, 170, 169, 168, 128, 129, 130, 131, 132, 133, 134, 94, 93, 92, 91, 90, 89, 88, 48], [0, 49, 50, 51, 52, 53, 54, 55, 56, 96, 95, 135, 175, 174, 173, 172, 171, 211, 212, 213, 214, 215, 216, 176, 136, 137, 97, 57], [0, 67, 66, 106, 105, 145, 144, 143, 142, 182, 222, 221, 220, 219, 218, 217, 177, 178, 138, 98, 58, 59, 60, 20, 21, 22]]

res = 5642.943
res_int = 5649
solution = [[0, 7, 8, 9, 10, 11, 12, 13, 14, 15, 16, 18, 19, 20, 21, 22], [0, 23, 63, 62, 61, 60, 59, 99, 100, 101, 102, 103, 104, 64, 25, 26, 27, 28, 29, 30, 31, 32, 33, 34], [0, 24, 65, 105, 145, 144, 143, 142, 182, 183, 223, 222, 221, 220, 219, 218, 217, 177, 178, 179, 180, 181, 141, 140, 139, 138, 98, 58], [0, 44, 84, 124, 164, 163, 162, 161, 200, 199, 198, 238, 239, 240, 201, 202, 203, 204, 205, 206, 167, 168, 128, 127, 87, 46, 6], [0, 1, 40, 79, 120, 81, 82, 83, 123, 122, 121, 160, 159, 158, 157, 197, 237, 236, 235, 234, 233, 232, 192, 193, 194, 195, 196, 156, 115, 75], [0, 35, 36, 37, 38, 39, 80, 41, 42, 43, 2, 3, 4], [0, 66, 67, 107, 106, 146, 186, 185, 184, 224, 225, 226, 227, 228, 229, 230, 231, 191, 190, 189, 188, 187, 147, 148, 149, 109, 108, 68], [0, 69, 70, 71, 72, 73, 74, 114, 113, 112, 111, 110, 150, 151, 152, 153, 154, 155, 116, 117, 118, 119, 78, 77, 76], [0, 50, 49, 48, 47, 88, 89, 90, 91, 92, 93, 133, 132, 131, 130, 129, 169, 170, 210, 209, 208, 207, 166, 165, 125, 126, 86, 85, 45, 5], [0, 51, 52, 53, 54, 94, 134, 174, 173, 172, 171, 211, 212, 213, 214, 215, 216, 176, 175, 135, 136, 137, 97, 96, 95, 55, 56, 57, 17]]

res = 5652.191
res_int = 5658
solution = [[0, 58, 98, 138, 139, 140, 141, 181, 180, 179, 178, 177, 217, 218, 219, 220, 221, 222, 182, 142, 143, 144, 145, 106, 66, 67], [0, 19, 18], [0, 51, 52, 53, 54, 94, 134, 174, 173, 172, 171, 211, 212, 213, 214, 215, 216, 176, 175, 135, 136, 137, 97, 96, 95, 55, 56, 57, 17], [0, 34, 33, 32, 31, 30, 29, 28, 27, 26, 25, 65, 105, 104, 103, 102, 101, 100, 99, 59, 60, 61, 62, 63, 64, 24, 23, 20, 21, 22], [0, 50, 90, 91, 92, 93, 133, 132, 131, 130, 129, 169, 170, 210, 209, 208, 207, 206, 166, 167, 168, 128, 127, 87, 88, 89, 49, 6], [0, 16, 15, 14, 13, 12, 11, 10, 9, 8, 7, 48, 47, 46, 45, 44, 5, 4, 3, 2, 1, 40, 39, 38], [0, 68, 108, 107, 146, 186, 185, 184, 183, 223, 224, 225, 226, 227, 228, 229, 230, 231, 232, 192, 191, 190, 189, 188, 187, 147, 148, 149, 109, 69], [0, 42, 43, 83, 82, 122, 121, 161, 200, 199, 198, 197, 236, 235, 234, 233, 193, 194, 154, 153, 152, 151, 150, 110, 70], [0, 35, 75, 74, 73, 72, 71, 111, 112, 113, 114, 115, 116, 117, 118, 119, 120, 41, 80, 79, 78, 77, 76, 36, 37], [0, 84, 85, 86, 126, 125, 124, 123, 162, 163, 164, 165, 205, 204, 203, 202, 201, 240, 239, 238, 237, 196, 195, 155, 156, 157, 158, 159, 160, 81]]

res = 5655.68
res_int = 5661
solution = [[0, 58, 98, 138, 139, 140, 141, 181, 180, 179, 178, 177, 217, 218, 219, 220, 221, 222, 182, 142, 143, 144, 145, 106, 66, 67], [0, 68, 108, 107, 146, 186, 185, 184, 183, 223, 224, 225, 226, 227, 228, 229, 230, 231, 232, 192, 191, 190, 189, 188, 187, 147, 148, 149, 109, 69], [0, 44, 43, 83, 84, 124, 125, 165, 166, 207, 208, 209, 210, 170, 169, 129, 130, 131, 132, 133, 93, 92, 91, 90, 89, 88, 87, 86, 85, 45, 8, 9], [0, 51, 52, 53, 54, 55, 95, 94, 134, 174, 173, 172, 171, 211, 212, 213, 214, 215, 216, 176, 175, 135, 136, 137, 97, 96, 56, 57, 17], [0, 34, 33, 32, 31, 30, 29, 28, 27, 26, 25, 24, 23, 63, 64, 65, 105, 104, 103, 102, 101, 100, 99, 59, 60, 61, 62, 22], [0, 21, 20, 19, 18, 16, 15, 14, 13, 12, 11, 10, 50, 49, 48, 47, 46, 7, 6, 5, 4, 3, 1, 2], [0, 126, 127, 128, 168, 167, 206, 205, 204, 203, 202, 201, 240, 239, 199, 200, 161, 162, 163, 164, 123, 122, 121, 81, 82, 42, 41, 40], [0, 38, 39, 80, 79, 78, 117, 116, 115, 195, 196, 197, 198, 238, 237, 236, 235, 234, 233, 193, 194, 114, 74, 75, 35], [0, 70, 71, 72, 73, 113, 112, 111, 110, 150, 151, 152, 153, 154, 155, 156, 157, 158, 159, 160, 120, 119, 118, 77, 76, 36, 37]]

res = 5664.49
res_int = 5669
solution = [[0, 8, 9, 10, 11, 12, 13, 14, 15, 16, 17, 18, 19], [0, 20, 21, 22, 23, 24, 64, 63, 62, 61, 60, 59, 99, 100, 101, 102, 103, 104, 105, 65, 25, 26, 27, 28, 29, 30, 31, 32, 33, 34], [0, 51, 50, 49, 89, 90, 91, 92, 93, 133, 132, 131, 130, 129, 128, 127, 167, 168, 169, 170, 210, 209, 208, 207, 206, 166, 126, 85], [0, 52, 53, 54, 94, 134, 135, 175, 174, 173, 172, 171, 211, 212, 213, 214, 215, 216, 217, 177, 176, 136, 96, 95, 55, 56, 57, 58], [0, 67, 66, 106, 146, 145, 144, 143, 142, 182, 222, 221, 220, 219, 218, 178, 179, 180, 181, 141, 140, 139, 138, 137, 98, 97], [0, 7, 6, 5, 4, 3, 2, 1, 80, 79, 78, 77, 76, 36, 37, 38, 39], [0, 40, 41, 42, 82, 81, 120, 119, 118, 117, 116, 115, 154, 153, 152, 151, 150, 110, 111, 112, 113, 74, 75, 35], [0, 69, 108, 109, 149, 189, 190, 191, 192, 232, 231, 230, 229, 228, 227, 226, 225, 224, 223, 183, 184, 185, 186, 187, 188, 148, 147, 107, 68], [0, 70, 71, 72, 73, 114, 155, 195, 194, 193, 233, 234, 235, 236, 196, 156, 157, 158, 159, 160, 121, 122, 123, 83, 43, 44], [0, 48, 88, 87, 86, 125, 165, 205, 204, 203, 202, 201, 240, 239, 238, 237, 197, 198, 199, 200, 161, 162, 163, 164, 124, 84, 45, 46, 47]]

res = 5673.506
res_int = 5679
solution = [[0, 58, 98, 138, 139, 179, 178, 177, 217, 218, 219, 220, 221, 222, 182, 181, 180, 140, 141, 142, 143, 144, 145, 106, 66, 67], [0, 20, 21, 22, 23, 24, 64, 63, 62, 61, 60, 59, 99, 100, 101, 102, 103, 104, 105, 65, 25, 26, 27, 28, 29, 30, 31, 32, 33, 34], [0, 19, 18], [0, 16, 15, 55, 56, 96, 95, 94, 93, 92, 91, 131, 132, 133, 173, 172, 212, 213, 214, 215, 216, 176, 175, 174, 134, 135, 136, 137, 97, 57, 17], [0, 71, 111, 110, 109, 149, 150, 151, 152, 153, 113, 112, 72, 73, 74, 35, 36, 37, 38, 39, 40], [0, 68, 107, 146, 186, 185, 184, 183, 223, 224, 225, 226, 227, 228, 229, 230, 231, 191, 190, 189, 188, 187, 147, 148, 108, 69, 70], [0, 75, 114, 154, 155, 156, 196, 195, 194, 193, 192, 232, 233, 234, 235, 236, 237, 238, 198, 197, 157, 158, 159, 160, 121, 122, 82, 41], [0, 14, 13, 12, 11, 10, 9, 8, 7, 6, 5, 43, 42, 81, 120, 119, 118, 117, 116, 115, 76, 77, 78, 79, 80, 1, 2, 3], [0, 45, 85, 86, 87, 126, 166, 206, 205, 204, 203, 202, 201, 240, 239, 199, 200, 161, 162, 163, 164, 165, 125, 124, 123, 83, 84, 44, 4], [0, 46, 47, 48, 88, 127, 167, 207, 208, 209, 210, 211, 171, 170, 169, 168, 128, 129, 130, 90, 89, 49, 50, 51, 52, 53, 54]]

res = 5676.466
res_int = 5682
solution = [[0, 58, 98, 138, 139, 140, 141, 181, 180, 179, 178, 218, 219, 220, 221, 222, 182, 142, 143, 144, 145, 105, 106, 66, 67], [0, 34, 33, 32, 31, 30, 29, 28, 27, 26, 25, 24, 23, 22, 61, 62, 63, 64, 65, 104, 103, 102, 101, 100, 99, 59, 60, 20, 21], [0, 18, 17, 16, 15, 14, 13, 12, 11, 10, 9, 8, 7, 6, 5, 4, 3, 1, 40, 39, 38, 37, 36, 35], [0, 52, 53, 54, 94, 134, 174, 173, 172, 171, 211, 212, 213, 214, 215, 216, 217, 177, 176, 175, 135, 136, 137, 97, 96, 95, 55, 56, 57, 19], [0, 47, 87, 127, 128, 168, 167, 207, 208, 209, 210, 170, 169, 129, 130, 131, 132, 133, 93, 92, 91, 90, 89, 88, 48, 49, 50, 51], [0, 146, 186, 185, 184, 183, 223, 224, 225, 226, 227, 228, 229, 230, 231, 191, 190, 189, 188, 187, 147, 148, 149, 150, 151, 112, 113, 73], [0, 44, 45, 46, 86, 85, 84, 83, 123, 124, 125, 126, 165, 166, 206, 205, 204, 203, 164, 163, 161, 200, 199, 198, 197, 196, 195, 156, 157, 158], [0, 77, 76, 75, 74, 114, 194, 193, 192, 232, 233, 234, 235, 236, 237, 238, 239, 240, 201, 202, 162, 122, 82, 42, 43, 2], [0, 78, 79, 80, 41, 81, 121, 160, 159, 120, 119, 118, 117, 116, 115, 155, 154, 153, 152, 111, 110, 109, 108, 107, 68, 69, 70, 71, 72]]

Mean = 5639.968995778372
Execution = 12001.291800022125

Instance : Golden_02.xml
Time = 231.24019074440002

res = 8570.878
res_int = 8586
solution = [[0, 101, 100, 99, 179, 178, 218, 258, 298, 259, 299, 300, 260, 220, 219, 180, 181, 221, 261, 301, 302, 262, 263, 303, 304, 264, 224, 223, 222, 182, 183, 184, 185, 145, 105, 64, 65], [0, 16, 54, 94, 134, 133, 132, 172, 212, 252, 251, 291, 292, 293, 253, 213, 173, 174, 214, 254, 294, 295, 255, 215, 216, 256, 296, 297, 257, 217, 177, 176, 175, 135, 136, 96, 95, 55, 17], [0, 15, 56, 57, 58, 98, 97, 137, 138, 139, 140, 141, 142, 143, 144, 104, 103, 102, 63, 62, 61, 60, 59, 18, 19, 20, 21, 22, 23, 24, 25, 26, 27, 28, 29], [0, 51, 52, 53, 93, 92, 91, 131, 171, 211, 210, 250, 290, 289, 249, 209, 208, 248, 288, 287, 247, 207, 167, 168, 169, 170, 130, 129, 128, 88, 89, 90, 50, 49, 48, 47, 5], [0, 14, 13, 12, 11, 10, 9, 8, 7, 6, 46, 86, 85, 124, 125, 165, 164, 163, 123, 84, 43, 42, 41, 4, 3, 2, 1], [0, 34, 35, 36, 37, 38, 39, 40, 80, 79, 118, 158, 198, 238, 278, 318, 319, 279, 239, 199, 159, 120, 81, 82, 83, 44], [0, 78, 119, 160, 121, 122, 162, 161, 200, 240, 280, 320, 281, 241, 201, 202, 242, 282, 283, 243, 203, 204, 244, 284, 285, 286, 246, 245, 205, 206, 166, 126, 127, 87, 45], [0, 30, 31, 71, 70, 69, 68, 108, 109, 110, 111, 112, 113, 114, 115, 116, 76, 75, 74, 73, 33], [0, 77, 117, 157, 156, 155, 154, 153, 152, 192, 193, 194, 195, 196, 197, 237, 277, 317, 316, 276, 236, 235, 275, 315, 314, 313, 312, 272, 273, 274, 234, 233, 232, 231, 191, 190, 150, 151, 72, 32], [0, 66, 106, 146, 186, 226, 225, 265, 305, 306, 266, 267, 307, 308, 268, 269, 309, 310, 311, 271, 270, 230, 229, 228, 227, 187, 188, 189, 149, 148, 147, 107, 67]]

res = 8615.372
res_int = 8629
solution = [[0, 101, 100, 99, 179, 178, 218, 258, 298, 259, 299, 300, 260, 220, 219, 180, 181, 221, 261, 301, 302, 262, 263, 303, 304, 264, 224, 223, 222, 182, 183, 184, 185, 145, 105, 64, 65], [0, 16, 54, 94, 134, 133, 132, 172, 212, 252, 251, 291, 292, 293, 253, 213, 173, 174, 214, 254, 294, 295, 255, 215, 216, 256, 296, 297, 257, 217, 177, 176, 175, 135, 136, 96, 95, 55, 17], [0, 15, 56, 57, 58, 98, 97, 137, 138, 139, 140, 141, 142, 143, 144, 104, 103, 102, 63, 62, 61, 60, 59, 18, 19, 20, 21, 22, 23, 24, 25, 26, 27, 28, 29], [0, 48, 49, 90, 89, 88, 127, 128, 129, 130, 170, 169, 168, 167, 207, 247, 287, 288, 248, 208, 209, 249, 289, 290, 250, 210, 211, 171, 131, 91, 92, 93, 53, 52, 51, 50], [0, 14, 13, 12, 11, 10, 9, 8, 7, 6, 5, 45, 46, 86, 85, 84, 125, 124, 164, 204, 244, 243, 203, 163, 123, 122, 83, 82, 81, 120, 80, 41, 42, 43, 44, 4, 3], [0, 2, 1, 40, 39, 38, 37, 36, 76, 75, 74, 73, 72, 71, 30], [0, 67, 66, 106, 146, 186, 226, 225, 265, 305, 306, 266, 267, 307, 308, 309, 269, 268, 228, 227, 187, 188, 148, 147, 107, 108, 69, 70, 31, 32, 33, 34, 35], [0, 116, 115, 114, 154, 155, 156, 157, 158, 160, 121, 162, 161, 200, 240, 280, 320, 281, 241, 201, 202, 242, 282, 283, 284, 245, 285, 286, 246, 206, 205, 165, 166, 126, 87, 47], [0, 68, 109, 149, 150, 190, 189, 229, 230, 270, 310, 311, 271, 231, 232, 272, 312, 273, 313, 314, 274, 275, 315, 316, 276, 236, 235, 234, 233, 193, 192, 191, 151, 112, 113], [0, 79, 78, 77, 117, 118, 119, 159, 199, 239, 279, 319, 318, 278, 317, 277, 237, 238, 198, 197, 196, 195, 194, 153, 152, 111, 110]]

res = 8623.022
res_int = 8636
solution = [[0, 101, 100, 99, 178, 179, 219, 218, 258, 298, 259, 299, 300, 260, 220, 180, 181, 221, 261, 301, 302, 262, 263, 303, 304, 264, 224, 223, 222, 182, 183, 184, 185, 145, 105, 64, 65], [0, 31, 30, 29, 69, 108, 107, 147, 148, 188, 187, 227, 228, 268, 308, 307, 267, 266, 306, 305, 265, 225, 226, 186, 146, 106, 66, 67, 68], [0, 39, 40, 41, 42, 43, 44, 83, 82, 81, 120, 160, 121, 122, 162, 161, 200, 240, 280, 320, 281, 241, 201, 202, 242, 282, 283, 284, 244, 243, 203, 204, 164, 163, 123, 124, 85, 86, 45], [0, 14, 13, 12, 10, 9, 8, 7, 6, 46, 47, 48, 49, 89, 88, 87, 128, 127, 126, 166, 206, 246, 286, 285, 245, 205, 165, 125, 84], [0, 53, 52, 92, 91, 131, 132, 133, 173, 172, 171, 211, 210, 250, 290, 289, 249, 209, 208, 248, 288, 287, 247, 207, 167, 168, 169, 170, 130, 129, 90, 50, 51, 11], [0, 16, 55, 95, 96, 136, 135, 175, 176, 177, 217, 257, 297, 296, 256, 216, 215, 255, 295, 294, 254, 253, 293, 292, 291, 251, 252, 212, 213, 214, 174, 134, 94, 93, 54, 15], [0, 17, 56, 57, 58, 98, 97, 137, 138, 139, 140, 141, 142, 143, 144, 104, 103, 102, 63, 62, 61, 60, 59, 18, 19, 20, 21, 22, 23, 24, 25, 26, 27, 28], [0, 74, 114, 154, 153, 193, 194, 234, 233, 272, 312, 311, 271, 270, 310, 309, 269, 229, 230, 190, 189, 149, 150, 151, 112, 113, 73], [0, 38, 37, 36, 76, 77, 78, 118, 117, 157, 158, 198, 197, 237, 238, 278, 277, 317, 318, 319, 279, 239, 199, 159, 119, 79, 80, 1, 2, 3, 4, 5], [0, 32, 72, 71, 70, 109, 110, 111, 152, 192, 191, 231, 232, 273, 313, 314, 274, 275, 315, 316, 276, 236, 235, 195, 196, 156, 155, 115, 116, 75, 33, 34, 35]]

res = 8625.023
res_int = 8638
solution = [[0, 101, 100, 99, 179, 178, 218, 258, 298, 259, 299, 300, 260, 220, 219, 180, 181, 221, 261, 301, 302, 262, 263, 303, 304, 264, 224, 223, 222, 182, 183, 184, 185, 145, 105, 64, 65], [0, 16, 54, 94, 134, 133, 132, 172, 212, 252, 251, 291, 292, 293, 253, 213, 173, 174, 214, 254, 294, 295, 255, 215, 216, 256, 296, 297, 257, 217, 177, 176, 175, 135, 136, 96, 95, 55, 17], [0, 15, 56, 57, 58, 98, 97, 137, 138, 139, 140, 141, 142, 143, 144, 104, 103, 102, 63, 62, 61, 60, 59, 18, 19, 20, 21, 22, 23, 24, 25, 26, 27, 28, 29], [0, 10, 51, 52, 53, 93, 92, 91, 131, 171, 211, 210, 250, 290, 289, 249, 209, 208, 248, 288, 287, 247, 207, 167, 168, 169, 170, 130, 129, 128, 89, 90, 50, 49, 48, 8, 9], [0, 11, 12, 13, 14, 66, 106, 146, 186, 226, 225, 265, 305, 306, 266, 267, 307, 308, 268, 228, 227, 187, 188, 149, 148, 147, 107, 108, 109, 110, 70, 69, 68, 67], [0, 159, 199, 239, 238, 278, 279, 319, 318, 317, 277, 276, 316, 315, 275, 274, 314, 313, 312, 311, 271, 272, 273, 233, 234, 235, 236, 237, 197, 198, 158, 157], [0, 33, 34, 35, 75, 76, 77, 78, 79, 80, 40], [0, 30, 71, 111, 150, 151, 191, 190, 189, 229, 269, 309, 310, 270, 230, 231, 232, 192, 193, 194, 195, 196, 156, 155, 154, 153, 152, 112, 113, 114, 74, 73, 72, 31, 32], [0, 115, 116, 117, 118, 119, 120, 160, 121, 122, 162, 161, 200, 240, 280, 320, 281, 241, 201, 202, 242, 282, 283, 243, 284, 244, 245, 285, 286, 246, 206, 205, 165, 166, 127, 126, 85, 84, 44], [0, 36, 37, 38, 39, 1, 2, 3, 4, 43, 42, 41, 81, 82, 83, 123, 163, 203, 204, 164, 124, 125, 86, 87, 88, 47, 46, 45, 5, 6, 7]]

res = 8628.676
res_int = 8641
solution = [[0, 101, 100, 99, 179, 178, 218, 258, 298, 259, 299, 300, 260, 220, 219, 180, 181, 221, 261, 301, 302, 262, 263, 303, 304, 264, 224, 223, 222, 182, 183, 184, 185, 145, 105, 64, 65], [0, 16, 54, 94, 134, 133, 132, 172, 212, 252, 251, 291, 292, 293, 253, 213, 173, 174, 214, 254, 294, 295, 255, 215, 216, 256, 296, 297, 257, 217, 177, 176, 175, 135, 136, 96, 95, 55, 17], [0, 15, 56, 57, 58, 98, 97, 137, 138, 139, 140, 141, 142, 143, 144, 104, 103, 102, 63, 62, 61, 60, 59, 18, 19, 20, 21, 22, 23, 24, 25, 26, 27, 28, 29], [0, 8, 9, 50, 90, 89, 88, 128, 129, 130, 170, 169, 168, 167, 207, 247, 287, 288, 248, 208, 209, 249, 289, 290, 250, 210, 211, 171, 131, 91, 92, 93, 53, 52, 51, 10], [0, 36, 37, 118, 119, 120, 81, 160, 121, 122, 162, 161, 200, 240, 280, 320, 281, 241, 201, 202, 242, 282, 283, 243, 284, 244, 245, 285, 286, 246, 206, 205, 165, 166, 126, 127, 87], [0, 111, 150, 190, 230, 229, 189, 149, 148, 188, 187, 227, 228, 268, 308, 307, 267, 266, 306, 305, 265, 225, 226, 186, 146, 147, 107, 106, 66, 67], [0, 73, 112, 152, 192, 193, 194, 234, 235, 275, 315, 274, 314, 313, 273, 233, 232, 272, 312, 311, 310, 309, 269, 270, 271, 231, 191, 151, 110, 109, 108, 68, 69, 70, 30], [0, 32, 31, 71, 72, 113, 153, 154, 155, 156, 195, 196, 197, 198, 238, 237, 236, 276, 316, 317, 277, 278, 318, 319, 279, 239, 199, 159, 158, 157, 117, 116, 75, 35], [0, 6, 7, 47, 46, 45, 44, 43, 42, 41, 80, 79, 78, 77, 76, 115, 114, 74, 34, 33], [0, 38, 39, 40, 1, 2, 3, 4, 5, 84, 83, 82, 123, 163, 203, 204, 164, 124, 125, 85, 86, 48, 49, 11, 12, 13, 14]]

res = 8629.58
res_int = 8646
solution = [[0, 16, 54, 94, 134, 133, 132, 172, 212, 252, 251, 291, 292, 293, 253, 213, 173, 174, 214, 254, 294, 295, 255, 215, 216, 256, 296, 297, 257, 217, 177, 176, 175, 135, 136, 96, 95, 55, 17], [0, 15, 56, 57, 58, 98, 97, 137, 138, 139, 140, 141, 142, 143, 144, 104, 103, 102, 63, 62, 61, 60, 59, 18, 19, 20, 21, 22, 23, 24, 25, 26, 27, 28, 29], [0, 47, 87, 86, 126, 125, 165, 166, 206, 246, 286, 285, 284, 283, 282, 242, 202, 201, 241, 281, 320, 280, 240, 200, 161, 162, 122, 121, 160, 120, 119, 118, 78, 38], [0, 101, 100, 99, 179, 178, 218, 258, 298, 259, 299, 300, 260, 220, 219, 180, 181, 221, 261, 301, 302, 262, 263, 303, 304, 264, 224, 223, 222, 182, 183, 184, 185, 145, 105, 64, 65], [0, 117, 157, 158, 159, 199, 239, 279, 319, 318, 317, 316, 276, 277, 278, 238, 198, 197, 237, 236, 235, 275, 315, 314, 313, 273, 274, 234, 193, 192, 152, 151, 150], [0, 35, 36, 37, 39, 40, 80, 79, 77, 76, 116, 115, 114, 113, 112, 111, 71, 72, 73, 33], [0, 30, 70, 110, 109, 149, 189, 190, 191, 231, 271, 311, 312, 272, 232, 233, 194, 195, 196, 156, 155, 154, 153, 74, 75, 34], [0, 67, 66, 106, 146, 186, 226, 225, 265, 305, 306, 266, 267, 307, 308, 268, 269, 309, 310, 270, 230, 229, 228, 227, 187, 188, 148, 147, 107, 108, 68, 69, 31, 32], [0, 5, 6, 7, 8, 9, 10, 11, 50, 49, 48, 46, 45, 85, 84, 124, 164, 204, 205, 245, 244, 243, 203, 163, 123, 83, 82, 81, 41, 42, 43, 44, 4, 3, 2, 1], [0, 14, 13, 52, 53, 93, 92, 91, 131, 171, 211, 210, 250, 290, 289, 249, 209, 208, 248, 288, 287, 247, 207, 167, 168, 169, 170, 130, 129, 128, 127, 88, 89, 90, 51, 12]]

res = 8634.627
res_int = 8647
solution = [[0, 101, 100, 99, 179, 178, 218, 258, 298, 259, 299, 300, 260, 220, 219, 180, 181, 221, 261, 301, 302, 262, 263, 303, 304, 264, 224, 223, 222, 182, 183, 184, 185, 145, 105, 64, 65], [0, 16, 54, 94, 134, 133, 132, 172, 212, 252, 251, 291, 292, 293, 253, 213, 173, 174, 214, 254, 294, 295, 255, 215, 216, 256, 296, 297, 257, 217, 177, 176, 175, 135, 136, 96, 95, 55, 17], [0, 15, 56, 57, 58, 98, 97, 137, 138, 139, 140, 141, 142, 143, 144, 104, 103, 102, 63, 62, 61, 60, 59, 18, 19, 20, 21, 22, 23, 24, 25, 26, 27, 28, 29], [0, 51, 52, 53, 93, 92, 91, 131, 171, 211, 210, 250, 290, 289, 249, 209, 208, 248, 288, 287, 247, 207, 167, 168, 169, 170, 130, 129, 128, 127, 88, 89, 90, 50, 49, 48, 8], [0, 119, 120, 81, 160, 121, 122, 162, 161, 200, 240, 280, 320, 281, 241, 201, 202, 242, 282, 283, 243, 284, 244, 245, 285, 286, 246, 206, 205, 165, 166, 126, 86, 87, 47, 6, 5], [0, 14, 13, 12, 11, 10, 9, 7, 46, 45, 44, 43, 82, 83, 123, 163, 203, 204, 164, 124, 125, 84, 85], [0, 75, 76, 117, 118, 158, 159, 199, 198, 238, 239, 279, 319, 318, 278, 317, 277, 236, 235, 234, 233, 232, 231, 191, 192, 193, 153, 152, 151, 111, 112, 113, 73, 33], [0, 30, 31, 34, 35, 36, 37, 38, 39, 40, 1, 2, 3, 4, 42, 41, 80, 79, 78, 77, 115, 114, 74], [0, 67, 66, 106, 146, 186, 226, 225, 265, 305, 306, 266, 267, 307, 308, 268, 228, 227, 187, 188, 148, 147, 107, 108, 69, 70, 71, 72, 32], [0, 68, 109, 110, 150, 149, 189, 190, 230, 229, 269, 309, 310, 270, 271, 311, 312, 272, 273, 313, 314, 274, 275, 315, 316, 276, 237, 197, 196, 195, 194, 154, 155, 156, 157, 116]]

res = 8644.895
res_int = 8659
solution = [[0, 101, 100, 99, 179, 178, 218, 258, 298, 259, 299, 300, 260, 220, 219, 180, 181, 221, 261, 301, 302, 262, 263, 303, 304, 264, 224, 223, 222, 182, 183, 184, 185, 145, 105, 64, 65], [0, 16, 54, 94, 134, 133, 132, 172, 212, 252, 251, 291, 292, 293, 253, 213, 173, 174, 214, 254, 294, 295, 255, 215, 216, 256, 296, 297, 257, 217, 177, 176, 175, 135, 136, 96, 95, 55, 17], [0, 15, 56, 57, 58, 98, 97, 137, 138, 139, 140, 141, 142, 143, 144, 104, 103, 102, 63, 62, 61, 60, 59, 18, 19, 20, 21, 22, 23, 24, 25, 26, 27, 28, 29], [0, 74, 75, 76, 77, 78, 79, 80, 41, 82, 83, 84, 124, 123, 163, 164, 165, 166, 127, 126, 125, 85, 86, 87, 47, 46, 4, 3, 2, 1, 40, 39, 38], [0, 31, 71, 111, 112, 113, 154, 153, 152, 192, 193, 194, 234, 233, 273, 313, 314, 274, 275, 315, 276, 316, 317, 277, 237, 236, 235, 195, 196, 155, 156, 157, 117, 116, 115, 114, 73, 72, 32], [0, 33, 34, 35, 36, 37, 119, 118, 158, 197, 198, 238, 278, 318, 319, 279, 239, 199, 159, 160, 120, 43, 44, 45, 5, 6, 7, 8, 9, 11, 12, 13, 14], [0, 49, 50, 90, 89, 129, 130, 170, 169, 209, 208, 248, 288, 249, 289, 290, 250, 210, 211, 171, 131, 91, 92, 93, 53, 52, 51, 10], [0, 42, 81, 121, 122, 162, 161, 200, 240, 280, 320, 281, 241, 201, 202, 242, 282, 283, 284, 244, 243, 203, 204, 205, 245, 285, 286, 287, 247, 246, 206, 207, 167, 168, 128, 88, 48], [0, 69, 109, 149, 189, 190, 230, 229, 269, 309, 310, 270, 271, 311, 312, 272, 232, 231, 191, 151, 150, 110, 70, 30], [0, 67, 66, 106, 146, 186, 226, 225, 265, 305, 306, 266, 267, 307, 308, 268, 228, 227, 187, 188, 148, 147, 107, 108, 68]]

res = 8646.826
res_int = 8660
solution = [[0, 16, 54, 94, 134, 133, 132, 172, 212, 252, 251, 291, 292, 293, 253, 213, 173, 174, 214, 254, 294, 295, 255, 215, 216, 256, 296, 297, 257, 217, 177, 176, 175, 135, 136, 96, 95, 55, 17], [0, 15, 56, 57, 58, 98, 97, 137, 138, 139, 140, 141, 142, 143, 144, 104, 103, 102, 63, 62, 61, 60, 59, 18, 19, 20, 21, 22, 23, 24, 25, 26, 27, 28, 29], [0, 45, 46, 87, 88, 89, 128, 129, 130, 170, 169, 168, 167, 207, 247, 287, 288, 248, 208, 209, 249, 289, 290, 250, 210, 211, 171, 131, 90, 91, 92, 93, 53, 14, 13], [0, 101, 100, 99, 179, 178, 218, 258, 298, 259, 299, 300, 260, 220, 219, 180, 181, 221, 261, 301, 302, 262, 263, 303, 304, 264, 224, 223, 222, 182, 183, 184, 185, 145, 105, 64], [0, 2, 1, 40, 39, 78, 118, 158, 198, 238, 278, 277, 276, 275, 315, 316, 317, 318, 319, 279, 239, 199, 159, 160, 119, 120, 81, 82, 43, 3, 4], [0, 67, 68, 69, 70, 109, 108, 107, 147, 148, 149, 189, 188, 187, 227, 228, 268, 308, 307, 267, 266, 306, 305, 265, 225, 226, 186, 146, 106, 66, 65], [0, 121, 122, 162, 161, 200, 240, 280, 320, 281, 241, 201, 202, 242, 282, 283, 243, 284, 244, 245, 285, 286, 246, 206, 205, 165, 166, 126, 127, 86, 85, 84, 44], [0, 38, 79, 80, 41, 42, 83, 123, 163, 203, 204, 164, 124, 125, 47, 48, 49, 50, 51, 52, 12, 11, 10, 9, 8, 7, 6, 5], [0, 35, 34, 74, 75, 115, 114, 154, 155, 156, 196, 195, 194, 193, 233, 232, 231, 191, 192, 152, 153, 113, 112, 72, 73, 33], [0, 36, 37, 77, 76, 116, 117, 157, 197, 237, 236, 235, 234, 274, 314, 313, 273, 272, 312, 311, 271, 270, 310, 309, 269, 229, 230, 190, 150, 151, 111, 110, 71, 30, 31, 32]]

res = 8658.44
res_int = 8673
solution = [[0, 101, 100, 99, 179, 178, 218, 258, 298, 259, 299, 300, 260, 220, 219, 180, 181, 221, 261, 301, 302, 262, 263, 303, 304, 264, 224, 223, 222, 182, 183, 184, 185, 145, 105, 64], [0, 16, 54, 94, 134, 133, 132, 172, 212, 252, 251, 291, 292, 293, 253, 213, 173, 174, 214, 254, 294, 295, 255, 215, 216, 256, 296, 297, 257, 217, 177, 176, 175, 135, 136, 96, 95, 55, 17], [0, 15, 56, 57, 58, 98, 97, 137, 138, 139, 140, 141, 142, 143, 144, 104, 103, 102, 63, 62, 61, 60, 59, 18, 19, 20, 21, 22, 23, 24, 25, 26, 27, 28, 29], [0, 48, 49, 50, 90, 89, 88, 128, 129, 130, 170, 169, 168, 167, 207, 247, 287, 288, 248, 208, 209, 249, 289, 290, 250, 210, 211, 171, 131, 91, 92, 93, 53, 52, 51, 11], [0, 14, 13, 12, 10, 9, 8, 7, 6, 5, 4, 3, 2, 1, 40, 79, 80, 41, 42, 43, 84, 124, 164, 203, 242, 282, 283, 284, 245, 285, 286, 246, 206, 127, 87], [0, 47, 46, 45, 86, 85, 125, 126, 166, 165, 205, 204, 244, 243, 202, 201, 241, 281, 320, 280, 240, 200, 161, 162, 163, 123, 122, 121, 160, 159, 118, 119, 120, 81, 82, 83, 44], [0, 39, 38, 37, 35, 34, 33, 32, 31, 30, 68, 67, 66, 65], [0, 78, 77, 117, 116, 156, 157, 158, 199, 239, 279, 319, 318, 278, 277, 317, 316, 276, 236, 237, 238, 198, 197, 196, 195, 194, 234, 233, 193, 153, 154, 114, 113, 73, 74, 36], [0, 76, 75, 115, 155, 235, 275, 315, 274, 314, 313, 273, 272, 312, 311, 271, 270, 310, 309, 269, 229, 230, 231, 232, 192, 152, 112, 111, 71, 72], [0, 106, 107, 147, 146, 186, 226, 225, 265, 305, 306, 266, 267, 307, 308, 268, 228, 227, 187, 188, 189, 190, 191, 151, 150, 149, 148, 108, 109, 110, 70, 69]]

Mean = 8627.733926651617
Execution = 12573.869381189346

Instance : Golden_03.xml
Time = 804.7886621952057

res = 11205.5
res_int = 11213
solution = [[0, 30, 31, 32, 33, 34, 35, 36, 37, 38, 39, 40, 1, 2], [0, 42, 81, 120, 119, 118, 158, 157, 197, 198, 238, 239, 279, 319, 359, 399, 400, 360, 320, 280, 240, 201, 241, 281, 321, 361, 362, 322, 282, 242, 202, 162, 161, 200, 199, 159, 160, 121, 122, 82, 43, 44], [0, 25, 26, 27, 28, 29, 70, 69, 68, 67, 147, 187, 227, 228, 268, 308, 348, 388, 387, 347, 307, 267, 266, 306, 346, 386, 385, 345, 305, 265, 225, 226, 186, 185, 184, 183, 143, 144, 145, 146, 66, 65, 64, 23, 22], [0, 45, 85, 86, 87, 127, 126, 125, 165, 166, 206, 246, 286, 326, 366, 365, 325, 285, 245, 244, 284, 324, 364, 363, 323, 283, 243, 203, 204, 205, 164, 163, 123, 124, 84, 83, 41, 80, 79, 78], [0, 16, 17, 57, 56, 55, 54, 94, 95, 96, 97, 136, 177, 178, 218, 217, 257, 297, 337, 377, 378, 338, 298, 258, 259, 299, 339, 379, 380, 340, 300, 260, 220, 219, 179, 180, 141, 101, 100, 99, 98, 58, 59, 60, 19, 18], [0, 24, 63, 103, 102, 142, 182, 222, 223, 224, 264, 304, 344, 384, 383, 343, 303, 263, 262, 302, 342, 382, 381, 341, 301, 261, 221, 181, 140, 139, 138, 137, 176, 216, 215, 175, 135, 134, 93, 51, 50, 9], [0, 8, 48, 89, 129, 169, 170, 210, 211, 251, 252, 292, 332, 372, 371, 331, 291, 250, 290, 330, 370, 369, 329, 289, 249, 209, 208, 248, 288, 328, 368, 367, 327, 287, 247, 207, 167, 168, 128, 88, 47, 46], [0, 3, 4, 5, 6, 7, 49, 90, 91, 130, 131, 171, 172, 212, 213, 253, 293, 333, 373, 374, 334, 294, 295, 335, 375, 376, 336, 296, 256, 255, 254, 214, 174, 173, 133, 132, 92, 52, 53, 15, 14, 13, 12, 11, 10], [0, 73, 72, 71, 111, 110, 150, 151, 191, 192, 193, 233, 273, 313, 353, 393, 392, 352, 312, 272, 232, 231, 271, 270, 310, 350, 311, 351, 391, 390, 389, 349, 309, 269, 229, 230, 190, 189, 188, 148, 149, 109, 108, 107, 106, 105, 104, 62, 61, 21, 20], [0, 76, 75, 74, 114, 113, 112, 152, 153, 154, 194, 234, 235, 236, 276, 315, 275, 274, 314, 354, 394, 395, 355, 396, 356, 316, 317, 357, 397, 398, 358, 318, 278, 277, 237, 196, 195, 155, 156, 115, 116, 117, 77]]

res = 11234.648
res_int = 11243
solution = [[0, 24, 23, 22, 21, 61, 101, 141, 180, 179, 178, 177, 217, 218, 219, 220, 260, 300, 340, 380, 379, 339, 299, 259, 258, 298, 338, 378, 377, 337, 297, 257, 216, 215, 175, 176, 136, 96, 57, 58, 17], [0, 15, 16, 56, 55, 54, 94, 95, 135, 134, 174, 214, 254, 255, 256, 296, 336, 376, 375, 335, 295, 294, 334, 374, 373, 333, 293, 253, 213, 212, 171, 172, 173, 133, 132, 131, 130, 91, 92, 93, 53, 52, 12, 13, 14], [0, 18, 19, 59, 60, 100, 99, 98, 97, 137, 138, 139, 140, 181, 221, 261, 301, 341, 381, 382, 342, 302, 262, 263, 303, 343, 383, 384, 344, 304, 264, 224, 223, 222, 182, 142, 102, 103, 63, 62, 20], [0, 28, 29, 30, 31, 32, 33, 34, 35, 36, 37, 38, 39, 40, 1, 41, 42, 43, 2], [0, 3, 4, 44, 84, 83, 123, 124, 164, 163, 203, 243, 283, 323, 363, 364, 324, 284, 244, 204, 205, 245, 285, 325, 365, 366, 326, 286, 246, 206, 167, 166, 165, 125, 126, 127, 87, 86, 85, 45, 46, 47, 6, 5], [0, 9, 10, 11, 51, 50, 90, 89, 129, 169, 170, 210, 211, 251, 252, 292, 332, 372, 371, 331, 291, 250, 290, 330, 370, 369, 329, 289, 249, 209, 208, 248, 288, 328, 368, 367, 327, 287, 247, 207, 168, 128, 88, 48, 49, 8, 7], [0, 78, 79, 80, 119, 120, 81, 82, 122, 121, 160, 159, 199, 200, 161, 162, 202, 242, 282, 322, 362, 361, 321, 281, 241, 201, 240, 280, 320, 360, 400, 399, 359, 319, 279, 239, 238, 198, 158, 157, 118, 117, 116, 76, 77], [0, 73, 72, 71, 108, 107, 106, 105, 146, 147, 187, 227, 228, 268, 269, 309, 308, 348, 388, 387, 347, 307, 267, 266, 306, 346, 386, 385, 345, 305, 265, 225, 226, 186, 185, 184, 183, 143, 144, 145, 104, 64, 65, 66, 25, 26, 27], [0, 67, 68, 69, 70, 109, 149, 148, 188, 189, 190, 229, 230, 270, 310, 350, 349, 389, 390, 391, 351, 311, 271, 231, 232, 233, 193, 192, 191, 151, 150, 110, 111, 112, 113, 114, 74], [0, 152, 153, 154, 155, 195, 194, 234, 235, 236, 276, 315, 275, 274, 273, 272, 312, 352, 392, 393, 353, 313, 314, 354, 394, 395, 355, 396, 356, 316, 317, 357, 397, 398, 358, 318, 278, 277, 237, 197, 196, 156, 115, 75]]

res = 11234.955
res_int = 11242
solution = [[0, 49, 50, 90, 89, 129, 169, 170, 210, 211, 251, 252, 292, 332, 372, 371, 331, 291, 250, 290, 330, 370, 369, 329, 289, 249, 209, 208, 248, 288, 328, 368, 367, 327, 287, 247, 207, 167, 168, 128, 88, 48], [0, 29, 30, 31, 32, 33, 34, 35, 37, 38, 39, 40, 1, 2, 3, 4], [0, 75, 115, 114, 113, 112, 152, 153, 154, 194, 234, 235, 236, 276, 275, 315, 314, 274, 273, 272, 312, 313, 353, 393, 394, 354, 355, 395, 396, 356, 316, 317, 357, 397, 398, 358, 318, 278, 277, 237, 196, 195, 155, 156, 116, 117, 77, 76, 36], [0, 74, 73, 72, 71, 111, 110, 150, 151, 191, 192, 193, 233, 232, 231, 271, 311, 351, 352, 392, 391, 390, 350, 389, 349, 309, 310, 270, 269, 229, 230, 190, 189, 188, 148, 149, 109, 108, 67, 27], [0, 23, 24, 25, 26, 66, 65, 64, 104, 144, 143, 183, 184, 185, 186, 226, 225, 265, 305, 345, 385, 386, 346, 306, 266, 267, 307, 347, 387, 388, 348, 308, 268, 228, 227, 187, 147, 146, 145, 105, 106, 107, 68, 69, 70, 28], [0, 78, 79, 80, 41, 83, 84, 124, 123, 163, 164, 204, 203, 243, 283, 323, 363, 364, 324, 284, 244, 245, 285, 325, 365, 366, 326, 286, 246, 206, 205, 165, 166, 125, 126, 127, 87, 86, 85, 45, 46, 47, 7], [0, 42, 81, 120, 119, 118, 158, 157, 197, 198, 238, 239, 279, 319, 359, 399, 400, 360, 320, 280, 240, 201, 241, 281, 321, 361, 362, 322, 282, 242, 202, 162, 161, 200, 199, 159, 160, 121, 122, 82, 43, 44, 6, 5], [0, 20, 21, 62, 63, 103, 102, 142, 182, 222, 223, 224, 264, 304, 344, 384, 383, 343, 303, 263, 262, 302, 342, 382, 381, 341, 301, 261, 221, 181, 140, 139, 138, 137, 58, 59, 60, 19, 18, 17, 16, 15, 14], [0, 100, 99, 98, 97, 57, 56, 55, 54, 95, 96, 135, 134, 174, 214, 254, 255, 256, 296, 336, 376, 375, 335, 295, 294, 334, 374, 373, 333, 293, 253, 213, 212, 171, 172, 173, 133, 132, 131, 130, 91, 92, 93, 53, 52, 51], [0, 22, 61, 101, 141, 180, 179, 178, 177, 218, 219, 220, 260, 300, 340, 380, 379, 339, 299, 259, 258, 298, 338, 378, 377, 337, 297, 257, 217, 216, 215, 175, 176, 136, 94, 13, 12, 11, 10, 9, 8]]

res = 11274.567
res_int = 11281
solution = [[0, 77, 116, 156, 155, 195, 196, 197, 237, 277, 278, 318, 358, 398, 397, 357, 317, 316, 356, 396, 355, 395, 394, 354, 353, 393, 392, 352, 312, 272, 273, 313, 314, 274, 275, 315, 276, 236, 235, 234, 194, 154, 153, 112, 113, 114, 115, 76, 75], [0, 10, 9, 49, 50, 51, 90, 89, 129, 169, 170, 210, 211, 251, 252, 292, 332, 372, 371, 331, 291, 250, 290, 330, 370, 369, 329, 289, 249, 209, 208, 248, 288, 328, 368, 367, 327, 287, 247, 207, 167, 168, 128, 88, 48, 8], [0, 6, 5, 4, 44, 84, 124, 123, 163, 164, 204, 203, 243, 283, 323, 363, 364, 324, 284, 244, 205, 245, 285, 325, 365, 366, 326, 286, 246, 206, 166, 165, 125, 126, 127, 87, 86, 85, 45, 46, 47, 7], [0, 78, 79, 119, 118, 117, 157, 158, 198, 238, 239, 279, 319, 359, 399, 400, 360, 320, 280, 240, 201, 241, 281, 321, 361, 362, 322, 282, 242, 202, 162, 161, 200, 199, 159, 160, 121, 122, 83, 43, 2], [0, 32, 33, 34, 35, 36, 37, 38, 39, 40, 1, 41, 80, 120, 81, 82, 42, 3], [0, 30, 31, 71, 111, 110, 150, 151, 152, 192, 193, 233, 232, 231, 271, 311, 351, 391, 390, 350, 389, 349, 309, 310, 270, 230, 191, 190, 189, 188, 148, 149, 109, 108, 107, 29, 28], [0, 74, 73, 72, 70, 69, 68, 67, 66, 105, 106, 146, 147, 187, 227, 228, 229, 269, 268, 308, 348, 388, 387, 347, 307, 267, 266, 306, 346, 386, 385, 345, 305, 265, 225, 226, 186, 185, 184, 183, 143, 144, 145, 104, 64, 65], [0, 55, 56, 57, 58, 98, 97, 96, 95, 94, 93, 134, 135, 174, 214, 254, 255, 256, 296, 336, 376, 375, 335, 295, 294, 334, 374, 373, 333, 293, 253, 213, 212, 171, 172, 173, 133, 132, 131, 130, 91, 92, 54, 53, 52], [0, 27, 26, 25, 24, 23, 22, 62, 63, 103, 102, 142, 182, 222, 223, 224, 264, 304, 344, 384, 383, 343, 303, 263, 262, 302, 342, 382, 381, 341, 301, 261, 221, 181, 141, 101, 60, 59, 17], [0, 18, 19, 20, 21, 61, 100, 140, 180, 179, 178, 177, 217, 218, 219, 220, 260, 300, 340, 380, 379, 339, 299, 259, 258, 298, 338, 378, 377, 337, 297, 257, 216, 215, 175, 176, 136, 137, 138, 139, 99, 16, 15, 14, 13, 11, 12]]

res = 11301.475
res_int = 11310
solution = [[0, 31, 32, 33, 34, 35, 36, 37, 38, 39, 40, 1, 2], [0, 115, 114, 113, 112, 152, 153, 154, 194, 234, 235, 236, 276, 275, 315, 314, 274, 273, 272, 312, 352, 392, 393, 353, 313, 354, 394, 395, 355, 396, 356, 316, 317, 357, 397, 398, 358, 318, 278, 277, 237, 196, 195, 155, 156, 116, 117, 77], [0, 28, 29, 30, 70, 69, 68, 147, 187, 227, 228, 268, 308, 348, 388, 387, 347, 307, 267, 266, 306, 346, 386, 385, 345, 305, 265, 225, 226, 186, 185, 184, 183, 143, 144, 145, 146, 66, 67, 26, 25, 24, 23, 22], [0, 76, 75, 74, 73, 72, 71, 111, 110, 150, 151, 191, 192, 193, 233, 232, 231, 271, 270, 310, 311, 351, 391, 390, 350, 389, 349, 309, 269, 229, 230, 190, 189, 188, 148, 149, 109, 108, 107, 106, 105, 104, 64, 65, 27], [0, 43, 42, 82, 122, 121, 160, 159, 199, 200, 161, 162, 202, 242, 282, 322, 362, 361, 321, 281, 241, 201, 240, 280, 320, 360, 400, 399, 359, 319, 279, 239, 238, 198, 197, 157, 158, 118, 119, 120, 81, 41], [0, 62, 63, 103, 102, 142, 182, 222, 223, 224, 264, 304, 344, 384, 383, 343, 303, 263, 262, 302, 342, 382, 381, 341, 301, 261, 221, 181, 140, 139, 138, 137, 136, 176, 216, 215, 175, 134, 94, 51, 50, 49, 48], [0, 10, 90, 89, 129, 169, 170, 210, 211, 251, 252, 292, 332, 372, 371, 331, 291, 250, 290, 330, 370, 369, 329, 289, 249, 209, 208, 248, 288, 328, 368, 367, 327, 287, 247, 207, 167, 168, 128, 88, 47, 46], [0, 44, 45, 85, 86, 87, 127, 126, 125, 165, 166, 206, 246, 286, 326, 366, 365, 325, 285, 245, 205, 244, 284, 324, 364, 363, 323, 283, 243, 203, 204, 164, 163, 123, 124, 84, 83, 80, 79, 78], [0, 18, 19, 20, 21, 61, 60, 59, 58, 98, 99, 100, 101, 141, 180, 179, 178, 218, 219, 220, 260, 300, 340, 380, 379, 339, 299, 259, 258, 298, 338, 378, 377, 337, 297, 257, 217, 177, 97, 96, 57, 56, 55, 54, 12, 11], [0, 3, 4, 5, 6, 7, 8, 9, 13, 14, 15, 16, 17, 53, 52, 93, 92, 91, 130, 131, 132, 133, 173, 172, 171, 212, 213, 253, 293, 333, 373, 374, 334, 294, 295, 335, 375, 376, 336, 296, 256, 255, 254, 214, 174, 135, 95]]

res = 11302.61
res_int = 11309
solution = [[0, 2, 1, 40, 39, 38, 37, 36, 35, 34, 106, 105, 145, 146, 147, 187, 227, 228, 268, 308, 348, 388, 387, 347, 307, 267, 266, 306, 346, 386, 385, 345, 305, 265, 225, 226, 186, 185, 184, 183, 143, 144, 104, 64, 23], [0, 74, 73, 72, 71, 111, 110, 150, 151, 152, 192, 193, 233, 232, 231, 270, 271, 311, 351, 391, 390, 389, 349, 350, 310, 309, 269, 229, 230, 191, 190, 189, 188, 148, 149, 109, 108, 107, 65, 66, 67, 68, 69, 70, 30], [0, 76, 75, 115, 114, 113, 112, 153, 154, 194, 234, 235, 236, 276, 275, 315, 314, 274, 273, 272, 312, 352, 392, 393, 353, 313, 354, 394, 395, 355, 396, 356, 316, 317, 357, 397, 398, 358, 318, 278, 277, 237, 196, 195, 155, 156, 116, 77], [0, 28, 27, 26, 25, 24, 58, 59, 60, 61, 62, 63, 103, 102, 142, 182, 222, 223, 224, 264, 304, 344, 384, 383, 343, 303, 263, 262, 302, 342, 382, 381, 341, 301, 261, 221, 181, 140, 139, 100, 99, 98, 97, 57, 17], [0, 18, 19, 20, 21, 22, 101, 141, 180, 179, 178, 218, 219, 220, 260, 300, 340, 380, 379, 339, 299, 259, 258, 298, 338, 378, 377, 337, 297, 257, 217, 216, 215, 175, 176, 177, 138, 137, 136, 96, 56, 55, 16, 15, 14, 13], [0, 9, 49, 50, 51, 52, 53, 93, 92, 91, 130, 131, 171, 172, 173, 212, 213, 253, 293, 333, 373, 374, 334, 294, 254, 295, 335, 375, 376, 336, 296, 256, 255, 214, 174, 135, 134, 133, 132, 94, 95, 54, 12, 11, 10], [0, 29, 31, 32, 33, 3, 4, 5, 47, 88, 128, 168, 167, 207, 247, 287, 327, 367, 368, 328, 288, 248, 208, 209, 249, 289, 329, 369, 370, 330, 290, 250, 291, 331, 371, 372, 332, 292, 252, 251, 211, 210, 170, 169, 129, 90, 89, 48, 8], [0, 7, 46, 45, 85, 86, 87, 127, 126, 125, 165, 166, 206, 246, 286, 326, 366, 365, 325, 285, 245, 205, 244, 284, 324, 364, 363, 323, 283, 243, 203, 204, 164, 163, 123, 124, 84, 83, 42, 43, 44, 6], [0, 79, 78, 118, 117, 157, 197, 198, 238, 239, 199, 158, 159, 160, 200, 240, 201, 241, 280, 279, 319, 359, 399, 400, 360, 320, 281, 321, 361, 362, 322, 282, 242, 202, 162, 161, 121, 122, 82, 81, 120, 119, 80, 41]]

res = 11302.816
res_int = 11312
solution = [[0, 30, 31, 32, 33, 34, 35, 36, 37, 38, 39, 40, 1, 2], [0, 76, 75, 115, 114, 113, 112, 152, 153, 154, 194, 195, 235, 236, 276, 275, 315, 314, 274, 273, 272, 312, 352, 392, 393, 353, 313, 354, 394, 395, 355, 396, 356, 316, 317, 357, 397, 398, 358, 318, 278, 277, 237, 196, 156, 155, 116, 117, 77], [0, 25, 26, 27, 28, 29, 70, 69, 68, 67, 107, 108, 109, 110, 149, 150, 190, 189, 229, 230, 270, 269, 309, 310, 350, 390, 391, 351, 311, 271, 231, 232, 233, 234, 193, 192, 191, 151, 111, 71, 72, 73, 74], [0, 60, 59, 58, 98, 99, 100, 101, 140, 141, 181, 220, 260, 300, 340, 380, 379, 339, 299, 259, 219, 218, 258, 298, 338, 378, 377, 337, 297, 257, 217, 177, 176, 216, 215, 175, 135, 134, 94, 95, 57, 56, 55], [0, 88, 128, 168, 167, 207, 247, 287, 327, 367, 368, 328, 288, 248, 208, 209, 249, 289, 329, 369, 370, 330, 290, 250, 251, 291, 331, 371, 372, 332, 292, 252, 211, 210, 170, 169, 129, 89, 50], [0, 20, 19, 18, 17, 16, 15, 14, 13, 12, 11, 10, 51, 93, 92, 91, 90, 130, 131, 132, 133, 173, 172, 171, 212, 213, 253, 293, 333, 373, 374, 334, 294, 295, 335, 375, 376, 336, 296, 256, 255, 254, 214, 174], [0, 21, 63, 102, 142, 182, 222, 223, 224, 264, 304, 344, 384, 383, 343, 303, 263, 262, 302, 342, 382, 381, 341, 301, 261, 221, 180, 179, 178, 139, 138, 137, 136, 97, 96, 54, 53, 52, 49, 48, 9, 8, 7, 6, 5], [0, 22, 61, 62, 103, 104, 144, 143, 183, 184, 185, 186, 226, 225, 265, 305, 345, 385, 386, 346, 306, 266, 267, 307, 347, 387, 388, 389, 349, 348, 308, 268, 228, 227, 187, 188, 148, 147, 146, 145, 105, 106, 66, 65, 64, 24, 23], [0, 47, 46, 45, 85, 86, 87, 127, 126, 166, 206, 246, 286, 326, 366, 365, 325, 285, 245, 244, 284, 324, 364, 363, 323, 283, 243, 203, 204, 205, 165, 164, 163, 123, 124, 125, 84, 83, 122, 121, 81, 82], [0, 79, 78, 118, 158, 157, 197, 198, 238, 239, 279, 319, 359, 399, 400, 360, 320, 280, 240, 201, 241, 281, 321, 361, 362, 322, 282, 242, 202, 162, 161, 200, 199, 159, 160, 120, 119, 80, 41, 42, 43, 44, 4, 3]]

res = 11323.729
res_int = 11330
solution = [[0, 17, 18, 19, 20, 21, 60, 59, 139, 140, 181, 221, 261, 301, 341, 381, 382, 342, 302, 262, 263, 303, 343, 383, 384, 344, 304, 264, 224, 223, 222, 182, 142, 102, 103, 63, 62, 22, 23, 24, 25, 26, 27], [0, 61, 101, 141, 180, 179, 178, 177, 218, 219, 220, 260, 300, 340, 380, 379, 339, 299, 259, 258, 298, 338, 378, 377, 337, 297, 257, 217, 216, 215, 175, 176, 136, 137, 138, 58, 57, 15, 14, 13, 11, 10, 51, 50, 49, 9, 8], [0, 12, 52, 53, 93, 92, 91, 130, 131, 132, 133, 173, 172, 171, 212, 213, 253, 293, 333, 373, 374, 334, 294, 295, 335, 375, 376, 336, 296, 256, 255, 254, 214, 174, 134, 135, 95, 94, 54, 55, 56, 96, 97, 98, 99, 100, 16], [0, 1, 40, 39, 38, 37, 36, 35, 33, 32, 31, 30, 29, 28, 65, 64, 104, 145, 144, 143, 183, 184, 185, 186, 226, 225, 265, 305, 345, 385, 386, 346, 306, 266, 267, 307, 347, 387, 348, 388, 389, 349, 309, 269, 308, 268, 228, 227, 187, 146, 105], [0, 66, 106, 147, 148, 149, 188, 189, 190, 229, 230, 270, 310, 350, 390, 391, 351, 311, 271, 231, 232, 233, 193, 192, 191, 151, 150, 111, 110, 109, 108, 107, 67, 68, 69, 70, 71, 72, 73, 74, 34], [0, 76, 117, 116, 156, 155, 195, 196, 237, 277, 278, 318, 358, 398, 397, 357, 317, 316, 356, 396, 395, 355, 354, 394, 393, 392, 352, 353, 313, 312, 272, 273, 274, 314, 315, 275, 276, 236, 235, 234, 194, 154, 153, 152, 112, 113, 114, 115, 75], [0, 118, 119, 120, 160, 161, 200, 199, 159, 158, 157, 197, 198, 238, 239, 279, 319, 359, 399, 400, 360, 320, 280, 240, 201, 241, 281, 321, 361, 362, 322, 282, 242, 202, 162, 122, 121, 81, 82, 83, 44, 6, 7], [0, 2, 3, 4, 5, 46, 47, 48, 88, 128, 168, 167, 207, 247, 287, 327, 367, 368, 328, 288, 248, 208, 209, 249, 289, 329, 369, 370, 330, 290, 250, 291, 331, 371, 372, 332, 292, 252, 251, 211, 210, 170, 169, 129, 89, 90], [0, 45, 85, 86, 87, 127, 126, 125, 165, 166, 206, 246, 286, 326, 366, 365, 325, 285, 245, 205, 244, 284, 324, 364, 363, 323, 283, 243, 203, 204, 164, 163, 123, 124, 84, 43, 42, 41, 80, 79, 78, 77]]

res = 11338.63
res_int = 11345
solution = [[0, 63, 103, 102, 101, 100, 140, 141, 142, 182, 222, 223, 224, 264, 304, 344, 384, 383, 343, 303, 263, 262, 302, 342, 382, 381, 341, 301, 261, 221, 181, 180, 179, 178, 138, 139], [0, 23, 24, 25, 26, 27, 28, 30, 31, 32, 33, 34, 35, 37, 38, 39, 40, 1, 2, 3, 4, 5, 6, 7, 8], [0, 57, 58, 59, 60, 99, 98, 97, 137, 177, 217, 218, 219, 220, 260, 300, 340, 380, 379, 339, 299, 259, 258, 298, 338, 378, 377, 337, 297, 257, 216, 215, 175, 176, 136, 135, 134, 94, 95, 96, 56, 55, 54], [0, 36, 76, 75, 74, 73, 72, 71, 70, 68, 67, 66, 65, 104, 145, 144, 143, 183, 184, 185, 186, 226, 225, 265, 305, 345, 385, 386, 346, 306, 266, 267, 307, 347, 387, 388, 348, 308, 309, 269, 268, 228, 227, 187, 188, 148, 108, 107], [0, 22, 21, 20, 19, 18, 17, 16, 15, 14, 13, 12, 11, 10, 51, 52, 53, 93, 92, 91, 130, 131, 132, 133, 173, 172, 171, 212, 213, 253, 293, 333, 373, 374, 334, 294, 295, 335, 375, 376, 336, 296, 256, 255, 254, 214, 174], [0, 9, 49, 50, 90, 89, 129, 169, 170, 210, 211, 251, 252, 292, 332, 372, 371, 331, 291, 250, 290, 330, 370, 369, 329, 289, 249, 209, 208, 248, 288, 328, 368, 367, 327, 287, 247, 207, 167, 168, 128, 88, 48], [0, 47, 46, 45, 85, 86, 87, 127, 126, 125, 165, 166, 206, 246, 286, 326, 366, 365, 325, 285, 245, 205, 244, 284, 324, 364, 363, 323, 283, 243, 203, 204, 164, 163, 123, 124, 84, 83, 81, 120, 119, 118], [0, 61, 62, 64, 105, 106, 146, 147, 149, 190, 189, 229, 230, 270, 310, 350, 349, 389, 390, 391, 351, 311, 271, 231, 232, 233, 193, 192, 191, 151, 150, 111, 110, 109, 69, 29], [0, 113, 114, 115, 156, 157, 158, 197, 198, 238, 239, 279, 319, 359, 399, 400, 360, 320, 280, 240, 201, 241, 281, 321, 361, 362, 322, 282, 242, 202, 162, 161, 200, 199, 159, 160, 121, 122, 82, 42, 43, 44], [0, 112, 152, 153, 154, 194, 234, 235, 236, 276, 275, 315, 314, 274, 273, 272, 312, 352, 392, 393, 353, 313, 354, 394, 395, 355, 396, 356, 316, 317, 357, 397, 398, 358, 318, 278, 277, 237, 196, 195, 155, 116, 117, 77, 78, 79, 80, 41]]

res = 11347.279
res_int = 11353
solution = [[0, 49, 50, 90, 89, 129, 169, 170, 210, 211, 251, 252, 292, 332, 372, 371, 331, 291, 250, 290, 330, 370, 369, 329, 289, 249, 209, 208, 248, 288, 328, 368, 367, 327, 287, 247, 207, 167, 168, 128, 88, 48], [0, 45, 85, 84, 124, 123, 163, 164, 204, 203, 243, 283, 323, 363, 364, 324, 284, 244, 205, 245, 285, 325, 365, 366, 326, 286, 246, 206, 166, 165, 125, 126, 127, 87, 86, 46, 47], [0, 77, 116, 156, 155, 195, 196, 197, 237, 277, 278, 318, 358, 398, 397, 357, 317, 316, 356, 396, 395, 355, 354, 394, 393, 353, 313, 312, 272, 273, 274, 314, 315, 275, 276, 236, 235, 234, 194, 154, 153, 152, 112, 113, 114, 115, 76, 75], [0, 118, 117, 157, 158, 198, 238, 239, 279, 319, 359, 399, 400, 360, 320, 280, 240, 201, 241, 281, 321, 361, 362, 322, 282, 242, 202, 162, 161, 200, 199, 159, 160, 121, 122, 81, 41, 42, 43, 3, 4, 5], [0, 30, 31, 32, 33, 34, 35, 36, 37, 38, 39, 40, 1, 2, 80, 79, 78, 119, 120, 82, 83, 44, 6, 7], [0, 74, 73, 72, 71, 70, 111, 110, 150, 151, 191, 192, 193, 233, 232, 231, 271, 311, 352, 392, 391, 351, 350, 390, 389, 349, 309, 310, 270, 269, 229, 230, 190, 189, 149, 109, 108, 107, 68, 69, 29, 28], [0, 26, 25, 24, 23, 21, 20, 19, 61, 60, 98, 97, 96, 135, 174, 214, 254, 255, 256, 296, 336, 376, 375, 335, 295, 294, 334, 374, 373, 333, 293, 253, 213, 212, 171, 172, 173, 133, 132, 131, 130, 91, 92, 53, 52, 51, 11], [0, 18, 17, 16, 15, 56, 57, 58, 59, 100, 99, 179, 178, 218, 219, 220, 260, 300, 340, 380, 379, 339, 299, 259, 258, 298, 338, 378, 377, 337, 297, 257, 217, 177, 136, 95, 94, 55, 14, 13, 12, 10, 9, 8], [0, 22, 62, 63, 103, 102, 101, 142, 182, 222, 223, 224, 264, 304, 344, 384, 383, 343, 303, 263, 262, 302, 342, 382, 381, 341, 301, 261, 221, 181, 180, 141, 140, 139, 138, 137, 176, 216, 215, 175, 134, 93, 54], [0, 64, 104, 144, 143, 183, 184, 185, 186, 226, 225, 265, 305, 345, 385, 386, 346, 306, 266, 267, 307, 347, 387, 388, 348, 308, 268, 228, 227, 187, 188, 148, 147, 146, 145, 105, 106, 65, 66, 67, 27]]

Mean = 11286.621000407342
Execution = 10414.41822886467

Instance : Golden_04.xml
Time = 852.4874258041382

res = 13796.345
res_int = 13793
solution = [[0, 22, 21, 61, 101, 141, 142, 182, 181, 221, 261, 301, 341, 381, 421, 461, 462, 422, 382, 342, 302, 262, 222, 223, 263, 303, 343, 383, 423, 463, 464, 424, 384, 344, 304, 264, 224, 184, 183, 143, 144, 104, 103, 102, 62, 63, 64, 23, 24], [0, 20, 19, 59, 60, 100, 99, 98, 138, 139, 140, 180, 179, 219, 220, 260, 300, 340, 380, 420, 460, 459, 419, 379, 339, 299, 259, 258, 298, 338, 378, 418, 458, 457, 417, 377, 337, 297, 257, 217, 218, 178, 177, 137, 97, 57, 58, 18, 17, 16], [0, 36, 76, 116, 156, 196, 195, 235, 236, 276, 316, 356, 396, 436, 476, 475, 435, 395, 355, 315, 275, 274, 314, 354, 394, 434, 474, 473, 433, 393, 353, 313, 273, 233, 234, 194, 154, 155, 115, 114, 113, 73, 74, 75, 35, 34, 33, 32], [0, 14, 13, 53, 54, 95, 94, 93, 133, 134, 174, 173, 213, 212, 252, 253, 293, 333, 373, 413, 453, 454, 414, 374, 334, 294, 254, 214, 255, 295, 335, 375, 415, 455, 456, 416, 376, 336, 296, 256, 216, 215, 175, 176, 136, 135, 96, 56, 55, 15], [0, 12, 52, 92, 91, 90, 130, 131, 132, 172, 171, 211, 251, 291, 331, 292, 332, 372, 412, 452, 451, 411, 371, 370, 410, 450, 449, 409, 369, 329, 330, 290, 250, 210, 209, 169, 170, 129, 89, 50, 51, 10, 9, 8, 7, 6, 5], [0, 37, 77, 117, 157, 158, 198, 197, 237, 277, 317, 357, 397, 437, 477, 478, 438, 398, 358, 318, 278, 238, 279, 319, 359, 399, 439, 479, 480, 440, 400, 360, 320, 280, 239, 199, 159, 119, 118, 78, 79, 80, 41, 1, 40, 39, 38], [0, 4, 44, 45, 46, 87, 86, 85, 126, 125, 165, 166, 206, 205, 245, 285, 325, 365, 405, 445, 446, 406, 366, 326, 286, 246, 287, 327, 367, 407, 447, 448, 408, 368, 328, 288, 289, 249, 248, 247, 207, 208, 168, 167, 127, 128, 88, 47, 48, 49, 11], [0, 3, 43, 83, 84, 124, 123, 122, 121, 161, 162, 163, 164, 204, 244, 284, 324, 364, 404, 444, 443, 403, 363, 323, 283, 243, 203, 202, 242, 282, 322, 362, 402, 442, 441, 401, 361, 321, 281, 241, 201, 240, 200, 160, 120, 81, 82, 42, 2], [0, 29, 69, 70, 110, 109, 149, 150, 151, 191, 190, 189, 229, 230, 231, 271, 270, 269, 309, 349, 389, 429, 469, 470, 430, 390, 350, 310, 311, 351, 391, 431, 471, 472, 432, 392, 352, 312, 272, 232, 192, 193, 153, 152, 112, 111, 71, 72, 31, 30], [0, 28, 67, 68, 108, 148, 188, 187, 186, 226, 266, 267, 227, 228, 268, 308, 348, 388, 428, 468, 467, 427, 387, 347, 307, 306, 346, 386, 426, 466, 465, 425, 385, 345, 305, 265, 225, 185, 145, 146, 147, 107, 106, 105, 65, 66, 27, 26, 25]]

res = 13809.143
res_int = 13806
solution = [[0, 22, 21, 61, 101, 141, 142, 182, 181, 221, 261, 301, 341, 381, 421, 461, 462, 422, 382, 342, 302, 262, 222, 222, 223, 263, 303, 343, 383, 423, 463, 464, 424, 384, 344, 304, 264, 224, 184, 183, 143, 144, 104, 103, 102, 62, 63, 64, 23, 24], [0, 18, 19, 59, 58, 57, 97, 137, 177, 178, 218, 217, 257, 297, 337, 377, 417, 457, 458, 418, 378, 338, 298, 258, 259, 299, 339, 379, 419, 459, 460, 420, 380, 340, 300, 260, 220, 219, 179, 180, 140, 139, 138, 98, 99, 100, 60, 20], [0, 8, 7, 6, 47, 48, 88, 128, 127, 167, 168, 208, 207, 247, 248, 288, 328, 368, 408, 448, 447, 407, 367, 327, 287, 246, 286, 326, 366, 406, 446, 445, 405, 365, 325, 285, 245, 205, 206, 166, 126, 86, 87, 46, 45, 5], [0, 25, 26, 27, 67, 66, 65, 105, 106, 107, 147, 146, 145, 185, 225, 265, 305, 345, 385, 425, 465, 466, 426, 386, 346, 306, 307, 347, 387, 427, 467, 468, 428, 388, 348, 308, 268, 228, 227, 267, 266, 226, 186, 187, 188, 148, 108, 68, 28], [0, 31, 71, 111, 112, 152, 153, 193, 192, 232, 231, 271, 272, 312, 352, 392, 432, 472, 471, 431, 391, 351, 311, 310, 350, 390, 430, 470, 469, 429, 389, 349, 309, 269, 270, 230, 229, 189, 190, 191, 151, 150, 149, 109, 110, 70, 69, 30, 29], [0, 36, 35, 75, 76, 116, 156, 196, 195, 235, 236, 276, 316, 356, 396, 436, 476, 475, 435, 395, 355, 315, 275, 274, 314, 354, 394, 434, 474, 473, 433, 393, 353, 313, 273, 233, 234, 194, 154, 155, 115, 114, 113, 74, 73, 72, 32, 33, 34], [0, 43, 42, 82, 81, 120, 119, 160, 200, 240, 201, 241, 281, 321, 361, 401, 441, 442, 402, 362, 322, 282, 242, 202, 203, 243, 283, 323, 363, 403, 443, 444, 404, 364, 324, 284, 244, 204, 163, 162, 161, 121, 122, 123, 124, 164, 165, 125, 85, 84, 83, 44], [0, 39, 38, 37, 77, 117, 157, 158, 198, 197, 237, 277, 317, 357, 397, 437, 477, 478, 438, 398, 358, 318, 278, 238, 279, 319, 359, 399, 439, 479, 480, 440, 400, 360, 320, 280, 239, 199, 159, 118, 78, 79, 80, 41, 40, 1, 2, 3, 4], [0, 9, 50, 49, 89, 129, 169, 170, 210, 209, 249, 250, 251, 291, 331, 330, 290, 289, 329, 369, 409, 449, 450, 410, 370, 371, 411, 451, 452, 412, 372, 332, 292, 252, 212, 211, 171, 172, 132, 131, 130, 90, 91, 92, 52, 51, 10, 11, 12], [0, 17, 16, 15, 55, 56, 96, 135, 136, 176, 175, 215, 216, 256, 296, 336, 376, 416, 456, 455, 415, 375, 335, 295, 255, 214, 254, 294, 334, 374, 414, 454, 453, 413, 373, 333, 293, 253, 213, 173, 174, 134, 133, 93, 94, 95, 54, 53, 14, 13]]

res = 14012.13
res_int = 14011
solution = [[0, 43, 42, 41, 120, 81, 82, 83, 84, 85, 126, 125, 124, 123, 122, 121, 161, 162, 163, 164, 204, 244, 284, 324, 364, 404, 444, 443, 403, 363, 323, 283, 243, 203, 202, 242, 282, 322, 362, 402, 442, 441, 401, 361, 321, 281, 241, 201, 240, 200, 160, 119, 77], [0, 23, 22, 21, 60, 100, 99, 98, 138, 139, 140, 180, 179, 219, 220, 260, 300, 340, 380, 420, 460, 459, 419, 379, 339, 299, 259, 258, 298, 338, 378, 418, 458, 457, 417, 377, 337, 297, 257, 217, 218, 178, 177, 137, 97, 57, 58, 59, 19], [0, 20, 61, 101, 141, 142, 182, 181, 221, 261, 301, 341, 381, 421, 461, 462, 422, 382, 342, 302, 262, 222, 223, 263, 303, 343, 383, 423, 463, 464, 424, 384, 344, 304, 264, 224, 184, 183, 143, 144, 104, 103, 102, 62, 63, 64, 24, 25, 26, 27], [0, 28, 29, 30, 117, 157, 197, 198, 238, 237, 277, 317, 357, 397, 437, 477, 478, 438, 398, 358, 318, 278, 279, 319, 359, 399, 439, 479, 480, 440, 400, 360, 320, 280, 239, 199, 159, 158, 118, 78, 79, 80, 1, 40, 39, 38, 37, 36, 35], [0, 2, 3, 5, 6, 46, 86, 87, 128, 129, 130, 131, 172, 213, 253, 293, 333, 373, 413, 453, 454, 414, 374, 334, 294, 254, 214, 215, 255, 295, 335, 375, 415, 455, 456, 416, 376, 336, 296, 256, 216, 176, 175, 135, 136, 96, 95, 56, 18], [0, 292, 332, 372, 412, 452, 451, 411, 371, 370, 410, 450, 449, 409, 369, 329, 289, 249, 248, 247, 288, 328, 368, 408, 448, 447, 407, 367, 327, 287, 286, 326, 366, 406, 446, 445, 405, 365, 325, 285, 245, 246, 206, 205, 165, 166, 127, 88, 49, 9, 8, 7], [0, 17, 16, 15, 14, 13, 12, 11, 10, 50, 51, 52, 53, 54, 55, 94, 93, 133, 134, 174, 173, 212, 252, 211, 251, 291, 331, 330, 290, 250, 210, 209, 208, 207, 167, 168, 169, 170, 171, 132, 92, 91, 90, 89, 48, 47, 45, 44, 4], [0, 66, 65, 105, 106, 146, 145, 185, 225, 265, 305, 345, 385, 425, 465, 466, 426, 386, 346, 306, 307, 347, 387, 427, 467, 468, 428, 388, 348, 308, 268, 228, 227, 267, 266, 226, 186, 187, 188, 148, 147, 107, 108, 67, 68, 69], [0, 32, 71, 111, 112, 152, 153, 193, 192, 232, 272, 312, 352, 392, 432, 472, 471, 431, 391, 351, 311, 310, 350, 390, 430, 470, 469, 429, 389, 349, 309, 269, 270, 271, 231, 230, 229, 189, 190, 191, 151, 150, 149, 109, 110, 70, 31], [0, 34, 74, 75, 76, 116, 115, 155, 156, 196, 195, 235, 236, 276, 316, 356, 396, 436, 476, 475, 435, 395, 355, 315, 275, 274, 314, 354, 394, 434, 474, 473, 433, 393, 353, 313, 273, 233, 234, 194, 154, 114, 113, 73, 72, 33]]

res = 14086.427
res_int = 14083
solution = [[0, 25, 26, 27, 28, 29, 30, 77, 117, 157, 158, 198, 197, 237, 277, 317, 357, 397, 437, 477, 478, 438, 398, 358, 318, 278, 238, 279, 319, 359, 399, 439, 479, 480, 440, 400, 360, 320, 280, 239, 199, 159, 118, 78, 79, 39, 38, 37, 36], [0, 2, 42, 41, 81, 82, 83, 84, 85, 125, 165, 124, 123, 122, 121, 161, 162, 163, 164, 204, 244, 284, 324, 364, 404, 444, 443, 403, 363, 323, 283, 243, 203, 202, 242, 282, 322, 362, 402, 442, 441, 401, 361, 321, 281, 241, 201, 240, 200, 160, 120, 119, 80, 1, 40], [0, 18, 58, 57, 97, 137, 177, 178, 218, 217, 257, 297, 337, 377, 417, 457, 458, 418, 378, 338, 298, 258, 259, 299, 339, 379, 419, 459, 460, 420, 380, 340, 300, 260, 220, 219, 179, 180, 140, 139, 138, 98, 99, 100, 60, 59, 19, 20], [0, 32, 72, 112, 152, 153, 193, 192, 232, 272, 312, 352, 392, 432, 472, 471, 431, 391, 351, 311, 310, 350, 390, 430, 470, 469, 429, 389, 349, 309, 269, 270, 271, 231, 230, 229, 189, 190, 191, 151, 150, 149, 109, 110, 111, 71, 70, 69, 31], [0, 33, 73, 113, 114, 154, 194, 234, 233, 273, 313, 353, 393, 433, 473, 474, 434, 394, 354, 314, 274, 275, 315, 355, 395, 435, 475, 476, 436, 396, 356, 316, 276, 236, 235, 195, 196, 156, 155, 115, 116, 76, 75, 74, 34, 35], [0, 17, 16, 15, 14, 13, 12, 11, 10, 51, 52, 53, 54, 94, 93, 133, 134, 174, 173, 172, 171, 211, 212, 213, 253, 252, 251, 291, 331, 330, 290, 250, 210, 209, 169, 170, 130, 131, 132, 92, 91, 90, 89, 88, 48, 49, 50, 9], [0, 7, 6, 5, 4, 3, 43, 44, 45, 46, 47, 87, 127, 128, 129, 293, 333, 373, 413, 453, 454, 414, 374, 334, 294, 254, 214, 215, 255, 295, 335, 375, 415, 455, 456, 416, 376, 336, 296, 256, 216, 176, 175, 135, 136, 96, 95, 56, 55], [0, 292, 332, 372, 412, 452, 451, 411, 371, 370, 410, 450, 449, 409, 369, 329, 289, 249, 208, 168, 167, 207, 247, 248, 288, 328, 368, 408, 448, 447, 407, 367, 327, 287, 246, 286, 326, 366, 406, 446, 445, 405, 365, 325, 285, 245, 205, 206, 166, 126, 86, 8], [0, 68, 108, 148, 188, 187, 186, 226, 266, 267, 227, 228, 268, 308, 348, 388, 428, 468, 467, 427, 387, 347, 307, 306, 346, 386, 426, 466, 465, 425, 385, 345, 305, 265, 225, 185, 145, 146, 147, 107, 106, 105, 65, 66, 67], [0, 22, 21, 61, 101, 141, 142, 182, 181, 221, 261, 301, 341, 381, 421, 461, 462, 422, 382, 342, 302, 262, 222, 223, 263, 303, 343, 383, 423, 463, 464, 424, 384, 344, 304, 264, 224, 184, 183, 143, 144, 104, 103, 102, 62, 63, 64, 23, 24]]

res = 14087.461
res_int = 14087
solution = [[0, 1, 41, 81, 120, 160, 121, 122, 123, 163, 162, 161, 200, 201, 241, 281, 321, 361, 401, 441, 442, 402, 362, 322, 282, 242, 202, 203, 243, 283, 323, 363, 403, 443, 444, 404, 364, 324, 284, 244, 204, 164, 165, 124, 125, 126, 85, 84, 83, 82, 42, 43, 2], [0, 68, 108, 148, 188, 187, 186, 226, 266, 267, 227, 228, 268, 308, 348, 388, 428, 468, 467, 427, 387, 347, 307, 306, 346, 386, 426, 466, 465, 425, 385, 345, 305, 265, 225, 185, 145, 146, 147, 107, 106, 105, 65, 66, 67], [0, 22, 61, 101, 141, 142, 182, 181, 221, 261, 301, 341, 381, 421, 461, 462, 422, 382, 342, 302, 262, 222, 223, 263, 303, 343, 383, 423, 463, 464, 424, 384, 344, 304, 264, 224, 184, 183, 143, 144, 104, 103, 102, 62, 63, 64, 23, 24], [0, 30, 29, 69, 70, 110, 109, 149, 150, 151, 191, 190, 189, 229, 230, 231, 271, 270, 269, 309, 349, 389, 429, 469, 470, 430, 390, 350, 310, 311, 351, 391, 431, 471, 472, 432, 392, 352, 312, 272, 232, 192, 193, 153, 152, 112, 111, 71, 72, 33], [0, 18, 58, 97, 137, 177, 178, 218, 217, 257, 297, 337, 377, 417, 457, 458, 418, 378, 338, 298, 258, 259, 299, 339, 379, 419, 459, 460, 420, 380, 340, 300, 260, 220, 219, 179, 180, 140, 139, 138, 98, 99, 100, 60, 59, 19], [0, 40, 80, 79, 118, 119, 159, 199, 239, 240, 280, 320, 360, 400, 440, 480, 479, 439, 399, 359, 319, 279, 238, 278, 318, 358, 398, 438, 478, 477, 437, 397, 357, 317, 277, 237, 197, 198, 158, 157, 117, 77, 78, 39, 38, 37, 36, 35], [0, 31, 32, 74, 73, 113, 114, 115, 155, 154, 194, 234, 233, 273, 313, 353, 393, 433, 473, 474, 434, 394, 354, 314, 274, 275, 315, 355, 395, 435, 475, 476, 436, 396, 356, 316, 276, 236, 235, 195, 196, 156, 116, 76, 75, 34], [0, 292, 332, 372, 412, 452, 451, 411, 371, 370, 410, 450, 449, 409, 369, 329, 289, 249, 208, 168, 167, 207, 247, 248, 288, 328, 368, 408, 448, 447, 407, 367, 327, 287, 246, 286, 326, 366, 406, 446, 445, 405, 365, 325, 285, 245, 205, 206, 166, 127, 128, 129, 89, 88, 48], [0, 3, 5, 6, 7, 8, 47, 86, 87, 213, 253, 293, 333, 373, 413, 453, 454, 414, 374, 334, 294, 254, 214, 215, 255, 295, 335, 375, 415, 455, 456, 416, 376, 336, 296, 256, 216, 176, 175, 135, 136, 96, 95, 56, 57, 20, 21, 25, 26, 27, 28], [0, 17, 16, 15, 14, 13, 12, 11, 10, 9, 51, 52, 53, 54, 55, 94, 93, 133, 134, 174, 173, 172, 171, 212, 252, 211, 251, 291, 331, 330, 290, 250, 210, 209, 169, 170, 130, 131, 132, 92, 91, 90, 50, 49, 46, 45, 44, 4]]

res = 14090.653
res_int = 14087
solution = [[0, 33, 34, 74, 75, 76, 116, 115, 155, 156, 196, 195, 235, 236, 276, 316, 356, 396, 436, 476, 475, 435, 395, 355, 315, 275, 274, 314, 354, 394, 434, 474, 473, 433, 393, 353, 313, 273, 233, 234, 194, 154, 114, 113, 73, 32, 31, 30, 29], [0, 72, 112, 152, 153, 193, 192, 232, 272, 312, 352, 392, 432, 472, 471, 431, 391, 351, 311, 310, 350, 390, 430, 470, 469, 429, 389, 349, 309, 269, 270, 271, 231, 230, 229, 189, 190, 191, 151, 150, 149, 109, 110, 111, 71, 70, 69, 28], [0, 22, 21, 61, 101, 141, 142, 182, 181, 221, 261, 301, 341, 381, 421, 461, 462, 422, 382, 342, 302, 262, 222, 223, 263, 303, 343, 383, 423, 463, 464, 424, 384, 344, 304, 264, 224, 184, 183, 143, 144, 104, 103, 102, 62, 63, 64, 23, 24, 25, 26], [0, 68, 108, 148, 188, 187, 186, 226, 266, 267, 227, 228, 268, 308, 348, 388, 428, 468, 467, 427, 387, 347, 307, 306, 346, 386, 426, 466, 465, 425, 385, 345, 305, 265, 225, 185, 145, 146, 147, 107, 106, 105, 65, 66, 67, 27], [0, 40, 39, 79, 80, 41, 81, 120, 119, 159, 199, 239, 240, 201, 280, 320, 360, 400, 440, 480, 479, 439, 399, 359, 319, 279, 238, 278, 318, 358, 398, 438, 478, 477, 437, 397, 357, 317, 277, 237, 197, 198, 158, 157, 117, 118, 78, 77, 35], [0, 36, 37, 38, 42, 83, 82, 122, 123, 163, 162, 161, 121, 160, 200, 241, 281, 321, 361, 401, 441, 442, 402, 362, 322, 282, 242, 202, 203, 243, 283, 323, 363, 403, 443, 444, 404, 364, 324, 284, 244, 204, 164, 165, 126, 125, 124, 84, 85, 45, 44, 43, 1], [0, 2, 3, 4, 5, 6, 46, 47, 171, 211, 213, 253, 293, 333, 373, 413, 453, 454, 414, 374, 334, 294, 254, 214, 215, 255, 295, 335, 375, 415, 455, 456, 416, 376, 336, 296, 256, 216, 176, 175, 135, 136, 96, 95, 56, 18], [0, 20, 60, 100, 99, 98, 138, 139, 140, 180, 179, 219, 220, 260, 300, 340, 380, 420, 460, 459, 419, 379, 339, 299, 259, 258, 298, 338, 378, 418, 458, 457, 417, 377, 337, 297, 257, 217, 218, 178, 177, 137, 97, 57, 58, 59, 19], [0, 292, 332, 372, 412, 452, 451, 411, 371, 370, 410, 450, 449, 409, 369, 329, 289, 249, 208, 168, 167, 207, 247, 248, 288, 328, 368, 408, 448, 447, 407, 367, 327, 287, 246, 286, 326, 366, 406, 446, 445, 405, 365, 325, 285, 245, 205, 206, 166, 127, 128, 129, 89], [0, 17, 16, 15, 14, 13, 12, 11, 10, 50, 51, 52, 53, 54, 55, 94, 93, 133, 134, 174, 173, 172, 212, 252, 251, 291, 331, 330, 290, 250, 210, 209, 169, 170, 130, 131, 132, 92, 91, 90, 88, 87, 86, 48, 49, 9, 8, 7]]

res = 14090.661
res_int = 14088
solution = [[0, 68, 108, 148, 188, 187, 186, 226, 266, 267, 227, 228, 268, 308, 348, 388, 428, 468, 467, 427, 387, 347, 307, 306, 346, 386, 426, 466, 465, 425, 385, 345, 305, 265, 225, 185, 145, 146, 147, 107, 106, 105, 65, 66, 67], [0, 22, 21, 61, 101, 141, 142, 182, 181, 221, 261, 301, 341, 381, 421, 461, 462, 422, 382, 342, 302, 262, 222, 223, 263, 303, 343, 383, 423, 463, 464, 424, 384, 344, 304, 264, 224, 184, 183, 143, 144, 104, 103, 102, 62, 63, 64, 23, 24], [0, 43, 42, 41, 80, 120, 81, 82, 83, 84, 85, 125, 165, 124, 123, 122, 121, 161, 162, 163, 164, 204, 244, 284, 324, 364, 404, 444, 443, 403, 363, 323, 283, 243, 203, 202, 242, 282, 322, 362, 402, 442, 441, 401, 361, 321, 281, 241, 201, 240, 200, 160, 119], [0, 27, 28, 29, 30, 77, 117, 157, 158, 198, 197, 237, 277, 317, 357, 397, 437, 477, 478, 438, 398, 358, 318, 278, 238, 279, 319, 359, 399, 439, 479, 480, 440, 400, 360, 320, 280, 239, 199, 159, 118, 78, 79, 1, 40, 39, 38, 37, 36], [0, 20, 60, 100, 99, 98, 138, 139, 140, 180, 179, 219, 220, 260, 300, 340, 380, 420, 460, 459, 419, 379, 339, 299, 259, 258, 298, 338, 378, 418, 458, 457, 417, 377, 337, 297, 257, 217, 218, 178, 177, 137, 97, 58, 59, 19], [0, 2, 3, 4, 6, 7, 8, 46, 86, 87, 127, 213, 253, 293, 333, 373, 413, 453, 454, 414, 374, 334, 294, 254, 214, 215, 255, 295, 335, 375, 415, 455, 456, 416, 376, 336, 296, 256, 216, 176, 175, 135, 136, 96, 95, 56, 57, 18], [0, 212, 252, 292, 332, 372, 412, 452, 451, 411, 371, 370, 410, 450, 449, 409, 369, 329, 289, 249, 209, 208, 168, 167, 207, 247, 248, 288, 328, 368, 408, 448, 447, 407, 367, 327, 287, 246, 286, 326, 366, 406, 446, 445, 405, 365, 325, 285, 245, 205, 206, 166, 126, 88, 48], [0, 17, 16, 15, 14, 13, 12, 11, 10, 9, 51, 52, 53, 54, 55, 94, 93, 133, 134, 174, 173, 172, 171, 211, 251, 291, 331, 330, 290, 250, 210, 170, 169, 128, 129, 130, 131, 132, 92, 91, 90, 89, 50, 49, 47, 45, 44, 5], [0, 69, 70, 110, 109, 149, 150, 151, 191, 190, 189, 229, 230, 231, 271, 270, 269, 309, 349, 389, 429, 469, 470, 430, 390, 350, 310, 311, 351, 391, 431, 471, 472, 432, 392, 352, 312, 272, 232, 192, 193, 153, 152, 112, 111, 71, 72, 32], [0, 35, 75, 76, 116, 156, 196, 195, 235, 236, 276, 316, 356, 396, 436, 476, 475, 435, 395, 355, 315, 275, 274, 314, 354, 394, 434, 474, 473, 433, 393, 353, 313, 273, 233, 234, 194, 154, 155, 115, 114, 113, 73, 74, 34, 33, 31, 26, 25]]

res = 14110.444
res_int = 14108
solution = [[0, 31, 72, 112, 152, 153, 193, 192, 232, 272, 312, 352, 392, 432, 472, 471, 431, 391, 351, 311, 310, 350, 390, 430, 470, 469, 429, 389, 349, 309, 269, 270, 271, 231, 230, 229, 189, 190, 191, 151, 150, 149, 109, 110, 111, 71, 70, 69], [0, 68, 108, 148, 188, 187, 186, 226, 266, 267, 227, 228, 268, 308, 348, 388, 428, 468, 467, 427, 387, 347, 307, 306, 346, 386, 426, 466, 465, 425, 385, 345, 305, 265, 225, 185, 145, 146, 147, 107, 106, 105, 65, 66, 67], [0, 21, 61, 101, 141, 142, 182, 181, 221, 261, 301, 341, 381, 421, 461, 462, 422, 382, 342, 302, 262, 222, 223, 263, 303, 343, 383, 423, 463, 464, 424, 384, 344, 304, 264, 224, 184, 183, 143, 144, 104, 103, 102, 62, 63, 64, 23, 24], [0, 34, 74, 75, 76, 116, 115, 155, 156, 196, 195, 235, 236, 276, 316, 356, 396, 436, 476, 475, 435, 395, 355, 315, 275, 274, 314, 354, 394, 434, 474, 473, 433, 393, 353, 313, 273, 233, 234, 194, 154, 114, 113, 73, 33, 32, 30, 26, 27], [0, 35, 77, 117, 157, 158, 198, 197, 237, 277, 317, 357, 397, 437, 477, 478, 438, 398, 358, 318, 278, 238, 279, 319, 359, 399, 439, 479, 480, 440, 400, 360, 320, 280, 239, 199, 159, 118, 78, 79, 1, 40, 39, 38, 37, 36], [0, 43, 42, 41, 80, 120, 81, 82, 83, 84, 85, 126, 125, 124, 123, 122, 121, 161, 162, 163, 164, 204, 244, 284, 324, 364, 404, 444, 443, 403, 363, 323, 283, 243, 203, 202, 242, 282, 322, 362, 402, 442, 441, 401, 361, 321, 281, 241, 201, 240, 200, 160, 119], [0, 17, 16, 15, 14, 13, 12, 11, 10, 9, 51, 52, 53, 54, 55, 94, 93, 133, 134, 174, 173, 172, 171, 211, 212, 252, 251, 291, 331, 330, 290, 250, 210, 209, 169, 170, 130, 131, 132, 92, 91, 90, 50, 48, 47, 45, 44, 4, 5], [0, 18, 58, 97, 137, 177, 178, 218, 217, 257, 297, 337, 377, 417, 457, 458, 418, 378, 338, 298, 258, 259, 299, 339, 379, 419, 459, 460, 420, 380, 340, 300, 260, 220, 219, 179, 180, 140, 139, 138, 98, 99, 100, 60, 59, 19], [0, 2, 3, 6, 7, 46, 86, 87, 128, 129, 213, 253, 293, 333, 373, 413, 453, 454, 414, 374, 334, 294, 254, 214, 215, 255, 295, 335, 375, 415, 455, 456, 416, 376, 336, 296, 256, 216, 176, 175, 135, 136, 96, 95, 56, 57, 20, 22, 25, 28, 29], [0, 292, 332, 372, 412, 452, 451, 411, 371, 370, 410, 450, 449, 409, 369, 329, 289, 249, 208, 168, 167, 207, 247, 248, 288, 328, 368, 408, 448, 447, 407, 367, 327, 287, 246, 286, 326, 366, 406, 446, 445, 405, 365, 325, 285, 245, 205, 206, 165, 166, 127, 88, 89, 49, 8]]

res = 14116.535
res_int = 14114
solution = [[0, 20, 60, 100, 99, 98, 138, 139, 140, 180, 179, 219, 220, 260, 300, 340, 380, 420, 460, 459, 419, 379, 339, 299, 259, 258, 298, 338, 378, 418, 458, 457, 417, 377, 337, 297, 257, 217, 218, 178, 177, 137, 97, 58, 59, 19], [0, 22, 21, 61, 101, 141, 142, 182, 181, 221, 261, 301, 341, 381, 421, 461, 462, 422, 382, 342, 302, 262, 222, 223, 263, 303, 343, 383, 423, 463, 464, 424, 384, 344, 304, 264, 224, 184, 183, 143, 144, 104, 103, 102, 62, 63, 64, 23, 24], [0, 17, 16, 15, 14, 13, 12, 11, 10, 9, 51, 52, 53, 54, 55, 94, 93, 133, 134, 174, 173, 172, 171, 211, 212, 252, 251, 291, 331, 330, 290, 250, 210, 209, 169, 170, 130, 131, 132, 92, 91, 90, 50, 49, 48, 47, 4, 5], [0, 213, 253, 293, 332, 372, 412, 452, 451, 411, 371, 370, 410, 450, 449, 409, 369, 329, 289, 249, 208, 168, 167, 207, 247, 248, 288, 328, 368, 408, 448, 447, 407, 367, 327, 287, 246, 286, 326, 366, 406, 446, 445, 405, 365, 325, 285, 245, 205, 206, 166, 165, 126, 88, 89], [0, 8, 7, 6, 3, 2, 44, 45, 46, 86, 87, 127, 128, 129, 292, 333, 373, 413, 453, 454, 414, 374, 334, 294, 254, 214, 215, 255, 295, 335, 375, 415, 455, 456, 416, 376, 336, 296, 256, 216, 176, 175, 135, 136, 96, 95, 56, 57, 18], [0, 36, 76, 116, 156, 196, 195, 235, 236, 276, 316, 356, 396, 436, 476, 475, 435, 395, 355, 315, 275, 274, 314, 354, 394, 434, 474, 473, 433, 393, 353, 313, 273, 233, 234, 194, 154, 155, 115, 114, 113, 73, 74, 75, 35, 34, 33], [0, 43, 42, 41, 80, 120, 81, 82, 83, 84, 85, 125, 124, 123, 122, 121, 161, 162, 163, 164, 204, 244, 284, 324, 364, 404, 444, 443, 403, 363, 323, 283, 243, 203, 202, 242, 282, 322, 362, 402, 442, 441, 401, 361, 321, 281, 241, 280, 240, 201, 200, 160, 119], [0, 25, 26, 27, 28, 29, 30, 77, 117, 157, 158, 198, 197, 237, 277, 317, 357, 397, 437, 477, 478, 438, 398, 358, 318, 278, 319, 359, 399, 439, 479, 480, 440, 400, 360, 320, 279, 239, 238, 199, 159, 118, 78, 79, 1, 40, 39, 38, 37], [0, 31, 70, 71, 111, 110, 109, 149, 150, 151, 191, 190, 189, 229, 230, 231, 271, 270, 269, 309, 349, 389, 429, 469, 470, 430, 390, 350, 310, 311, 351, 391, 431, 471, 472, 432, 392, 352, 312, 272, 232, 192, 193, 153, 152, 112, 72, 32], [0, 69, 68, 108, 148, 188, 187, 186, 226, 266, 267, 227, 228, 268, 308, 348, 388, 428, 468, 467, 427, 387, 347, 307, 306, 346, 386, 426, 466, 465, 425, 385, 345, 305, 265, 225, 185, 145, 146, 147, 107, 106, 105, 65, 66, 67]]

res = 14129.954
res_int = 14129
solution = [[0, 43, 42, 41, 120, 81, 82, 83, 84, 85, 125, 165, 124, 123, 122, 121, 161, 162, 163, 164, 204, 244, 284, 324, 364, 404, 444, 443, 403, 363, 323, 283, 243, 203, 202, 242, 282, 322, 362, 402, 442, 441, 401, 361, 321, 281, 241, 201, 240, 200, 160, 119, 78], [0, 22, 21, 61, 101, 141, 142, 182, 181, 221, 261, 301, 341, 381, 421, 461, 462, 422, 382, 342, 302, 262, 222, 223, 263, 303, 343, 383, 423, 463, 464, 424, 384, 344, 304, 264, 224, 184, 183, 143, 144, 104, 103, 102, 62, 63, 64, 23, 24, 25, 26], [0, 68, 108, 148, 188, 187, 186, 226, 266, 267, 227, 228, 268, 308, 348, 388, 428, 468, 467, 427, 387, 347, 307, 306, 346, 386, 426, 466, 465, 425, 385, 345, 305, 265, 225, 185, 145, 146, 147, 107, 106, 105, 65, 66, 67, 27], [0, 20, 59, 60, 100, 99, 98, 138, 139, 140, 180, 179, 219, 220, 260, 300, 340, 380, 420, 460, 459, 419, 379, 339, 299, 259, 258, 298, 338, 378, 418, 458, 457, 417, 377, 337, 297, 257, 217, 218, 178, 177, 137, 97, 58, 19], [0, 71, 111, 112, 152, 192, 232, 272, 312, 352, 392, 432, 472, 471, 431, 391, 351, 311, 310, 350, 390, 430, 470, 469, 429, 389, 349, 309, 269, 270, 271, 231, 230, 229, 189, 190, 191, 151, 150, 149, 109, 110, 70, 69], [0, 2, 3, 5, 6, 7, 8, 47, 86, 87, 127, 169, 213, 253, 293, 333, 373, 413, 453, 454, 414, 374, 334, 294, 254, 214, 215, 255, 295, 335, 375, 415, 455, 456, 416, 376, 336, 296, 256, 216, 176, 175, 135, 136, 96, 95, 56, 57, 18], [0, 38, 39, 40, 1, 80, 79, 118, 159, 199, 239, 280, 320, 360, 400, 440, 480, 479, 439, 399, 359, 319, 279, 238, 278, 318, 358, 398, 438, 478, 477, 437, 397, 357, 317, 277, 237, 197, 198, 158, 157, 117, 77, 37, 36, 35, 34], [0, 33, 73, 74, 75, 76, 116, 115, 114, 154, 155, 156, 196, 195, 235, 236, 276, 316, 356, 396, 436, 476, 475, 435, 395, 355, 315, 275, 274, 314, 354, 394, 434, 474, 473, 433, 393, 353, 313, 273, 233, 234, 194, 193, 153, 113, 72, 32, 31, 30, 29, 28], [0, 17, 16, 15, 14, 13, 12, 11, 10, 9, 51, 52, 53, 54, 55, 94, 93, 133, 134, 174, 173, 172, 171, 212, 252, 211, 251, 291, 331, 330, 290, 250, 210, 209, 170, 130, 131, 132, 92, 91, 90, 50, 49, 46, 45, 44, 4], [0, 292, 332, 372, 412, 452, 451, 411, 371, 370, 410, 450, 449, 409, 369, 329, 289, 249, 208, 168, 167, 207, 247, 248, 288, 328, 368, 408, 448, 447, 407, 367, 327, 287, 246, 286, 326, 366, 406, 446, 445, 405, 365, 325, 285, 245, 205, 206, 166, 126, 128, 129, 89, 88, 48]]

Mean = 14032.975353513082
Execution = 9749.511541843414

Instance : Golden_05.xml
Time = 307.4166066646576
