Instance : A-n32-k05.xml

res = 787.082
res_int = 786.215
solution = [[0, 6, 3, 2, 23, 4, 11, 28, 14], [0, 27, 24], [0, 18, 8, 9, 22, 15, 29, 10, 25, 5, 20], [0, 12, 1, 16, 30], [0, 21, 31, 19, 17, 13, 7, 26]]

res = 787.082
res_int = 786.279
solution = [[0, 6, 3, 2, 23, 4, 11, 28, 14], [0, 27, 24], [0, 18, 8, 9, 22, 15, 29, 10, 25, 5, 20], [0, 26, 7, 13, 17, 19, 31, 21], [0, 12, 1, 16, 30]]

res = 787.082
res_int = 786.349
solution = [[0, 14, 28, 11, 4, 23, 2, 3, 6], [0, 18, 8, 9, 22, 15, 29, 10, 25, 5, 20], [0, 27, 24], [0, 21, 31, 19, 17, 13, 7, 26], [0, 12, 1, 16, 30]]

res = 787.082
res_int = 786.349
solution = [[0, 21, 31, 19, 17, 13, 7, 26], [0, 12, 1, 16, 30], [0, 27, 24], [0, 18, 8, 9, 22, 15, 29, 10, 25, 5, 20], [0, 14, 28, 11, 4, 23, 2, 3, 6]]

res = 787.082
res_int = 786.349
solution = [[0, 21, 31, 19, 17, 13, 7, 26], [0, 12, 1, 16, 30], [0, 27, 24], [0, 18, 8, 9, 22, 15, 29, 10, 25, 5, 20], [0, 14, 28, 11, 4, 23, 2, 3, 6]]

res = 787.082
res_int = 786.349
solution = [[0, 21, 31, 19, 17, 13, 7, 26], [0, 12, 1, 16, 30], [0, 27, 24], [0, 18, 8, 9, 22, 15, 29, 10, 25, 5, 20], [0, 14, 28, 11, 4, 23, 2, 3, 6]]

res = 787.082
res_int = 786.493
solution = [[0, 24, 27], [0, 6, 3, 2, 23, 4, 11, 28, 14], [0, 18, 8, 9, 22, 15, 29, 10, 25, 5, 20], [0, 21, 31, 19, 17, 13, 7, 26], [0, 12, 1, 16, 30]]

res = 787.082
res_int = 786.884
solution = [[0, 24, 27], [0, 6, 3, 2, 23, 4, 11, 28, 14], [0, 20, 5, 25, 10, 29, 15, 22, 9, 8, 18], [0, 21, 31, 19, 17, 13, 7, 26], [0, 12, 1, 16, 30]]

res = 787.082
res_int = 786.607
solution = [[0, 27, 24], [0, 6, 3, 2, 23, 4, 11, 28, 14], [0, 20, 5, 25, 10, 29, 15, 22, 9, 8, 18], [0, 21, 31, 19, 17, 13, 7, 26], [0, 12, 1, 16, 30]]

res = 787.082
res_int = 786.741
solution = [[0, 12, 1, 16, 30], [0, 21, 31, 19, 17, 13, 7, 26], [0, 27, 24], [0, 20, 5, 25, 10, 29, 15, 22, 9, 8, 18], [0, 14, 28, 11, 4, 23, 2, 3, 6]]

Mean = 787.0818888551103
Execution = 1863.603714466095

Instance : A-n33-k05.xml

res = 662.11
res_int = 662.006
solution = [[0, 10, 30, 25, 27, 4, 20], [0, 12, 5, 26, 7, 8, 13, 32, 2], [0, 11, 31, 1, 21, 14, 19, 6, 24], [0, 15, 17, 9, 3, 16, 29], [0, 22, 28, 18, 23]]

res = 662.11
res_int = 662.636
solution = [[0, 12, 5, 26, 7, 8, 13, 32, 2], [0, 20, 4, 27, 25, 30, 10], [0, 24, 6, 19, 14, 21, 1, 31, 11], [0, 15, 17, 9, 3, 16, 29], [0, 22, 28, 18, 23]]

res = 662.11
res_int = 662.025
solution = [[0, 24, 6, 19, 14, 21, 1, 31, 11], [0, 2, 32, 13, 8, 7, 26, 5, 12], [0, 10, 30, 25, 27, 4, 20], [0, 29, 16, 3, 9, 17, 15], [0, 22, 28, 18, 23]]

res = 662.11
res_int = 662.025
solution = [[0, 24, 6, 19, 14, 21, 1, 31, 11], [0, 2, 32, 13, 8, 7, 26, 5, 12], [0, 10, 30, 25, 27, 4, 20], [0, 29, 16, 3, 9, 17, 15], [0, 22, 28, 18, 23]]

res = 662.11
res_int = 662.025
solution = [[0, 24, 6, 19, 14, 21, 1, 31, 11], [0, 2, 32, 13, 8, 7, 26, 5, 12], [0, 10, 30, 25, 27, 4, 20], [0, 29, 16, 3, 9, 17, 15], [0, 22, 28, 18, 23]]

res = 662.11
res_int = 662.025
solution = [[0, 24, 6, 19, 14, 21, 1, 31, 11], [0, 10, 30, 25, 27, 4, 20], [0, 2, 32, 13, 8, 7, 26, 5, 12], [0, 29, 16, 3, 9, 17, 15], [0, 22, 28, 18, 23]]

res = 662.11
res_int = 662.574
solution = [[0, 24, 6, 19, 14, 21, 1, 31, 11], [0, 10, 30, 25, 27, 4, 20], [0, 12, 5, 26, 7, 8, 13, 32, 2], [0, 29, 16, 3, 9, 17, 15], [0, 22, 28, 18, 23]]

res = 662.11
res_int = 662.562
solution = [[0, 24, 6, 19, 14, 21, 1, 31, 11], [0, 12, 5, 26, 7, 8, 13, 32, 2], [0, 10, 30, 25, 27, 4, 20], [0, 15, 17, 9, 3, 16, 29], [0, 22, 28, 18, 23]]

res = 662.11
res_int = 662.574
solution = [[0, 24, 6, 19, 14, 21, 1, 31, 11], [0, 12, 5, 26, 7, 8, 13, 32, 2], [0, 10, 30, 25, 27, 4, 20], [0, 29, 16, 3, 9, 17, 15], [0, 22, 28, 18, 23]]

res = 662.11
res_int = 662.574
solution = [[0, 10, 30, 25, 27, 4, 20], [0, 12, 5, 26, 7, 8, 13, 32, 2], [0, 24, 6, 19, 14, 21, 1, 31, 11], [0, 22, 28, 18, 23], [0, 29, 16, 3, 9, 17, 15]]

Mean = 662.1100976492221
Execution = 2233.077867269516

Instance : A-n33-k06.xml

res = 742.693
res_int = 743.063
solution = [[0, 4, 8, 3, 9, 15, 20, 2, 5], [0, 13, 6, 18, 1, 14], [0, 7, 19, 29, 11, 17], [0, 10, 12, 21], [0, 32, 25, 16, 30, 27, 28], [0, 22, 26, 24, 23, 31]]

res = 742.693
res_int = 743.063
solution = [[0, 4, 8, 3, 9, 15, 20, 2, 5], [0, 13, 6, 18, 1, 14], [0, 7, 19, 29, 11, 17], [0, 10, 12, 21], [0, 32, 25, 16, 30, 27, 28], [0, 22, 26, 24, 23, 31]]

res = 742.693
res_int = 743.063
solution = [[0, 4, 8, 3, 9, 15, 20, 2, 5], [0, 13, 6, 18, 1, 14], [0, 7, 19, 29, 11, 17], [0, 10, 12, 21], [0, 32, 25, 16, 30, 27, 28], [0, 22, 26, 24, 23, 31]]

res = 742.693
res_int = 743.063
solution = [[0, 4, 8, 3, 9, 15, 20, 2, 5], [0, 13, 6, 18, 1, 14], [0, 10, 12, 21], [0, 7, 19, 29, 11, 17], [0, 32, 25, 16, 30, 27, 28], [0, 22, 26, 24, 23, 31]]

res = 742.693
res_int = 743.063
solution = [[0, 4, 8, 3, 9, 15, 20, 2, 5], [0, 13, 6, 18, 1, 14], [0, 10, 12, 21], [0, 7, 19, 29, 11, 17], [0, 32, 25, 16, 30, 27, 28], [0, 22, 26, 24, 23, 31]]

res = 742.693
res_int = 743.063
solution = [[0, 4, 8, 3, 9, 15, 20, 2, 5], [0, 13, 6, 18, 1, 14], [0, 10, 12, 21], [0, 7, 19, 29, 11, 17], [0, 32, 25, 16, 30, 27, 28], [0, 22, 26, 24, 23, 31]]

res = 742.693
res_int = 743.087
solution = [[0, 4, 8, 3, 9, 15, 20, 2, 5], [0, 13, 6, 18, 1, 14], [0, 17, 11, 29, 19, 7], [0, 10, 12, 21], [0, 32, 25, 16, 30, 27, 28], [0, 22, 26, 24, 23, 31]]

res = 742.693
res_int = 743.063
solution = [[0, 4, 8, 3, 9, 15, 20, 2, 5], [0, 13, 6, 18, 1, 14], [0, 22, 26, 24, 23, 31], [0, 7, 19, 29, 11, 17], [0, 32, 25, 16, 30, 27, 28], [0, 10, 12, 21]]

res = 742.693
res_int = 743.063
solution = [[0, 4, 8, 3, 9, 15, 20, 2, 5], [0, 13, 6, 18, 1, 14], [0, 22, 26, 24, 23, 31], [0, 7, 19, 29, 11, 17], [0, 32, 25, 16, 30, 27, 28], [0, 10, 12, 21]]

res = 742.693
res_int = 743.081
solution = [[0, 4, 8, 3, 9, 15, 20, 2, 5], [0, 14, 1, 18, 6, 13], [0, 7, 19, 29, 11, 17], [0, 10, 12, 21], [0, 32, 25, 16, 30, 27, 28], [0, 22, 26, 24, 23, 31]]

Mean = 742.6932623609393
Execution = 1509.6905410289764

Instance : A-n34-k05.xml

res = 780.936
res_int = 781.799
solution = [[0, 2, 9, 12, 3, 22, 16, 33, 20], [0, 24, 30, 5, 26, 4], [0, 13, 25, 31, 28, 32, 21, 18], [0, 7, 6, 15, 8, 29, 14], [0, 27, 1, 23, 11, 19, 17, 10]]

res = 789.735
res_int = 790.387
solution = [[0, 2, 9, 12, 3, 22, 16, 33, 20], [0, 24, 30, 5, 26, 4], [0, 17, 19, 11, 23, 27, 1, 29], [0, 14, 8, 15, 6, 7, 10], [0, 13, 25, 31, 28, 32, 21, 18]]

res = 790.37
res_int = 792.06
solution = [[0, 7, 6, 29, 24, 30, 5], [0, 18, 2, 9, 12, 3, 22, 16, 33], [0, 27, 23, 1, 8, 14], [0, 26, 4, 20, 21, 13, 10], [0, 15, 11, 19, 17, 25, 31, 28, 32]]

res = 790.37
res_int = 791.739
solution = [[0, 27, 23, 1, 8, 14], [0, 32, 28, 31, 25, 17, 19, 11, 15], [0, 7, 6, 29, 24, 30, 5], [0, 18, 2, 9, 12, 3, 22, 16, 33], [0, 26, 4, 20, 21, 13, 10]]

res = 791.128
res_int = 791.45
solution = [[0, 2, 9, 12, 3, 22, 16, 33, 20], [0, 4, 26, 5, 30, 24], [0, 15, 8, 11, 23, 27, 1, 29], [0, 14, 6, 7, 13, 21, 18], [0, 32, 28, 31, 25, 17, 19, 10]]

res = 791.128
res_int = 791.45
solution = [[0, 2, 9, 12, 3, 22, 16, 33, 20], [0, 4, 26, 5, 30, 24], [0, 15, 8, 11, 23, 27, 1, 29], [0, 32, 28, 31, 25, 17, 19, 10], [0, 14, 6, 7, 13, 21, 18]]

res = 791.128
res_int = 791.235
solution = [[0, 2, 9, 12, 3, 22, 16, 33, 20], [0, 4, 26, 5, 30, 24], [0, 29, 1, 27, 23, 11, 8, 15], [0, 32, 28, 31, 25, 17, 19, 10], [0, 14, 6, 7, 13, 21, 18]]

res = 791.128
res_int = 791.235
solution = [[0, 2, 9, 12, 3, 22, 16, 33, 20], [0, 4, 26, 5, 30, 24], [0, 29, 1, 27, 23, 11, 8, 15], [0, 32, 28, 31, 25, 17, 19, 10], [0, 14, 6, 7, 13, 21, 18]]

res = 791.128
res_int = 791.235
solution = [[0, 2, 9, 12, 3, 22, 16, 33, 20], [0, 4, 26, 5, 30, 24], [0, 29, 1, 27, 23, 11, 8, 15], [0, 32, 28, 31, 25, 17, 19, 10], [0, 14, 6, 7, 13, 21, 18]]

res = 791.128
res_int = 791.45
solution = [[0, 2, 9, 12, 3, 22, 16, 33, 20], [0, 15, 8, 11, 23, 27, 1, 29], [0, 4, 26, 5, 30, 24], [0, 32, 28, 31, 25, 17, 19, 10], [0, 14, 6, 7, 13, 21, 18]]

Mean = 789.8177025153025
Execution = 1543.692901134491

Instance : A-n36-k05.xml

res = 802.132
res_int = 801.197
solution = [[0, 1, 22, 32, 13, 17, 30, 29, 33, 18, 21], [0, 15, 8, 35, 2, 23, 34, 14, 28], [0, 9, 6, 3, 4, 19, 31, 12], [0, 20, 5, 25, 27, 24, 11, 16], [0, 10, 7, 26]]

res = 802.132
res_int = 801.197
solution = [[0, 1, 22, 32, 13, 17, 30, 29, 33, 18, 21], [0, 15, 8, 35, 2, 23, 34, 14, 28], [0, 9, 6, 3, 4, 19, 31, 12], [0, 20, 5, 25, 27, 24, 11, 16], [0, 10, 7, 26]]

res = 802.132
res_int = 801.339
solution = [[0, 1, 22, 32, 13, 17, 30, 29, 33, 18, 21], [0, 15, 8, 35, 2, 23, 34, 14, 28], [0, 9, 6, 3, 4, 19, 31, 12], [0, 20, 5, 25, 27, 24, 11, 16], [0, 26, 7, 10]]

res = 802.132
res_int = 801.339
solution = [[0, 1, 22, 32, 13, 17, 30, 29, 33, 18, 21], [0, 15, 8, 35, 2, 23, 34, 14, 28], [0, 9, 6, 3, 4, 19, 31, 12], [0, 20, 5, 25, 27, 24, 11, 16], [0, 26, 7, 10]]

res = 802.132
res_int = 801.339
solution = [[0, 1, 22, 32, 13, 17, 30, 29, 33, 18, 21], [0, 15, 8, 35, 2, 23, 34, 14, 28], [0, 9, 6, 3, 4, 19, 31, 12], [0, 20, 5, 25, 27, 24, 11, 16], [0, 26, 7, 10]]

res = 802.132
res_int = 801.339
solution = [[0, 1, 22, 32, 13, 17, 30, 29, 33, 18, 21], [0, 15, 8, 35, 2, 23, 34, 14, 28], [0, 9, 6, 3, 4, 19, 31, 12], [0, 20, 5, 25, 27, 24, 11, 16], [0, 26, 7, 10]]

res = 802.132
res_int = 801.198
solution = [[0, 1, 22, 32, 13, 17, 30, 29, 33, 18, 21], [0, 15, 8, 35, 2, 23, 34, 14, 28], [0, 12, 31, 19, 4, 3, 6, 9], [0, 20, 5, 25, 27, 24, 11, 16], [0, 10, 7, 26]]

res = 802.132
res_int = 801.198
solution = [[0, 1, 22, 32, 13, 17, 30, 29, 33, 18, 21], [0, 15, 8, 35, 2, 23, 34, 14, 28], [0, 12, 31, 19, 4, 3, 6, 9], [0, 20, 5, 25, 27, 24, 11, 16], [0, 10, 7, 26]]

res = 802.132
res_int = 801.683
solution = [[0, 1, 22, 32, 13, 17, 30, 29, 33, 18, 21], [0, 28, 14, 34, 23, 2, 35, 8, 15], [0, 12, 31, 19, 4, 3, 6, 9], [0, 20, 5, 25, 27, 24, 11, 16], [0, 10, 7, 26]]

res = 802.132
res_int = 801.825
solution = [[0, 1, 22, 32, 13, 17, 30, 29, 33, 18, 21], [0, 28, 14, 34, 23, 2, 35, 8, 15], [0, 12, 31, 19, 4, 3, 6, 9], [0, 20, 5, 25, 27, 24, 11, 16], [0, 26, 7, 10]]

Mean = 802.1318035237846
Execution = 1754.3982005119324

Instance : A-n37-k05.xml

res = 696.869
res_int = 696.388
solution = [[0, 23, 14, 2, 19, 20, 11, 27, 8, 9, 24, 3], [0, 1, 13, 22, 16, 21], [0, 7, 4, 33, 5, 6, 10, 12, 17], [0, 36, 34, 15], [0, 29, 32, 28, 31, 26, 18, 35, 25, 30]]

res = 696.869
res_int = 696.052
solution = [[0, 23, 14, 2, 19, 20, 11, 27, 8, 9, 24, 3], [0, 1, 13, 22, 16, 21], [0, 17, 12, 10, 6, 5, 33, 4, 7], [0, 29, 32, 28, 31, 26, 18, 35, 25, 30], [0, 36, 34, 15]]

res = 696.869
res_int = 696.052
solution = [[0, 23, 14, 2, 19, 20, 11, 27, 8, 9, 24, 3], [0, 1, 13, 22, 16, 21], [0, 17, 12, 10, 6, 5, 33, 4, 7], [0, 29, 32, 28, 31, 26, 18, 35, 25, 30], [0, 36, 34, 15]]

res = 696.869
res_int = 696.052
solution = [[0, 23, 14, 2, 19, 20, 11, 27, 8, 9, 24, 3], [0, 1, 13, 22, 16, 21], [0, 17, 12, 10, 6, 5, 33, 4, 7], [0, 29, 32, 28, 31, 26, 18, 35, 25, 30], [0, 36, 34, 15]]

res = 696.869
res_int = 695.966
solution = [[0, 23, 14, 2, 19, 20, 11, 27, 8, 9, 24, 3], [0, 1, 13, 22, 16, 21], [0, 17, 12, 10, 6, 5, 33, 4, 7], [0, 30, 25, 35, 18, 26, 31, 28, 32, 29], [0, 36, 34, 15]]

res = 696.869
res_int = 695.966
solution = [[0, 23, 14, 2, 19, 20, 11, 27, 8, 9, 24, 3], [0, 1, 13, 22, 16, 21], [0, 17, 12, 10, 6, 5, 33, 4, 7], [0, 30, 25, 35, 18, 26, 31, 28, 32, 29], [0, 36, 34, 15]]

res = 696.869
res_int = 696.052
solution = [[0, 23, 14, 2, 19, 20, 11, 27, 8, 9, 24, 3], [0, 1, 13, 22, 16, 21], [0, 17, 12, 10, 6, 5, 33, 4, 7], [0, 36, 34, 15], [0, 29, 32, 28, 31, 26, 18, 35, 25, 30]]

res = 696.869
res_int = 695.966
solution = [[0, 23, 14, 2, 19, 20, 11, 27, 8, 9, 24, 3], [0, 1, 13, 22, 16, 21], [0, 17, 12, 10, 6, 5, 33, 4, 7], [0, 36, 34, 15], [0, 30, 25, 35, 18, 26, 31, 28, 32, 29]]

res = 696.869
res_int = 696.388
solution = [[0, 23, 14, 2, 19, 20, 11, 27, 8, 9, 24, 3], [0, 7, 4, 33, 5, 6, 10, 12, 17], [0, 1, 13, 22, 16, 21], [0, 36, 34, 15], [0, 29, 32, 28, 31, 26, 18, 35, 25, 30]]

res = 696.869
res_int = 696.791
solution = [[0, 23, 14, 2, 19, 20, 11, 27, 8, 9, 24, 3], [0, 7, 4, 33, 5, 6, 10, 12, 17], [0, 21, 16, 22, 13, 1], [0, 29, 32, 28, 31, 26, 18, 35, 25, 30], [0, 36, 34, 15]]

Mean = 696.869102383258
Execution = 1776.5261421203613

Instance : A-n37-k06.xml

res = 957.03
res_int = 956.207
solution = [[0, 15, 30, 11, 10, 26], [0, 25, 35, 32, 27], [0, 6, 8, 5, 3, 1, 20, 14], [0, 33, 9, 21, 2, 28, 23, 22, 12, 4], [0, 13, 19, 31, 34, 17, 18], [0, 7, 16, 24, 29, 36]]

res = 957.03
res_int = 956.207
solution = [[0, 15, 30, 11, 10, 26], [0, 25, 35, 32, 27], [0, 7, 16, 24, 29, 36], [0, 6, 8, 5, 3, 1, 20, 14], [0, 13, 19, 31, 34, 17, 18], [0, 33, 9, 21, 2, 28, 23, 22, 12, 4]]

res = 957.03
res_int = 956.207
solution = [[0, 15, 30, 11, 10, 26], [0, 25, 35, 32, 27], [0, 7, 16, 24, 29, 36], [0, 6, 8, 5, 3, 1, 20, 14], [0, 13, 19, 31, 34, 17, 18], [0, 33, 9, 21, 2, 28, 23, 22, 12, 4]]

res = 957.03
res_int = 956.207
solution = [[0, 15, 30, 11, 10, 26], [0, 25, 35, 32, 27], [0, 7, 16, 24, 29, 36], [0, 6, 8, 5, 3, 1, 20, 14], [0, 13, 19, 31, 34, 17, 18], [0, 33, 9, 21, 2, 28, 23, 22, 12, 4]]

res = 957.03
res_int = 956.207
solution = [[0, 15, 30, 11, 10, 26], [0, 25, 35, 32, 27], [0, 7, 16, 24, 29, 36], [0, 6, 8, 5, 3, 1, 20, 14], [0, 13, 19, 31, 34, 17, 18], [0, 33, 9, 21, 2, 28, 23, 22, 12, 4]]

res = 957.03
res_int = 956.207
solution = [[0, 15, 30, 11, 10, 26], [0, 25, 35, 32, 27], [0, 7, 16, 24, 29, 36], [0, 6, 8, 5, 3, 1, 20, 14], [0, 33, 9, 21, 2, 28, 23, 22, 12, 4], [0, 13, 19, 31, 34, 17, 18]]

res = 957.03
res_int = 956.207
solution = [[0, 15, 30, 11, 10, 26], [0, 25, 35, 32, 27], [0, 7, 16, 24, 29, 36], [0, 33, 9, 21, 2, 28, 23, 22, 12, 4], [0, 6, 8, 5, 3, 1, 20, 14], [0, 13, 19, 31, 34, 17, 18]]

res = 957.03
res_int = 956.207
solution = [[0, 15, 30, 11, 10, 26], [0, 25, 35, 32, 27], [0, 7, 16, 24, 29, 36], [0, 33, 9, 21, 2, 28, 23, 22, 12, 4], [0, 6, 8, 5, 3, 1, 20, 14], [0, 13, 19, 31, 34, 17, 18]]

res = 957.03
res_int = 956.207
solution = [[0, 15, 30, 11, 10, 26], [0, 25, 35, 32, 27], [0, 7, 16, 24, 29, 36], [0, 33, 9, 21, 2, 28, 23, 22, 12, 4], [0, 6, 8, 5, 3, 1, 20, 14], [0, 13, 19, 31, 34, 17, 18]]

res = 957.03
res_int = 956.207
solution = [[0, 15, 30, 11, 10, 26], [0, 25, 35, 32, 27], [0, 7, 16, 24, 29, 36], [0, 33, 9, 21, 2, 28, 23, 22, 12, 4], [0, 6, 8, 5, 3, 1, 20, 14], [0, 13, 19, 31, 34, 17, 18]]

Mean = 957.0297887419808
Execution = 1965.6182894706726

Instance : A-n38-k05.xml

res = 738.488
res_int = 737.711
solution = [[0, 10, 30, 29, 34, 18, 19], [0, 7, 20, 32, 15, 13, 36, 17, 2, 24], [0, 14, 33, 35, 23, 8, 9], [0, 6, 25, 16, 4, 1, 3, 12, 26, 21], [0, 5, 22, 27, 11, 37, 31, 28]]

res = 740.043
res_int = 738.733
solution = [[0, 5, 22, 27, 11, 37, 31, 28], [0, 21, 10, 29, 34, 6, 19, 18], [0, 7, 20, 32, 15, 13, 36, 17, 2, 24], [0, 9, 8, 23, 35, 33, 14], [0, 25, 16, 4, 1, 3, 12, 26, 30]]

res = 740.043
res_int = 738.514
solution = [[0, 18, 19, 6, 34, 29, 10, 21], [0, 7, 20, 32, 15, 13, 36, 17, 2, 24], [0, 9, 8, 23, 35, 33, 14], [0, 25, 16, 4, 1, 3, 12, 26, 30], [0, 5, 22, 27, 11, 37, 31, 28]]

res = 740.043
res_int = 738.947
solution = [[0, 21, 10, 29, 34, 6, 19, 18], [0, 5, 22, 27, 11, 37, 31, 28], [0, 24, 2, 17, 36, 13, 15, 32, 20, 7], [0, 14, 33, 35, 23, 8, 9], [0, 25, 16, 4, 1, 3, 12, 26, 30]]

res = 740.043
res_int = 739.091
solution = [[0, 25, 16, 4, 1, 3, 12, 26, 30], [0, 9, 8, 23, 35, 33, 14], [0, 18, 19, 6, 34, 29, 10, 21], [0, 28, 31, 37, 11, 27, 22, 5], [0, 7, 20, 32, 15, 13, 36, 17, 2, 24]]

res = 740.043
res_int = 738.514
solution = [[0, 25, 16, 4, 1, 3, 12, 26, 30], [0, 18, 19, 6, 34, 29, 10, 21], [0, 9, 8, 23, 35, 33, 14], [0, 7, 20, 32, 15, 13, 36, 17, 2, 24], [0, 5, 22, 27, 11, 37, 31, 28]]

res = 740.043
res_int = 738.514
solution = [[0, 25, 16, 4, 1, 3, 12, 26, 30], [0, 18, 19, 6, 34, 29, 10, 21], [0, 9, 8, 23, 35, 33, 14], [0, 7, 20, 32, 15, 13, 36, 17, 2, 24], [0, 5, 22, 27, 11, 37, 31, 28]]

res = 740.043
res_int = 738.514
solution = [[0, 25, 16, 4, 1, 3, 12, 26, 30], [0, 18, 19, 6, 34, 29, 10, 21], [0, 9, 8, 23, 35, 33, 14], [0, 7, 20, 32, 15, 13, 36, 17, 2, 24], [0, 5, 22, 27, 11, 37, 31, 28]]

res = 740.043
res_int = 739.091
solution = [[0, 25, 16, 4, 1, 3, 12, 26, 30], [0, 18, 19, 6, 34, 29, 10, 21], [0, 9, 8, 23, 35, 33, 14], [0, 28, 31, 37, 11, 27, 22, 5], [0, 7, 20, 32, 15, 13, 36, 17, 2, 24]]

res = 740.043
res_int = 739.309
solution = [[0, 25, 16, 4, 1, 3, 12, 26, 30], [0, 21, 10, 29, 34, 6, 19, 18], [0, 9, 8, 23, 35, 33, 14], [0, 28, 31, 37, 11, 27, 22, 5], [0, 7, 20, 32, 15, 13, 36, 17, 2, 24]]

Mean = 739.8871184961192
Execution = 1714.799435377121

Instance : A-n39-k05.xml

res = 829.756
res_int = 829.24
solution = [[0, 6, 36, 27, 28, 13, 30, 21], [0, 14, 12, 9, 18, 4], [0, 17, 24, 35, 37, 34, 26, 11, 8], [0, 38, 15, 2, 22, 3, 7, 16, 31, 33], [0, 1, 10, 32, 5, 29, 20, 23, 25, 19]]

res = 829.993
res_int = 830.323
solution = [[0, 6, 36, 27, 28, 13, 30, 21], [0, 14, 12, 9, 18, 4], [0, 17, 24, 35, 37, 34, 26, 11, 8], [0, 2, 22, 3, 7, 16, 5, 1], [0, 19, 25, 23, 20, 29, 32, 10, 15, 38, 31, 33]]

res = 829.993
res_int = 829.629
solution = [[0, 14, 12, 9, 18, 4], [0, 6, 36, 27, 28, 13, 30, 21], [0, 8, 11, 26, 34, 37, 35, 24, 17], [0, 2, 22, 3, 7, 16, 5, 1], [0, 19, 25, 23, 20, 29, 32, 10, 15, 38, 31, 33]]

res = 829.993
res_int = 830.323
solution = [[0, 14, 12, 9, 18, 4], [0, 6, 36, 27, 28, 13, 30, 21], [0, 17, 24, 35, 37, 34, 26, 11, 8], [0, 2, 22, 3, 7, 16, 5, 1], [0, 19, 25, 23, 20, 29, 32, 10, 15, 38, 31, 33]]

res = 831.023
res_int = 831.1
solution = [[0, 14, 19, 25, 33, 18, 9, 4], [0, 38, 15, 5, 29, 20, 23, 1, 31, 12], [0, 10, 32, 16, 7, 3, 22, 2], [0, 6, 36, 27, 28, 13, 30, 21], [0, 17, 24, 35, 37, 34, 26, 11, 8]]

res = 833.701
res_int = 832.557
solution = [[0, 14, 12, 9, 18, 4], [0, 33, 31, 1, 15, 16, 5, 29, 20, 23, 25, 19], [0, 6, 36, 27, 28, 13, 30, 21], [0, 17, 24, 35, 37, 34, 26, 11, 8], [0, 2, 22, 3, 7, 32, 10, 38]]

res = 833.701
res_int = 832.557
solution = [[0, 14, 12, 9, 18, 4], [0, 33, 31, 1, 15, 16, 5, 29, 20, 23, 25, 19], [0, 6, 36, 27, 28, 13, 30, 21], [0, 17, 24, 35, 37, 34, 26, 11, 8], [0, 2, 22, 3, 7, 32, 10, 38]]

res = 833.701
res_int = 832.557
solution = [[0, 14, 12, 9, 18, 4], [0, 2, 22, 3, 7, 32, 10, 38], [0, 6, 36, 27, 28, 13, 30, 21], [0, 33, 31, 1, 15, 16, 5, 29, 20, 23, 25, 19], [0, 17, 24, 35, 37, 34, 26, 11, 8]]

res = 833.701
res_int = 832.557
solution = [[0, 6, 36, 27, 28, 13, 30, 21], [0, 14, 12, 9, 18, 4], [0, 17, 24, 35, 37, 34, 26, 11, 8], [0, 2, 22, 3, 7, 32, 10, 38], [0, 33, 31, 1, 15, 16, 5, 29, 20, 23, 25, 19]]

res = 833.701
res_int = 832.557
solution = [[0, 6, 36, 27, 28, 13, 30, 21], [0, 14, 12, 9, 18, 4], [0, 17, 24, 35, 37, 34, 26, 11, 8], [0, 2, 22, 3, 7, 32, 10, 38], [0, 33, 31, 1, 15, 16, 5, 29, 20, 23, 25, 19]]

Mean = 831.9263787302716
Execution = 1612.1538321971893

Instance : A-n39-k06.xml

res = 833.205
res_int = 833.22
solution = [[0, 2, 19, 33, 25, 35, 14, 31, 37], [0, 13, 30, 15], [0, 5, 29, 28, 9, 12, 38, 3, 24], [0, 20, 32, 34, 22, 21, 23, 17, 36, 1, 6], [0, 11, 26], [0, 7, 8, 4, 16, 10, 27, 18]]

res = 833.205
res_int = 833.22
solution = [[0, 2, 19, 33, 25, 35, 14, 31, 37], [0, 13, 30, 15], [0, 5, 29, 28, 9, 12, 38, 3, 24], [0, 20, 32, 34, 22, 21, 23, 17, 36, 1, 6], [0, 11, 26], [0, 7, 8, 4, 16, 10, 27, 18]]

res = 833.205
res_int = 833.22
solution = [[0, 2, 19, 33, 25, 35, 14, 31, 37], [0, 13, 30, 15], [0, 20, 32, 34, 22, 21, 23, 17, 36, 1, 6], [0, 5, 29, 28, 9, 12, 38, 3, 24], [0, 11, 26], [0, 7, 8, 4, 16, 10, 27, 18]]

res = 833.205
res_int = 833.22
solution = [[0, 2, 19, 33, 25, 35, 14, 31, 37], [0, 13, 30, 15], [0, 20, 32, 34, 22, 21, 23, 17, 36, 1, 6], [0, 5, 29, 28, 9, 12, 38, 3, 24], [0, 11, 26], [0, 7, 8, 4, 16, 10, 27, 18]]

res = 833.205
res_int = 832.923
solution = [[0, 2, 19, 33, 25, 35, 14, 31, 37], [0, 13, 30, 15], [0, 20, 32, 34, 22, 21, 23, 17, 36, 1, 6], [0, 5, 29, 28, 9, 12, 38, 3, 24], [0, 26, 11], [0, 18, 27, 10, 16, 4, 8, 7]]

res = 833.205
res_int = 832.923
solution = [[0, 2, 19, 33, 25, 35, 14, 31, 37], [0, 13, 30, 15], [0, 20, 32, 34, 22, 21, 23, 17, 36, 1, 6], [0, 5, 29, 28, 9, 12, 38, 3, 24], [0, 26, 11], [0, 18, 27, 10, 16, 4, 8, 7]]

res = 833.205
res_int = 832.858
solution = [[0, 2, 19, 33, 25, 35, 14, 31, 37], [0, 13, 30, 15], [0, 24, 3, 38, 12, 9, 28, 29, 5], [0, 6, 1, 36, 17, 23, 21, 22, 34, 32, 20], [0, 26, 11], [0, 18, 27, 10, 16, 4, 8, 7]]

res = 833.205
res_int = 832.932
solution = [[0, 2, 19, 33, 25, 35, 14, 31, 37], [0, 13, 30, 15], [0, 24, 3, 38, 12, 9, 28, 29, 5], [0, 20, 32, 34, 22, 21, 23, 17, 36, 1, 6], [0, 11, 26], [0, 7, 8, 4, 16, 10, 27, 18]]

res = 833.205
res_int = 832.851
solution = [[0, 2, 19, 33, 25, 35, 14, 31, 37], [0, 13, 30, 15], [0, 24, 3, 38, 12, 9, 28, 29, 5], [0, 20, 32, 34, 22, 21, 23, 17, 36, 1, 6], [0, 11, 26], [0, 18, 27, 10, 16, 4, 8, 7]]

res = 833.205
res_int = 832.636
solution = [[0, 2, 19, 33, 25, 35, 14, 31, 37], [0, 13, 30, 15], [0, 24, 3, 38, 12, 9, 28, 29, 5], [0, 20, 32, 34, 22, 21, 23, 17, 36, 1, 6], [0, 26, 11], [0, 18, 27, 10, 16, 4, 8, 7]]

Mean = 833.2046053523984
Execution = 2116.9879474639893

Instance : A-n44-k06.xml

res = 943.02
res_int = 942.918
solution = [[0, 30, 1, 35, 18, 20, 16, 26], [0, 22, 36, 9, 38, 13, 14, 41, 2], [0, 6, 3, 12, 39, 34, 4, 31], [0, 25, 29, 43, 40, 23, 17], [0, 24, 33, 10, 11, 37, 42, 32, 21, 5, 15], [0, 7, 28, 27, 19, 8]]

res = 943.02
res_int = 942.918
solution = [[0, 22, 36, 9, 38, 13, 14, 41, 2], [0, 25, 29, 43, 40, 23, 17], [0, 6, 3, 12, 39, 34, 4, 31], [0, 7, 28, 27, 19, 8], [0, 30, 1, 35, 18, 20, 16, 26], [0, 24, 33, 10, 11, 37, 42, 32, 21, 5, 15]]

res = 943.02
res_int = 942.918
solution = [[0, 22, 36, 9, 38, 13, 14, 41, 2], [0, 25, 29, 43, 40, 23, 17], [0, 7, 28, 27, 19, 8], [0, 6, 3, 12, 39, 34, 4, 31], [0, 30, 1, 35, 18, 20, 16, 26], [0, 24, 33, 10, 11, 37, 42, 32, 21, 5, 15]]

res = 943.02
res_int = 942.918
solution = [[0, 30, 1, 35, 18, 20, 16, 26], [0, 22, 36, 9, 38, 13, 14, 41, 2], [0, 25, 29, 43, 40, 23, 17], [0, 6, 3, 12, 39, 34, 4, 31], [0, 24, 33, 10, 11, 37, 42, 32, 21, 5, 15], [0, 7, 28, 27, 19, 8]]

res = 946.276
res_int = 945.017
solution = [[0, 22, 36, 9, 38, 13, 14, 41, 2], [0, 12, 30, 23, 40, 29, 25], [0, 39, 16, 20, 18, 35, 1, 43], [0, 19, 33, 24, 27, 28, 15, 8], [0, 26, 10, 11, 37, 42, 32, 21, 5, 7], [0, 6, 3, 17, 34, 4, 31]]

res = 946.276
res_int = 944.775
solution = [[0, 22, 36, 9, 38, 13, 14, 41, 2], [0, 8, 15, 28, 27, 24, 33, 19], [0, 43, 1, 35, 18, 20, 16, 39], [0, 12, 30, 23, 40, 29, 25], [0, 26, 10, 11, 37, 42, 32, 21, 5, 7], [0, 6, 3, 17, 34, 4, 31]]

res = 946.276
res_int = 945.32
solution = [[0, 22, 36, 9, 38, 13, 14, 41, 2], [0, 19, 33, 24, 27, 28, 15, 8], [0, 6, 3, 17, 34, 4, 31], [0, 12, 30, 23, 40, 29, 25], [0, 43, 1, 35, 18, 20, 16, 39], [0, 26, 10, 11, 37, 42, 32, 21, 5, 7]]

res = 949.711
res_int = 948.756
solution = [[0, 30, 1, 35, 18, 20, 16, 39], [0, 6, 3, 17, 34, 4, 31], [0, 19, 33, 24, 27, 28, 15, 8], [0, 26, 10, 11, 37, 42, 32, 21, 5, 7], [0, 22, 36, 9, 38, 13, 14, 41, 2], [0, 12, 23, 40, 43, 29, 25]]

res = 949.711
res_int = 948.551
solution = [[0, 30, 1, 35, 18, 20, 16, 39], [0, 6, 3, 17, 34, 4, 31], [0, 19, 33, 24, 27, 28, 15, 8], [0, 26, 10, 11, 37, 42, 32, 21, 5, 7], [0, 22, 36, 9, 38, 13, 14, 41, 2], [0, 25, 29, 43, 40, 23, 12]]

res = 949.711
res_int = 948.91
solution = [[0, 39, 16, 20, 18, 35, 1, 30], [0, 6, 3, 17, 34, 4, 31], [0, 19, 33, 24, 27, 28, 15, 8], [0, 26, 10, 11, 37, 42, 32, 21, 5, 7], [0, 22, 36, 9, 38, 13, 14, 41, 2], [0, 25, 29, 43, 40, 23, 12]]

Mean = 946.0040059438203
Execution = 1587.967999458313

Instance : A-n45-k06.xml

res = 955.997
res_int = 956.344
solution = [[0, 27, 18, 17, 43, 29, 26], [0, 11, 40, 30, 19, 34, 37, 24], [0, 14, 31, 35, 1, 44, 6], [0, 28, 7, 13, 15, 25, 2, 38], [0, 23], [0, 12, 39, 36, 42, 4, 16, 22, 9], [0, 32, 20, 5, 21, 33, 41, 8, 10, 3]]

res = 957.059
res_int = 957.651
solution = [[0, 13, 17, 18, 43, 29], [0, 37, 34, 19, 30, 40, 11, 27, 26, 23], [0, 12, 39, 36, 42, 4, 16, 22, 9], [0, 3, 10, 8, 41, 33, 21, 5, 20, 32], [0, 14, 35, 31, 38, 2, 25, 15], [0, 1, 44, 6, 24, 7, 28]]

res = 959.77
res_int = 959.106
solution = [[0, 27, 18, 17, 43, 29, 26], [0, 24, 37, 34, 19, 30, 40, 11], [0, 3, 10, 8, 41, 33, 21, 5, 20, 32], [0, 6, 44, 1, 14, 35, 31], [0, 12, 39, 36, 42, 4, 16, 22, 9], [0, 38, 2, 25, 15, 13, 7, 28], [0, 23]]

res = 961.779
res_int = 961.89
solution = [[0, 11, 40, 30, 19, 34, 37, 24], [0, 2, 25, 12, 39, 36, 42, 4, 16, 9, 23], [0, 14, 31, 35, 1, 44, 6], [0, 27, 18, 17, 43, 29, 26], [0, 38], [0, 28, 7, 13, 22, 15], [0, 3, 10, 8, 41, 33, 21, 5, 20, 32]]

res = 961.779
res_int = 961.743
solution = [[0, 27, 18, 17, 43, 29, 26], [0, 2, 25, 12, 39, 36, 42, 4, 16, 9, 23], [0, 24, 37, 34, 19, 30, 40, 11], [0, 6, 44, 1, 35, 31, 14], [0, 38], [0, 28, 7, 13, 22, 15], [0, 3, 10, 8, 41, 33, 21, 5, 20, 32]]

res = 961.779
res_int = 961.743
solution = [[0, 27, 18, 17, 43, 29, 26], [0, 2, 25, 12, 39, 36, 42, 4, 16, 9, 23], [0, 24, 37, 34, 19, 30, 40, 11], [0, 6, 44, 1, 35, 31, 14], [0, 38], [0, 28, 7, 13, 22, 15], [0, 3, 10, 8, 41, 33, 21, 5, 20, 32]]

res = 961.779
res_int = 961.743
solution = [[0, 27, 18, 17, 43, 29, 26], [0, 24, 37, 34, 19, 30, 40, 11], [0, 6, 44, 1, 35, 31, 14], [0, 28, 7, 13, 22, 15], [0, 2, 25, 12, 39, 36, 42, 4, 16, 9, 23], [0, 3, 10, 8, 41, 33, 21, 5, 20, 32], [0, 38]]

res = 961.779
res_int = 962.425
solution = [[0, 2, 25, 12, 39, 36, 42, 4, 16, 9, 23], [0, 27, 18, 17, 43, 29, 26], [0, 11, 40, 30, 19, 34, 37, 24], [0, 28, 7, 13, 22, 15], [0, 3, 10, 8, 41, 33, 21, 5, 20, 32], [0, 6, 44, 1, 35, 31, 14], [0, 38]]

res = 961.779
res_int = 961.89
solution = [[0, 2, 25, 12, 39, 36, 42, 4, 16, 9, 23], [0, 27, 18, 17, 43, 29, 26], [0, 11, 40, 30, 19, 34, 37, 24], [0, 28, 7, 13, 22, 15], [0, 3, 10, 8, 41, 33, 21, 5, 20, 32], [0, 14, 31, 35, 1, 44, 6], [0, 38]]

res = 961.779
res_int = 962.425
solution = [[0, 11, 40, 30, 19, 34, 37, 24], [0, 2, 25, 12, 39, 36, 42, 4, 16, 9, 23], [0, 27, 18, 17, 43, 29, 26], [0, 28, 7, 13, 22, 15], [0, 3, 10, 8, 41, 33, 21, 5, 20, 32], [0, 6, 44, 1, 35, 31, 14], [0, 38]]

Mean = 960.528167370527
Execution = 2300.52272605896

Instance : A-n45-k07.xml

res = 1150.217
res_int = 1151.009
solution = [[0, 22, 5, 30, 37, 1, 42], [0, 31, 36, 19, 29, 33], [0, 32, 9, 14, 44, 24, 21, 26], [0, 27, 41, 43, 11, 3, 28, 6, 2], [0, 13, 38, 17, 23, 25, 15, 10, 8], [0, 18, 7, 16, 20, 40], [0, 39, 35, 34, 4, 12]]

res = 1156.009
res_int = 1155.693
solution = [[0, 31, 19, 36, 29, 41, 27], [0, 8, 10, 15, 25, 23, 17, 38, 13], [0, 9, 14, 33, 44, 24, 21], [0, 40, 20, 16, 7, 18, 32], [0, 42, 1, 37, 30, 5, 22], [0, 4, 11, 43, 3, 28, 6, 2], [0, 35, 39, 34, 26, 12]]

res = 1156.009
res_int = 1155.568
solution = [[0, 31, 19, 36, 29, 41, 27], [0, 22, 5, 30, 37, 1, 42], [0, 8, 10, 15, 25, 23, 17, 38, 13], [0, 40, 20, 16, 7, 18, 32], [0, 21, 24, 44, 33, 14, 9], [0, 4, 11, 43, 3, 28, 6, 2], [0, 35, 39, 34, 26, 12]]

res = 1156.009
res_int = 1155.568
solution = [[0, 31, 19, 36, 29, 41, 27], [0, 22, 5, 30, 37, 1, 42], [0, 8, 10, 15, 25, 23, 17, 38, 13], [0, 40, 20, 16, 7, 18, 32], [0, 21, 24, 44, 33, 14, 9], [0, 4, 11, 43, 3, 28, 6, 2], [0, 39, 35, 34, 26, 12]]

res = 1156.273
res_int = 1156.725
solution = [[0, 31, 19, 36, 29, 41, 27], [0, 22, 5, 30, 37, 1, 42], [0, 40, 20, 16, 7, 18, 13, 32], [0, 38, 17, 23, 25, 15, 10, 8], [0, 21, 24, 44, 33, 14, 9], [0, 2, 6, 28, 3, 43, 11, 4], [0, 39, 35, 34, 26, 12]]

res = 1156.273
res_int = 1155.843
solution = [[0, 31, 19, 36, 29, 41, 27], [0, 21, 24, 44, 33, 14, 9], [0, 22, 5, 30, 37, 1, 42], [0, 40, 20, 16, 7, 18, 13, 32], [0, 38, 17, 23, 25, 15, 10, 8], [0, 4, 11, 43, 3, 28, 6, 2], [0, 12, 26, 34, 39, 35]]

res = 1156.273
res_int = 1156.181
solution = [[0, 31, 19, 36, 29, 41, 27], [0, 9, 14, 33, 44, 24, 21], [0, 22, 5, 30, 37, 1, 42], [0, 40, 20, 16, 7, 18, 13, 32], [0, 38, 17, 23, 25, 15, 10, 8], [0, 4, 11, 43, 3, 28, 6, 2], [0, 35, 39, 34, 26, 12]]

res = 1156.273
res_int = 1156.282
solution = [[0, 31, 19, 36, 29, 41, 27], [0, 21, 24, 44, 33, 14, 9], [0, 38, 17, 23, 25, 15, 10, 8], [0, 22, 5, 30, 37, 1, 42], [0, 40, 20, 16, 7, 18, 13, 32], [0, 4, 11, 43, 3, 28, 6, 2], [0, 39, 35, 34, 26, 12]]

res = 1156.273
res_int = 1156.282
solution = [[0, 31, 19, 36, 29, 41, 27], [0, 38, 17, 23, 25, 15, 10, 8], [0, 21, 24, 44, 33, 14, 9], [0, 40, 20, 16, 7, 18, 13, 32], [0, 22, 5, 30, 37, 1, 42], [0, 4, 11, 43, 3, 28, 6, 2], [0, 39, 35, 34, 26, 12]]

res = 1157.706
res_int = 1157.708
solution = [[0, 31, 19, 36, 29, 41, 27], [0, 8, 10, 15, 25, 23, 17, 38, 13], [0, 24, 44, 33, 14, 9], [0, 40, 20, 16, 7, 18, 32], [0, 22, 5, 30, 37, 1, 42], [0, 21, 11, 43, 3, 28, 6, 4], [0, 39, 35, 34, 26, 2, 12]]

Mean = 1155.7315495883122
Execution = 2256.8048996925354

Instance : A-n46-k07.xml

res = 917.724
res_int = 916.986
solution = [[0, 19, 15, 24, 16, 42, 33, 8], [0, 21, 29, 31, 34, 40, 1, 27, 20, 41, 28], [0, 44, 25, 18, 35, 12, 11], [0, 5, 32, 3, 22, 10, 7, 39, 36], [0, 23], [0, 13, 30, 2, 37, 4, 38], [0, 9, 17, 45, 6, 43, 26, 14]]

res = 917.724
res_int = 917.662
solution = [[0, 28, 41, 20, 27, 1, 40, 34, 31, 29, 21], [0, 23], [0, 8, 33, 42, 16, 24, 15, 19], [0, 44, 25, 18, 35, 12, 11], [0, 5, 32, 3, 22, 10, 7, 39, 36], [0, 13, 30, 2, 37, 4, 38], [0, 9, 17, 45, 6, 43, 26, 14]]

res = 917.907
res_int = 916.893
solution = [[0, 21, 29, 31, 34, 40, 1, 27, 20, 41, 28], [0, 14, 4, 30, 2, 37, 38], [0, 23], [0, 26, 13, 43, 6, 45, 17, 9], [0, 19, 15, 24, 16, 42, 33, 8], [0, 44, 25, 18, 35, 12, 11], [0, 5, 32, 3, 22, 10, 7, 39, 36]]

res = 918.127
res_int = 917.815
solution = [[0, 21, 29, 31, 34, 40, 1, 27, 20, 41, 28], [0, 17, 9], [0, 36, 39, 7, 10, 22, 3, 32, 5], [0, 8, 33, 42, 16, 24, 15, 19], [0, 44, 25, 18, 35, 12, 11], [0, 37, 2, 30, 4, 38], [0, 45, 6, 43, 13, 26, 14, 23]]

res = 918.127
res_int = 918.31
solution = [[0, 37, 2, 30, 4, 38], [0, 23, 14, 26, 13, 43, 6, 45], [0, 8, 33, 42, 16, 24, 15, 19], [0, 17, 9], [0, 28, 41, 20, 27, 1, 40, 34, 31, 29, 21], [0, 44, 25, 18, 35, 12, 11], [0, 5, 32, 3, 22, 10, 7, 39, 36]]

res = 918.127
res_int = 918.31
solution = [[0, 37, 2, 30, 4, 38], [0, 23, 14, 26, 13, 43, 6, 45], [0, 8, 33, 42, 16, 24, 15, 19], [0, 17, 9], [0, 28, 41, 20, 27, 1, 40, 34, 31, 29, 21], [0, 44, 25, 18, 35, 12, 11], [0, 5, 32, 3, 22, 10, 7, 39, 36]]

res = 918.127
res_int = 918.31
solution = [[0, 37, 2, 30, 4, 38], [0, 23, 14, 26, 13, 43, 6, 45], [0, 8, 33, 42, 16, 24, 15, 19], [0, 17, 9], [0, 28, 41, 20, 27, 1, 40, 34, 31, 29, 21], [0, 44, 25, 18, 35, 12, 11], [0, 5, 32, 3, 22, 10, 7, 39, 36]]

res = 918.127
res_int = 918.487
solution = [[0, 37, 2, 30, 4, 38], [0, 23, 14, 26, 13, 43, 6, 45], [0, 8, 33, 42, 16, 24, 15, 19], [0, 17, 9], [0, 28, 41, 20, 27, 1, 40, 34, 31, 29, 21], [0, 44, 25, 18, 35, 12, 11], [0, 36, 39, 7, 10, 22, 3, 32, 5]]

res = 918.127
res_int = 917.634
solution = [[0, 37, 2, 30, 4, 38], [0, 23, 14, 26, 13, 43, 6, 45], [0, 17, 9], [0, 21, 29, 31, 34, 40, 1, 27, 20, 41, 28], [0, 19, 15, 24, 16, 42, 33, 8], [0, 44, 25, 18, 35, 12, 11], [0, 5, 32, 3, 22, 10, 7, 39, 36]]

res = 918.127
res_int = 917.634
solution = [[0, 37, 2, 30, 4, 38], [0, 23, 14, 26, 13, 43, 6, 45], [0, 21, 29, 31, 34, 40, 1, 27, 20, 41, 28], [0, 17, 9], [0, 19, 15, 24, 16, 42, 33, 8], [0, 44, 25, 18, 35, 12, 11], [0, 5, 32, 3, 22, 10, 7, 39, 36]]

Mean = 918.0248113098444
Execution = 2163.6429691314697

Instance : A-n48-k07.xml

res = 1074.338
res_int = 1074.34
solution = [[0, 12, 5, 1, 31, 43, 23], [0, 41, 2, 10, 47, 17, 14], [0, 28, 29, 21, 30, 13, 46, 33, 16], [0, 37, 3, 20, 26, 39, 8, 7, 40], [0, 45, 27, 15, 42, 11, 4, 24, 9, 34], [0, 32, 36, 38, 19, 25, 22, 6], [0, 18, 35, 44]]

res = 1074.338
res_int = 1074.174
solution = [[0, 34, 9, 24, 4, 11, 42, 15, 27, 45], [0, 28, 29, 21, 30, 13, 46, 33, 16], [0, 41, 2, 10, 47, 17, 14], [0, 12, 5, 1, 31, 43, 23], [0, 37, 3, 20, 26, 39, 8, 7, 40], [0, 32, 36, 38, 19, 25, 22, 6], [0, 18, 35, 44]]

res = 1074.338
res_int = 1073.696
solution = [[0, 34, 9, 24, 4, 11, 42, 15, 27, 45], [0, 37, 3, 20, 26, 39, 8, 7, 40], [0, 16, 33, 46, 13, 30, 21, 29, 28], [0, 12, 5, 1, 31, 43, 23], [0, 41, 2, 10, 47, 17, 14], [0, 32, 36, 38, 19, 25, 22, 6], [0, 18, 35, 44]]

res = 1074.338
res_int = 1073.696
solution = [[0, 34, 9, 24, 4, 11, 42, 15, 27, 45], [0, 37, 3, 20, 26, 39, 8, 7, 40], [0, 16, 33, 46, 13, 30, 21, 29, 28], [0, 12, 5, 1, 31, 43, 23], [0, 41, 2, 10, 47, 17, 14], [0, 32, 36, 38, 19, 25, 22, 6], [0, 18, 35, 44]]

res = 1074.338
res_int = 1073.696
solution = [[0, 34, 9, 24, 4, 11, 42, 15, 27, 45], [0, 37, 3, 20, 26, 39, 8, 7, 40], [0, 16, 33, 46, 13, 30, 21, 29, 28], [0, 12, 5, 1, 31, 43, 23], [0, 41, 2, 10, 47, 17, 14], [0, 32, 36, 38, 19, 25, 22, 6], [0, 18, 35, 44]]

res = 1074.338
res_int = 1073.696
solution = [[0, 34, 9, 24, 4, 11, 42, 15, 27, 45], [0, 37, 3, 20, 26, 39, 8, 7, 40], [0, 16, 33, 46, 13, 30, 21, 29, 28], [0, 12, 5, 1, 31, 43, 23], [0, 41, 2, 10, 47, 17, 14], [0, 32, 36, 38, 19, 25, 22, 6], [0, 18, 35, 44]]

res = 1074.338
res_int = 1073.696
solution = [[0, 34, 9, 24, 4, 11, 42, 15, 27, 45], [0, 37, 3, 20, 26, 39, 8, 7, 40], [0, 16, 33, 46, 13, 30, 21, 29, 28], [0, 32, 36, 38, 19, 25, 22, 6], [0, 41, 2, 10, 47, 17, 14], [0, 12, 5, 1, 31, 43, 23], [0, 18, 35, 44]]

res = 1074.338
res_int = 1073.696
solution = [[0, 34, 9, 24, 4, 11, 42, 15, 27, 45], [0, 37, 3, 20, 26, 39, 8, 7, 40], [0, 16, 33, 46, 13, 30, 21, 29, 28], [0, 32, 36, 38, 19, 25, 22, 6], [0, 41, 2, 10, 47, 17, 14], [0, 12, 5, 1, 31, 43, 23], [0, 18, 35, 44]]

res = 1074.338
res_int = 1073.696
solution = [[0, 34, 9, 24, 4, 11, 42, 15, 27, 45], [0, 37, 3, 20, 26, 39, 8, 7, 40], [0, 16, 33, 46, 13, 30, 21, 29, 28], [0, 41, 2, 10, 47, 17, 14], [0, 12, 5, 1, 31, 43, 23], [0, 32, 36, 38, 19, 25, 22, 6], [0, 18, 35, 44]]

res = 1074.338
res_int = 1073.696
solution = [[0, 34, 9, 24, 4, 11, 42, 15, 27, 45], [0, 37, 3, 20, 26, 39, 8, 7, 40], [0, 16, 33, 46, 13, 30, 21, 29, 28], [0, 41, 2, 10, 47, 17, 14], [0, 12, 5, 1, 31, 43, 23], [0, 32, 36, 38, 19, 25, 22, 6], [0, 18, 35, 44]]

Mean = 1074.3378246899172
Execution = 1946.1855483055115

Instance : A-n53-k07.xml

res = 1020.152
res_int = 1019.293
solution = [[0, 11, 24, 41, 17, 9, 47], [0, 27, 35, 8, 46, 51], [0, 25, 21, 34, 52, 13, 14, 39], [0, 44, 29, 49, 10, 26, 40, 18, 38, 31], [0, 20, 6, 33, 3, 5], [0, 7, 12, 16, 32, 15, 19, 23, 42, 48, 4], [0, 28, 22, 45, 43, 50, 36, 2, 37, 30, 1]]

res = 1020.152
res_int = 1019.139
solution = [[0, 11, 24, 41, 17, 9, 47], [0, 27, 35, 8, 46, 51], [0, 25, 21, 34, 52, 13, 14, 39], [0, 20, 6, 33, 3, 5], [0, 7, 12, 16, 32, 15, 19, 23, 42, 48, 4], [0, 31, 38, 18, 40, 26, 10, 49, 29, 44], [0, 28, 22, 45, 43, 50, 36, 2, 37, 30, 1]]

res = 1020.152
res_int = 1019.305
solution = [[0, 25, 21, 34, 52, 13, 14, 39], [0, 20, 6, 33, 3, 5], [0, 51, 46, 8, 35, 27], [0, 24, 11, 41, 17, 9, 47], [0, 7, 12, 16, 32, 15, 19, 23, 42, 48, 4], [0, 44, 29, 49, 10, 26, 40, 18, 38, 31], [0, 28, 22, 45, 43, 50, 36, 2, 37, 30, 1]]

res = 1020.152
res_int = 1019.047
solution = [[0, 27, 35, 8, 46, 51], [0, 25, 21, 34, 52, 13, 14, 39], [0, 20, 6, 33, 3, 5], [0, 44, 29, 49, 10, 26, 40, 18, 38, 31], [0, 28, 22, 45, 43, 50, 36, 2, 37, 30, 1], [0, 7, 12, 16, 32, 15, 19, 23, 42, 48, 4], [0, 47, 9, 17, 41, 24, 11]]

res = 1020.618
res_int = 1019.737
solution = [[0, 11, 24, 41, 17, 9, 47], [0, 25, 21, 34, 52, 13, 14, 39], [0, 20, 6, 33, 3, 5], [0, 48, 42, 23, 19, 15, 32, 16, 12, 7], [0, 27, 35, 8, 46, 51], [0, 44, 29, 49, 10, 26, 40, 18, 38, 31], [0, 4, 28, 22, 45, 43, 50, 36, 2, 37, 30, 1]]

res = 1020.618
res_int = 1019.749
solution = [[0, 11, 24, 41, 17, 9, 47], [0, 25, 21, 34, 52, 13, 14, 39], [0, 20, 6, 33, 3, 5], [0, 48, 42, 23, 19, 15, 32, 16, 12, 7], [0, 51, 46, 8, 35, 27], [0, 44, 29, 49, 10, 26, 40, 18, 38, 31], [0, 4, 28, 22, 45, 43, 50, 36, 2, 37, 30, 1]]

res = 1020.618
res_int = 1019.749
solution = [[0, 11, 24, 41, 17, 9, 47], [0, 25, 21, 34, 52, 13, 14, 39], [0, 48, 42, 23, 19, 15, 32, 16, 12, 7], [0, 20, 6, 33, 3, 5], [0, 51, 46, 8, 35, 27], [0, 44, 29, 49, 10, 26, 40, 18, 38, 31], [0, 4, 28, 22, 45, 43, 50, 36, 2, 37, 30, 1]]

res = 1020.618
res_int = 1019.737
solution = [[0, 11, 24, 41, 17, 9, 47], [0, 27, 35, 8, 46, 51], [0, 25, 21, 34, 52, 13, 14, 39], [0, 44, 29, 49, 10, 26, 40, 18, 38, 31], [0, 20, 6, 33, 3, 5], [0, 48, 42, 23, 19, 15, 32, 16, 12, 7], [0, 4, 28, 22, 45, 43, 50, 36, 2, 37, 30, 1]]

res = 1020.618
res_int = 1019.737
solution = [[0, 20, 6, 33, 3, 5], [0, 27, 35, 8, 46, 51], [0, 48, 42, 23, 19, 15, 32, 16, 12, 7], [0, 24, 11, 41, 17, 9, 47], [0, 25, 21, 34, 52, 13, 14, 39], [0, 44, 29, 49, 10, 26, 40, 18, 38, 31], [0, 4, 28, 22, 45, 43, 50, 36, 2, 37, 30, 1]]

res = 1020.618
res_int = 1019.701
solution = [[0, 25, 21, 34, 52, 13, 14, 39], [0, 20, 6, 33, 3, 5], [0, 51, 46, 8, 35, 27], [0, 48, 42, 23, 19, 15, 32, 16, 12, 7], [0, 47, 9, 17, 41, 24, 11], [0, 44, 29, 49, 10, 26, 40, 18, 38, 31], [0, 1, 30, 37, 2, 36, 50, 43, 45, 22, 28, 4]]

Mean = 1020.4314941735711
Execution = 2693.0160143375397

Instance : A-n54-k07.xml

res = 1174.62
res_int = 1175.284
solution = [[0, 19, 8, 31, 40, 48, 37, 12], [0, 11, 38, 9, 33, 21, 45, 26, 15, 35], [0, 18, 5, 50, 39, 7, 28, 4, 43], [0, 23, 29, 10, 17, 1, 36, 49, 20], [0, 30, 25, 47, 51, 24, 42, 46, 41, 34, 52], [0, 13, 22, 3, 53, 44], [0, 32, 14, 2, 27, 6, 16]]

res = 1176.205
res_int = 1176.03
solution = [[0, 19, 8, 31, 40, 48, 37, 12], [0, 20, 49, 36, 1, 17, 10, 29, 23], [0, 16, 6, 27, 2, 14, 32], [0, 30, 25, 47, 51, 24, 42, 46, 41, 34, 52], [0, 18, 5, 50, 39, 7, 28, 4, 43], [0, 53, 22, 3, 44], [0, 13, 11, 38, 9, 33, 21, 45, 26, 15, 35]]

res = 1176.205
res_int = 1177.233
solution = [[0, 44, 3, 22, 53], [0, 19, 8, 31, 40, 48, 37, 12], [0, 13, 11, 38, 9, 33, 21, 45, 26, 15, 35], [0, 23, 29, 10, 17, 1, 36, 49, 20], [0, 18, 5, 50, 39, 7, 28, 4, 43], [0, 30, 25, 47, 51, 24, 42, 46, 41, 34, 52], [0, 16, 6, 27, 2, 14, 32]]

res = 1176.205
res_int = 1175.967
solution = [[0, 44, 3, 22, 53], [0, 19, 8, 31, 40, 48, 37, 12], [0, 20, 49, 36, 1, 17, 10, 29, 23], [0, 18, 5, 50, 39, 7, 28, 4, 43], [0, 13, 11, 38, 9, 33, 21, 45, 26, 15, 35], [0, 52, 34, 41, 46, 42, 24, 51, 47, 25, 30], [0, 32, 14, 2, 27, 6, 16]]

res = 1176.205
res_int = 1176.068
solution = [[0, 53, 22, 3, 44], [0, 19, 8, 31, 40, 48, 37, 12], [0, 13, 11, 38, 9, 33, 21, 45, 26, 15, 35], [0, 18, 5, 50, 39, 7, 28, 4, 43], [0, 20, 49, 36, 1, 17, 10, 29, 23], [0, 30, 25, 47, 51, 24, 42, 46, 41, 34, 52], [0, 32, 14, 2, 27, 6, 16]]

res = 1176.205
res_int = 1176.868
solution = [[0, 53, 22, 3, 44], [0, 19, 8, 31, 40, 48, 37, 12], [0, 13, 11, 38, 9, 33, 21, 45, 26, 15, 35], [0, 18, 5, 50, 39, 7, 28, 4, 43], [0, 23, 29, 10, 17, 1, 36, 49, 20], [0, 30, 25, 47, 51, 24, 42, 46, 41, 34, 52], [0, 32, 14, 2, 27, 6, 16]]

res = 1176.205
res_int = 1176.03
solution = [[0, 53, 22, 3, 44], [0, 19, 8, 31, 40, 48, 37, 12], [0, 13, 11, 38, 9, 33, 21, 45, 26, 15, 35], [0, 20, 49, 36, 1, 17, 10, 29, 23], [0, 18, 5, 50, 39, 7, 28, 4, 43], [0, 30, 25, 47, 51, 24, 42, 46, 41, 34, 52], [0, 16, 6, 27, 2, 14, 32]]

res = 1176.205
res_int = 1176.03
solution = [[0, 53, 22, 3, 44], [0, 19, 8, 31, 40, 48, 37, 12], [0, 13, 11, 38, 9, 33, 21, 45, 26, 15, 35], [0, 20, 49, 36, 1, 17, 10, 29, 23], [0, 18, 5, 50, 39, 7, 28, 4, 43], [0, 30, 25, 47, 51, 24, 42, 46, 41, 34, 52], [0, 16, 6, 27, 2, 14, 32]]

res = 1176.205
res_int = 1176.83
solution = [[0, 53, 22, 3, 44], [0, 19, 8, 31, 40, 48, 37, 12], [0, 13, 11, 38, 9, 33, 21, 45, 26, 15, 35], [0, 23, 29, 10, 17, 1, 36, 49, 20], [0, 18, 5, 50, 39, 7, 28, 4, 43], [0, 30, 25, 47, 51, 24, 42, 46, 41, 34, 52], [0, 16, 6, 27, 2, 14, 32]]

res = 1176.205
res_int = 1176.068
solution = [[0, 53, 22, 3, 44], [0, 19, 8, 31, 40, 48, 37, 12], [0, 20, 49, 36, 1, 17, 10, 29, 23], [0, 18, 5, 50, 39, 7, 28, 4, 43], [0, 13, 11, 38, 9, 33, 21, 45, 26, 15, 35], [0, 30, 25, 47, 51, 24, 42, 46, 41, 34, 52], [0, 32, 14, 2, 27, 6, 16]]

Mean = 1176.0461032859678
Execution = 2657.492621421814

Instance : A-n55-k09.xml

res = 1074.959
res_int = 1075.759
solution = [[0, 28, 54, 13, 27, 19, 22, 30], [0, 47, 39, 49, 9, 35, 43], [0, 26, 46, 20, 31, 42, 7, 4], [0, 12, 10, 5, 53, 40, 16, 38, 32], [0, 21, 8, 41, 25], [0, 14, 17, 34, 3, 37], [0, 15, 11, 51, 2, 33, 36], [0, 18, 48, 50, 44, 24, 52, 23], [0, 6, 45, 1, 29]]

res = 1074.959
res_int = 1075.223
solution = [[0, 6, 45, 1, 29], [0, 11, 15, 51, 2, 33, 36], [0, 32, 38, 16, 40, 53, 5, 10, 12], [0, 28, 54, 13, 27, 19, 22, 30], [0, 21, 8, 41, 25], [0, 14, 17, 34, 3, 37], [0, 26, 46, 20, 31, 42, 7, 4], [0, 43, 35, 9, 49, 39, 47], [0, 18, 48, 50, 44, 24, 52, 23]]

res = 1074.959
res_int = 1074.754
solution = [[0, 6, 45, 1, 29], [0, 18, 48, 50, 44, 24, 52, 23], [0, 28, 54, 13, 27, 19, 22, 30], [0, 4, 7, 42, 31, 20, 46, 26], [0, 43, 35, 9, 49, 39, 47], [0, 11, 15, 51, 2, 33, 36], [0, 14, 17, 34, 3, 37], [0, 21, 8, 41, 25], [0, 12, 10, 5, 53, 40, 16, 38, 32]]

res = 1074.959
res_int = 1076.085
solution = [[0, 6, 45, 1, 29], [0, 23, 52, 24, 44, 50, 48, 18], [0, 12, 10, 5, 53, 40, 16, 38, 32], [0, 28, 54, 13, 27, 19, 22, 30], [0, 15, 11, 51, 2, 33, 36], [0, 14, 17, 34, 3, 37], [0, 26, 46, 20, 31, 42, 7, 4], [0, 21, 8, 41, 25], [0, 47, 39, 49, 9, 35, 43]]

res = 1074.959
res_int = 1075.759
solution = [[0, 6, 45, 1, 29], [0, 47, 39, 49, 9, 35, 43], [0, 26, 46, 20, 31, 42, 7, 4], [0, 28, 54, 13, 27, 19, 22, 30], [0, 14, 17, 34, 3, 37], [0, 15, 11, 51, 2, 33, 36], [0, 18, 48, 50, 44, 24, 52, 23], [0, 21, 8, 41, 25], [0, 12, 10, 5, 53, 40, 16, 38, 32]]

res = 1074.959
res_int = 1075.237
solution = [[0, 12, 10, 5, 53, 40, 16, 38, 32], [0, 18, 48, 50, 44, 24, 52, 23], [0, 28, 54, 13, 27, 19, 22, 30], [0, 6, 45, 1, 29], [0, 4, 7, 42, 31, 20, 46, 26], [0, 25, 41, 8, 21], [0, 47, 39, 49, 9, 35, 43], [0, 11, 15, 51, 2, 33, 36], [0, 37, 3, 34, 17, 14]]

res = 1074.959
res_int = 1075.919
solution = [[0, 29, 1, 45, 6], [0, 23, 52, 24, 44, 50, 48, 18], [0, 28, 54, 13, 27, 19, 22, 30], [0, 26, 46, 20, 31, 42, 7, 4], [0, 43, 35, 9, 49, 39, 47], [0, 14, 17, 34, 3, 37], [0, 11, 15, 51, 2, 33, 36], [0, 21, 8, 41, 25], [0, 12, 10, 5, 53, 40, 16, 38, 32]]

res = 1074.959
res_int = 1075.759
solution = [[0, 6, 45, 1, 29], [0, 18, 48, 50, 44, 24, 52, 23], [0, 28, 54, 13, 27, 19, 22, 30], [0, 15, 11, 51, 2, 33, 36], [0, 14, 17, 34, 3, 37], [0, 26, 46, 20, 31, 42, 7, 4], [0, 47, 39, 49, 9, 35, 43], [0, 21, 8, 41, 25], [0, 12, 10, 5, 53, 40, 16, 38, 32]]

res = 1074.959
res_int = 1075.759
solution = [[0, 6, 45, 1, 29], [0, 18, 48, 50, 44, 24, 52, 23], [0, 28, 54, 13, 27, 19, 22, 30], [0, 26, 46, 20, 31, 42, 7, 4], [0, 15, 11, 51, 2, 33, 36], [0, 14, 17, 34, 3, 37], [0, 47, 39, 49, 9, 35, 43], [0, 21, 8, 41, 25], [0, 12, 10, 5, 53, 40, 16, 38, 32]]

res = 1074.959
res_int = 1076.032
solution = [[0, 6, 45, 1, 29], [0, 23, 52, 24, 44, 50, 48, 18], [0, 28, 54, 13, 27, 19, 22, 30], [0, 47, 39, 49, 9, 35, 43], [0, 26, 46, 20, 31, 42, 7, 4], [0, 37, 3, 34, 17, 14], [0, 11, 15, 51, 2, 33, 36], [0, 32, 38, 16, 40, 53, 5, 10, 12], [0, 25, 41, 8, 21]]

Mean = 1074.9588506698994
Execution = 3405.4590752124786

Instance : A-n60-k09.xml

res = 1359.082
res_int = 1358.708
solution = [[0, 42, 45, 5, 54, 10], [0, 32, 9, 51, 12, 43, 56], [0, 7, 29, 13, 8, 15, 55, 35], [0, 50, 39, 26, 17, 37, 57, 27, 19], [0, 41, 33, 38, 59, 52, 18], [0, 2, 1, 48, 22, 36, 31], [0, 14, 47, 23, 58, 24, 34], [0, 4, 21, 53, 30, 49, 44, 28, 6], [0, 16, 20, 3, 11, 40, 46, 25]]

res = 1359.082
res_int = 1359.321
solution = [[0, 42, 45, 5, 54, 10], [0, 32, 9, 51, 12, 43, 56], [0, 7, 29, 13, 8, 15, 55, 35], [0, 50, 39, 26, 17, 37, 57, 27, 19], [0, 34, 24, 58, 23, 47, 14], [0, 18, 52, 59, 38, 33, 41], [0, 4, 21, 53, 30, 49, 44, 28, 6], [0, 25, 46, 40, 11, 3, 20, 16], [0, 2, 1, 48, 22, 36, 31]]

res = 1359.082
res_int = 1358.824
solution = [[0, 42, 45, 5, 54, 10], [0, 32, 9, 51, 12, 43, 56], [0, 35, 55, 15, 8, 13, 29, 7], [0, 50, 39, 26, 17, 37, 57, 27, 19], [0, 34, 24, 58, 23, 47, 14], [0, 41, 33, 38, 59, 52, 18], [0, 4, 21, 53, 30, 49, 44, 28, 6], [0, 25, 46, 40, 11, 3, 20, 16], [0, 2, 1, 48, 22, 36, 31]]

res = 1359.082
res_int = 1358.349
solution = [[0, 42, 45, 5, 54, 10], [0, 32, 9, 51, 12, 43, 56], [0, 50, 39, 26, 17, 37, 57, 27, 19], [0, 14, 47, 23, 58, 24, 34], [0, 41, 33, 38, 59, 52, 18], [0, 7, 29, 13, 8, 15, 55, 35], [0, 4, 21, 53, 30, 49, 44, 28, 6], [0, 2, 1, 48, 22, 36, 31], [0, 25, 46, 40, 11, 3, 20, 16]]

res = 1359.082
res_int = 1358.977
solution = [[0, 42, 45, 5, 54, 10], [0, 32, 9, 51, 12, 43, 56], [0, 7, 29, 13, 8, 15, 55, 35], [0, 2, 1, 48, 22, 36, 31], [0, 50, 39, 26, 17, 37, 57, 27, 19], [0, 41, 33, 38, 59, 52, 18], [0, 4, 21, 53, 30, 49, 44, 28, 6], [0, 34, 24, 58, 23, 47, 14], [0, 25, 46, 40, 11, 3, 20, 16]]

res = 1359.082
res_int = 1359.68
solution = [[0, 42, 45, 5, 54, 10], [0, 32, 9, 51, 12, 43, 56], [0, 7, 29, 13, 8, 15, 55, 35], [0, 34, 24, 58, 23, 47, 14], [0, 50, 39, 26, 17, 37, 57, 27, 19], [0, 2, 1, 48, 22, 36, 31], [0, 4, 21, 53, 30, 49, 44, 28, 6], [0, 18, 52, 59, 38, 33, 41], [0, 16, 20, 3, 11, 40, 46, 25]]

res = 1359.082
res_int = 1359.96
solution = [[0, 42, 45, 5, 54, 10], [0, 32, 9, 51, 12, 43, 56], [0, 7, 29, 13, 8, 15, 55, 35], [0, 50, 39, 26, 17, 37, 57, 27, 19], [0, 34, 24, 58, 23, 47, 14], [0, 31, 36, 22, 48, 1, 2], [0, 4, 21, 53, 30, 49, 44, 28, 6], [0, 18, 52, 59, 38, 33, 41], [0, 16, 20, 3, 11, 40, 46, 25]]

res = 1359.082
res_int = 1358.835
solution = [[0, 42, 45, 5, 54, 10], [0, 32, 9, 51, 12, 43, 56], [0, 50, 39, 26, 17, 37, 57, 27, 19], [0, 14, 47, 23, 58, 24, 34], [0, 31, 36, 22, 48, 1, 2], [0, 4, 21, 53, 30, 49, 44, 28, 6], [0, 35, 55, 15, 8, 13, 29, 7], [0, 41, 33, 38, 59, 52, 18], [0, 16, 20, 3, 11, 40, 46, 25]]

res = 1363.876
res_int = 1363.063
solution = [[0, 42, 45, 5, 54, 10], [0, 32, 9, 51, 12, 43, 56], [0, 7, 29, 13, 8, 15, 55, 35], [0, 50, 39, 26, 17, 37, 57, 27, 19], [0, 14, 47, 23, 24, 34], [0, 41, 33, 38, 59, 52, 18], [0, 2, 1, 36, 22, 48, 58], [0, 31, 53, 30, 49, 44, 28, 6], [0, 25, 46, 40, 11, 21, 4, 3, 20, 16]]

res = 1363.876
res_int = 1363.692
solution = [[0, 42, 45, 5, 54, 10], [0, 32, 9, 51, 12, 43, 56], [0, 7, 29, 13, 8, 15, 55, 35], [0, 50, 39, 26, 17, 37, 57, 27, 19], [0, 2, 1, 36, 22, 48, 58], [0, 41, 33, 38, 59, 52, 18], [0, 25, 46, 40, 11, 21, 4, 3, 20, 16], [0, 31, 53, 30, 49, 44, 28, 6], [0, 34, 24, 23, 47, 14]]

Mean = 1360.0410643910247
Execution = 2878.2332906723022

Instance : A-n61-k09.xml

res = 1040.347
res_int = 1040.551
solution = [[0, 24, 10, 59, 45, 37, 30, 42, 33], [0, 17, 57, 52, 31, 11, 60, 28, 39], [0, 3, 38, 15], [0, 14, 7, 23, 55, 50], [0, 58, 29, 36, 21, 27, 56, 47, 51], [0, 34, 35, 18, 48, 16, 1, 44], [0, 43, 32, 26, 4, 22, 12, 13], [0, 9], [0, 41, 5, 54, 46, 2, 49], [0, 25, 20, 6, 53, 8, 40, 19]]

res = 1042.346
res_int = 1043.386
solution = [[0, 3, 38, 15], [0, 30, 37, 45, 59, 24, 19], [0, 10, 49, 2, 46, 54, 5, 40], [0, 12, 22, 4, 26, 43, 32, 42, 33], [0, 34, 35, 18, 48, 16, 1, 44, 39], [0, 17, 57, 52, 31, 11, 60, 28], [0, 14, 7, 23, 55], [0, 13, 50], [0, 53, 8, 41, 6, 20, 25, 51], [0, 58, 29, 36, 21, 27, 56, 47, 9]]

res = 1043.881
res_int = 1043.692
solution = [[0, 10, 2, 46, 54, 5, 8, 40], [0, 25, 20, 6, 41, 53, 24, 19], [0, 51, 47, 56, 27, 21, 36, 29, 58], [0, 34, 35, 18, 48, 16, 1, 44, 39], [0, 3, 38, 15], [0, 33, 42, 32, 43, 26, 4, 22, 12], [0, 7, 23, 55, 50, 13, 9], [0, 28, 60, 11, 31, 52, 57, 17], [0, 49, 59, 45, 37, 30, 14]]

res = 1043.881
res_int = 1044.32
solution = [[0, 10, 2, 46, 54, 5, 8, 40], [0, 25, 20, 6, 41, 53, 24, 19], [0, 58, 29, 36, 21, 27, 56, 47, 51], [0, 3, 38, 15], [0, 33, 42, 32, 43, 26, 4, 22, 12], [0, 17, 57, 52, 31, 11, 60, 28], [0, 14, 30, 37, 45, 59, 49], [0, 34, 35, 18, 48, 16, 1, 44, 39], [0, 9, 13, 50, 55, 7, 23]]

res = 1043.881
res_int = 1043.654
solution = [[0, 10, 2, 46, 54, 5, 8, 40], [0, 28, 60, 11, 31, 52, 57, 17], [0, 25, 20, 6, 41, 53, 24, 19], [0, 33, 42, 32, 43, 26, 4, 22, 12], [0, 58, 29, 36, 21, 27, 56, 47, 51], [0, 34, 35, 18, 48, 16, 1, 44, 39], [0, 3, 38, 15], [0, 7, 23, 55, 50, 13, 9], [0, 49, 59, 45, 37, 30, 14]]

res = 1043.881
res_int = 1043.239
solution = [[0, 10, 2, 46, 54, 5, 8, 40], [0, 28, 60, 11, 31, 52, 57, 17], [0, 25, 20, 6, 41, 53, 24, 19], [0, 58, 29, 36, 21, 27, 56, 47, 51], [0, 34, 35, 18, 48, 16, 1, 44, 39], [0, 15, 38, 3], [0, 23, 7, 55, 50, 13, 9], [0, 33, 42, 32, 43, 26, 4, 22, 12], [0, 49, 59, 45, 37, 30, 14]]

res = 1043.881
res_int = 1043.654
solution = [[0, 10, 2, 46, 54, 5, 8, 40], [0, 28, 60, 11, 31, 52, 57, 17], [0, 33, 42, 32, 43, 26, 4, 22, 12], [0, 3, 38, 15], [0, 25, 20, 6, 41, 53, 24, 19], [0, 49, 59, 45, 37, 30, 14], [0, 9, 13, 50, 55, 7, 23], [0, 58, 29, 36, 21, 27, 56, 47, 51], [0, 34, 35, 18, 48, 16, 1, 44, 39]]

res = 1043.881
res_int = 1043.976
solution = [[0, 25, 20, 6, 41, 53, 24, 19], [0, 51, 47, 56, 27, 21, 36, 29, 58], [0, 3, 38, 15], [0, 34, 35, 18, 48, 16, 1, 44, 39], [0, 10, 2, 46, 54, 5, 8, 40], [0, 17, 57, 52, 31, 11, 60, 28], [0, 33, 42, 32, 43, 26, 4, 22, 12], [0, 49, 59, 45, 37, 30, 14], [0, 23, 7, 55, 50, 13, 9]]

res = 1043.881
res_int = 1043.662
solution = [[0, 25, 20, 6, 41, 53, 24, 19], [0, 58, 29, 36, 21, 27, 56, 47, 51], [0, 34, 35, 18, 48, 16, 1, 44, 39], [0, 3, 38, 15], [0, 40, 8, 5, 54, 46, 2, 10], [0, 28, 60, 11, 31, 52, 57, 17], [0, 49, 59, 45, 37, 30, 14], [0, 7, 23, 55, 50, 13, 9], [0, 33, 42, 32, 43, 26, 4, 22, 12]]

res = 1043.881
res_int = 1043.239
solution = [[0, 28, 60, 11, 31, 52, 57, 17], [0, 15, 38, 3], [0, 34, 35, 18, 48, 16, 1, 44, 39], [0, 10, 2, 46, 54, 5, 8, 40], [0, 23, 7, 55, 50, 13, 9], [0, 33, 42, 32, 43, 26, 4, 22, 12], [0, 49, 59, 45, 37, 30, 14], [0, 25, 20, 6, 41, 53, 24, 19], [0, 58, 29, 36, 21, 27, 56, 47, 51]]

Mean = 1043.3739320576658
Execution = 3447.591691970825

Instance : A-n62-k08.xml

res = 1318.438
res_int = 1317.955
solution = [[0, 54, 42, 3, 24, 47, 45], [0, 39, 27, 23, 41, 21, 4, 35, 49, 11, 31, 34], [0, 14, 5, 60, 25, 9, 1, 46, 30, 18, 13, 12, 53], [0, 50, 17, 58, 33, 26, 55, 59], [0, 7, 29, 61, 40, 56, 48, 28], [0, 38, 19, 2, 44, 22, 37, 16], [0, 51, 10, 8, 43, 57, 32, 6, 20], [0, 36, 52, 15]]

res = 1318.864
res_int = 1317.965
solution = [[0, 39, 27, 23, 41, 21, 4, 35, 49, 11, 31, 34], [0, 59, 55, 26, 33, 58, 17, 50], [0, 36, 16, 37, 22, 44, 2, 52], [0, 56, 48, 12, 19, 38, 15], [0, 51, 10, 8, 43, 29, 7], [0, 61, 6, 32, 57, 40, 20], [0, 45, 47, 24, 3, 42, 54, 53], [0, 13, 18, 30, 46, 1, 9, 25, 60, 5, 14, 28]]

res = 1318.997
res_int = 1318.013
solution = [[0, 39, 27, 23, 41, 21, 4, 35, 49, 11, 31, 34], [0, 36, 16, 37, 22, 44, 2, 52], [0, 54, 42, 3, 24, 47, 45], [0, 51, 10, 8, 43, 29, 7], [0, 53, 13, 18, 30, 46, 1, 9, 25, 60, 5, 14, 28], [0, 56, 48, 12, 19, 38, 15], [0, 50, 17, 58, 33, 26, 55, 59], [0, 61, 6, 32, 57, 40, 20]]

res = 1318.997
res_int = 1318.482
solution = [[0, 39, 27, 23, 41, 21, 4, 35, 49, 11, 31, 34], [0, 36, 16, 37, 22, 44, 2, 52], [0, 54, 42, 3, 24, 47, 45], [0, 15, 38, 19, 12, 48, 56], [0, 53, 13, 18, 30, 46, 1, 9, 25, 60, 5, 14, 28], [0, 7, 29, 43, 8, 10, 51], [0, 61, 6, 32, 57, 40, 20], [0, 50, 17, 58, 33, 26, 55, 59]]

res = 1318.997
res_int = 1318.708
solution = [[0, 39, 27, 23, 41, 21, 4, 35, 49, 11, 31, 34], [0, 45, 47, 24, 3, 42, 54], [0, 52, 2, 44, 22, 37, 16, 36], [0, 15, 38, 19, 12, 48, 56], [0, 53, 13, 18, 30, 46, 1, 9, 25, 60, 5, 14, 28], [0, 51, 10, 8, 43, 29, 7], [0, 61, 6, 32, 57, 40, 20], [0, 50, 17, 58, 33, 26, 55, 59]]

res = 1318.997
res_int = 1318.311
solution = [[0, 39, 27, 23, 41, 21, 4, 35, 49, 11, 31, 34], [0, 45, 47, 24, 3, 42, 54], [0, 36, 16, 37, 22, 44, 2, 52], [0, 50, 17, 58, 33, 26, 55, 59], [0, 51, 10, 8, 43, 29, 7], [0, 61, 6, 32, 57, 40, 20], [0, 15, 38, 19, 12, 48, 56], [0, 53, 13, 18, 30, 46, 1, 9, 25, 60, 5, 14, 28]]

res = 1318.997
res_int = 1318.176
solution = [[0, 39, 27, 23, 41, 21, 4, 35, 49, 11, 31, 34], [0, 45, 47, 24, 3, 42, 54], [0, 50, 17, 58, 33, 26, 55, 59], [0, 36, 16, 37, 22, 44, 2, 52], [0, 7, 29, 43, 8, 10, 51], [0, 20, 40, 57, 32, 6, 61], [0, 53, 13, 18, 30, 46, 1, 9, 25, 60, 5, 14, 28], [0, 56, 48, 12, 19, 38, 15]]

res = 1318.997
res_int = 1318.165
solution = [[0, 39, 27, 23, 41, 21, 4, 35, 49, 11, 31, 34], [0, 45, 47, 24, 3, 42, 54], [0, 50, 17, 58, 33, 26, 55, 59], [0, 36, 16, 37, 22, 44, 2, 52], [0, 53, 13, 18, 30, 46, 1, 9, 25, 60, 5, 14, 28], [0, 56, 48, 12, 19, 38, 15], [0, 61, 6, 32, 57, 40, 20], [0, 51, 10, 8, 43, 29, 7]]

res = 1318.997
res_int = 1318.561
solution = [[0, 39, 27, 23, 41, 21, 4, 35, 49, 11, 31, 34], [0, 45, 47, 24, 3, 42, 54], [0, 52, 2, 44, 22, 37, 16, 36], [0, 50, 17, 58, 33, 26, 55, 59], [0, 56, 48, 12, 19, 38, 15], [0, 53, 13, 18, 30, 46, 1, 9, 25, 60, 5, 14, 28], [0, 61, 6, 32, 57, 40, 20], [0, 51, 10, 8, 43, 29, 7]]

res = 1318.997
res_int = 1318.165
solution = [[0, 39, 27, 23, 41, 21, 4, 35, 49, 11, 31, 34], [0, 45, 47, 24, 3, 42, 54], [0, 53, 13, 18, 30, 46, 1, 9, 25, 60, 5, 14, 28], [0, 50, 17, 58, 33, 26, 55, 59], [0, 56, 48, 12, 19, 38, 15], [0, 36, 16, 37, 22, 44, 2, 52], [0, 61, 6, 32, 57, 40, 20], [0, 51, 10, 8, 43, 29, 7]]

Mean = 1318.927780179838
Execution = 3142.0008306503296

Instance : A-n63-k09.xml

res = 1635.932
res_int = 1636.274
solution = [[0, 25, 13, 29, 54, 20, 26], [0, 56, 15, 44, 33, 11], [0, 7, 60, 36, 49, 34, 2, 30, 19], [0, 5, 45, 27, 59, 24, 8], [0, 48, 3, 41, 9, 61], [0, 10, 6, 37, 17, 28, 12], [0, 21, 55, 32, 58, 40, 14, 50, 53], [0, 22, 35, 51, 57, 62, 52, 23, 39, 16], [0, 47, 4, 18, 1, 46, 43, 31, 38, 42]]

res = 1635.932
res_int = 1636.754
solution = [[0, 7, 60, 36, 49, 34, 2, 30, 19], [0, 25, 13, 29, 54, 20, 26], [0, 11, 33, 44, 15, 56], [0, 47, 4, 18, 1, 46, 43, 31, 38, 42], [0, 21, 55, 32, 58, 40, 14, 50, 53], [0, 22, 35, 51, 57, 62, 52, 23, 39, 16], [0, 12, 28, 17, 37, 6, 10], [0, 5, 45, 27, 59, 24, 8], [0, 48, 3, 41, 9, 61]]

res = 1635.932
res_int = 1637.163
solution = [[0, 7, 60, 36, 49, 34, 2, 30, 19], [0, 26, 20, 54, 29, 13, 25], [0, 56, 15, 44, 33, 11], [0, 47, 4, 18, 1, 46, 43, 31, 38, 42], [0, 21, 55, 32, 58, 40, 14, 50, 53], [0, 22, 35, 51, 57, 62, 52, 23, 39, 16], [0, 12, 28, 17, 37, 6, 10], [0, 5, 45, 27, 59, 24, 8], [0, 48, 3, 41, 9, 61]]

res = 1635.932
res_int = 1636.754
solution = [[0, 25, 13, 29, 54, 20, 26], [0, 11, 33, 44, 15, 56], [0, 7, 60, 36, 49, 34, 2, 30, 19], [0, 47, 4, 18, 1, 46, 43, 31, 38, 42], [0, 21, 55, 32, 58, 40, 14, 50, 53], [0, 22, 35, 51, 57, 62, 52, 23, 39, 16], [0, 12, 28, 17, 37, 6, 10], [0, 5, 45, 27, 59, 24, 8], [0, 48, 3, 41, 9, 61]]

res = 1635.932
res_int = 1636.745
solution = [[0, 25, 13, 29, 54, 20, 26], [0, 56, 15, 44, 33, 11], [0, 7, 60, 36, 49, 34, 2, 30, 19], [0, 47, 4, 18, 1, 46, 43, 31, 38, 42], [0, 21, 55, 32, 58, 40, 14, 50, 53], [0, 22, 35, 51, 57, 62, 52, 23, 39, 16], [0, 12, 28, 17, 37, 6, 10], [0, 5, 45, 27, 59, 24, 8], [0, 48, 3, 41, 9, 61]]

res = 1635.932
res_int = 1637.173
solution = [[0, 47, 4, 18, 1, 46, 43, 31, 38, 42], [0, 7, 60, 36, 49, 34, 2, 30, 19], [0, 26, 20, 54, 29, 13, 25], [0, 11, 33, 44, 15, 56], [0, 21, 55, 32, 58, 40, 14, 50, 53], [0, 22, 35, 51, 57, 62, 52, 23, 39, 16], [0, 12, 28, 17, 37, 6, 10], [0, 5, 45, 27, 59, 24, 8], [0, 48, 3, 41, 9, 61]]

res = 1635.932
res_int = 1637.163
solution = [[0, 47, 4, 18, 1, 46, 43, 31, 38, 42], [0, 7, 60, 36, 49, 34, 2, 30, 19], [0, 26, 20, 54, 29, 13, 25], [0, 56, 15, 44, 33, 11], [0, 21, 55, 32, 58, 40, 14, 50, 53], [0, 22, 35, 51, 57, 62, 52, 23, 39, 16], [0, 12, 28, 17, 37, 6, 10], [0, 5, 45, 27, 59, 24, 8], [0, 48, 3, 41, 9, 61]]

res = 1635.932
res_int = 1637.385
solution = [[0, 47, 4, 18, 1, 46, 43, 31, 38, 42], [0, 48, 3, 41, 9, 61], [0, 26, 20, 54, 29, 13, 25], [0, 11, 33, 44, 15, 56], [0, 7, 60, 36, 49, 34, 2, 30, 19], [0, 8, 24, 59, 27, 45, 5], [0, 21, 55, 32, 58, 40, 14, 50, 53], [0, 22, 35, 51, 57, 62, 52, 23, 39, 16], [0, 12, 28, 17, 37, 6, 10]]

res = 1635.932
res_int = 1636.745
solution = [[0, 48, 3, 41, 9, 61], [0, 5, 45, 27, 59, 24, 8], [0, 7, 60, 36, 49, 34, 2, 30, 19], [0, 25, 13, 29, 54, 20, 26], [0, 47, 4, 18, 1, 46, 43, 31, 38, 42], [0, 56, 15, 44, 33, 11], [0, 21, 55, 32, 58, 40, 14, 50, 53], [0, 22, 35, 51, 57, 62, 52, 23, 39, 16], [0, 12, 28, 17, 37, 6, 10]]

res = 1635.932
res_int = 1636.958
solution = [[0, 48, 3, 41, 9, 61], [0, 25, 13, 29, 54, 20, 26], [0, 56, 15, 44, 33, 11], [0, 7, 60, 36, 49, 34, 2, 30, 19], [0, 8, 24, 59, 27, 45, 5], [0, 47, 4, 18, 1, 46, 43, 31, 38, 42], [0, 21, 55, 32, 58, 40, 14, 50, 53], [0, 22, 35, 51, 57, 62, 52, 23, 39, 16], [0, 12, 28, 17, 37, 6, 10]]

Mean = 1635.9317264929377
Execution = 3682.8428993225098

Instance : A-n63-k10.xml

res = 1323.27
res_int = 1323.22
solution = [[0, 37, 8, 35, 27, 6], [0, 15, 49, 14, 53, 56, 29, 40], [0, 20, 28, 32, 57, 50, 62, 17], [0, 31, 51, 58, 22, 11, 34, 47, 44], [0, 61, 46, 23, 7], [0, 21, 54, 60, 33, 55, 24], [0, 13, 26, 4, 38, 30], [0, 16, 12, 9, 2, 41, 1, 39, 45], [0, 52, 43, 36, 48], [0, 59, 10, 19, 42, 3, 5, 18, 25]]

res = 1327.831
res_int = 1326.558
solution = [[0, 6, 27, 35, 8, 37], [0, 31, 51, 58, 22, 11, 34, 47, 44], [0, 20, 28, 32, 57, 50, 62, 17], [0, 15, 49, 14, 53, 56, 29, 40], [0, 55, 33, 60, 54, 61], [0, 24, 23, 46, 21, 7], [0, 13, 26, 4, 38, 30], [0, 45, 39, 1, 41, 2, 9, 12, 16], [0, 59, 10, 19, 42, 3, 5, 18, 25], [0, 52, 43, 36, 48]]

res = 1327.831
res_int = 1326.787
solution = [[0, 37, 8, 35, 27, 6], [0, 44, 47, 34, 11, 22, 58, 51, 31], [0, 45, 39, 1, 41, 2, 9, 12, 16], [0, 40, 29, 56, 53, 14, 49, 15], [0, 55, 33, 60, 54, 61], [0, 24, 23, 46, 21, 7], [0, 20, 28, 32, 57, 50, 62, 17], [0, 13, 26, 4, 38, 30], [0, 59, 10, 19, 42, 3, 5, 18, 25], [0, 52, 43, 36, 48]]

res = 1327.831
res_int = 1327.753
solution = [[0, 37, 8, 35, 27, 6], [0, 15, 49, 14, 53, 56, 29, 40], [0, 20, 28, 32, 57, 50, 62, 17], [0, 31, 51, 58, 22, 11, 34, 47, 44], [0, 55, 33, 60, 54, 61], [0, 24, 23, 46, 21, 7], [0, 16, 12, 9, 2, 41, 1, 39, 45], [0, 59, 10, 19, 42, 3, 5, 18, 25], [0, 13, 26, 4, 38, 30], [0, 52, 43, 36, 48]]

res = 1327.831
res_int = 1327.803
solution = [[0, 37, 8, 35, 27, 6], [0, 15, 49, 14, 53, 56, 29, 40], [0, 44, 47, 34, 11, 22, 58, 51, 31], [0, 17, 62, 50, 57, 32, 28, 20], [0, 55, 33, 60, 54, 61], [0, 7, 21, 46, 23, 24], [0, 16, 12, 9, 2, 41, 1, 39, 45], [0, 59, 10, 19, 42, 3, 5, 18, 25], [0, 13, 26, 4, 38, 30], [0, 52, 43, 36, 48]]

res = 1327.831
res_int = 1327.926
solution = [[0, 37, 8, 35, 27, 6], [0, 15, 49, 14, 53, 56, 29, 40], [0, 44, 47, 34, 11, 22, 58, 51, 31], [0, 20, 28, 32, 57, 50, 62, 17], [0, 55, 33, 60, 54, 61], [0, 24, 23, 46, 21, 7], [0, 16, 12, 9, 2, 41, 1, 39, 45], [0, 59, 10, 19, 42, 3, 5, 18, 25], [0, 52, 43, 36, 48], [0, 13, 26, 4, 38, 30]]

res = 1327.831
res_int = 1327.902
solution = [[0, 37, 8, 35, 27, 6], [0, 16, 12, 9, 2, 41, 1, 39, 45], [0, 15, 49, 14, 53, 56, 29, 40], [0, 20, 28, 32, 57, 50, 62, 17], [0, 44, 47, 34, 11, 22, 58, 51, 31], [0, 55, 33, 60, 54, 61], [0, 24, 23, 46, 21, 7], [0, 25, 18, 5, 3, 42, 19, 10, 59], [0, 52, 43, 36, 48], [0, 13, 26, 4, 38, 30]]

res = 1327.831
res_int = 1327.378
solution = [[0, 37, 8, 35, 27, 6], [0, 44, 47, 34, 11, 22, 58, 51, 31], [0, 15, 49, 14, 53, 56, 29, 40], [0, 20, 28, 32, 57, 50, 62, 17], [0, 55, 33, 60, 54, 61], [0, 7, 21, 46, 23, 24], [0, 45, 39, 1, 41, 2, 9, 12, 16], [0, 59, 10, 19, 42, 3, 5, 18, 25], [0, 52, 43, 36, 48], [0, 13, 26, 4, 38, 30]]

res = 1327.831
res_int = 1327.175
solution = [[0, 37, 8, 35, 27, 6], [0, 55, 33, 60, 54, 61], [0, 7, 21, 46, 23, 24], [0, 44, 47, 34, 11, 22, 58, 51, 31], [0, 40, 29, 56, 53, 14, 49, 15], [0, 16, 12, 9, 2, 41, 1, 39, 45], [0, 20, 28, 32, 57, 50, 62, 17], [0, 13, 26, 4, 38, 30], [0, 52, 43, 36, 48], [0, 25, 18, 5, 3, 42, 19, 10, 59]]

res = 1328.135
res_int = 1327.607
solution = [[0, 35, 6, 27, 8, 37], [0, 15, 49, 14, 53, 56, 29, 40], [0, 44, 47, 34, 11, 22, 58, 51, 31], [0, 7, 21, 46, 23, 24], [0, 55, 33, 60, 54, 61], [0, 16, 12, 9, 2, 41, 1, 39, 45], [0, 20, 28, 32, 57, 50, 62, 17], [0, 30, 38, 4, 26, 13], [0, 52, 43, 36, 48], [0, 59, 10, 19, 42, 3, 5, 18, 25]]

Mean = 1327.405719100938
Execution = 3774.7290756702423

Instance : A-n64-k09.xml

res = 1440.695
res_int = 1441.15
solution = [[0, 23, 37, 5, 54, 4, 34, 9], [0, 58, 2, 63, 47, 46, 8, 16, 60, 24], [0, 25, 17, 1, 57, 11, 15], [0, 48, 62, 3], [0, 20, 19, 51, 33], [0, 59, 31, 50, 36, 40, 7, 21, 44, 39, 49, 55], [0, 12, 43, 28, 35, 26, 14, 27, 30, 53, 45], [0, 42, 32, 61, 13, 52, 56, 41, 10], [0, 18, 22, 38, 29, 6]]

res = 1445.625
res_int = 1446.82
solution = [[0, 33, 62, 48], [0, 24, 60, 16, 8, 46, 47, 63, 2, 58], [0, 12, 43, 28, 1, 17, 57, 15], [0, 11, 27, 14, 44, 39, 49, 55, 53], [0, 59, 31, 50, 40, 36, 7, 21, 26, 35, 30, 3, 45], [0, 6, 20, 51, 19, 42], [0, 18, 22, 38, 29, 25], [0, 32, 61, 13, 52, 56, 41, 10], [0, 23, 37, 5, 54, 4, 34, 9]]

res = 1446.19
res_int = 1447.033
solution = [[0, 23, 37, 5, 54, 4, 34, 9], [0, 12, 43, 28, 1, 17, 11, 15], [0, 18, 22, 38, 29, 25], [0, 24, 60, 16, 8, 46, 47, 63, 2, 58], [0, 53, 3, 30, 14, 26, 35, 27, 57], [0, 55, 49, 39, 44, 21, 7, 36, 40, 50, 31, 59], [0, 33, 51, 19, 20], [0, 48, 62, 45, 6], [0, 42, 32, 61, 13, 52, 56, 41, 10]]

res = 1446.19
res_int = 1446.858
solution = [[0, 23, 37, 5, 54, 4, 34, 9], [0, 12, 43, 28, 1, 17, 11, 15], [0, 18, 22, 38, 29, 25], [0, 24, 60, 16, 8, 46, 47, 63, 2, 58], [0, 57, 27, 35, 26, 14, 30, 3, 53], [0, 55, 49, 39, 44, 21, 7, 40, 36, 50, 31, 59], [0, 20, 19, 51, 33], [0, 48, 62, 45, 6], [0, 42, 32, 61, 13, 52, 56, 41, 10]]

res = 1446.19
res_int = 1447.532
solution = [[0, 23, 37, 5, 54, 4, 34, 9], [0, 12, 43, 28, 1, 17, 11, 15], [0, 18, 22, 38, 29, 25], [0, 48, 62, 45, 6], [0, 58, 2, 63, 47, 46, 8, 16, 60, 24], [0, 59, 31, 50, 36, 40, 7, 21, 44, 39, 49, 55], [0, 53, 3, 30, 14, 26, 35, 27, 57], [0, 42, 32, 61, 13, 52, 56, 41, 10], [0, 33, 51, 19, 20]]

res = 1446.19
res_int = 1447.357
solution = [[0, 23, 37, 5, 54, 4, 34, 9], [0, 12, 43, 28, 1, 17, 11, 15], [0, 18, 22, 38, 29, 25], [0, 58, 2, 63, 47, 46, 8, 16, 60, 24], [0, 20, 19, 51, 33], [0, 59, 31, 50, 40, 36, 7, 21, 44, 39, 49, 55], [0, 57, 27, 35, 26, 14, 30, 3, 53], [0, 48, 62, 45, 6], [0, 42, 32, 61, 13, 52, 56, 41, 10]]

res = 1446.19
res_int = 1447.514
solution = [[0, 23, 37, 5, 54, 4, 34, 9], [0, 12, 43, 28, 1, 17, 11, 15], [0, 24, 60, 16, 8, 46, 47, 63, 2, 58], [0, 57, 27, 35, 26, 14, 30, 3, 53], [0, 59, 31, 50, 40, 36, 7, 21, 44, 39, 49, 55], [0, 48, 62, 45, 6], [0, 33, 51, 19, 20], [0, 42, 32, 61, 13, 52, 56, 41, 10], [0, 18, 22, 38, 29, 25]]

res = 1446.19
res_int = 1447.647
solution = [[0, 23, 37, 5, 54, 4, 34, 9], [0, 12, 43, 28, 1, 17, 11, 15], [0, 48, 62, 45, 6], [0, 24, 60, 16, 8, 46, 47, 63, 2, 58], [0, 33, 51, 19, 20], [0, 53, 3, 30, 14, 26, 35, 27, 57], [0, 59, 31, 50, 40, 36, 7, 21, 44, 39, 49, 55], [0, 42, 32, 61, 13, 52, 56, 41, 10], [0, 18, 22, 38, 29, 25]]

res = 1446.19
res_int = 1447.033
solution = [[0, 23, 37, 5, 54, 4, 34, 9], [0, 24, 60, 16, 8, 46, 47, 63, 2, 58], [0, 55, 49, 39, 44, 21, 7, 36, 40, 50, 31, 59], [0, 12, 43, 28, 1, 17, 11, 15], [0, 53, 3, 30, 14, 26, 35, 27, 57], [0, 48, 62, 45, 6], [0, 33, 51, 19, 20], [0, 42, 32, 61, 13, 52, 56, 41, 10], [0, 18, 22, 38, 29, 25]]

res = 1446.19
res_int = 1446.9
solution = [[0, 23, 37, 5, 54, 4, 34, 9], [0, 57, 27, 35, 26, 14, 30, 3, 53], [0, 12, 43, 28, 1, 17, 11, 15], [0, 24, 60, 16, 8, 46, 47, 63, 2, 58], [0, 55, 49, 39, 44, 21, 7, 36, 40, 50, 31, 59], [0, 48, 62, 45, 6], [0, 33, 51, 19, 20], [0, 42, 32, 61, 13, 52, 56, 41, 10], [0, 18, 22, 38, 29, 25]]

Mean = 1445.5839850807301
Execution = 3648.850355386734

Instance : A-n65-k09.xml

res = 1190.649
res_int = 1189.268
solution = [[0, 60, 50, 16, 41, 2, 38, 42, 61, 45], [0, 30, 37, 35, 36, 3, 4, 49], [0, 15, 22, 9, 14, 27, 43], [0, 46, 64, 6, 26, 31, 34, 47], [0, 53, 40, 58, 20, 32, 5], [0, 29, 44, 56, 59, 55], [0, 21, 25, 8, 10, 52, 24, 19, 18], [0, 57, 48, 54, 63, 11, 7, 39, 51, 17], [0, 33, 13, 12, 1, 23, 28, 62]]

res = 1191.208
res_int = 1190.455
solution = [[0, 45, 61, 42, 38, 2, 41, 16, 50, 60], [0, 15, 22, 9, 14, 27, 43], [0, 46, 64, 6, 26, 31, 34, 47], [0, 23, 57, 48, 54, 63, 11, 7, 39, 51], [0, 30, 37, 35, 36, 3, 4, 49], [0, 44, 59, 40, 58, 20, 32], [0, 19, 24, 52, 8, 10, 56, 21], [0, 29, 18, 13, 12, 1, 33, 28, 62], [0, 55, 25, 53, 5, 17]]

res = 1193.242
res_int = 1193.454
solution = [[0, 49, 4, 3, 36, 35, 37, 30], [0, 15, 22, 9, 14, 27, 43], [0, 46, 64, 6, 26, 31, 34, 47], [0, 21, 25, 8, 10, 52, 24, 19, 18], [0, 55, 59, 44, 56, 29], [0, 7, 11, 63, 54, 48, 57, 23, 62], [0, 17, 51, 39, 28, 33, 1, 12, 13], [0, 53, 40, 58, 20, 32, 5], [0, 60, 50, 16, 41, 2, 38, 42, 61, 45]]

res = 1193.648
res_int = 1192.934
solution = [[0, 15, 22, 9, 14, 27, 43], [0, 46, 64, 6, 26, 31, 34, 47], [0, 30, 37, 35, 36, 3, 4, 49], [0, 17, 51, 39, 7, 63, 11, 54, 48, 57], [0, 62, 28, 23, 33, 1, 12, 13], [0, 44, 56, 25, 21, 55], [0, 59, 10, 8, 52, 24, 19, 18, 29], [0, 53, 40, 58, 20, 32, 5], [0, 60, 50, 16, 41, 2, 38, 42, 61, 45]]

res = 1195.556
res_int = 1194.374
solution = [[0, 45, 61, 42, 38, 2, 41, 16, 50, 60], [0, 30, 37, 35, 36, 3, 4, 49], [0, 46, 64, 6, 26, 31, 34, 47], [0, 53, 40, 58, 20, 32, 5], [0, 15, 22, 9, 14, 27, 43], [0, 44, 56, 25, 21, 55], [0, 59, 10, 8, 52, 24, 19, 18, 29], [0, 7, 11, 63, 54, 48, 57, 23, 62], [0, 13, 12, 1, 33, 28, 39, 51, 17]]

res = 1195.556
res_int = 1194.276
solution = [[0, 60, 50, 16, 41, 2, 38, 42, 61, 45], [0, 30, 37, 35, 36, 3, 4, 49], [0, 15, 22, 9, 14, 27, 43], [0, 46, 64, 6, 26, 31, 34, 47], [0, 53, 40, 58, 20, 32, 5], [0, 56, 44, 25, 21, 55], [0, 59, 10, 8, 52, 24, 19, 18, 29], [0, 7, 11, 63, 54, 48, 57, 23, 62], [0, 13, 12, 1, 33, 28, 39, 51, 17]]

res = 1197.039
res_int = 1195.969
solution = [[0, 15, 22, 9, 14, 27, 43], [0, 46, 64, 6, 26, 31, 34, 47], [0, 21, 25, 8, 10, 52, 24, 19, 18], [0, 55, 59, 44, 56, 29], [0, 23, 57, 48, 54, 63, 11, 7, 39, 51], [0, 13, 12, 1, 33, 28, 62, 17], [0, 30, 37, 35, 36, 3, 4, 49], [0, 53, 40, 58, 20, 32, 5], [0, 60, 50, 16, 41, 2, 38, 42, 61, 45]]

res = 1197.039
res_int = 1196.365
solution = [[0, 21, 25, 8, 10, 52, 24, 19, 18], [0, 55, 59, 56, 44, 29], [0, 49, 4, 3, 36, 35, 37, 30], [0, 15, 22, 9, 14, 27, 43], [0, 46, 64, 6, 26, 31, 34, 47], [0, 13, 12, 1, 33, 28, 62, 17], [0, 23, 57, 48, 54, 63, 11, 7, 39, 51], [0, 53, 40, 58, 20, 32, 5], [0, 60, 50, 16, 41, 2, 38, 42, 61, 45]]

res = 1197.039
res_int = 1196.596
solution = [[0, 45, 61, 42, 38, 2, 41, 16, 50, 60], [0, 49, 4, 3, 36, 35, 37, 30], [0, 15, 22, 9, 14, 27, 43], [0, 46, 64, 6, 26, 31, 34, 47], [0, 13, 12, 1, 33, 28, 62, 17], [0, 23, 57, 48, 54, 63, 11, 7, 39, 51], [0, 18, 19, 24, 52, 10, 8, 25, 21], [0, 53, 40, 58, 20, 32, 5], [0, 55, 59, 44, 56, 29]]

res = 1197.039
res_int = 1195.46
solution = [[0, 46, 64, 6, 26, 31, 34, 47], [0, 15, 22, 9, 14, 27, 43], [0, 30, 37, 35, 36, 3, 4, 49], [0, 29, 56, 44, 59, 55], [0, 13, 12, 1, 33, 28, 62, 17], [0, 23, 57, 48, 54, 63, 11, 7, 39, 51], [0, 21, 25, 8, 10, 52, 24, 19, 18], [0, 53, 40, 58, 20, 32, 5], [0, 60, 50, 16, 41, 2, 38, 42, 61, 45]]

Mean = 1194.8015249283917
Execution = 2912.693425178528

Instance : A-n69-k09.xml
Instance : A-n32-k05.xml
