param :
restart = 70 %
crit = 0.8 - 0.2
pas utilisation de best
nb_iter = 30

Instance : A-n33-k05.xml
Time = 0.40414953231811523

res = 662.11
res_int = 661
solution = [[0, 11, 31, 1, 21, 14, 19, 6, 24], [0, 2, 32, 13, 8, 7, 26, 5, 12], [0, 20, 4, 27, 25, 30, 10], [0, 22, 28, 18, 23], [0, 29, 16, 3, 9, 17, 15]]

res = 662.11
res_int = 661
solution = [[0, 11, 31, 1, 21, 14, 19, 6, 24], [0, 2, 32, 13, 8, 7, 26, 5, 12], [0, 20, 4, 27, 25, 30, 10], [0, 22, 28, 18, 23], [0, 29, 16, 3, 9, 17, 15]]

res = 662.11
res_int = 661
solution = [[0, 20, 4, 27, 25, 30, 10], [0, 12, 5, 26, 7, 8, 13, 32, 2], [0, 11, 31, 1, 21, 14, 19, 6, 24], [0, 29, 16, 3, 9, 17, 15], [0, 23, 18, 28, 22]]

res = 662.11
res_int = 661
solution = [[0, 20, 4, 27, 25, 30, 10], [0, 12, 5, 26, 7, 8, 13, 32, 2], [0, 11, 31, 1, 21, 14, 19, 6, 24], [0, 29, 16, 3, 9, 17, 15], [0, 23, 18, 28, 22]]

res = 662.11
res_int = 661
solution = [[0, 20, 4, 27, 25, 30, 10], [0, 24, 6, 19, 14, 21, 1, 31, 11], [0, 12, 5, 26, 7, 8, 13, 32, 2], [0, 29, 16, 3, 9, 17, 15], [0, 23, 18, 28, 22]]

res = 662.11
res_int = 661
solution = [[0, 20, 4, 27, 25, 30, 10], [0, 24, 6, 19, 14, 21, 1, 31, 11], [0, 12, 5, 26, 7, 8, 13, 32, 2], [0, 29, 16, 3, 9, 17, 15], [0, 23, 18, 28, 22]]

res = 662.11
res_int = 661
solution = [[0, 11, 31, 1, 21, 14, 19, 6, 24], [0, 2, 32, 13, 8, 7, 26, 5, 12], [0, 20, 4, 27, 25, 30, 10], [0, 29, 16, 3, 9, 17, 15], [0, 22, 28, 18, 23]]

res = 662.11
res_int = 661
solution = [[0, 12, 5, 26, 7, 8, 13, 32, 2], [0, 10, 30, 25, 27, 4, 20], [0, 24, 6, 19, 14, 21, 1, 31, 11], [0, 29, 16, 3, 9, 17, 15], [0, 22, 28, 18, 23]]

res = 662.11
res_int = 661
solution = [[0, 12, 5, 26, 7, 8, 13, 32, 2], [0, 10, 30, 25, 27, 4, 20], [0, 24, 6, 19, 14, 21, 1, 31, 11], [0, 29, 16, 3, 9, 17, 15], [0, 22, 28, 18, 23]]

res = 662.11
res_int = 661
solution = [[0, 10, 30, 25, 27, 4, 20], [0, 12, 5, 26, 7, 8, 13, 32, 2], [0, 29, 16, 3, 9, 17, 15], [0, 23, 18, 28, 22], [0, 11, 31, 1, 21, 14, 19, 6, 24]]

Mean = 662.1100976492223
Execution = 419.003408908844

Instance : A-n45-k07.xml
Time = 0.6727745532989502

res = 1150.217
res_int = 1149
solution = [[0, 27, 41, 43, 11, 3, 28, 6, 2], [0, 22, 5, 30, 37, 1, 42], [0, 33, 29, 36, 19, 31], [0, 26, 21, 24, 44, 14, 9, 32], [0, 13, 38, 17, 23, 25, 15, 10, 8], [0, 18, 7, 16, 20, 40], [0, 35, 39, 34, 4, 12]]

res = 1150.217
res_int = 1149
solution = [[0, 27, 41, 43, 11, 3, 28, 6, 2], [0, 22, 5, 30, 37, 1, 42], [0, 33, 29, 36, 19, 31], [0, 26, 21, 24, 44, 14, 9, 32], [0, 13, 38, 17, 23, 25, 15, 10, 8], [0, 18, 7, 16, 20, 40], [0, 35, 39, 34, 4, 12]]

res = 1150.217
res_int = 1149
solution = [[0, 31, 19, 36, 29, 33], [0, 22, 5, 30, 37, 1, 42], [0, 8, 10, 15, 25, 23, 17, 38, 13], [0, 27, 41, 43, 11, 3, 28, 6, 2], [0, 40, 20, 16, 7, 18], [0, 32, 9, 14, 44, 24, 21, 26], [0, 39, 35, 34, 4, 12]]

res = 1150.217
res_int = 1149
solution = [[0, 31, 19, 36, 29, 33], [0, 22, 5, 30, 37, 1, 42], [0, 8, 10, 15, 25, 23, 17, 38, 13], [0, 27, 41, 43, 11, 3, 28, 6, 2], [0, 40, 20, 16, 7, 18], [0, 32, 9, 14, 44, 24, 21, 26], [0, 39, 35, 34, 4, 12]]

res = 1150.217
res_int = 1149
solution = [[0, 27, 41, 43, 11, 3, 28, 6, 2], [0, 35, 39, 34, 4, 12], [0, 33, 29, 36, 19, 31], [0, 26, 21, 24, 44, 14, 9, 32], [0, 13, 38, 17, 23, 25, 15, 10, 8], [0, 18, 7, 16, 20, 40], [0, 22, 5, 30, 37, 1, 42]]

res = 1150.217
res_int = 1149
solution = [[0, 27, 41, 43, 11, 3, 28, 6, 2], [0, 35, 39, 34, 4, 12], [0, 33, 29, 36, 19, 31], [0, 26, 21, 24, 44, 14, 9, 32], [0, 13, 38, 17, 23, 25, 15, 10, 8], [0, 18, 7, 16, 20, 40], [0, 22, 5, 30, 37, 1, 42]]

res = 1150.217
res_int = 1149
solution = [[0, 35, 39, 34, 4, 12], [0, 31, 19, 36, 29, 33], [0, 22, 5, 30, 37, 1, 42], [0, 8, 10, 15, 25, 23, 17, 38, 13], [0, 27, 41, 43, 11, 3, 28, 6, 2], [0, 40, 20, 16, 7, 18], [0, 26, 21, 24, 44, 14, 9, 32]]

res = 1150.217
res_int = 1149
solution = [[0, 26, 21, 24, 44, 14, 9, 32], [0, 27, 41, 43, 11, 3, 28, 6, 2], [0, 33, 29, 36, 19, 31], [0, 22, 5, 30, 37, 1, 42], [0, 8, 10, 15, 25, 23, 17, 38, 13], [0, 35, 39, 34, 4, 12], [0, 18, 7, 16, 20, 40]]

res = 1150.217
res_int = 1149
solution = [[0, 26, 21, 24, 44, 14, 9, 32], [0, 27, 41, 43, 11, 3, 28, 6, 2], [0, 33, 29, 36, 19, 31], [0, 22, 5, 30, 37, 1, 42], [0, 8, 10, 15, 25, 23, 17, 38, 13], [0, 35, 39, 34, 4, 12], [0, 18, 7, 16, 20, 40]]

res = 1150.217
res_int = 1149
solution = [[0, 26, 21, 24, 44, 14, 9, 32], [0, 33, 29, 36, 19, 31], [0, 8, 10, 15, 25, 23, 17, 38, 13], [0, 27, 41, 43, 11, 3, 28, 6, 2], [0, 39, 35, 34, 4, 12], [0, 42, 1, 37, 30, 5, 22], [0, 40, 20, 16, 7, 18]]

Mean = 1150.217009290088
Execution = 500.329576253891

Instance : A-n53-k07.xml
Time = 1.040043830871582

res = 1020.152
res_int = 1017
solution = [[0, 27, 35, 8, 46, 51], [0, 47, 9, 17, 41, 11, 24], [0, 28, 22, 45, 43, 50, 36, 2, 37, 30, 1], [0, 7, 12, 16, 32, 15, 19, 23, 42, 48, 4], [0, 20, 6, 33, 3, 5], [0, 39, 14, 13, 52, 34, 21, 25], [0, 44, 29, 49, 10, 26, 40, 18, 38, 31]]

res = 1020.152
res_int = 1017
solution = [[0, 27, 35, 8, 46, 51], [0, 47, 9, 17, 41, 11, 24], [0, 28, 22, 45, 43, 50, 36, 2, 37, 30, 1], [0, 7, 12, 16, 32, 15, 19, 23, 42, 48, 4], [0, 20, 6, 33, 3, 5], [0, 39, 14, 13, 52, 34, 21, 25], [0, 44, 29, 49, 10, 26, 40, 18, 38, 31]]

res = 1020.152
res_int = 1017
solution = [[0, 27, 35, 8, 46, 51], [0, 7, 12, 16, 32, 15, 19, 23, 42, 48, 4], [0, 25, 21, 34, 52, 13, 14, 39], [0, 44, 29, 49, 10, 26, 40, 18, 38, 31], [0, 24, 11, 41, 17, 9, 47], [0, 20, 6, 33, 3, 5], [0, 28, 22, 45, 43, 50, 36, 2, 37, 30, 1]]

res = 1020.152
res_int = 1017
solution = [[0, 27, 35, 8, 46, 51], [0, 7, 12, 16, 32, 15, 19, 23, 42, 48, 4], [0, 25, 21, 34, 52, 13, 14, 39], [0, 44, 29, 49, 10, 26, 40, 18, 38, 31], [0, 24, 11, 41, 17, 9, 47], [0, 20, 6, 33, 3, 5], [0, 28, 22, 45, 43, 50, 36, 2, 37, 30, 1]]

res = 1020.152
res_int = 1017
solution = [[0, 27, 35, 8, 46, 51], [0, 7, 12, 16, 32, 15, 19, 23, 42, 48, 4], [0, 25, 21, 34, 52, 13, 14, 39], [0, 31, 38, 18, 40, 26, 10, 49, 29, 44], [0, 47, 9, 17, 41, 11, 24], [0, 20, 6, 33, 3, 5], [0, 28, 22, 45, 43, 50, 36, 2, 37, 30, 1]]

res = 1020.152
res_int = 1017
solution = [[0, 27, 35, 8, 46, 51], [0, 7, 12, 16, 32, 15, 19, 23, 42, 48, 4], [0, 25, 21, 34, 52, 13, 14, 39], [0, 31, 38, 18, 40, 26, 10, 49, 29, 44], [0, 47, 9, 17, 41, 11, 24], [0, 20, 6, 33, 3, 5], [0, 28, 22, 45, 43, 50, 36, 2, 37, 30, 1]]

res = 1020.152
res_int = 1017
solution = [[0, 27, 35, 8, 46, 51], [0, 7, 12, 16, 32, 15, 19, 23, 42, 48, 4], [0, 25, 21, 34, 52, 13, 14, 39], [0, 31, 38, 18, 40, 26, 10, 49, 29, 44], [0, 47, 9, 17, 41, 11, 24], [0, 20, 6, 33, 3, 5], [0, 28, 22, 45, 43, 50, 36, 2, 37, 30, 1]]

res = 1020.152
res_int = 1017
solution = [[0, 27, 35, 8, 46, 51], [0, 7, 12, 16, 32, 15, 19, 23, 42, 48, 4], [0, 25, 21, 34, 52, 13, 14, 39], [0, 31, 38, 18, 40, 26, 10, 49, 29, 44], [0, 47, 9, 17, 41, 11, 24], [0, 20, 6, 33, 3, 5], [0, 28, 22, 45, 43, 50, 36, 2, 37, 30, 1]]

res = 1020.152
res_int = 1017
solution = [[0, 27, 35, 8, 46, 51], [0, 7, 12, 16, 32, 15, 19, 23, 42, 48, 4], [0, 25, 21, 34, 52, 13, 14, 39], [0, 31, 38, 18, 40, 26, 10, 49, 29, 44], [0, 47, 9, 17, 41, 11, 24], [0, 20, 6, 33, 3, 5], [0, 28, 22, 45, 43, 50, 36, 2, 37, 30, 1]]

res = 1020.152
res_int = 1017
solution = [[0, 27, 35, 8, 46, 51], [0, 7, 12, 16, 32, 15, 19, 23, 42, 48, 4], [0, 25, 21, 34, 52, 13, 14, 39], [0, 31, 38, 18, 40, 26, 10, 49, 29, 44], [0, 47, 9, 17, 41, 11, 24], [0, 20, 6, 33, 3, 5], [0, 28, 22, 45, 43, 50, 36, 2, 37, 30, 1]]

Mean = 1020.1522806229823
Execution = 525.1845753192902

Instance : A-n60-k09.xml
Time = 1.194685459136963

res = 1356.345
res_int = 1355
solution = [[0, 18, 52, 59, 38, 33, 41], [0, 6, 28, 44, 49, 30, 53, 21, 4], [0, 43, 56, 12, 51, 9, 32], [0, 42, 45, 5, 54, 10], [0, 16, 20, 3, 11, 40, 46, 25], [0, 19, 27, 57, 37, 17, 26, 39, 50], [0, 35, 55, 15, 8, 13, 29, 7], [0, 34, 24, 58, 23, 47, 14], [0, 2, 1, 48, 22, 36, 31]]

res = 1356.345
res_int = 1355
solution = [[0, 18, 52, 59, 38, 33, 41], [0, 6, 28, 44, 49, 30, 53, 21, 4], [0, 43, 56, 12, 51, 9, 32], [0, 42, 45, 5, 54, 10], [0, 16, 20, 3, 11, 40, 46, 25], [0, 19, 27, 57, 37, 17, 26, 39, 50], [0, 35, 55, 15, 8, 13, 29, 7], [0, 34, 24, 58, 23, 47, 14], [0, 2, 1, 48, 22, 36, 31]]

res = 1356.345
res_int = 1355
solution = [[0, 18, 52, 59, 38, 33, 41], [0, 6, 28, 44, 49, 30, 53, 21, 4], [0, 43, 56, 12, 51, 9, 32], [0, 42, 45, 5, 54, 10], [0, 16, 20, 3, 11, 40, 46, 25], [0, 19, 27, 57, 37, 17, 26, 39, 50], [0, 35, 55, 15, 8, 13, 29, 7], [0, 34, 24, 58, 23, 47, 14], [0, 2, 1, 48, 22, 36, 31]]

res = 1356.345
res_int = 1355
solution = [[0, 18, 52, 59, 38, 33, 41], [0, 6, 28, 44, 49, 30, 53, 21, 4], [0, 43, 56, 12, 51, 9, 32], [0, 42, 45, 5, 54, 10], [0, 16, 20, 3, 11, 40, 46, 25], [0, 19, 27, 57, 37, 17, 26, 39, 50], [0, 35, 55, 15, 8, 13, 29, 7], [0, 34, 24, 58, 23, 47, 14], [0, 2, 1, 48, 22, 36, 31]]

res = 1356.345
res_int = 1355
solution = [[0, 18, 52, 59, 38, 33, 41], [0, 6, 28, 44, 49, 30, 53, 21, 4], [0, 43, 56, 12, 51, 9, 32], [0, 42, 45, 5, 54, 10], [0, 16, 20, 3, 11, 40, 46, 25], [0, 19, 27, 57, 37, 17, 26, 39, 50], [0, 35, 55, 15, 8, 13, 29, 7], [0, 34, 24, 58, 23, 47, 14], [0, 2, 1, 48, 22, 36, 31]]

res = 1356.345
res_int = 1355
solution = [[0, 18, 52, 59, 38, 33, 41], [0, 6, 28, 44, 49, 30, 53, 21, 4], [0, 43, 56, 12, 51, 9, 32], [0, 42, 45, 5, 54, 10], [0, 16, 20, 3, 11, 40, 46, 25], [0, 19, 27, 57, 37, 17, 26, 39, 50], [0, 35, 55, 15, 8, 13, 29, 7], [0, 34, 24, 58, 23, 47, 14], [0, 2, 1, 48, 22, 36, 31]]

res = 1356.345
res_int = 1355
solution = [[0, 18, 52, 59, 38, 33, 41], [0, 6, 28, 44, 49, 30, 53, 21, 4], [0, 43, 56, 12, 51, 9, 32], [0, 42, 45, 5, 54, 10], [0, 16, 20, 3, 11, 40, 46, 25], [0, 19, 27, 57, 37, 17, 26, 39, 50], [0, 35, 55, 15, 8, 13, 29, 7], [0, 34, 24, 58, 23, 47, 14], [0, 2, 1, 48, 22, 36, 31]]

res = 1356.345
res_int = 1355
solution = [[0, 18, 52, 59, 38, 33, 41], [0, 6, 28, 44, 49, 30, 53, 21, 4], [0, 43, 56, 12, 51, 9, 32], [0, 42, 45, 5, 54, 10], [0, 16, 20, 3, 11, 40, 46, 25], [0, 19, 27, 57, 37, 17, 26, 39, 50], [0, 35, 55, 15, 8, 13, 29, 7], [0, 34, 24, 58, 23, 47, 14], [0, 2, 1, 48, 22, 36, 31]]

res = 1356.345
res_int = 1355
solution = [[0, 18, 52, 59, 38, 33, 41], [0, 6, 28, 44, 49, 30, 53, 21, 4], [0, 43, 56, 12, 51, 9, 32], [0, 42, 45, 5, 54, 10], [0, 16, 20, 3, 11, 40, 46, 25], [0, 19, 27, 57, 37, 17, 26, 39, 50], [0, 35, 55, 15, 8, 13, 29, 7], [0, 34, 24, 58, 23, 47, 14], [0, 2, 1, 48, 22, 36, 31]]

res = 1356.345
res_int = 1355
solution = [[0, 18, 52, 59, 38, 33, 41], [0, 6, 28, 44, 49, 30, 53, 21, 4], [0, 43, 56, 12, 51, 9, 32], [0, 42, 45, 5, 54, 10], [0, 16, 20, 3, 11, 40, 46, 25], [0, 19, 27, 57, 37, 17, 26, 39, 50], [0, 35, 55, 15, 8, 13, 29, 7], [0, 34, 24, 58, 23, 47, 14], [0, 2, 1, 48, 22, 36, 31]]

Mean = 1356.3446788650579
Execution = 549.3357331752777

Instance : A-n62-k08.xml
Time = 1.5433039665222168

res = 1313.356
res_int = 1309
solution = [[0, 53, 13, 18, 30, 1, 9, 11, 49, 25, 60, 5, 14, 28], [0, 34, 31, 35, 4, 21, 41, 23, 27, 39, 3, 54], [0, 36, 16, 37, 22, 44, 2, 52], [0, 50, 17, 58, 33, 26, 55, 59], [0, 56, 48, 12, 19, 38, 15], [0, 45, 47, 24, 42, 46], [0, 29, 43, 8, 10, 51], [0, 7, 61, 6, 32, 57, 40, 20]]

res = 1313.356
res_int = 1309
solution = [[0, 53, 13, 18, 30, 1, 9, 11, 49, 25, 60, 5, 14, 28], [0, 34, 31, 35, 4, 21, 41, 23, 27, 39, 3, 54], [0, 36, 16, 37, 22, 44, 2, 52], [0, 50, 17, 58, 33, 26, 55, 59], [0, 56, 48, 12, 19, 38, 15], [0, 45, 47, 24, 42, 46], [0, 29, 43, 8, 10, 51], [0, 7, 61, 6, 32, 57, 40, 20]]

res = 1313.407
res_int = 1309
solution = [[0, 28, 20, 40, 57, 32, 6, 61, 7], [0, 45, 47, 24, 42, 46], [0, 14, 5, 60, 25, 49, 11, 9, 1, 30, 18], [0, 36, 16, 37, 22, 44, 2, 52], [0, 34, 31, 35, 4, 21, 41, 23, 27, 39, 3, 54, 13, 53], [0, 29, 43, 8, 10, 51], [0, 59, 55, 26, 33, 58, 17, 50], [0, 56, 48, 12, 19, 38, 15]]

res = 1313.407
res_int = 1309
solution = [[0, 28, 20, 40, 57, 32, 6, 61, 7], [0, 45, 47, 24, 42, 46], [0, 14, 5, 60, 25, 49, 11, 9, 1, 30, 18], [0, 36, 16, 37, 22, 44, 2, 52], [0, 34, 31, 35, 4, 21, 41, 23, 27, 39, 3, 54, 13, 53], [0, 29, 43, 8, 10, 51], [0, 59, 55, 26, 33, 58, 17, 50], [0, 56, 48, 12, 19, 38, 15]]

res = 1313.653
res_int = 1309
solution = [[0, 14, 5, 60, 25, 49, 11, 9, 1, 30, 18, 13, 53], [0, 34, 31, 35, 4, 21, 41, 23, 27, 39, 3, 54], [0, 36, 16, 37, 22, 44, 2, 52], [0, 50, 17, 58, 33, 26, 55, 59], [0, 15, 38, 19, 12, 48, 56], [0, 45, 47, 24, 42, 46], [0, 7, 61, 6, 32, 57, 40, 20, 28], [0, 51, 10, 8, 43, 29]]

res = 1313.86
res_int = 1310
solution = [[0, 7, 61, 6, 32, 57, 40, 20], [0, 45, 47, 24, 42, 46], [0, 14, 5, 60, 25, 49, 11, 9, 1, 30, 53], [0, 36, 16, 37, 22, 44, 2, 52], [0, 28, 34, 31, 35, 4, 21, 41, 23, 27, 39, 3, 54, 18, 13], [0, 29, 43, 8, 10, 51], [0, 59, 55, 26, 33, 58, 17, 50], [0, 56, 48, 12, 19, 38, 15]]

res = 1314.372
res_int = 1310
solution = [[0, 14, 5, 60, 25, 49, 11, 9, 1, 30, 18, 13, 53], [0, 34, 31, 35, 4, 21, 41, 23, 27, 39, 3, 54], [0, 36, 16, 37, 22, 44, 2, 52], [0, 50, 17, 58, 33, 26, 55, 59], [0, 15, 38, 19, 12, 48, 56], [0, 45, 47, 24, 42, 46], [0, 20, 40, 57, 32, 6, 61, 7], [0, 51, 10, 8, 43, 29, 28]]

res = 1314.5
res_int = 1309
solution = [[0, 14, 5, 60, 25, 49, 11, 9, 1, 30, 18, 13, 53], [0, 34, 31, 35, 4, 21, 41, 23, 27, 39, 3, 54], [0, 52, 2, 44, 22, 37, 16, 36], [0, 50, 17, 58, 33, 26, 55, 59], [0, 38, 19, 12, 48, 56, 28], [0, 45, 47, 24, 42, 46], [0, 51, 10, 8, 43, 29, 7], [0, 61, 6, 32, 57, 40, 20, 15]]

res = 1314.596
res_int = 1310
solution = [[0, 45, 47, 24, 42, 46], [0, 20, 40, 57, 32, 6, 61], [0, 29, 43, 8, 10, 51], [0, 53, 13, 18, 30, 1, 9, 11, 49, 25, 60, 5, 14], [0, 36, 16, 37, 22, 44, 2, 52], [0, 59, 55, 26, 33, 58, 17, 50, 7], [0, 28, 34, 31, 35, 4, 21, 41, 23, 27, 39, 3, 54], [0, 56, 48, 12, 19, 38, 15]]

res = 1314.596
res_int = 1310
solution = [[0, 45, 47, 24, 42, 46], [0, 20, 40, 57, 32, 6, 61], [0, 29, 43, 8, 10, 51], [0, 53, 13, 18, 30, 1, 9, 11, 49, 25, 60, 5, 14], [0, 36, 16, 37, 22, 44, 2, 52], [0, 59, 55, 26, 33, 58, 17, 50, 7], [0, 28, 34, 31, 35, 4, 21, 41, 23, 27, 39, 3, 54], [0, 56, 48, 12, 19, 38, 15]]

Mean = 1313.910303342203
Execution = 730.8267407417297

Instance : A-n63-k09.xml
Time = 1.4274275302886963
Instance : A-n53-k07.xml
Time = 1.082634687423706

res = 1020.152
res_int = 1017
solution = [[0, 7, 12, 16, 32, 15, 19, 23, 42, 48, 4], [0, 25, 21, 34, 52, 13, 14, 39], [0, 28, 22, 45, 43, 50, 36, 2, 37, 30, 1], [0, 24, 11, 41, 17, 9, 47], [0, 27, 35, 8, 46, 51], [0, 20, 6, 33, 3, 5], [0, 44, 29, 49, 10, 26, 40, 18, 38, 31]]

res = 1020.152
res_int = 1017
solution = [[0, 7, 12, 16, 32, 15, 19, 23, 42, 48, 4], [0, 25, 21, 34, 52, 13, 14, 39], [0, 28, 22, 45, 43, 50, 36, 2, 37, 30, 1], [0, 24, 11, 41, 17, 9, 47], [0, 27, 35, 8, 46, 51], [0, 20, 6, 33, 3, 5], [0, 44, 29, 49, 10, 26, 40, 18, 38, 31]]

res = 1020.618
res_int = 1017
solution = [[0, 4, 28, 22, 45, 43, 50, 36, 2, 37, 30, 1], [0, 44, 29, 49, 10, 26, 40, 18, 38, 31], [0, 48, 42, 23, 19, 15, 32, 16, 12, 7], [0, 11, 24, 41, 17, 9, 47], [0, 27, 35, 8, 46, 51], [0, 5, 3, 33, 6, 20], [0, 39, 14, 13, 52, 34, 21, 25]]

res = 1020.618
res_int = 1017
solution = [[0, 4, 28, 22, 45, 43, 50, 36, 2, 37, 30, 1], [0, 44, 29, 49, 10, 26, 40, 18, 38, 31], [0, 48, 42, 23, 19, 15, 32, 16, 12, 7], [0, 11, 24, 41, 17, 9, 47], [0, 27, 35, 8, 46, 51], [0, 5, 3, 33, 6, 20], [0, 39, 14, 13, 52, 34, 21, 25]]

res = 1020.618
res_int = 1017
solution = [[0, 20, 6, 33, 3, 5], [0, 7, 12, 16, 32, 15, 19, 23, 42, 48], [0, 27, 35, 8, 46, 51], [0, 24, 11, 41, 17, 9, 47], [0, 4, 28, 22, 45, 43, 50, 36, 2, 37, 30, 1], [0, 39, 14, 13, 52, 34, 21, 25], [0, 44, 29, 49, 10, 26, 40, 18, 38, 31]]

res = 1020.618
res_int = 1017
solution = [[0, 20, 6, 33, 3, 5], [0, 7, 12, 16, 32, 15, 19, 23, 42, 48], [0, 27, 35, 8, 46, 51], [0, 24, 11, 41, 17, 9, 47], [0, 4, 28, 22, 45, 43, 50, 36, 2, 37, 30, 1], [0, 39, 14, 13, 52, 34, 21, 25], [0, 44, 29, 49, 10, 26, 40, 18, 38, 31]]

res = 1020.618
res_int = 1017
solution = [[0, 44, 29, 49, 10, 26, 40, 18, 38, 31], [0, 4, 28, 22, 45, 43, 50, 36, 2, 37, 30, 1], [0, 51, 46, 8, 35, 27], [0, 24, 11, 41, 17, 9, 47], [0, 5, 3, 33, 6, 20], [0, 39, 14, 13, 52, 34, 21, 25], [0, 7, 12, 16, 32, 15, 19, 23, 42, 48]]

res = 1020.618
res_int = 1017
solution = [[0, 44, 29, 49, 10, 26, 40, 18, 38, 31], [0, 4, 28, 22, 45, 43, 50, 36, 2, 37, 30, 1], [0, 51, 46, 8, 35, 27], [0, 24, 11, 41, 17, 9, 47], [0, 5, 3, 33, 6, 20], [0, 39, 14, 13, 52, 34, 21, 25], [0, 7, 12, 16, 32, 15, 19, 23, 42, 48]]

res = 1020.618
res_int = 1017
solution = [[0, 20, 6, 33, 3, 5], [0, 25, 21, 34, 52, 13, 14, 39], [0, 48, 42, 23, 19, 15, 32, 16, 12, 7], [0, 47, 9, 17, 41, 24, 11], [0, 44, 29, 49, 10, 26, 40, 18, 38, 31], [0, 4, 28, 22, 45, 43, 50, 36, 2, 37, 30, 1], [0, 51, 46, 8, 35, 27]]

res = 1020.618
res_int = 1017
solution = [[0, 20, 6, 33, 3, 5], [0, 25, 21, 34, 52, 13, 14, 39], [0, 48, 42, 23, 19, 15, 32, 16, 12, 7], [0, 47, 9, 17, 41, 24, 11], [0, 44, 29, 49, 10, 26, 40, 18, 38, 31], [0, 4, 28, 22, 45, 43, 50, 36, 2, 37, 30, 1], [0, 51, 46, 8, 35, 27]]

Mean = 1020.5245653571004
Execution = 796.8327813148499

Instance : A-n62-k08.xml
Time = 1.8077526092529297

res = 1313.601
res_int = 1308
solution = [[0, 45, 47, 24, 42, 46], [0, 34, 31, 35, 4, 21, 41, 23, 27, 39, 3, 54, 13, 12], [0, 52, 2, 44, 22, 37, 16, 36], [0, 14, 5, 60, 25, 49, 11, 9, 1, 30, 18, 53], [0, 7, 29, 43, 8, 10, 51], [0, 61, 6, 32, 57, 40, 20], [0, 50, 17, 58, 33, 26, 55, 59], [0, 15, 38, 19, 48, 56, 28]]

res = 1313.601
res_int = 1308
solution = [[0, 45, 47, 24, 42, 46], [0, 34, 31, 35, 4, 21, 41, 23, 27, 39, 3, 54, 13, 12], [0, 52, 2, 44, 22, 37, 16, 36], [0, 14, 5, 60, 25, 49, 11, 9, 1, 30, 18, 53], [0, 7, 29, 43, 8, 10, 51], [0, 61, 6, 32, 57, 40, 20], [0, 50, 17, 58, 33, 26, 55, 59], [0, 15, 38, 19, 48, 56, 28]]

res = 1313.736
res_int = 1308
solution = [[0, 45, 47, 24, 42, 46], [0, 34, 31, 35, 4, 21, 41, 23, 27, 39, 3, 54, 13, 12], [0, 52, 2, 44, 22, 37, 16, 36], [0, 14, 5, 60, 25, 49, 11, 9, 1, 30, 18, 53], [0, 7, 29, 43, 8, 10, 51], [0, 61, 6, 32, 57, 40, 20], [0, 50, 17, 58, 33, 26, 55, 59, 28], [0, 56, 48, 19, 38, 15]]

res = 1315.277
res_int = 1309
solution = [[0, 45, 47, 24, 42, 46], [0, 61, 6, 32, 57, 40, 20, 15, 28], [0, 36, 16, 37, 22, 44, 2, 52], [0, 51, 10, 8, 43, 29, 7], [0, 50, 17, 58, 33, 26, 55, 59], [0, 34, 31, 35, 4, 21, 41, 23, 27, 39, 3, 54, 12, 53], [0, 38, 19, 56, 48], [0, 14, 5, 60, 25, 49, 11, 9, 1, 30, 18, 13]]

res = 1316.13
res_int = 1311
solution = [[0, 46, 42, 24, 47, 45], [0, 34, 31, 35, 4, 21, 41, 23, 27, 39, 3, 54], [0, 36, 16, 37, 22, 44, 2, 52], [0, 56, 48, 12, 19, 38], [0, 14, 5, 60, 25, 49, 11, 9, 1, 30, 18, 13, 53], [0, 50, 17, 58, 33, 26, 55, 59], [0, 51, 10, 8, 43, 29, 15, 28], [0, 7, 61, 6, 32, 57, 40, 20]]

res = 1316.13
res_int = 1311
solution = [[0, 46, 42, 24, 47, 45], [0, 34, 31, 35, 4, 21, 41, 23, 27, 39, 3, 54], [0, 36, 16, 37, 22, 44, 2, 52], [0, 56, 48, 12, 19, 38], [0, 14, 5, 60, 25, 49, 11, 9, 1, 30, 18, 13, 53], [0, 50, 17, 58, 33, 26, 55, 59], [0, 51, 10, 8, 43, 29, 15, 28], [0, 7, 61, 6, 32, 57, 40, 20]]

res = 1317.013
res_int = 1311
solution = [[0, 45, 47, 24, 42, 46], [0, 50, 17, 58, 33, 26, 55, 59], [0, 61, 6, 32, 57, 40, 20, 15, 28], [0, 36, 16, 37, 22, 44, 2, 52], [0, 51, 10, 8, 43, 29, 7], [0, 53, 38, 19, 12, 48, 56], [0, 13, 18, 30, 1, 9, 11, 49, 25, 60, 5, 14], [0, 34, 31, 35, 4, 21, 41, 23, 27, 39, 3, 54]]

res = 1317.013
res_int = 1311
solution = [[0, 45, 47, 24, 42, 46], [0, 50, 17, 58, 33, 26, 55, 59], [0, 61, 6, 32, 57, 40, 20, 15, 28], [0, 36, 16, 37, 22, 44, 2, 52], [0, 51, 10, 8, 43, 29, 7], [0, 53, 38, 19, 12, 48, 56], [0, 13, 18, 30, 1, 9, 11, 49, 25, 60, 5, 14], [0, 34, 31, 35, 4, 21, 41, 23, 27, 39, 3, 54]]

res = 1317.181
res_int = 1311
solution = [[0, 45, 47, 24, 42, 46], [0, 50, 17, 58, 33, 26, 55, 59], [0, 61, 6, 32, 57, 40, 20, 15, 28], [0, 36, 16, 37, 22, 44, 2, 52], [0, 51, 10, 8, 43, 29, 7], [0, 56, 48, 12, 19, 38, 53], [0, 14, 5, 60, 25, 49, 11, 9, 1, 30], [0, 34, 31, 35, 4, 21, 41, 23, 27, 39, 3, 54, 18, 13]]

res = 1318.584
res_int = 1312
solution = [[0, 59, 55, 26, 33, 58, 17, 50], [0, 46, 42, 3, 47, 45], [0, 52, 2, 44, 22, 37, 16, 36], [0, 15, 38, 19, 12, 48, 56], [0, 51, 10, 8, 43, 29], [0, 7, 61, 6, 32, 57, 40, 20, 28], [0, 14, 5, 60, 25, 49, 11, 9, 54, 1, 30, 18, 13, 53], [0, 24, 39, 27, 23, 41, 21, 4, 35, 31, 34]]

Mean = 1315.8268522997937
Execution = 918.9959530830383

Instance : A-n63-k09.xml
Time = 1.6572823524475098

res = 1633.173
res_int = 1628
solution = [[0, 26, 19, 25, 36, 48, 60], [0, 11, 33, 44, 15, 56], [0, 12, 28, 17, 37, 6, 10], [0, 43, 38, 31, 46, 1, 18, 4, 47, 52], [0, 61, 42, 9, 41, 3, 7], [0, 53, 50, 14, 40, 58, 32, 55, 21], [0, 5, 45, 27, 59, 24, 8, 49, 13], [0, 22, 35, 51, 57, 62, 23, 39, 16], [0, 54, 29, 30, 2, 34, 20]]

res = 1633.173
res_int = 1628
solution = [[0, 26, 19, 25, 36, 48, 60], [0, 11, 33, 44, 15, 56], [0, 12, 28, 17, 37, 6, 10], [0, 43, 38, 31, 46, 1, 18, 4, 47, 52], [0, 61, 42, 9, 41, 3, 7], [0, 53, 50, 14, 40, 58, 32, 55, 21], [0, 5, 45, 27, 59, 24, 8, 49, 13], [0, 22, 35, 51, 57, 62, 23, 39, 16], [0, 54, 29, 30, 2, 34, 20]]

res = 1633.526
res_int = 1629
solution = [[0, 12, 28, 17, 37, 6, 10], [0, 5, 45, 27, 59, 24, 8, 49, 13], [0, 20, 34, 2, 30, 29, 54], [0, 38, 31, 43, 46, 1, 18, 4, 47, 52], [0, 11, 33, 44, 15, 56], [0, 21, 55, 32, 58, 40, 14, 50, 53], [0, 7, 39, 23, 62, 57, 51, 35, 22], [0, 16, 61, 42, 9, 41, 3], [0, 26, 19, 25, 36, 48, 60]]

res = 1633.526
res_int = 1629
solution = [[0, 12, 28, 17, 37, 6, 10], [0, 5, 45, 27, 59, 24, 8, 49, 13], [0, 20, 34, 2, 30, 29, 54], [0, 38, 31, 43, 46, 1, 18, 4, 47, 52], [0, 11, 33, 44, 15, 56], [0, 21, 55, 32, 58, 40, 14, 50, 53], [0, 7, 39, 23, 62, 57, 51, 35, 22], [0, 16, 61, 42, 9, 41, 3], [0, 26, 19, 25, 36, 48, 60]]

res = 1635.436
res_int = 1630
solution = [[0, 22, 35, 51, 57, 62, 23, 39], [0, 21, 55, 32, 58, 40, 14, 50, 53], [0, 26, 19, 25, 36, 48, 60], [0, 11, 33, 44, 15, 56], [0, 12, 28, 17, 37, 6, 10, 16], [0, 43, 38, 31, 46, 1, 18, 4, 47, 52], [0, 13, 49, 8, 24, 59, 27, 45, 5], [0, 54, 29, 30, 2, 34, 20], [0, 61, 42, 9, 41, 3, 7]]

res = 1635.436
res_int = 1630
solution = [[0, 21, 55, 32, 58, 40, 14, 50, 53], [0, 12, 28, 17, 37, 6, 10, 16], [0, 43, 38, 31, 46, 1, 18, 4, 47, 52], [0, 54, 29, 30, 2, 34, 20], [0, 39, 23, 62, 57, 51, 35, 22], [0, 26, 19, 25, 36, 48, 60], [0, 56, 15, 44, 33, 11], [0, 5, 45, 27, 59, 24, 8, 49, 13], [0, 61, 42, 9, 41, 3, 7]]

res = 1635.436
res_int = 1630
solution = [[0, 21, 55, 32, 58, 40, 14, 50, 53], [0, 12, 28, 17, 37, 6, 10, 16], [0, 43, 38, 31, 46, 1, 18, 4, 47, 52], [0, 54, 29, 30, 2, 34, 20], [0, 39, 23, 62, 57, 51, 35, 22], [0, 26, 19, 25, 36, 48, 60], [0, 56, 15, 44, 33, 11], [0, 5, 45, 27, 59, 24, 8, 49, 13], [0, 61, 42, 9, 41, 3, 7]]

res = 1636.473
res_int = 1632
solution = [[0, 21, 55, 32, 58, 40, 14, 50, 53], [0, 12, 28, 17, 37, 6, 10], [0, 43, 38, 31, 46, 1, 18, 4, 47, 52], [0, 16, 61, 42, 9, 41, 3, 13], [0, 54, 29, 30, 2, 34, 20], [0, 22, 35, 51, 57, 62, 23, 39, 7], [0, 49, 8, 24, 59, 27, 45, 5, 19], [0, 26, 25, 36, 48, 60], [0, 56, 15, 44, 33, 11]]

res = 1637.002
res_int = 1632
solution = [[0, 54, 29, 30, 2, 34, 20], [0, 26, 19, 25, 36, 48, 60], [0, 56, 15, 44, 33, 11], [0, 5, 45, 27, 59, 24, 8, 49], [0, 38, 31, 43, 46, 1, 18, 4, 47, 52], [0, 16, 61, 42, 9, 41, 3, 13], [0, 21, 55, 32, 58, 40, 14, 50, 53], [0, 12, 28, 17, 37, 6, 10], [0, 22, 35, 51, 57, 62, 23, 39, 7]]

res = 1637.002
res_int = 1632
solution = [[0, 12, 28, 17, 37, 6, 10], [0, 5, 45, 27, 59, 24, 8, 49], [0, 20, 34, 2, 30, 29, 54], [0, 38, 31, 43, 46, 1, 18, 4, 47, 52], [0, 11, 33, 44, 15, 56], [0, 21, 55, 32, 58, 40, 14, 50, 53], [0, 22, 35, 51, 57, 62, 23, 39, 7], [0, 16, 61, 42, 9, 41, 3, 13], [0, 26, 19, 25, 36, 48, 60]]

Mean = 1635.018198331813
Execution = 855.6434218883514

Instance : A-n63-k10.xml
Time = 1.588059902191162

res = 1324.666
res_int = 1321
solution = [[0, 14, 6, 27, 35, 8], [0, 53, 2, 12, 9, 41, 1, 39, 45, 49], [0, 33, 55, 22, 58, 51], [0, 54, 16, 37, 60, 61, 21], [0, 7, 23, 46, 24], [0, 59, 10, 19, 42, 3, 5, 18], [0, 31, 44, 47, 11, 34, 32, 57, 50, 62], [0, 15, 25, 40, 29, 56, 17], [0, 38, 4, 26, 13, 28, 20], [0, 52, 43, 30, 36, 48]]

res = 1324.666
res_int = 1321
solution = [[0, 14, 6, 27, 35, 8], [0, 53, 2, 12, 9, 41, 1, 39, 45, 49], [0, 33, 55, 22, 58, 51], [0, 54, 16, 37, 60, 61, 21], [0, 7, 23, 46, 24], [0, 59, 10, 19, 42, 3, 5, 18], [0, 31, 44, 47, 11, 34, 32, 57, 50, 62], [0, 15, 25, 40, 29, 56, 17], [0, 38, 4, 26, 13, 28, 20], [0, 52, 43, 30, 36, 48]]

res = 1326.408
res_int = 1323
solution = [[0, 48, 36, 30, 43, 52], [0, 14, 6, 27, 35, 8], [0, 49, 45, 39, 1, 41, 9, 12, 2, 53], [0, 33, 55, 22, 58, 51], [0, 21, 61, 60, 37, 16, 54], [0, 24, 46, 23, 7], [0, 59, 10, 19, 42, 3, 5, 18], [0, 31, 44, 47, 11, 34, 32, 57, 50, 62], [0, 17, 56, 29, 15, 25, 40], [0, 38, 4, 26, 13, 28, 20]]

res = 1327.304
res_int = 1323
solution = [[0, 33, 55, 22, 58, 51], [0, 16, 37, 60, 54, 61, 21, 7], [0, 62, 50, 57, 32, 34, 11, 47, 44, 31], [0, 38, 4, 26, 13, 28, 20], [0, 15, 49, 45, 39, 3, 42, 19, 5, 10, 59], [0, 52, 43, 30, 36, 48], [0, 53, 2, 12, 9, 41, 1, 18], [0, 24, 46, 23], [0, 25, 40, 29, 56, 17], [0, 8, 35, 27, 6, 14]]

res = 1327.304
res_int = 1323
solution = [[0, 33, 55, 22, 58, 51], [0, 16, 37, 60, 54, 61, 21, 7], [0, 62, 50, 57, 32, 34, 11, 47, 44, 31], [0, 38, 4, 26, 13, 28, 20], [0, 15, 49, 45, 39, 3, 42, 19, 5, 10, 59], [0, 52, 43, 30, 36, 48], [0, 53, 2, 12, 9, 41, 1, 18], [0, 24, 46, 23], [0, 25, 40, 29, 56, 17], [0, 8, 35, 27, 6, 14]]

res = 1327.304
res_int = 1323
solution = [[0, 23, 46, 24], [0, 33, 55, 22, 58, 51], [0, 16, 37, 60, 54, 61, 21, 7], [0, 62, 50, 57, 32, 34, 11, 47, 44, 31], [0, 38, 4, 26, 13, 28, 20], [0, 15, 49, 45, 39, 3, 42, 19, 5, 10, 59], [0, 52, 43, 30, 36, 48], [0, 25, 40, 29, 56, 17], [0, 8, 35, 27, 6, 14], [0, 53, 2, 12, 9, 41, 1, 18]]

res = 1329.378
res_int = 1329
solution = [[0, 12, 6, 27, 35, 8], [0, 59, 10, 19, 42, 3, 5, 18, 25], [0, 40, 53, 16, 37, 60, 54], [0, 51, 58, 22, 55, 33, 21], [0, 61, 46, 23, 7], [0, 14, 2, 9, 41, 1, 39, 45, 49, 15], [0, 50, 62, 31, 24, 56, 29, 17], [0, 44, 47, 11, 34, 32, 57, 28, 20], [0, 13, 26, 4, 38, 30], [0, 52, 43, 36, 48]]

res = 1329.378
res_int = 1329
solution = [[0, 12, 6, 27, 35, 8], [0, 59, 10, 19, 42, 3, 5, 18, 25], [0, 40, 53, 16, 37, 60, 54], [0, 51, 58, 22, 55, 33, 21], [0, 61, 46, 23, 7], [0, 14, 2, 9, 41, 1, 39, 45, 49, 15], [0, 50, 62, 31, 24, 56, 29, 17], [0, 44, 47, 11, 34, 32, 57, 28, 20], [0, 13, 26, 4, 38, 30], [0, 52, 43, 36, 48]]

res = 1329.48
res_int = 1325
solution = [[0, 16, 37, 60, 54, 61, 21, 7], [0, 33, 55, 22, 58, 51], [0, 24, 46, 23], [0, 31, 44, 47, 11, 34, 32, 57, 50, 62], [0, 20, 28, 13, 26, 38, 4], [0, 48, 36, 30, 43, 52], [0, 8, 35, 27, 6, 14], [0, 53, 2, 12, 9, 41, 1, 39, 45, 49], [0, 18, 5, 3, 42, 19, 10, 59], [0, 15, 25, 40, 29, 56, 17]]

res = 1330.165
res_int = 1327
solution = [[0, 20, 28, 13, 26, 4, 38], [0, 54, 16, 37, 60, 61, 21, 7], [0, 23, 46, 24], [0, 31, 44, 47, 11, 34, 32, 57, 50, 62], [0, 52, 43, 30, 36, 48], [0, 15, 49, 45, 39, 3, 42, 19, 5, 59, 10], [0, 8, 35, 27, 6, 2], [0, 53, 14, 12, 9, 41, 1, 18], [0, 25, 40, 29, 56, 17], [0, 51, 58, 22, 55, 33]]

Mean = 1327.6052475932033
Execution = 986.5318615436554

Instance : A-n64-k09.xml
Time = 1.8789889812469482

res = 1422.511
res_int = 1424
solution = [[0, 32, 24, 61, 13, 52, 56, 41, 10], [0, 48, 51, 19, 20], [0, 38, 43, 28, 12, 22, 18], [0, 23, 37, 59, 31, 55, 49, 44, 39, 40, 36, 7, 21, 26, 35], [0, 50, 58, 2, 63, 47, 46, 8, 16, 60], [0, 11, 57, 30, 14, 27, 1, 17], [0, 62, 3, 53, 15], [0, 34, 5, 54, 4, 9, 42], [0, 33, 45, 29, 25, 6]]

res = 1422.511
res_int = 1424
solution = [[0, 32, 24, 61, 13, 52, 56, 41, 10], [0, 48, 51, 19, 20], [0, 38, 43, 28, 12, 22, 18], [0, 23, 37, 59, 31, 55, 49, 44, 39, 40, 36, 7, 21, 26, 35], [0, 50, 58, 2, 63, 47, 46, 8, 16, 60], [0, 11, 57, 30, 14, 27, 1, 17], [0, 62, 3, 53, 15], [0, 34, 5, 54, 4, 9, 42], [0, 33, 45, 29, 25, 6]]

res = 1422.526
res_int = 1423
solution = [[0, 20, 19, 51, 48], [0, 60, 16, 8, 46, 47, 63, 2, 58, 50], [0, 11, 57, 30, 14, 27, 1, 17], [0, 35, 26, 21, 7, 40, 36, 39, 44, 49, 55, 31, 59, 37, 23], [0, 18, 22, 12, 28, 43, 38], [0, 62, 3, 53, 15], [0, 33, 45, 29, 25, 6], [0, 32, 24, 61, 13, 52, 56, 41, 10], [0, 9, 34, 5, 54, 4, 42]]

res = 1422.526
res_int = 1423
solution = [[0, 20, 19, 51, 48], [0, 60, 16, 8, 46, 47, 63, 2, 58, 50], [0, 11, 57, 30, 14, 27, 1, 17], [0, 35, 26, 21, 7, 40, 36, 39, 44, 49, 55, 31, 59, 37, 23], [0, 18, 22, 12, 28, 43, 38], [0, 62, 3, 53, 15], [0, 33, 45, 29, 25, 6], [0, 32, 24, 61, 13, 52, 56, 41, 10], [0, 9, 34, 5, 54, 4, 42]]

res = 1423.424
res_int = 1421
solution = [[0, 35, 26, 21, 7, 40, 36, 39, 44, 49, 55, 31, 59, 37, 23], [0, 50, 58, 2, 63, 47, 46, 8, 60, 16], [0, 30, 14, 27, 1, 17, 57, 11], [0, 18, 22, 12, 28, 43, 38], [0, 15, 53, 3, 62], [0, 56, 52, 61, 24, 32, 13, 41, 10], [0, 33, 45, 29, 25, 6], [0, 9, 34, 5, 54, 4, 42], [0, 48, 20, 51, 19]]

res = 1423.424
res_int = 1421
solution = [[0, 35, 26, 21, 7, 40, 36, 39, 44, 49, 55, 31, 59, 37, 23], [0, 50, 58, 2, 63, 47, 46, 8, 60, 16], [0, 30, 14, 27, 1, 17, 57, 11], [0, 18, 22, 12, 28, 43, 38], [0, 15, 53, 3, 62], [0, 56, 52, 61, 24, 32, 13, 41, 10], [0, 33, 45, 29, 25, 6], [0, 9, 34, 5, 54, 4, 42], [0, 48, 20, 51, 19]]

res = 1425.225
res_int = 1426
solution = [[0, 62, 3, 53, 15], [0, 42, 24, 61, 13, 52, 56, 41, 10], [0, 18, 22, 12, 28, 43, 38], [0, 11, 57, 17, 1, 27, 14, 30], [0, 33, 45, 29, 25, 6], [0, 20, 19, 51, 48], [0, 23, 37, 59, 31, 55, 49, 44, 39, 36, 40, 7, 21, 26, 35], [0, 32, 54, 5, 4, 34, 9], [0, 50, 58, 2, 63, 47, 46, 8, 16, 60]]

res = 1428.779
res_int = 1428
solution = [[0, 56, 52, 61, 24, 32, 13, 41, 10], [0, 35, 26, 21, 7, 40, 36, 39, 44, 49, 55, 31, 59, 37, 23], [0, 38, 43, 28, 12, 22, 18], [0, 33, 45, 29, 25, 6], [0, 48, 20, 51, 19], [0, 60, 16, 8, 46, 47, 63, 2, 58, 50], [0, 11, 57, 30, 14, 27, 17, 1], [0, 62, 3, 53, 15], [0, 42, 9, 4, 54, 5, 34]]

res = 1428.961
res_int = 1429
solution = [[0, 27, 14, 35, 26, 21, 7, 40, 36, 39, 44, 49, 55], [0, 18, 22, 12, 28, 43, 38], [0, 33, 48, 45, 29, 6], [0, 8, 46, 47, 63, 2, 58, 50, 31, 59], [0, 15, 11, 57, 1, 17, 25], [0, 53, 3, 30, 62], [0, 23, 37, 5, 54, 4, 34, 9], [0, 32, 16, 60, 24, 61, 13, 52, 56, 41, 10], [0, 20, 51, 19, 42]]

res = 1428.961
res_int = 1429
solution = [[0, 27, 14, 35, 26, 21, 7, 40, 36, 39, 44, 49, 55], [0, 18, 22, 12, 28, 43, 38], [0, 33, 48, 45, 29, 6], [0, 8, 46, 47, 63, 2, 58, 50, 31, 59], [0, 15, 11, 57, 1, 17, 25], [0, 53, 3, 30, 62], [0, 23, 37, 5, 54, 4, 34, 9], [0, 32, 16, 60, 24, 61, 13, 52, 56, 41, 10], [0, 20, 51, 19, 42]]

Mean = 1424.8847466374682
Execution = 1111.3631973266602

Instance : A-n65-k09.xml
Time = 1.7017130851745605

res = 1191.858
res_int = 1186
solution = [[0, 15, 22, 9, 14, 27, 43], [0, 30, 37, 35, 36, 3, 4, 49], [0, 47, 34, 31, 26, 6, 64, 46], [0, 45, 61, 42, 38, 2, 41, 16, 50, 60], [0, 44, 56, 59, 10, 8], [0, 55, 21, 25, 52, 24, 19, 18, 29], [0, 53, 40, 58, 20, 32, 5], [0, 17, 51, 39, 7, 63, 11, 54, 48, 57], [0, 33, 13, 12, 1, 23, 28, 62]]

res = 1191.858
res_int = 1186
solution = [[0, 15, 22, 9, 14, 27, 43], [0, 30, 37, 35, 36, 3, 4, 49], [0, 47, 34, 31, 26, 6, 64, 46], [0, 45, 61, 42, 38, 2, 41, 16, 50, 60], [0, 44, 56, 59, 10, 8], [0, 55, 21, 25, 52, 24, 19, 18, 29], [0, 53, 40, 58, 20, 32, 5], [0, 17, 51, 39, 7, 63, 11, 54, 48, 57], [0, 33, 13, 12, 1, 23, 28, 62]]

res = 1191.858
res_int = 1186
solution = [[0, 53, 40, 58, 20, 32, 5], [0, 8, 10, 59, 44, 56], [0, 29, 18, 19, 24, 52, 25, 21, 55], [0, 60, 50, 16, 41, 2, 38, 42, 61, 45], [0, 17, 51, 39, 7, 63, 11, 54, 48, 57], [0, 15, 22, 9, 14, 27, 43], [0, 47, 34, 31, 26, 6, 64, 46], [0, 30, 37, 35, 36, 3, 4, 49], [0, 33, 13, 12, 1, 23, 28, 62]]

res = 1191.858
res_int = 1186
solution = [[0, 53, 40, 58, 20, 32, 5], [0, 8, 10, 59, 44, 56], [0, 29, 18, 19, 24, 52, 25, 21, 55], [0, 60, 50, 16, 41, 2, 38, 42, 61, 45], [0, 17, 51, 39, 7, 63, 11, 54, 48, 57], [0, 15, 22, 9, 14, 27, 43], [0, 47, 34, 31, 26, 6, 64, 46], [0, 30, 37, 35, 36, 3, 4, 49], [0, 33, 13, 12, 1, 23, 28, 62]]

res = 1191.858
res_int = 1186
solution = [[0, 45, 61, 42, 38, 2, 41, 16, 50, 60], [0, 30, 37, 35, 36, 3, 4, 49], [0, 17, 51, 39, 7, 63, 11, 54, 48, 57], [0, 43, 27, 14, 9, 22, 15], [0, 55, 21, 25, 52, 24, 19, 18, 29], [0, 33, 13, 12, 1, 23, 28, 62], [0, 46, 64, 6, 26, 31, 34, 47], [0, 8, 10, 59, 44, 56], [0, 53, 40, 58, 20, 32, 5]]

res = 1192.707
res_int = 1186
solution = [[0, 8, 10, 59, 56, 44], [0, 45, 61, 42, 38, 2, 41, 16, 50, 60], [0, 30, 37, 35, 36, 3, 4, 49], [0, 55, 21, 25, 52, 24, 19, 18, 29], [0, 43, 27, 14, 9, 22, 15], [0, 46, 64, 6, 26, 31, 34, 47], [0, 53, 40, 58, 20, 32, 5], [0, 17, 51, 39, 54, 48, 57, 63, 11, 7], [0, 33, 13, 12, 1, 23, 28, 62]]

res = 1192.707
res_int = 1186
solution = [[0, 8, 10, 59, 56, 44], [0, 45, 61, 42, 38, 2, 41, 16, 50, 60], [0, 30, 37, 35, 36, 3, 4, 49], [0, 55, 21, 25, 52, 24, 19, 18, 29], [0, 43, 27, 14, 9, 22, 15], [0, 46, 64, 6, 26, 31, 34, 47], [0, 53, 40, 58, 20, 32, 5], [0, 17, 51, 39, 54, 48, 57, 63, 11, 7], [0, 33, 13, 12, 1, 23, 28, 62]]

res = 1192.707
res_int = 1186
solution = [[0, 43, 27, 14, 9, 22, 15], [0, 46, 64, 6, 26, 31, 34, 47], [0, 30, 37, 35, 36, 3, 4, 49], [0, 60, 50, 16, 41, 2, 38, 42, 61, 45], [0, 8, 10, 59, 56, 44], [0, 29, 18, 19, 24, 52, 25, 21, 55], [0, 53, 40, 58, 20, 32, 5], [0, 17, 51, 39, 54, 48, 57, 63, 11, 7], [0, 33, 13, 12, 1, 23, 28, 62]]

res = 1192.707
res_int = 1186
solution = [[0, 43, 27, 14, 9, 22, 15], [0, 46, 64, 6, 26, 31, 34, 47], [0, 30, 37, 35, 36, 3, 4, 49], [0, 60, 50, 16, 41, 2, 38, 42, 61, 45], [0, 8, 10, 59, 56, 44], [0, 29, 18, 19, 24, 52, 25, 21, 55], [0, 53, 40, 58, 20, 32, 5], [0, 17, 51, 39, 54, 48, 57, 63, 11, 7], [0, 33, 13, 12, 1, 23, 28, 62]]

res = 1192.707
res_int = 1186
solution = [[0, 43, 27, 14, 9, 22, 15], [0, 46, 64, 6, 26, 31, 34, 47], [0, 30, 37, 35, 36, 3, 4, 49], [0, 45, 61, 42, 38, 2, 41, 16, 50, 60], [0, 17, 51, 39, 54, 48, 57, 63, 11, 7], [0, 33, 13, 12, 1, 23, 28, 62], [0, 8, 10, 59, 44, 56], [0, 29, 18, 19, 24, 52, 25, 21, 55], [0, 53, 40, 58, 20, 32, 5]]

Mean = 1192.2827591232203
Execution = 942.1058433055878

Instance : A-n69-k09.xml
Time = 2.015920400619507

res = 1173.356
res_int = 1169
solution = [[0, 68, 41, 35, 45, 20, 59, 8, 38], [0, 54, 37, 17, 32, 10, 36, 1, 48, 26], [0, 2, 33, 49, 9, 30, 51, 6, 3, 15, 44, 13, 66], [0, 12, 29, 40, 39, 56, 62], [0, 43, 16, 50, 52], [0, 67, 21, 61, 64, 53, 18, 31], [0, 19, 23, 58, 22, 24], [0, 34, 14, 47, 4, 60, 55, 65, 27, 7], [0, 5, 46, 63, 11, 25, 42, 57, 28]]

res = 1173.356
res_int = 1169
solution = [[0, 68, 41, 35, 45, 20, 59, 8, 38], [0, 54, 37, 17, 32, 10, 36, 1, 48, 26], [0, 2, 33, 49, 9, 30, 51, 6, 3, 15, 44, 13, 66], [0, 12, 29, 40, 39, 56, 62], [0, 43, 16, 50, 52], [0, 67, 21, 61, 64, 53, 18, 31], [0, 19, 23, 58, 22, 24], [0, 34, 14, 47, 4, 60, 55, 65, 27, 7], [0, 5, 46, 63, 11, 25, 42, 57, 28]]

res = 1173.786
res_int = 1170
solution = [[0, 68, 41, 35, 45, 20, 59, 8, 38], [0, 54, 37, 17, 32, 10, 36, 1, 48, 26], [0, 2, 33, 49, 9, 30, 51, 6, 3, 15, 44, 13, 66], [0, 12, 29, 40, 39, 56, 62], [0, 43, 52, 16, 50], [0, 67, 21, 61, 64, 53, 18, 31], [0, 19, 23, 58, 22, 24], [0, 34, 14, 47, 4, 60, 55, 65, 27, 7], [0, 5, 46, 63, 11, 25, 42, 57, 28]]

res = 1175.282
res_int = 1171
solution = [[0, 68, 41, 35, 45, 20, 59, 8, 38], [0, 54, 37, 17, 32, 10, 36, 1, 48, 26], [0, 33, 49, 9, 30, 51, 6, 3, 15, 44, 13, 66], [0, 12, 29, 40, 39, 56, 62], [0, 43, 52, 16, 50], [0, 67, 21, 61, 64, 2, 53, 18, 31], [0, 19, 23, 58, 22, 24], [0, 34, 14, 47, 4, 60, 55, 65, 27, 7], [0, 5, 46, 63, 11, 25, 42, 57, 28]]

res = 1177.613
res_int = 1172
solution = [[0, 12, 40, 39, 56, 62, 29], [0, 32, 17, 10, 36, 1, 48, 16, 43], [0, 68, 41, 35, 45, 20, 59, 8, 38], [0, 26, 54, 46, 5, 37, 50, 52], [0, 57, 11, 63, 25, 42, 28], [0, 66, 13, 44, 15, 3, 6, 51, 30, 9, 49, 33], [0, 67, 21, 61, 64, 2, 53, 18, 31], [0, 24, 22, 58, 23, 19], [0, 34, 14, 47, 4, 60, 55, 65, 27, 7]]

res = 1177.613
res_int = 1172
solution = [[0, 12, 40, 39, 56, 62, 29], [0, 32, 17, 10, 36, 1, 48, 16, 43], [0, 68, 41, 35, 45, 20, 59, 8, 38], [0, 26, 54, 46, 5, 37, 50, 52], [0, 57, 11, 63, 25, 42, 28], [0, 66, 13, 44, 15, 3, 6, 51, 30, 9, 49, 33], [0, 67, 21, 61, 64, 2, 53, 18, 31], [0, 24, 22, 58, 23, 19], [0, 34, 14, 47, 4, 60, 55, 65, 27, 7]]

res = 1178.14
res_int = 1170
solution = [[0, 37, 32, 17, 10, 36, 1, 48, 16], [0, 13, 45, 35, 44, 15, 3, 6, 51, 30], [0, 41, 20, 59, 8, 39, 56, 62], [0, 58, 66, 68, 38, 40, 29, 12, 22], [0, 34, 14, 47, 4, 60, 55, 65, 27], [0, 50, 5, 46, 63, 11, 25, 42, 57], [0, 19, 23, 9, 49, 33, 2, 53, 18], [0, 7, 67, 21, 61, 64, 31], [0, 28, 54, 26, 52, 43, 24]]

res = 1178.14
res_int = 1170
solution = [[0, 37, 32, 17, 10, 36, 1, 48, 16], [0, 13, 45, 35, 44, 15, 3, 6, 51, 30], [0, 41, 20, 59, 8, 39, 56, 62], [0, 58, 66, 68, 38, 40, 29, 12, 22], [0, 34, 14, 47, 4, 60, 55, 65, 27], [0, 50, 5, 46, 63, 11, 25, 42, 57], [0, 19, 23, 9, 49, 33, 2, 53, 18], [0, 7, 67, 21, 61, 64, 31], [0, 28, 54, 26, 52, 43, 24]]

res = 1178.572
res_int = 1175
solution = [[0, 48, 1, 36, 10, 17, 32, 37, 54], [0, 13, 44, 15, 3, 6, 51, 30, 9, 49, 33, 31], [0, 27, 65, 55, 60, 4, 47, 14, 34], [0, 18, 53, 2, 64, 61, 21, 67, 7], [0, 28, 57, 42, 25, 11, 63, 46, 5, 26], [0, 24, 22, 58, 66, 23, 19], [0, 52, 50, 16, 43], [0, 68, 41, 35, 45, 20, 59, 8, 38], [0, 12, 29, 40, 39, 56, 62]]

res = 1179.169
res_int = 1174
solution = [[0, 32, 17, 10, 36, 1, 48, 16, 43], [0, 31, 18, 53, 64, 61, 67, 21], [0, 12, 40, 39, 56, 62, 29], [0, 26, 54, 46, 5, 37, 50, 52], [0, 19, 23, 58, 22, 24], [0, 57, 11, 63, 25, 42, 28], [0, 34, 14, 47, 4, 60, 55, 65, 27, 7], [0, 66, 13, 44, 15, 3, 6, 51, 30, 9, 49, 33, 2], [0, 68, 41, 35, 45, 20, 59, 8, 38]]

Mean = 1176.5026289324946
Execution = 958.2880656719208

Instance : A-n80-k10.xml
Time = 2.925180673599243

res = 1787.162
res_int = 1785
solution = [[0, 12, 44, 5, 23, 62, 63, 10], [0, 1, 7, 21, 40], [0, 72, 54, 9, 55, 56, 69, 65, 35, 26, 47, 19, 75, 20], [0, 30, 78, 68, 43, 16, 61, 57, 59, 27], [0, 11, 34, 2, 37, 8, 6, 24], [0, 29, 17, 31, 46, 25, 41, 15, 33, 64, 39], [0, 52, 28, 79, 18, 48, 14, 71], [0, 58, 32, 4, 22, 45, 50, 76, 70], [0, 49, 38, 66, 67, 53, 36, 73], [0, 42, 51, 77, 3, 60, 74, 13]]

res = 1787.162
res_int = 1785
solution = [[0, 12, 44, 5, 23, 62, 63, 10], [0, 1, 7, 21, 40], [0, 72, 54, 9, 55, 56, 69, 65, 35, 26, 47, 19, 75, 20], [0, 30, 78, 68, 43, 16, 61, 57, 59, 27], [0, 11, 34, 2, 37, 8, 6, 24], [0, 29, 17, 31, 46, 25, 41, 15, 33, 64, 39], [0, 52, 28, 79, 18, 48, 14, 71], [0, 58, 32, 4, 22, 45, 50, 76, 70], [0, 49, 38, 66, 67, 53, 36, 73], [0, 42, 51, 77, 3, 60, 74, 13]]

res = 1787.768
res_int = 1785
solution = [[0, 12, 44, 5, 23, 62, 63, 10], [0, 1, 7, 21, 40], [0, 72, 54, 9, 55, 56, 69, 65, 35, 26, 47, 19, 75, 20], [0, 30, 78, 68, 43, 16, 61, 57, 59, 27], [0, 11, 34, 2, 37, 8, 6, 24], [0, 29, 17, 31, 46, 25, 41, 15, 33, 64, 39], [0, 52, 28, 79, 18, 48, 14, 71], [0, 58, 32, 4, 22, 45, 50, 76, 70], [0, 49, 73, 38, 66, 67, 53, 36], [0, 13, 74, 60, 3, 77, 51, 42]]

res = 1790.634
res_int = 1788
solution = [[0, 30, 78, 68, 43, 16, 61, 57, 59, 27, 31], [0, 52, 28, 79, 18, 48, 14, 71], [0, 20, 75, 19, 47, 26, 35, 65, 69, 56, 55, 9, 54, 72], [0, 12, 44, 5, 23, 63, 62], [0, 24, 6, 8, 37, 2, 34, 11, 10], [0, 58, 32, 4, 22, 45, 50, 76, 70], [0, 1, 7, 21, 40], [0, 73, 36, 53, 66, 67, 38, 49], [0, 39, 64, 33, 15, 41, 25, 46, 17, 29], [0, 13, 74, 60, 3, 77, 51, 42]]

res = 1790.634
res_int = 1788
solution = [[0, 30, 78, 68, 43, 16, 61, 57, 59, 27, 31], [0, 52, 28, 79, 18, 48, 14, 71], [0, 20, 75, 19, 47, 26, 35, 65, 69, 56, 55, 9, 54, 72], [0, 12, 44, 5, 23, 63, 62], [0, 24, 6, 8, 37, 2, 34, 11, 10], [0, 58, 32, 4, 22, 45, 50, 76, 70], [0, 1, 7, 21, 40], [0, 73, 36, 53, 66, 67, 38, 49], [0, 39, 64, 33, 15, 41, 25, 46, 17, 29], [0, 13, 74, 60, 3, 77, 51, 42]]

res = 1790.889
res_int = 1788
solution = [[0, 12, 44, 5, 23, 62, 63, 10], [0, 1, 7, 21, 40], [0, 72, 54, 9, 55, 56, 69, 65, 35, 26, 47, 19, 75, 20], [0, 30, 78, 68, 43, 16, 61, 57, 27, 59], [0, 11, 34, 2, 37, 8, 6, 24], [0, 29, 17, 31, 46, 25, 41, 15, 33, 64, 39], [0, 52, 28, 79, 18, 48, 14, 71], [0, 58, 32, 4, 22, 45, 50, 76, 70], [0, 49, 73, 38, 66, 67, 53, 36], [0, 42, 51, 77, 3, 60, 74, 13]]

res = 1790.976
res_int = 1790
solution = [[0, 12, 44, 5, 23, 62, 63], [0, 52, 79, 18, 48, 28, 14, 71], [0, 20, 75, 19, 47, 26, 35, 65, 69, 56, 55, 9, 54, 72], [0, 27, 59, 57, 61, 16, 43, 68, 78, 30], [0, 24, 6, 8, 37, 2, 34, 11, 10], [0, 58, 32, 4, 22, 45, 50, 76, 70], [0, 29, 17, 31, 46, 25, 41, 15, 33, 64, 39, 77], [0, 13, 74, 60, 3, 51, 42], [0, 1, 7, 21, 40], [0, 73, 36, 53, 66, 67, 38, 49]]

res = 1793.264
res_int = 1789
solution = [[0, 27, 59, 57, 61, 16, 43, 68, 78, 5], [0, 30, 6, 24, 8, 37, 2, 34, 11], [0, 10, 63, 62, 23, 12, 44], [0, 58, 32, 4, 22, 45, 50, 76, 70], [0, 13, 74, 60, 3, 77, 51, 42], [0, 49, 38, 67, 66, 53, 36, 73], [0, 29, 17, 31, 46, 25, 41, 15, 33, 64, 39], [0, 20, 75, 19, 26, 35, 65, 69, 47, 56, 55, 9, 54, 72], [0, 1, 7, 21, 40], [0, 52, 28, 79, 18, 48, 14, 71]]

res = 1793.264
res_int = 1789
solution = [[0, 27, 59, 57, 61, 16, 43, 68, 78, 5], [0, 30, 6, 24, 8, 37, 2, 34, 11], [0, 10, 63, 62, 23, 12, 44], [0, 58, 32, 4, 22, 45, 50, 76, 70], [0, 13, 74, 60, 3, 77, 51, 42], [0, 49, 38, 67, 66, 53, 36, 73], [0, 29, 17, 31, 46, 25, 41, 15, 33, 64, 39], [0, 20, 75, 19, 26, 35, 65, 69, 47, 56, 55, 9, 54, 72], [0, 1, 7, 21, 40], [0, 52, 28, 79, 18, 48, 14, 71]]

res = 1793.926
res_int = 1792
solution = [[0, 2, 37, 8, 68, 43, 16, 61, 78, 30], [0, 58, 32, 4, 22, 45, 50, 76, 70], [0, 34, 52, 28, 79, 18, 48, 14, 71], [0, 17, 31, 27, 59, 5, 23, 44, 12], [0, 62, 6, 24, 11, 63, 10], [0, 1, 7, 21, 40], [0, 29, 46, 25, 15, 33, 55, 9, 54, 72, 38], [0, 64, 41, 56, 69, 65, 35, 26, 47, 19, 57, 75, 20], [0, 42, 53, 66, 67, 36, 73, 49], [0, 51, 77, 3, 39, 60, 74, 13]]

Mean = 1790.5676943028843
Execution = 1213.5548799037933

Instance : B-n38-k06.xml
Time = 0.6032178401947021

res = 808.703
res_int = 806
solution = [[0, 20, 10, 1, 15, 14], [0, 30, 2, 35, 37, 13, 28, 21], [0, 11, 32, 3, 22, 16, 26], [0, 36, 17, 8, 34, 24, 29, 12, 7, 25], [0, 31, 6, 19, 9], [0, 27, 5, 4, 33, 18, 23]]

res = 808.703
res_int = 806
solution = [[0, 20, 10, 1, 15, 14], [0, 30, 2, 35, 37, 13, 28, 21], [0, 11, 32, 3, 22, 16, 26], [0, 36, 17, 8, 34, 24, 29, 12, 7, 25], [0, 31, 6, 19, 9], [0, 27, 5, 4, 33, 18, 23]]

res = 808.703
res_int = 806
solution = [[0, 36, 17, 8, 34, 24, 29, 12, 7, 25], [0, 27, 5, 4, 18, 33, 23], [0, 9, 19, 6, 31], [0, 11, 32, 3, 22, 16, 26], [0, 20, 10, 1, 15, 14], [0, 30, 2, 35, 37, 13, 28, 21]]

res = 808.703
res_int = 806
solution = [[0, 36, 17, 8, 34, 24, 29, 12, 7, 25], [0, 27, 5, 4, 18, 33, 23], [0, 9, 19, 6, 31], [0, 11, 32, 3, 22, 16, 26], [0, 20, 10, 1, 15, 14], [0, 30, 2, 35, 37, 13, 28, 21]]

res = 808.703
res_int = 806
solution = [[0, 11, 32, 3, 22, 16, 26], [0, 9, 19, 6, 31], [0, 20, 10, 1, 15, 14], [0, 30, 2, 35, 37, 13, 28, 21], [0, 23, 18, 33, 4, 5, 27], [0, 36, 17, 8, 34, 24, 29, 12, 7, 25]]

res = 808.703
res_int = 806
solution = [[0, 11, 32, 3, 22, 16, 26], [0, 9, 19, 6, 31], [0, 20, 10, 1, 15, 14], [0, 30, 2, 35, 37, 13, 28, 21], [0, 23, 18, 33, 4, 5, 27], [0, 36, 17, 8, 34, 24, 29, 12, 7, 25]]

res = 808.703
res_int = 806
solution = [[0, 20, 10, 1, 15, 14], [0, 11, 32, 3, 22, 16, 26], [0, 30, 2, 35, 37, 13, 28, 21], [0, 31, 6, 19, 9], [0, 23, 18, 33, 4, 5, 27], [0, 36, 17, 8, 34, 24, 29, 12, 7, 25]]

res = 808.703
res_int = 806
solution = [[0, 20, 10, 1, 15, 14], [0, 11, 32, 3, 22, 16, 26], [0, 30, 2, 35, 37, 13, 28, 21], [0, 31, 6, 19, 9], [0, 23, 18, 33, 4, 5, 27], [0, 36, 17, 8, 34, 24, 29, 12, 7, 25]]

res = 808.703
res_int = 806
solution = [[0, 20, 10, 1, 15, 14], [0, 30, 2, 35, 37, 13, 28, 21], [0, 11, 32, 3, 22, 16, 26], [0, 36, 17, 8, 34, 24, 29, 12, 7, 25], [0, 9, 19, 6, 31], [0, 27, 5, 4, 33, 18, 23]]

res = 808.703
res_int = 806
solution = [[0, 20, 10, 1, 15, 14], [0, 30, 2, 35, 37, 13, 28, 21], [0, 26, 16, 22, 3, 32, 11], [0, 36, 17, 8, 34, 24, 29, 12, 7, 25], [0, 9, 19, 6, 31], [0, 27, 5, 4, 33, 18, 23]]

Mean = 808.7026097356138
Execution = 561.2659838199615

Instance : B-n50-k08.xml
Time = 1.0553021430969238

res = 1324.584
res_int = 1324
solution = [[0, 15, 39, 45, 41, 10, 3], [0, 13, 23, 46, 38, 22, 14], [0, 8, 17, 42, 21, 1, 35], [0, 16, 5, 30], [0, 9, 33, 49, 47, 26, 18, 4, 25], [0, 20, 11, 36, 12, 27, 37, 7, 40], [0, 34, 6, 31, 44], [0, 32, 28, 29, 19, 24, 43, 48, 2]]

res = 1324.584
res_int = 1324
solution = [[0, 15, 39, 45, 41, 10, 3], [0, 13, 23, 46, 38, 22, 14], [0, 8, 17, 42, 21, 1, 35], [0, 16, 5, 30], [0, 9, 33, 49, 47, 26, 18, 4, 25], [0, 20, 11, 36, 12, 27, 37, 7, 40], [0, 34, 6, 31, 44], [0, 32, 28, 29, 19, 24, 43, 48, 2]]

res = 1325.745
res_int = 1324
solution = [[0, 48, 7, 37, 27, 12, 36, 11, 20], [0, 31, 6, 34, 2], [0, 8, 17, 42, 21, 1, 35], [0, 16, 5, 30], [0, 15, 39, 45, 41, 10, 3], [0, 25, 4, 18, 26, 47, 49, 33, 9], [0, 13, 23, 46, 38, 22, 14, 44], [0, 32, 28, 29, 19, 24, 43, 40]]

res = 1325.745
res_int = 1324
solution = [[0, 16, 5, 30], [0, 8, 17, 42, 21, 1, 35], [0, 15, 39, 45, 41, 10, 3], [0, 25, 4, 18, 26, 47, 49, 33, 9], [0, 48, 7, 37, 27, 12, 36, 11, 20], [0, 13, 23, 46, 38, 22, 14, 44], [0, 31, 6, 34, 2], [0, 32, 28, 29, 19, 24, 43, 40]]

res = 1326.388
res_int = 1324
solution = [[0, 27, 12, 36, 43, 16, 11, 30, 6], [0, 1, 28, 29, 19, 32], [0, 10, 21, 8, 42, 17, 15], [0, 35, 39, 45, 41, 23, 3], [0, 33, 25, 4, 18, 26, 47, 49, 20], [0, 37, 9, 24, 5], [0, 13, 22, 38, 46, 14, 31], [0, 44, 7, 40, 48, 34, 2]]

res = 1326.388
res_int = 1324
solution = [[0, 27, 12, 36, 43, 16, 11, 30, 6], [0, 1, 28, 29, 19, 32], [0, 10, 21, 8, 42, 17, 15], [0, 35, 39, 45, 41, 23, 3], [0, 33, 25, 4, 18, 26, 47, 49, 20], [0, 37, 9, 24, 5], [0, 13, 22, 38, 46, 14, 31], [0, 44, 7, 40, 48, 34, 2]]

res = 1327.35
res_int = 1322
solution = [[0, 35, 39, 45, 41, 23, 3], [0, 27, 12, 36, 43, 16, 11, 30, 6], [0, 1, 28, 29, 19, 32], [0, 31, 14, 13, 46, 38, 22], [0, 20, 33, 49, 47, 26, 18, 4, 25], [0, 37, 9, 24, 5], [0, 44, 7, 40, 48, 34, 2], [0, 10, 21, 42, 17, 8, 15]]

res = 1328.139
res_int = 1325
solution = [[0, 8, 17, 42, 21, 1, 35], [0, 10, 41, 45, 39, 15], [0, 16, 5, 30], [0, 9, 33, 49, 47, 26, 18, 4, 25], [0, 3, 13, 23, 46, 22, 38, 14], [0, 32, 28, 29, 19, 24, 43, 40], [0, 27, 20, 11, 36, 12, 37, 7, 48], [0, 44, 31, 6, 34, 2]]

res = 1328.818
res_int = 1326
solution = [[0, 8, 17, 42, 21, 1, 35], [0, 16, 5, 30], [0, 25, 4, 18, 26, 47, 49, 33, 9], [0, 3, 13, 23, 46, 22, 38, 14], [0, 10, 41, 45, 39, 15], [0, 34, 6, 31, 44], [0, 32, 28, 29, 19, 24, 43, 40, 2], [0, 48, 7, 37, 12, 27, 20, 36, 11]]

res = 1328.987
res_int = 1327
solution = [[0, 1, 28, 29, 19, 32], [0, 35, 39, 45, 41, 46, 22], [0, 36, 43, 24, 5], [0, 20, 30, 14, 38, 23, 13, 3], [0, 34, 48, 6, 31, 44], [0, 15, 17, 42, 8, 21, 10], [0, 7, 25, 47, 26, 18, 4, 2], [0, 27, 12, 11, 16, 49, 33, 9, 37, 40]]

Mean = 1326.6727846029462
Execution = 768.9948110580444

Instance : B-n51-k07.xml
Time = 0.8185579776763916

res = 1019.325
res_int = 1016
solution = [[0, 11, 43, 26, 28, 7, 6], [0, 41, 27, 31, 32, 37, 12, 8], [0, 4, 14, 42, 13, 29, 39], [0, 46, 22, 24, 30, 25, 45, 47, 50, 23], [0, 18], [0, 17, 10, 34, 38, 2, 16, 40, 36, 5], [0, 35, 3, 19, 33, 48], [0, 21, 44, 20, 1, 9, 49, 15]]

res = 1019.325
res_int = 1016
solution = [[0, 11, 43, 26, 28, 7, 6], [0, 41, 27, 31, 32, 37, 12, 8], [0, 4, 14, 42, 13, 29, 39], [0, 46, 22, 24, 30, 25, 45, 47, 50, 23], [0, 18], [0, 17, 10, 34, 38, 2, 16, 40, 36, 5], [0, 35, 3, 19, 33, 48], [0, 21, 44, 20, 1, 9, 49, 15]]

res = 1019.325
res_int = 1016
solution = [[0, 18], [0, 41, 27, 31, 32, 37, 12, 8], [0, 17, 10, 34, 38, 2, 16, 40, 36, 5], [0, 6, 7, 28, 26, 43, 11], [0, 39, 29, 13, 42, 14, 4], [0, 35, 3, 19, 33, 48], [0, 46, 22, 24, 30, 25, 45, 47, 50, 23], [0, 21, 44, 20, 1, 9, 49, 15]]

res = 1019.325
res_int = 1016
solution = [[0, 18], [0, 41, 27, 31, 32, 37, 12, 8], [0, 17, 10, 34, 38, 2, 16, 40, 36, 5], [0, 6, 7, 28, 26, 43, 11], [0, 39, 29, 13, 42, 14, 4], [0, 35, 3, 19, 33, 48], [0, 46, 22, 24, 30, 25, 45, 47, 50, 23], [0, 21, 44, 20, 1, 9, 49, 15]]

res = 1019.325
res_int = 1016
solution = [[0, 11, 43, 26, 28, 7, 6], [0, 41, 27, 31, 32, 37, 12, 8], [0, 4, 14, 42, 13, 29, 39], [0, 35, 3, 19, 33, 48], [0, 46, 22, 24, 30, 25, 45, 47, 50, 23], [0, 21, 44, 20, 1, 9, 49, 15], [0, 18], [0, 17, 10, 34, 38, 2, 16, 40, 36, 5]]

res = 1019.325
res_int = 1016
solution = [[0, 18], [0, 41, 27, 31, 32, 37, 12, 8], [0, 39, 29, 13, 42, 14, 4], [0, 17, 10, 34, 38, 2, 16, 40, 36, 5], [0, 6, 7, 28, 26, 43, 11], [0, 48, 33, 19, 3, 35], [0, 21, 44, 20, 1, 9, 49, 15, 50], [0, 46, 22, 24, 30, 25, 45, 47, 23]]

res = 1019.325
res_int = 1016
solution = [[0, 18], [0, 41, 27, 31, 32, 37, 12, 8], [0, 39, 29, 13, 42, 14, 4], [0, 17, 10, 34, 38, 2, 16, 40, 36, 5], [0, 6, 7, 28, 26, 43, 11], [0, 48, 33, 19, 3, 35], [0, 21, 44, 20, 1, 9, 49, 15, 50], [0, 46, 22, 24, 30, 25, 45, 47, 23]]

res = 1019.325
res_int = 1016
solution = [[0, 21, 44, 20, 1, 9, 49, 15], [0, 18], [0, 41, 27, 31, 32, 37, 12, 8], [0, 50, 23, 47, 45, 25, 30, 24, 22, 46], [0, 39, 29, 13, 42, 14, 4], [0, 17, 10, 34, 38, 2, 16, 40, 36, 5], [0, 48, 33, 19, 3, 35], [0, 6, 7, 28, 26, 43, 11]]

res = 1019.325
res_int = 1016
solution = [[0, 21, 44, 20, 1, 9, 49, 15], [0, 18], [0, 41, 27, 31, 32, 37, 12, 8], [0, 50, 23, 47, 45, 25, 30, 24, 22, 46], [0, 39, 29, 13, 42, 14, 4], [0, 17, 10, 34, 38, 2, 16, 40, 36, 5], [0, 48, 33, 19, 3, 35], [0, 6, 7, 28, 26, 43, 11]]

res = 1019.325
res_int = 1016
solution = [[0, 39, 29, 13, 42, 14, 4], [0, 18], [0, 41, 27, 31, 32, 37, 12, 8], [0, 46, 22, 24, 30, 25, 47, 45, 23, 50], [0, 17, 10, 34, 38, 2, 16, 40, 36, 5], [0, 6, 7, 28, 26, 43, 11], [0, 21, 44, 20, 1, 9, 49, 15], [0, 35, 3, 19, 33, 48]]

Mean = 1019.3250793468817
Execution = 723.300755739212

Instance : B-n52-k07.xml
Time = 0.9195396900177002

res = 751.776
res_int = 748
solution = [[0, 4, 45, 14, 39, 21, 11, 28, 24, 31, 3], [0, 13, 46, 49, 15, 19, 32, 34, 9, 16], [0, 23, 12, 50, 17, 22, 26, 38, 48, 2], [0, 1, 30, 18, 20, 42, 40], [0, 29, 51, 5, 8, 27, 10, 44], [0, 36, 6, 25, 41], [0, 33, 35, 43, 7, 37, 47]]

res = 751.776
res_int = 748
solution = [[0, 4, 45, 14, 39, 21, 11, 28, 24, 31, 3], [0, 13, 46, 49, 15, 19, 32, 34, 9, 16], [0, 23, 12, 50, 17, 22, 26, 38, 48, 2], [0, 1, 30, 18, 20, 42, 40], [0, 29, 51, 5, 8, 27, 10, 44], [0, 36, 6, 25, 41], [0, 33, 35, 43, 7, 37, 47]]

res = 752.161
res_int = 749
solution = [[0, 9, 16, 46, 13, 32, 34, 19, 15, 49, 17], [0, 44, 10, 29, 27, 8, 5, 51], [0, 23, 12, 50, 22, 26, 38, 48, 2], [0, 47, 37, 7, 43, 33, 35], [0, 4, 45, 14, 39, 21, 11, 28, 24, 31, 3], [0, 1, 30, 18, 20, 42, 40], [0, 36, 6, 25, 41]]

res = 752.161
res_int = 749
solution = [[0, 9, 16, 46, 13, 32, 34, 19, 15, 49, 17], [0, 44, 10, 29, 27, 8, 5, 51], [0, 23, 12, 50, 22, 26, 38, 48, 2], [0, 47, 37, 7, 43, 33, 35], [0, 4, 45, 14, 39, 21, 11, 28, 24, 31, 3], [0, 1, 30, 18, 20, 42, 40], [0, 36, 6, 25, 41]]

res = 752.179
res_int = 749
solution = [[0, 2, 48, 38, 9, 16, 22, 50, 12, 23], [0, 46, 13, 32, 34, 19, 15, 49, 17, 26], [0, 29, 51, 5, 8, 27, 10, 44], [0, 35, 33, 43, 7, 37, 47], [0, 21, 11, 28, 3, 31, 24, 39, 14, 45, 4], [0, 1, 18, 30, 20, 42, 40], [0, 36, 6, 25, 41]]

res = 752.179
res_int = 749
solution = [[0, 2, 48, 38, 9, 16, 22, 50, 12, 23], [0, 46, 13, 32, 34, 19, 15, 49, 17, 26], [0, 29, 51, 5, 8, 27, 10, 44], [0, 35, 33, 43, 7, 37, 47], [0, 21, 11, 28, 3, 31, 24, 39, 14, 45, 4], [0, 1, 18, 30, 20, 42, 40], [0, 36, 6, 25, 41]]

res = 754.338
res_int = 751
solution = [[0, 9, 16, 46, 13, 32, 34, 19, 15, 49, 17], [0, 44, 10, 29, 27, 8, 5, 51], [0, 23, 12, 50, 22, 26, 38, 48, 2], [0, 4, 45, 14, 39, 24, 31, 21, 11, 28, 3], [0, 1, 18, 30, 20, 42, 40], [0, 36, 6, 25, 41], [0, 47, 37, 7, 43, 33, 35]]

res = 754.422
res_int = 752
solution = [[0, 44, 10, 29, 27, 8, 5, 51], [0, 46, 13, 49, 15, 19, 32, 34, 16, 9], [0, 2, 48, 38, 26, 22, 17, 50, 12, 23], [0, 35, 33, 7, 43], [0, 37, 47, 6, 36, 25, 41], [0, 4, 45, 14, 39, 24, 31, 3, 28, 11, 21], [0, 1, 30, 18, 20, 42, 40]]

res = 754.422
res_int = 752
solution = [[0, 44, 10, 29, 27, 8, 5, 51], [0, 46, 13, 49, 15, 19, 32, 34, 16, 9], [0, 2, 48, 38, 26, 22, 17, 50, 12, 23], [0, 35, 33, 7, 43], [0, 37, 47, 6, 36, 25, 41], [0, 4, 45, 14, 39, 24, 31, 3, 28, 11, 21], [0, 1, 30, 18, 20, 42, 40]]

res = 754.422
res_int = 752
solution = [[0, 44, 10, 29, 27, 8, 5, 51], [0, 37, 47, 6, 36, 25, 41], [0, 21, 11, 28, 3, 31, 24, 39, 14, 45, 4], [0, 33, 35, 7, 43], [0, 1, 30, 18, 20, 42, 40], [0, 2, 48, 38, 26, 22, 17, 50, 12, 23], [0, 46, 13, 49, 15, 19, 32, 34, 16, 9]]

Mean = 752.9835588689399
Execution = 674.7743198871613

Instance : B-n63-k10.xml
Time = 1.2914838790893555

res = 1538.951
res_int = 1533
solution = [[0, 18, 50, 7, 10, 47, 15], [0, 57, 38, 53, 23, 11, 17, 24, 43, 62], [0, 37, 41, 14, 58, 12, 54, 6, 35, 26, 2], [0, 1, 27, 36, 20, 45], [0, 25, 33, 21, 51, 19, 52], [0, 22, 42, 61, 39, 34, 9], [0, 30, 8, 46, 59, 56, 49, 31], [0, 4, 3, 40, 16, 44], [0, 48, 32, 13, 55, 5, 60], [0, 29, 28]]

res = 1538.951
res_int = 1533
solution = [[0, 18, 50, 7, 10, 47, 15], [0, 57, 38, 53, 23, 11, 17, 24, 43, 62], [0, 37, 41, 14, 58, 12, 54, 6, 35, 26, 2], [0, 1, 27, 36, 20, 45], [0, 25, 33, 21, 51, 19, 52], [0, 22, 42, 61, 39, 34, 9], [0, 30, 8, 46, 59, 56, 49, 31], [0, 4, 3, 40, 16, 44], [0, 48, 32, 13, 55, 5, 60], [0, 29, 28]]

res = 1540.435
res_int = 1534
solution = [[0, 29, 28], [0, 18, 50, 7, 10, 47, 15], [0, 48, 32, 13, 55, 60, 5], [0, 57, 38, 53, 23, 11, 17, 24, 43, 62], [0, 37, 41, 14, 58, 12, 54, 6, 35, 26, 2], [0, 1, 27, 36, 20, 45], [0, 25, 33, 21, 51, 19, 52], [0, 22, 42, 61, 39, 34, 9], [0, 30, 8, 46, 59, 56, 49, 31], [0, 44, 16, 40, 3, 4]]

res = 1540.664
res_int = 1538
solution = [[0, 42, 61, 57, 38, 53, 10, 37], [0, 23, 11, 17, 43, 24, 12, 54, 58, 14, 41], [0, 34, 19, 51, 52, 39, 22], [0, 32, 13, 55, 29, 28], [0, 25, 35, 6, 26, 33, 21, 2, 62], [0, 47, 9, 15, 5, 60, 48], [0, 30, 8, 46, 59, 56, 49, 31], [0, 4, 3, 40, 16, 44], [0, 27, 36, 7, 20, 45], [0, 1, 50, 18]]

res = 1540.664
res_int = 1538
solution = [[0, 42, 61, 57, 38, 53, 10, 37], [0, 23, 11, 17, 43, 24, 12, 54, 58, 14, 41], [0, 34, 19, 51, 52, 39, 22], [0, 32, 13, 55, 29, 28], [0, 25, 35, 6, 26, 33, 21, 2, 62], [0, 47, 9, 15, 5, 60, 48], [0, 30, 8, 46, 59, 56, 49, 31], [0, 4, 3, 40, 16, 44], [0, 27, 36, 7, 20, 45], [0, 1, 50, 18]]

res = 1540.664
res_int = 1538
solution = [[0, 32, 13, 55, 29, 28], [0, 41, 14, 58, 54, 12, 43, 24, 17, 11, 23], [0, 25, 35, 6, 26, 33, 21, 2, 62], [0, 42, 61, 57, 38, 53, 10, 37], [0, 34, 19, 51, 52, 39, 22], [0, 30, 8, 46, 59, 56, 49, 31], [0, 44, 16, 40, 3, 4], [0, 47, 9, 15, 5, 60, 48], [0, 1, 50, 18], [0, 27, 36, 7, 20, 45]]

res = 1540.664
res_int = 1538
solution = [[0, 32, 13, 55, 29, 28], [0, 41, 14, 58, 54, 12, 43, 24, 17, 11, 23], [0, 25, 35, 6, 26, 33, 21, 2, 62], [0, 42, 61, 57, 38, 53, 10, 37], [0, 34, 19, 51, 52, 39, 22], [0, 30, 8, 46, 59, 56, 49, 31], [0, 44, 16, 40, 3, 4], [0, 47, 9, 15, 5, 60, 48], [0, 1, 50, 18], [0, 27, 36, 7, 20, 45]]

res = 1540.664
res_int = 1538
solution = [[0, 41, 14, 58, 54, 12, 43, 24, 17, 11, 23], [0, 25, 35, 6, 26, 33, 21, 2, 62], [0, 42, 61, 57, 38, 53, 10, 37], [0, 34, 19, 51, 52, 39, 22], [0, 32, 13, 55, 29, 28], [0, 47, 9, 15, 5, 60, 48], [0, 30, 8, 46, 59, 56, 49, 31], [0, 4, 3, 40, 16, 44], [0, 18, 50, 1], [0, 27, 36, 7, 20, 45]]

res = 1540.664
res_int = 1538
solution = [[0, 41, 14, 58, 54, 12, 43, 24, 17, 11, 23], [0, 25, 35, 6, 26, 33, 21, 2, 62], [0, 42, 61, 57, 38, 53, 10, 37], [0, 34, 19, 51, 52, 39, 22], [0, 32, 13, 55, 29, 28], [0, 47, 9, 15, 5, 60, 48], [0, 30, 8, 46, 59, 56, 49, 31], [0, 4, 3, 40, 16, 44], [0, 18, 50, 1], [0, 27, 36, 7, 20, 45]]

res = 1540.664
res_int = 1538
solution = [[0, 32, 13, 55, 29, 28], [0, 41, 14, 58, 54, 12, 43, 24, 17, 11, 23], [0, 25, 35, 6, 26, 33, 21, 2, 62], [0, 42, 61, 57, 38, 53, 10, 37], [0, 34, 19, 51, 52, 39, 22], [0, 30, 8, 46, 59, 56, 49, 31], [0, 44, 16, 40, 3, 4], [0, 47, 9, 15, 5, 60, 48], [0, 27, 36, 7, 20, 45], [0, 1, 50, 18]]

Mean = 1540.298205477286
Execution = 986.0106816291809

Instance : B-n66-k09.xml
Time = 1.4717974662780762

res = 1331.009
res_int = 1327
solution = [[0, 50, 61, 37, 59, 64, 44, 30], [0, 52, 53, 54, 17, 20, 41], [0, 42, 33, 65, 8, 40, 58, 32], [0, 13, 56, 22, 43, 34, 51, 18], [0, 9, 49, 12, 24, 55, 1], [0, 36, 2, 6, 28, 47], [0, 27, 14, 39, 29, 3, 21, 4, 60, 15, 5], [0, 23, 45, 31, 11, 57, 38, 19, 35, 7], [0, 16, 62, 10, 26, 46, 63, 25, 48]]

res = 1331.009
res_int = 1327
solution = [[0, 50, 61, 37, 59, 64, 44, 30], [0, 52, 53, 54, 17, 20, 41], [0, 42, 33, 65, 8, 40, 58, 32], [0, 13, 56, 22, 43, 34, 51, 18], [0, 9, 49, 12, 24, 55, 1], [0, 36, 2, 6, 28, 47], [0, 27, 14, 39, 29, 3, 21, 4, 60, 15, 5], [0, 23, 45, 31, 11, 57, 38, 19, 35, 7], [0, 16, 62, 10, 26, 46, 63, 25, 48]]

res = 1331.009
res_int = 1327
solution = [[0, 47, 28, 6, 2, 36], [0, 13, 56, 22, 43, 34, 51, 18], [0, 30, 44, 64, 59, 37, 61, 50], [0, 7, 35, 19, 38, 57, 11, 31, 45, 23], [0, 16, 62, 10, 26, 46, 63, 25, 48], [0, 41, 20, 17, 54, 53, 52], [0, 9, 49, 12, 24, 55, 1], [0, 5, 15, 60, 4, 21, 3, 29, 39, 14, 27], [0, 32, 58, 40, 8, 65, 33, 42]]

res = 1331.009
res_int = 1327
solution = [[0, 47, 28, 6, 2, 36], [0, 13, 56, 22, 43, 34, 51, 18], [0, 30, 44, 64, 59, 37, 61, 50], [0, 7, 35, 19, 38, 57, 11, 31, 45, 23], [0, 16, 62, 10, 26, 46, 63, 25, 48], [0, 41, 20, 17, 54, 53, 52], [0, 9, 49, 12, 24, 55, 1], [0, 5, 15, 60, 4, 21, 3, 29, 39, 14, 27], [0, 32, 58, 40, 8, 65, 33, 42]]

res = 1331.009
res_int = 1327
solution = [[0, 47, 28, 6, 2, 36], [0, 50, 61, 37, 59, 44, 64, 30], [0, 16, 62, 10, 26, 46, 63, 25, 48], [0, 13, 56, 22, 43, 34, 51, 18], [0, 7, 35, 19, 38, 57, 11, 31, 45, 23], [0, 52, 53, 54, 17, 20, 41], [0, 9, 49, 12, 24, 55, 1], [0, 5, 15, 60, 4, 21, 3, 29, 39, 14, 27], [0, 42, 33, 65, 8, 40, 58, 32]]

res = 1331.009
res_int = 1327
solution = [[0, 47, 28, 6, 2, 36], [0, 50, 61, 37, 59, 44, 64, 30], [0, 16, 62, 10, 26, 46, 63, 25, 48], [0, 13, 56, 22, 43, 34, 51, 18], [0, 7, 35, 19, 38, 57, 11, 31, 45, 23], [0, 52, 53, 54, 17, 20, 41], [0, 9, 49, 12, 24, 55, 1], [0, 5, 15, 60, 4, 21, 3, 29, 39, 14, 27], [0, 42, 33, 65, 8, 40, 58, 32]]

res = 1331.009
res_int = 1327
solution = [[0, 36, 2, 6, 28, 47], [0, 1, 55, 24, 12, 49, 9], [0, 50, 61, 37, 59, 44, 64, 30], [0, 25, 48, 63, 46, 26, 10, 62, 16], [0, 13, 56, 22, 43, 34, 51, 18], [0, 5, 15, 60, 4, 21, 3, 29, 39, 14, 27], [0, 32, 58, 40, 8, 65, 33, 42], [0, 7, 35, 19, 38, 57, 11, 31, 45, 23], [0, 41, 20, 17, 54, 53, 52]]

res = 1331.009
res_int = 1327
solution = [[0, 36, 2, 6, 28, 47], [0, 1, 55, 24, 12, 49, 9], [0, 50, 61, 37, 59, 44, 64, 30], [0, 25, 48, 63, 46, 26, 10, 62, 16], [0, 13, 56, 22, 43, 34, 51, 18], [0, 5, 15, 60, 4, 21, 3, 29, 39, 14, 27], [0, 32, 58, 40, 8, 65, 33, 42], [0, 7, 35, 19, 38, 57, 11, 31, 45, 23], [0, 41, 20, 17, 54, 53, 52]]

res = 1331.009
res_int = 1327
solution = [[0, 47, 28, 6, 2, 36], [0, 13, 56, 22, 43, 34, 51, 18], [0, 30, 44, 64, 59, 37, 61, 50], [0, 5, 15, 60, 4, 21, 3, 29, 39, 14, 27], [0, 32, 58, 40, 8, 65, 33, 42], [0, 7, 35, 19, 38, 57, 11, 31, 45, 23], [0, 16, 62, 10, 26, 46, 63, 25, 48], [0, 41, 20, 17, 54, 53, 52], [0, 9, 49, 12, 24, 55, 1]]

res = 1331.01
res_int = 1328
solution = [[0, 50, 61, 37, 59, 64, 44, 30], [0, 47, 28, 6, 2, 36], [0, 13, 56, 22, 43, 34, 51, 18], [0, 7, 38, 35, 19, 57, 11, 31, 45, 23], [0, 16, 62, 10, 26, 46, 63, 48, 25], [0, 52, 53, 54, 17, 20, 41], [0, 9, 49, 12, 24, 55, 1], [0, 5, 15, 60, 4, 21, 3, 29, 39, 14, 27], [0, 42, 33, 65, 8, 40, 58, 32]]

Mean = 1331.0091107407732
Execution = 937.7723441123962

Instance : B-n67-k10.xml
Time = 1.4032928943634033

res = 1044.905
res_int = 1040
solution = [[0, 12, 58, 15, 56, 28, 13], [0, 45, 52, 22, 54, 55, 21, 25, 63, 48, 9], [0, 42, 34, 6, 64, 40, 44, 53], [0, 62, 61, 30, 57, 3, 60], [0, 17, 8, 23, 37, 65, 32], [0, 46, 4, 11, 50, 7, 38, 16], [0, 5], [0, 31, 18, 26, 2, 66, 47, 33], [0, 39, 36, 1, 49, 35, 19, 20, 14], [0, 41, 51, 59, 24, 29, 10, 27, 43]]

res = 1044.905
res_int = 1040
solution = [[0, 12, 58, 15, 56, 28, 13], [0, 45, 52, 22, 54, 55, 21, 25, 63, 48, 9], [0, 42, 34, 6, 64, 40, 44, 53], [0, 62, 61, 30, 57, 3, 60], [0, 17, 8, 23, 37, 65, 32], [0, 46, 4, 11, 50, 7, 38, 16], [0, 5], [0, 31, 18, 26, 2, 66, 47, 33], [0, 39, 36, 1, 49, 35, 19, 20, 14], [0, 41, 51, 59, 24, 29, 10, 27, 43]]

res = 1045.748
res_int = 1040
solution = [[0, 12, 58, 15, 56, 28, 13], [0, 45, 52, 22, 54, 55, 21, 25, 63, 48, 9], [0, 42, 34, 6, 64, 40, 44, 53], [0, 62, 61, 30, 57, 3, 60], [0, 17, 8, 23, 37, 65, 32], [0, 46, 4, 11, 50, 7, 38, 16], [0, 5], [0, 66, 2, 26, 18, 31, 33, 47], [0, 39, 36, 1, 49, 35, 19, 20, 14], [0, 41, 51, 59, 24, 29, 10, 27, 43]]

res = 1047.771
res_int = 1043
solution = [[0, 12, 58, 15, 56, 28, 13], [0, 45, 52, 22, 54, 55, 21, 25, 63, 9, 48], [0, 42, 34, 6, 64, 40, 44, 53], [0, 62, 61, 30, 57, 3, 60], [0, 41, 51, 59, 24, 29, 10, 27, 43], [0, 39, 36, 1, 49, 35, 19, 20, 14], [0, 17, 8, 23, 37, 65, 32], [0, 31, 18, 26, 2, 66, 47, 33], [0, 46, 4, 11, 50, 7, 38, 16], [0, 5]]

res = 1050.673
res_int = 1044
solution = [[0, 12, 45, 52, 22, 54, 58, 13, 28], [0, 5], [0, 60, 3, 30, 57, 62, 61], [0, 11, 35, 49, 1, 19, 20, 16], [0, 39, 44, 40, 64, 34, 6, 36, 4, 46], [0, 32, 65, 37, 23, 8, 51, 66], [0, 33, 47, 2, 26, 18, 31], [0, 56, 15, 55, 21, 25, 63, 48, 9], [0, 53, 42, 14, 50, 7, 27, 43], [0, 17, 38, 10, 29, 24, 59, 41]]

res = 1050.673
res_int = 1044
solution = [[0, 12, 45, 52, 22, 54, 58, 13, 28], [0, 5], [0, 60, 3, 30, 57, 62, 61], [0, 11, 35, 49, 1, 19, 20, 16], [0, 39, 44, 40, 64, 34, 6, 36, 4, 46], [0, 32, 65, 37, 23, 8, 51, 66], [0, 33, 47, 2, 26, 18, 31], [0, 56, 15, 55, 21, 25, 63, 48, 9], [0, 53, 42, 14, 50, 7, 27, 43], [0, 17, 38, 10, 29, 24, 59, 41]]

res = 1052.534
res_int = 1046
solution = [[0, 12, 45, 52, 22, 54, 58, 13, 28], [0, 5], [0, 60, 3, 30, 57, 62, 61], [0, 11, 35, 49, 1, 19, 20, 16], [0, 39, 44, 40, 64, 34, 6, 36, 4, 46], [0, 32, 65, 37, 23, 8, 51, 66], [0, 33, 47, 2, 26, 18, 31], [0, 56, 15, 55, 21, 25, 63, 48, 9], [0, 53, 42, 14, 50, 7, 43, 27], [0, 17, 38, 10, 29, 24, 59, 41]]

res = 1052.674
res_int = 1047
solution = [[0, 56, 15, 55, 21, 25, 63, 48, 9], [0, 11, 35, 49, 1, 19, 20, 16], [0, 60, 3, 57, 30, 61, 62], [0, 46, 4, 39, 36, 6, 34, 64, 44, 40], [0, 43, 27, 7, 50, 14, 42, 53], [0, 32, 65, 37, 23, 8, 51, 66], [0, 12, 45, 52, 22, 54, 58, 13, 28], [0, 41, 59, 24, 29, 10, 38, 17], [0, 5], [0, 33, 47, 2, 26, 18, 31]]

res = 1053.757
res_int = 1048
solution = [[0, 56, 15, 55, 21, 25, 63, 48, 9], [0, 11, 35, 49, 1, 19, 20, 16], [0, 60, 3, 57, 30, 61, 62], [0, 46, 4, 39, 36, 6, 34, 64, 44, 40], [0, 43, 27, 7, 50, 14, 42, 53], [0, 65, 37, 23, 8, 32, 51, 66], [0, 12, 45, 52, 22, 54, 58, 28, 13], [0, 41, 59, 24, 29, 10, 38, 17], [0, 5], [0, 33, 47, 2, 26, 18, 31]]

res = 1057.286
res_int = 1051
solution = [[0, 28, 13, 15, 56, 58, 12], [0, 45, 52, 22, 54, 55, 21, 25, 63, 48, 9], [0, 62, 61, 30, 57, 3, 60], [0, 33, 47, 2, 26, 18, 31], [0, 32, 65, 37, 23, 8, 51, 66], [0, 41, 59, 24, 29, 7, 10, 27, 16], [0, 14, 11, 35, 49, 1, 19, 20, 43], [0, 64, 34, 6, 36, 50, 17, 38], [0, 5], [0, 46, 4, 39, 42, 40, 44, 53]]

Mean = 1050.0926372589206
Execution = 965.0641620159149

Instance : B-n78-k10.xml
Time = 2.087161064147949

res = 1254.528
res_int = 1247
solution = [[0, 2, 63, 49, 27, 38, 72], [0, 42, 60, 6, 62, 54, 20, 3], [0, 41, 14, 36, 28, 4, 59, 35, 55, 33], [0, 50, 61, 39, 13, 48, 19, 9, 74], [0, 8, 12, 34, 46, 45, 51, 71], [0, 5, 30, 70, 29, 37, 75, 65], [0, 22, 15, 31, 73, 76, 32, 7, 57, 47], [0, 1, 24, 52, 21, 43, 69, 67, 56, 58, 17], [0, 26, 44, 23, 77], [0, 66, 16, 18, 25, 10, 68, 53, 64, 11, 40]]

res = 1254.528
res_int = 1247
solution = [[0, 2, 63, 49, 27, 38, 72], [0, 42, 60, 6, 62, 54, 20, 3], [0, 41, 14, 36, 28, 4, 59, 35, 55, 33], [0, 50, 61, 39, 13, 48, 19, 9, 74], [0, 8, 12, 34, 46, 45, 51, 71], [0, 5, 30, 70, 29, 37, 75, 65], [0, 22, 15, 31, 73, 76, 32, 7, 57, 47], [0, 1, 24, 52, 21, 43, 69, 67, 56, 58, 17], [0, 26, 44, 23, 77], [0, 66, 16, 18, 25, 10, 68, 53, 64, 11, 40]]

res = 1254.855
res_int = 1248
solution = [[0, 72, 58, 38, 69, 67, 43, 21, 24, 52], [0, 16, 66, 60, 6, 62, 54, 20, 3], [0, 74, 4, 59, 35, 55, 33, 61], [0, 41, 14, 36, 9, 19, 28, 48, 13, 39, 50], [0, 15, 12, 34, 46, 45, 51], [0, 65, 75, 57, 29, 70, 30, 37], [0, 2, 27, 63, 5, 49, 47, 17], [0, 7, 32, 76, 73, 31, 71, 22, 8, 56, 1], [0, 25, 10, 53, 68, 18, 42], [0, 40, 64, 11, 26, 44, 23, 77]]

res = 1254.855
res_int = 1248
solution = [[0, 72, 58, 38, 69, 67, 43, 21, 24, 52], [0, 16, 66, 60, 6, 62, 54, 20, 3], [0, 74, 4, 59, 35, 55, 33, 61], [0, 41, 14, 36, 9, 19, 28, 48, 13, 39, 50], [0, 15, 12, 34, 46, 45, 51], [0, 65, 75, 57, 29, 70, 30, 37], [0, 2, 27, 63, 5, 49, 47, 17], [0, 7, 32, 76, 73, 31, 71, 22, 8, 56, 1], [0, 25, 10, 53, 68, 18, 42], [0, 40, 64, 11, 26, 44, 23, 77]]

res = 1256.581
res_int = 1249
solution = [[0, 47, 65, 75, 57, 29, 70, 37], [0, 30, 3, 54, 20, 31, 73, 76, 32, 7, 17], [0, 61, 13, 33, 55, 35, 59, 4, 48], [0, 51, 45, 46, 34, 12, 15], [0, 63, 49, 5, 22, 71, 8, 56, 38], [0, 1, 24, 52, 21, 43, 67, 69, 58, 72], [0, 16, 66, 60, 6, 62, 27, 2], [0, 41, 14, 36, 9, 19, 28, 74, 39, 50], [0, 53, 68, 10, 25, 18, 42], [0, 40, 64, 11, 26, 44, 23, 77]]

res = 1256.581
res_int = 1249
solution = [[0, 47, 65, 75, 57, 29, 70, 37], [0, 30, 3, 54, 20, 31, 73, 76, 32, 7, 17], [0, 61, 13, 33, 55, 35, 59, 4, 48], [0, 51, 45, 46, 34, 12, 15], [0, 63, 49, 5, 22, 71, 8, 56, 38], [0, 1, 24, 52, 21, 43, 67, 69, 58, 72], [0, 16, 66, 60, 6, 62, 27, 2], [0, 41, 14, 36, 9, 19, 28, 74, 39, 50], [0, 53, 68, 10, 25, 18, 42], [0, 40, 64, 11, 26, 44, 23, 77]]

res = 1257.301
res_int = 1251
solution = [[0, 2, 63, 49, 27, 38, 72], [0, 9, 19, 74, 48, 39, 50, 61], [0, 41, 14, 36, 28, 13, 33, 4, 59, 35, 55], [0, 53, 68, 10, 25, 18, 60, 66, 16], [0, 5, 30, 70, 29, 37, 75, 65, 47], [0, 40, 64, 11, 26, 44, 23, 77], [0, 17, 58, 56, 67, 69, 43, 21, 52, 24, 1], [0, 8, 12, 34, 46, 45, 51], [0, 42, 6, 62, 54, 20, 3, 32], [0, 57, 7, 76, 73, 31, 15, 71, 22]]

res = 1257.301
res_int = 1251
solution = [[0, 2, 63, 49, 27, 38, 72], [0, 9, 19, 74, 48, 39, 50, 61], [0, 41, 14, 36, 28, 13, 33, 4, 59, 35, 55], [0, 53, 68, 10, 25, 18, 60, 66, 16], [0, 5, 30, 70, 29, 37, 75, 65, 47], [0, 40, 64, 11, 26, 44, 23, 77], [0, 17, 58, 56, 67, 69, 43, 21, 52, 24, 1], [0, 42, 6, 62, 54, 20, 3, 32], [0, 8, 12, 34, 46, 45, 51], [0, 57, 7, 76, 73, 31, 15, 71, 22]]

res = 1257.453
res_int = 1251
solution = [[0, 2, 63, 49, 27, 38, 72], [0, 9, 19, 74, 48, 39, 50, 61], [0, 41, 14, 36, 28, 13, 33, 4, 59, 35, 55], [0, 8, 12, 34, 46, 45, 15], [0, 53, 68, 10, 25, 18, 16, 66, 60], [0, 5, 30, 70, 29, 37, 75, 65, 47], [0, 40, 64, 11, 26, 44, 23, 77], [0, 17, 58, 56, 67, 69, 43, 21, 52, 24, 1], [0, 42, 6, 62, 54, 20, 3, 32], [0, 57, 7, 76, 73, 31, 51, 71, 22]]

res = 1258.8
res_int = 1251
solution = [[0, 72, 58, 38, 69, 67, 43, 21, 24, 52], [0, 16, 66, 60, 6, 62, 54, 20, 3], [0, 74, 4, 59, 35, 55, 33, 61], [0, 41, 14, 36, 9, 19, 28, 48, 13, 39, 50], [0, 15, 12, 34, 46, 45, 51], [0, 53, 68, 10, 25, 18, 42], [0, 65, 75, 57, 29, 70, 30, 37], [0, 40, 64, 11, 26, 77, 23, 44], [0, 17, 47, 49, 5, 63, 27, 2], [0, 7, 32, 76, 73, 31, 71, 22, 8, 56, 1]]

Mean = 1256.278267391895
Execution = 1169.2170464992523

Instance : P-n050-k07.xml
Time = 0.8403282165527344

res = 559.863
res_int = 554
solution = [[0, 46, 34, 4], [0, 16, 23, 43, 41, 42, 22, 1, 33, 6], [0, 30, 48, 47, 21, 28, 2], [0, 45, 29, 5, 36, 37, 20, 15, 13, 27], [0, 8, 35, 19, 14, 11, 38, 7], [0, 12, 39, 9, 32, 44, 3, 40], [0, 26, 10, 31, 25, 18, 24, 49, 17]]

res = 559.863
res_int = 554
solution = [[0, 46, 34, 4], [0, 16, 23, 43, 41, 42, 22, 1, 33, 6], [0, 30, 48, 47, 21, 28, 2], [0, 45, 29, 5, 36, 37, 20, 15, 13, 27], [0, 8, 35, 19, 14, 11, 38, 7], [0, 12, 39, 9, 32, 44, 3, 40], [0, 26, 10, 31, 25, 18, 24, 49, 17]]

res = 559.875
res_int = 555
solution = [[0, 12, 40, 39, 9, 32, 44, 3], [0, 16, 23, 43, 41, 42, 22, 1, 33, 6], [0, 26, 10, 31, 25, 18, 24, 49, 17], [0, 30, 48, 47, 21, 28, 2], [0, 27, 13, 15, 20, 37, 36, 5, 29, 45], [0, 46, 34, 4], [0, 8, 35, 19, 14, 11, 38, 7]]

res = 559.875
res_int = 555
solution = [[0, 12, 40, 39, 9, 32, 44, 3], [0, 16, 23, 43, 41, 42, 22, 1, 33, 6], [0, 26, 10, 31, 25, 18, 24, 49, 17], [0, 30, 48, 47, 21, 28, 2], [0, 27, 13, 15, 20, 37, 36, 5, 29, 45], [0, 46, 34, 4], [0, 8, 35, 19, 14, 11, 38, 7]]

res = 560.034
res_int = 555
solution = [[0, 7, 35, 8, 19, 14, 11, 38], [0, 45, 29, 5, 36, 37, 20, 15, 13, 27], [0, 16, 23, 43, 41, 42, 22, 1, 33, 6], [0, 26, 10, 31, 25, 18, 24, 49, 17], [0, 2, 28, 21, 47, 48, 30], [0, 46, 34, 4], [0, 12, 39, 9, 32, 44, 3, 40]]

res = 560.034
res_int = 555
solution = [[0, 12, 39, 9, 32, 44, 3, 40], [0, 7, 35, 8, 19, 14, 11, 38], [0, 45, 29, 5, 36, 37, 20, 15, 13, 27], [0, 2, 28, 21, 47, 48, 30], [0, 46, 34, 4], [0, 6, 33, 1, 22, 42, 41, 43, 23, 16], [0, 26, 10, 31, 25, 18, 24, 49, 17]]

res = 560.034
res_int = 555
solution = [[0, 12, 39, 9, 32, 44, 3, 40], [0, 7, 35, 8, 19, 14, 11, 38], [0, 45, 29, 5, 36, 37, 20, 15, 13, 27], [0, 2, 28, 21, 47, 48, 30], [0, 46, 34, 4], [0, 6, 33, 1, 22, 42, 41, 43, 23, 16], [0, 26, 10, 31, 25, 18, 24, 49, 17]]

res = 560.046
res_int = 556
solution = [[0, 2, 28, 21, 47, 48, 30], [0, 7, 35, 8, 19, 14, 11, 38], [0, 45, 29, 5, 36, 37, 20, 15, 13, 27], [0, 16, 23, 43, 41, 42, 22, 1, 33, 6], [0, 12, 40, 39, 9, 32, 44, 3], [0, 26, 10, 31, 25, 18, 24, 49, 17], [0, 46, 34, 4]]

res = 560.046
res_int = 556
solution = [[0, 12, 40, 39, 9, 32, 44, 3], [0, 16, 23, 43, 41, 42, 22, 1, 33, 6], [0, 17, 49, 24, 18, 25, 31, 10, 26], [0, 38, 11, 14, 19, 8, 35, 7], [0, 30, 48, 47, 21, 28, 2], [0, 46, 34, 4], [0, 27, 13, 15, 20, 37, 36, 5, 29, 45]]

res = 560.046
res_int = 556
solution = [[0, 12, 40, 39, 9, 32, 44, 3], [0, 16, 23, 43, 41, 42, 22, 1, 33, 6], [0, 26, 10, 31, 25, 18, 24, 49, 17], [0, 38, 11, 14, 19, 8, 35, 7], [0, 27, 13, 15, 20, 37, 36, 5, 29, 45], [0, 46, 34, 4], [0, 30, 48, 47, 21, 28, 2]]

Mean = 559.971533720528
Execution = 715.7940828800201

Instance : P-n050-k10.xml
Time = 0.7381150722503662

res = 704.215
res_int = 700
solution = [[0, 10, 31, 39, 40], [0, 21, 36, 37, 20, 15, 13], [0, 7, 11, 38, 26], [0, 29, 5, 47, 48, 30], [0, 32, 18, 25, 9, 12], [0, 35, 14, 19, 8, 46], [0, 34, 27, 45, 4], [0, 2, 28, 22, 6], [0, 16, 49, 24, 3, 44, 17], [0, 23, 41, 42, 43, 1, 33]]

res = 704.215
res_int = 700
solution = [[0, 10, 31, 39, 40], [0, 21, 36, 37, 20, 15, 13], [0, 7, 11, 38, 26], [0, 29, 5, 47, 48, 30], [0, 32, 18, 25, 9, 12], [0, 35, 14, 19, 8, 46], [0, 34, 27, 45, 4], [0, 2, 28, 22, 6], [0, 16, 49, 24, 3, 44, 17], [0, 23, 41, 42, 43, 1, 33]]

res = 704.215
res_int = 700
solution = [[0, 7, 11, 38, 26], [0, 13, 15, 20, 37, 36, 21], [0, 29, 5, 47, 48, 30], [0, 33, 1, 43, 42, 41, 23], [0, 10, 31, 39, 40], [0, 32, 18, 25, 9, 12], [0, 35, 14, 19, 8, 46], [0, 2, 28, 22, 6], [0, 16, 49, 24, 3, 44, 17], [0, 34, 27, 45, 4]]

res = 704.215
res_int = 700
solution = [[0, 10, 31, 39, 40], [0, 7, 11, 38, 26], [0, 35, 14, 19, 8, 46], [0, 32, 18, 25, 9, 12], [0, 16, 49, 24, 3, 44, 17], [0, 23, 41, 42, 43, 1, 33], [0, 2, 28, 22, 6], [0, 4, 45, 27, 34], [0, 13, 15, 20, 37, 36, 21], [0, 29, 5, 47, 48, 30]]

res = 704.422
res_int = 700
solution = [[0, 28, 21, 47, 48], [0, 9, 39, 31, 10], [0, 30, 2, 33, 6], [0, 29, 5, 36, 37, 20, 15], [0, 12, 40, 44, 3, 17], [0, 26, 38, 11, 7], [0, 35, 14, 19, 8, 46], [0, 4, 45, 27, 13, 34], [0, 1, 22, 42, 41, 43, 23, 16], [0, 49, 24, 18, 25, 32]]

res = 704.422
res_int = 700
solution = [[0, 28, 21, 47, 48], [0, 9, 39, 31, 10], [0, 30, 2, 33, 6], [0, 29, 5, 36, 37, 20, 15], [0, 12, 40, 44, 3, 17], [0, 26, 38, 11, 7], [0, 35, 14, 19, 8, 46], [0, 4, 45, 27, 13, 34], [0, 1, 22, 42, 41, 43, 23, 16], [0, 49, 24, 18, 25, 32]]

res = 704.422
res_int = 700
solution = [[0, 28, 21, 47, 48], [0, 17, 3, 44, 40, 12], [0, 34, 13, 27, 45, 4], [0, 7, 11, 38, 26], [0, 15, 20, 37, 36, 5, 29], [0, 35, 14, 19, 8, 46], [0, 9, 39, 31, 10], [0, 49, 24, 18, 25, 32], [0, 1, 22, 42, 41, 43, 23, 16], [0, 30, 2, 33, 6]]

res = 704.871
res_int = 700
solution = [[0, 34, 13, 27, 45, 4], [0, 26, 38, 11, 7], [0, 15, 20, 37, 36, 5, 29], [0, 10, 31, 9, 39], [0, 49, 24, 18, 25, 32], [0, 28, 21, 47, 48], [0, 1, 22, 42, 41, 43, 23, 16], [0, 12, 40, 44, 3, 17], [0, 35, 14, 19, 8, 46], [0, 30, 2, 33, 6]]

res = 704.871
res_int = 700
solution = [[0, 34, 13, 27, 45, 4], [0, 26, 38, 11, 7], [0, 15, 20, 37, 36, 5, 29], [0, 10, 31, 9, 39], [0, 49, 24, 18, 25, 32], [0, 28, 21, 47, 48], [0, 1, 22, 42, 41, 43, 23, 16], [0, 12, 40, 44, 3, 17], [0, 35, 14, 19, 8, 46], [0, 30, 2, 33, 6]]

res = 704.871
res_int = 700
solution = [[0, 32, 25, 18, 24, 49], [0, 10, 31, 9, 39], [0, 15, 20, 37, 36, 5, 29], [0, 7, 11, 38, 26], [0, 48, 47, 21, 28], [0, 1, 22, 42, 41, 43, 23, 16], [0, 35, 14, 19, 8, 46], [0, 17, 3, 44, 40, 12], [0, 34, 13, 27, 45, 4], [0, 6, 33, 2, 30]]

Mean = 704.4739981167855
Execution = 883.0142600536346

Instance : P-n055-k07.xml
Time = 1.0669209957122803

res = 570.27
res_int = 568
solution = [[0, 27, 15, 20, 37, 36, 5, 29, 45, 4], [0, 30, 48, 47, 21, 28, 2, 6], [0, 46, 8, 35, 14, 19, 54, 13, 52, 34], [0, 39, 31, 10, 38, 11, 53, 7], [0, 33, 1, 22, 42, 41, 43, 23, 24, 49, 16, 51], [0, 3, 44, 32, 50, 18, 25, 9, 40], [0, 26, 12, 17]]

res = 570.27
res_int = 568
solution = [[0, 27, 15, 20, 37, 36, 5, 29, 45, 4], [0, 30, 48, 47, 21, 28, 2, 6], [0, 46, 8, 35, 14, 19, 54, 13, 52, 34], [0, 39, 31, 10, 38, 11, 53, 7], [0, 33, 1, 22, 42, 41, 43, 23, 24, 49, 16, 51], [0, 3, 44, 32, 50, 18, 25, 9, 40], [0, 26, 12, 17]]

res = 574.235
res_int = 572
solution = [[0, 27, 15, 20, 37, 36, 5, 29, 45, 4], [0, 30, 48, 47, 21, 28, 2, 6], [0, 46, 8, 35, 14, 19, 54, 13, 52, 34], [0, 39, 31, 10, 38, 11, 53, 7], [0, 9, 25, 18, 50, 32, 44, 3, 17], [0, 40, 12, 26], [0, 33, 1, 22, 42, 41, 43, 23, 24, 49, 16, 51]]

res = 574.622
res_int = 572
solution = [[0, 46, 8, 35, 14, 19, 54, 13, 52, 34], [0, 27, 15, 20, 37, 36, 5, 29, 45, 4], [0, 30, 48, 47, 21, 28, 2, 6], [0, 33, 1, 22, 42, 41, 43, 23, 24, 49, 16, 51], [0, 39, 9, 25, 18, 50, 32, 44, 3, 17], [0, 12, 40], [0, 7, 53, 11, 38, 10, 31, 26]]

res = 574.622
res_int = 572
solution = [[0, 46, 8, 35, 14, 19, 54, 13, 52, 34], [0, 27, 15, 20, 37, 36, 5, 29, 45, 4], [0, 30, 48, 47, 21, 28, 2, 6], [0, 33, 1, 22, 42, 41, 43, 23, 24, 49, 16, 51], [0, 39, 9, 25, 18, 50, 32, 44, 3, 17], [0, 40, 12], [0, 7, 53, 11, 38, 10, 31, 26]]

res = 574.819
res_int = 573
solution = [[0, 30, 48, 47, 21, 28, 2, 6], [0, 27, 15, 20, 37, 36, 5, 29, 45, 4], [0, 33, 1, 22, 42, 41, 43, 23, 24, 49, 16, 51], [0, 3, 44, 32, 50, 18, 25, 9, 39, 12], [0, 17, 40, 26], [0, 31, 10, 38, 11, 53, 7], [0, 46, 8, 35, 14, 19, 54, 13, 52, 34]]

res = 577.064
res_int = 575
solution = [[0, 31, 10, 38, 11, 35, 8, 46], [0, 34, 52, 13, 54, 19, 14, 53, 7, 26], [0, 40, 17], [0, 3, 44, 32, 50, 18, 25, 9, 39, 12], [0, 33, 1, 22, 42, 41, 43, 23, 24, 49, 16, 51], [0, 27, 15, 20, 37, 36, 5, 29, 45, 4], [0, 30, 48, 47, 21, 28, 2, 6]]

res = 577.087
res_int = 574
solution = [[0, 27, 13, 15, 20, 37, 36, 5, 29, 45, 4], [0, 30, 48, 47, 21, 28, 2, 6], [0, 46, 8, 35, 14, 19, 54, 52, 34], [0, 39, 31, 10, 38, 11, 53, 7], [0, 9, 25, 18, 50, 32, 44, 3, 17], [0, 40, 12, 26], [0, 33, 1, 22, 42, 41, 43, 23, 24, 49, 16, 51]]

res = 577.171
res_int = 574
solution = [[0, 33, 1, 22, 42, 41, 43, 23, 24, 49, 16, 51], [0, 30, 48, 47, 36, 21, 28, 2], [0, 4, 45, 29, 5, 37, 20, 15, 27], [0, 12, 40, 17], [0, 39, 9, 25, 18, 50, 32, 44, 3, 6], [0, 7, 53, 11, 38, 10, 31, 26], [0, 46, 8, 35, 14, 19, 54, 13, 52, 34]]

res = 577.171
res_int = 574
solution = [[0, 33, 1, 22, 42, 41, 43, 23, 24, 49, 16, 51], [0, 30, 48, 47, 36, 21, 28, 2], [0, 4, 45, 29, 5, 37, 20, 15, 27], [0, 12, 40, 17], [0, 39, 9, 25, 18, 50, 32, 44, 3, 6], [0, 7, 53, 11, 38, 10, 31, 26], [0, 46, 8, 35, 14, 19, 54, 13, 52, 34]]

Mean = 574.7331192271565
Execution = 769.1862645149231

Instance : P-n055-k10.xml
Time = 0.9574754238128662

res = 697.81
res_int = 694
solution = [[0, 8, 19, 14, 53, 35, 7], [0, 15, 20, 37, 36, 5, 29, 45], [0, 40, 9, 39, 12, 26], [0, 11, 38, 10, 31], [0, 46, 54, 13, 27, 52, 34], [0, 30, 48, 47, 21, 2], [0, 32, 25, 50, 18, 24, 49, 23], [0, 4], [0, 28, 22, 42, 41, 43, 1, 51], [0, 17, 44, 3, 16, 33, 6]]

res = 697.81
res_int = 694
solution = [[0, 8, 19, 14, 53, 35, 7], [0, 15, 20, 37, 36, 5, 29, 45], [0, 40, 9, 39, 12, 26], [0, 11, 38, 10, 31], [0, 46, 54, 13, 27, 52, 34], [0, 30, 48, 47, 21, 2], [0, 32, 25, 50, 18, 24, 49, 23], [0, 4], [0, 28, 22, 42, 41, 43, 1, 51], [0, 17, 44, 3, 16, 33, 6]]

res = 699.748
res_int = 697
solution = [[0, 48, 21, 28, 22, 2], [0, 15, 20, 37, 36, 47, 5, 29], [0, 35, 19, 54, 13, 27, 45, 30], [0, 34, 46, 52, 8, 7, 26], [0, 10, 31, 9, 39, 12], [0, 53, 14, 11, 38], [0, 4], [0, 23, 41, 42, 43, 1, 33, 6], [0, 51, 16, 49, 24, 18, 50, 25], [0, 40, 32, 44, 3, 17]]

res = 699.748
res_int = 697
solution = [[0, 48, 21, 28, 22, 2], [0, 15, 20, 37, 36, 47, 5, 29], [0, 35, 19, 54, 13, 27, 45, 30], [0, 34, 46, 52, 8, 7, 26], [0, 10, 31, 9, 39, 12], [0, 53, 14, 11, 38], [0, 4], [0, 23, 41, 42, 43, 1, 33, 6], [0, 51, 16, 49, 24, 18, 50, 25], [0, 40, 32, 44, 3, 17]]

res = 699.748
res_int = 697
solution = [[0, 4], [0, 25, 50, 18, 24, 49, 16, 51], [0, 38, 11, 14, 53], [0, 15, 20, 37, 36, 47, 5, 29], [0, 30, 45, 27, 13, 54, 19, 35], [0, 2, 22, 28, 21, 48], [0, 40, 32, 44, 3, 17], [0, 10, 31, 9, 39, 12], [0, 23, 41, 42, 43, 1, 33, 6], [0, 26, 7, 8, 52, 46, 34]]

res = 699.748
res_int = 697
solution = [[0, 30, 45, 27, 13, 54, 19, 35], [0, 25, 50, 18, 24, 49, 16, 51], [0, 38, 11, 14, 53], [0, 4], [0, 15, 20, 37, 36, 47, 5, 29], [0, 48, 21, 28, 22, 2], [0, 10, 31, 9, 39, 12], [0, 23, 41, 42, 43, 1, 33, 6], [0, 40, 32, 44, 3, 17], [0, 34, 46, 52, 8, 7, 26]]

res = 699.748
res_int = 697
solution = [[0, 30, 45, 27, 13, 54, 19, 35], [0, 25, 50, 18, 24, 49, 16, 51], [0, 38, 11, 14, 53], [0, 4], [0, 15, 20, 37, 36, 47, 5, 29], [0, 48, 21, 28, 22, 2], [0, 10, 31, 9, 39, 12], [0, 23, 41, 42, 43, 1, 33, 6], [0, 40, 32, 44, 3, 17], [0, 34, 46, 52, 8, 7, 26]]

res = 699.748
res_int = 697
solution = [[0, 34, 46, 52, 8, 7, 26], [0, 30, 45, 27, 13, 54, 19, 35], [0, 25, 50, 18, 24, 49, 16, 51], [0, 38, 11, 14, 53], [0, 12, 39, 9, 31, 10], [0, 4], [0, 15, 20, 37, 36, 47, 5, 29], [0, 23, 41, 42, 43, 1, 33, 6], [0, 48, 21, 28, 22, 2], [0, 40, 32, 44, 3, 17]]

res = 699.748
res_int = 697
solution = [[0, 34, 46, 52, 8, 7, 26], [0, 30, 45, 27, 13, 54, 19, 35], [0, 25, 50, 18, 24, 49, 16, 51], [0, 38, 11, 14, 53], [0, 12, 39, 9, 31, 10], [0, 4], [0, 15, 20, 37, 36, 47, 5, 29], [0, 23, 41, 42, 43, 1, 33, 6], [0, 48, 21, 28, 22, 2], [0, 40, 32, 44, 3, 17]]

res = 699.748
res_int = 697
solution = [[0, 51, 16, 49, 24, 18, 50, 25], [0, 17, 3, 44, 32, 40], [0, 48, 21, 28, 22, 2], [0, 15, 20, 37, 36, 47, 5, 29], [0, 23, 41, 42, 43, 1, 33, 6], [0, 10, 31, 9, 39, 12], [0, 53, 14, 11, 38], [0, 4], [0, 34, 46, 52, 8, 7, 26], [0, 30, 45, 27, 13, 54, 19, 35]]

Mean = 699.3606141590884
Execution = 771.0310311317444

Instance : P-n065-k10.xml
Time = 1.3096985816955566

res = 795.664
res_int = 792
solution = [[0, 1, 43, 41, 42, 64, 22, 62], [0, 5, 37, 20, 60, 36, 47, 48], [0, 39, 31, 10, 38, 58, 26], [0, 14, 59, 11, 53, 7], [0, 30, 21, 61, 28, 2], [0, 45, 29, 15, 57, 13, 54, 19, 35, 8], [0, 34, 46, 52, 27, 4], [0, 16, 49, 24, 56, 23, 63, 33], [0, 6, 51, 3, 44, 40, 17], [0, 32, 50, 18, 55, 25, 9, 12]]

res = 795.664
res_int = 792
solution = [[0, 1, 43, 41, 42, 64, 22, 62], [0, 5, 37, 20, 60, 36, 47, 48], [0, 39, 31, 10, 38, 58, 26], [0, 14, 59, 11, 53, 7], [0, 30, 21, 61, 28, 2], [0, 45, 29, 15, 57, 13, 54, 19, 35, 8], [0, 34, 46, 52, 27, 4], [0, 16, 49, 24, 56, 23, 63, 33], [0, 6, 51, 3, 44, 40, 17], [0, 32, 50, 18, 55, 25, 9, 12]]

res = 799.804
res_int = 797
solution = [[0, 5, 37, 20, 60, 36, 47, 48], [0, 34, 46, 52, 27, 4], [0, 12, 31, 10, 38, 58, 26], [0, 32, 50, 18, 55, 25, 9, 39], [0, 8, 35, 19, 54, 13, 57, 15, 29, 45], [0, 7, 53, 14, 59, 11], [0, 62, 22, 64, 42, 41, 43, 1], [0, 30, 21, 61, 28, 2], [0, 17, 40, 44, 3, 16, 51], [0, 6, 33, 63, 23, 56, 24, 49]]

res = 799.804
res_int = 797
solution = [[0, 5, 37, 20, 60, 36, 47, 48], [0, 34, 46, 52, 27, 4], [0, 12, 31, 10, 38, 58, 26], [0, 32, 50, 18, 55, 25, 9, 39], [0, 8, 35, 19, 54, 13, 57, 15, 29, 45], [0, 7, 53, 14, 59, 11], [0, 62, 22, 64, 42, 41, 43, 1], [0, 30, 21, 61, 28, 2], [0, 17, 40, 44, 3, 16, 51], [0, 6, 33, 63, 23, 56, 24, 49]]

res = 799.804
res_int = 797
solution = [[0, 2, 28, 61, 21, 30], [0, 49, 24, 56, 23, 63, 33, 6], [0, 1, 43, 41, 42, 64, 22, 62], [0, 48, 47, 36, 60, 20, 37, 5], [0, 39, 9, 25, 55, 18, 50, 32], [0, 7, 53, 14, 59, 11], [0, 12, 31, 10, 38, 58, 26], [0, 51, 16, 3, 44, 40, 17], [0, 34, 46, 52, 27, 4], [0, 8, 35, 19, 54, 13, 57, 15, 29, 45]]

res = 799.804
res_int = 797
solution = [[0, 2, 28, 61, 21, 30], [0, 49, 24, 56, 23, 63, 33, 6], [0, 1, 43, 41, 42, 64, 22, 62], [0, 48, 47, 36, 60, 20, 37, 5], [0, 39, 9, 25, 55, 18, 50, 32], [0, 7, 53, 14, 59, 11], [0, 12, 31, 10, 38, 58, 26], [0, 51, 16, 3, 44, 40, 17], [0, 34, 46, 52, 27, 4], [0, 8, 35, 19, 54, 13, 57, 15, 29, 45]]

res = 799.804
res_int = 797
solution = [[0, 5, 37, 20, 60, 36, 47, 48], [0, 34, 46, 52, 27, 4], [0, 17, 40, 44, 3, 16, 51], [0, 12, 31, 10, 38, 58, 26], [0, 6, 33, 63, 23, 56, 24, 49], [0, 32, 50, 18, 55, 25, 9, 39], [0, 8, 35, 19, 54, 13, 57, 15, 29, 45], [0, 7, 53, 14, 59, 11], [0, 62, 22, 64, 42, 41, 43, 1], [0, 30, 21, 61, 28, 2]]

res = 799.865
res_int = 797
solution = [[0, 1, 43, 41, 42, 64, 22, 62], [0, 5, 37, 20, 60, 36, 47, 48], [0, 39, 31, 10, 38, 58, 26], [0, 14, 59, 11, 53, 7], [0, 30, 21, 61, 28, 2], [0, 32, 50, 18, 55, 25, 9, 12], [0, 45, 29, 15, 57, 13, 54, 19, 35, 8], [0, 34, 46, 52, 27, 4], [0, 6, 16, 3, 44, 40, 17], [0, 51, 49, 24, 56, 23, 63, 33]]

res = 800.088
res_int = 799
solution = [[0, 14, 59, 11, 53, 7], [0, 34, 46, 52, 27, 4], [0, 5, 37, 20, 60, 36, 47, 48], [0, 1, 43, 41, 42, 64, 22, 62], [0, 2, 28, 61, 21, 30], [0, 8, 35, 19, 54, 13, 57, 15, 29, 45], [0, 39, 31, 10, 38, 58, 26], [0, 6, 33, 63, 56, 23, 16, 51], [0, 9, 25, 55, 50, 18, 24, 49], [0, 12, 40, 32, 44, 3, 17]]

res = 800.088
res_int = 799
solution = [[0, 14, 59, 11, 53, 7], [0, 34, 46, 52, 27, 4], [0, 5, 37, 20, 60, 36, 47, 48], [0, 1, 43, 41, 42, 64, 22, 62], [0, 2, 28, 61, 21, 30], [0, 8, 35, 19, 54, 13, 57, 15, 29, 45], [0, 39, 31, 10, 38, 58, 26], [0, 6, 33, 63, 56, 23, 16, 51], [0, 9, 25, 55, 50, 18, 24, 49], [0, 12, 40, 32, 44, 3, 17]]

Mean = 799.0387027471468
Execution = 1015.0621273517609

Instance : P-n070-k10.xml
Time = 1.5949516296386719

res = 843.061
res_int = 839
solution = [[0, 22, 64, 42, 41, 43, 1, 33], [0, 11, 66, 65, 38, 58], [0, 10, 31, 25, 55, 18, 50, 32], [0, 51, 16, 63, 23, 56, 49, 24, 3, 44], [0, 6, 62, 28, 61, 21, 2], [0, 35, 19, 54, 59, 14, 53, 7], [0, 45, 52, 8, 46, 34, 67], [0, 17, 40, 9, 39, 12, 26], [0, 68, 30, 29, 15, 57, 13, 27, 4], [0, 48, 47, 36, 69, 60, 20, 37, 5]]

res = 843.061
res_int = 839
solution = [[0, 22, 64, 42, 41, 43, 1, 33], [0, 11, 66, 65, 38, 58], [0, 10, 31, 25, 55, 18, 50, 32], [0, 51, 16, 63, 23, 56, 49, 24, 3, 44], [0, 6, 62, 28, 61, 21, 2], [0, 35, 19, 54, 59, 14, 53, 7], [0, 45, 52, 8, 46, 34, 67], [0, 17, 40, 9, 39, 12, 26], [0, 68, 30, 29, 15, 57, 13, 27, 4], [0, 48, 47, 36, 69, 60, 20, 37, 5]]

res = 843.061
res_int = 839
solution = [[0, 22, 64, 42, 41, 43, 1, 33], [0, 58, 38, 65, 66, 11], [0, 10, 31, 25, 55, 18, 50, 32], [0, 5, 37, 20, 60, 69, 36, 47, 48], [0, 51, 16, 63, 23, 56, 49, 24, 3, 44], [0, 6, 62, 28, 61, 21, 2], [0, 35, 19, 54, 59, 14, 53, 7], [0, 45, 52, 8, 46, 34, 67], [0, 17, 40, 9, 39, 12, 26], [0, 4, 27, 13, 57, 15, 29, 30, 68]]

res = 843.367
res_int = 840
solution = [[0, 67, 46, 52, 27, 4], [0, 8, 54, 19, 59, 14, 35, 7], [0, 34, 13, 57, 15, 5, 47, 48, 30], [0, 26], [0, 21, 69, 36, 60, 20, 37, 29, 45], [0, 63, 23, 56, 41, 64, 42, 43, 1], [0, 38, 65, 66, 11, 53], [0, 58, 10, 31, 9, 39, 12], [0, 17, 40, 32, 44, 3, 51], [0, 50, 25, 55, 18, 24, 49, 16, 33], [0, 6, 62, 22, 61, 28, 2, 68]]

res = 843.367
res_int = 840
solution = [[0, 67, 46, 52, 27, 4], [0, 8, 54, 19, 59, 14, 35, 7], [0, 34, 13, 57, 15, 5, 47, 48, 30], [0, 26], [0, 21, 69, 36, 60, 20, 37, 29, 45], [0, 63, 23, 56, 41, 64, 42, 43, 1], [0, 38, 65, 66, 11, 53], [0, 58, 10, 31, 9, 39, 12], [0, 17, 40, 32, 44, 3, 51], [0, 50, 25, 55, 18, 24, 49, 16, 33], [0, 6, 62, 22, 61, 28, 2, 68]]

res = 843.367
res_int = 840
solution = [[0, 67, 46, 52, 27, 4], [0, 26], [0, 45, 29, 37, 20, 60, 36, 69, 21], [0, 6, 62, 22, 61, 28, 2, 68], [0, 38, 65, 66, 11, 53], [0, 1, 43, 42, 64, 41, 56, 23, 63], [0, 8, 54, 19, 59, 14, 35, 7], [0, 34, 13, 57, 15, 5, 47, 48, 30], [0, 58, 10, 31, 9, 39, 12], [0, 50, 25, 55, 18, 24, 49, 16, 33], [0, 17, 40, 32, 44, 3, 51]]

res = 844.933
res_int = 841
solution = [[0, 22, 64, 42, 41, 43, 1, 33], [0, 63, 23, 56, 24, 49, 16, 51, 17], [0, 21, 61, 28, 62, 2, 6], [0, 11, 66, 65, 38, 10], [0, 48, 47, 36, 69, 60, 20, 37, 5], [0, 34, 46, 52, 27, 45, 30, 68], [0, 3, 44, 32, 9, 39, 12, 26], [0, 58, 31, 25, 55, 18, 50, 40], [0, 7, 53, 59, 14, 35, 67], [0, 4, 29, 15, 57, 13, 54, 19, 8]]

res = 844.933
res_int = 841
solution = [[0, 22, 64, 42, 41, 43, 1, 33], [0, 63, 23, 56, 24, 49, 16, 51, 17], [0, 21, 61, 28, 62, 2, 6], [0, 11, 66, 65, 38, 10], [0, 48, 47, 36, 69, 60, 20, 37, 5], [0, 34, 46, 52, 27, 45, 30, 68], [0, 3, 44, 32, 9, 39, 12, 26], [0, 58, 31, 25, 55, 18, 50, 40], [0, 7, 53, 59, 14, 35, 67], [0, 4, 29, 15, 57, 13, 54, 19, 8]]

res = 846.415
res_int = 842
solution = [[0, 45, 27, 13, 54, 52, 46, 34], [0, 10, 38, 65, 66, 11], [0, 57, 15, 37, 20, 60, 69, 36, 5, 29], [0, 63, 43, 42, 64, 41, 56, 23, 16], [0, 28, 61, 21, 47, 48, 30], [0, 7, 35, 53, 14, 59, 19, 8], [0, 6, 33, 1, 22, 62, 2, 68], [0, 3, 44, 32, 50, 18, 24, 49, 51], [0, 58, 31, 55, 25, 9, 39, 17], [0, 4, 67, 26, 12, 40]]

res = 846.415
res_int = 842
solution = [[0, 45, 27, 13, 54, 52, 46, 34], [0, 10, 38, 65, 66, 11], [0, 57, 15, 37, 20, 60, 69, 36, 5, 29], [0, 63, 43, 42, 64, 41, 56, 23, 16], [0, 28, 61, 21, 47, 48, 30], [0, 7, 35, 53, 14, 59, 19, 8], [0, 6, 33, 1, 22, 62, 2, 68], [0, 3, 44, 32, 50, 18, 24, 49, 51], [0, 58, 31, 55, 25, 9, 39, 17], [0, 4, 67, 26, 12, 40]]

Mean = 844.1980104208467
Execution = 1119.6068766117096

Instance : P-n076-k04.xml
Time = 4.418210744857788

res = 609.987
res_int = 604
solution = [[0, 52, 13, 54, 19, 14, 59, 66, 65, 38, 11, 53, 7, 35, 8, 46, 67], [0, 34, 27, 57, 15, 5, 37, 20, 70, 60, 71, 69, 36, 47, 21, 74, 30, 48, 29, 45, 4, 75], [0, 6, 33, 73, 1, 63, 16, 49, 24, 23, 56, 41, 43, 42, 64, 22, 61, 28, 62, 2, 68], [0, 26, 12, 40, 9, 39, 72, 58, 10, 31, 25, 55, 18, 50, 32, 44, 3, 51, 17]]

res = 609.987
res_int = 604
solution = [[0, 52, 13, 54, 19, 14, 59, 66, 65, 38, 11, 53, 7, 35, 8, 46, 67], [0, 34, 27, 57, 15, 5, 37, 20, 70, 60, 71, 69, 36, 47, 21, 74, 30, 48, 29, 45, 4, 75], [0, 6, 33, 73, 1, 63, 16, 49, 24, 23, 56, 41, 43, 42, 64, 22, 61, 28, 62, 2, 68], [0, 26, 12, 40, 9, 39, 72, 58, 10, 31, 25, 55, 18, 50, 32, 44, 3, 51, 17]]

res = 609.987
res_int = 604
solution = [[0, 52, 13, 54, 19, 14, 59, 66, 65, 38, 11, 53, 7, 35, 8, 46, 67], [0, 26, 12, 40, 9, 39, 72, 58, 10, 31, 25, 55, 18, 50, 32, 44, 3, 51, 17], [0, 34, 27, 57, 15, 5, 37, 20, 70, 60, 71, 69, 36, 47, 21, 74, 30, 48, 29, 45, 4, 75], [0, 6, 33, 73, 1, 63, 16, 49, 24, 23, 56, 41, 43, 42, 64, 22, 61, 28, 62, 2, 68]]

res = 610.45
res_int = 604
solution = [[0, 30, 48, 74, 21, 47, 36, 69, 71, 60, 70, 20, 37, 57, 15, 5, 29, 45, 4, 67], [0, 34, 52, 27, 13, 54, 19, 14, 59, 66, 65, 38, 11, 53, 7, 35, 8, 46], [0, 6, 51, 16, 63, 33, 73, 1, 43, 23, 56, 41, 42, 64, 22, 61, 28, 62, 2, 68, 75], [0, 17, 40, 32, 44, 3, 49, 24, 18, 50, 25, 55, 31, 10, 58, 72, 39, 9, 12, 26]]

res = 610.45
res_int = 604
solution = [[0, 30, 48, 74, 21, 47, 36, 69, 71, 60, 70, 20, 37, 57, 15, 5, 29, 45, 4, 67], [0, 34, 52, 27, 13, 54, 19, 14, 59, 66, 65, 38, 11, 53, 7, 35, 8, 46], [0, 6, 51, 16, 63, 33, 73, 1, 43, 23, 56, 41, 42, 64, 22, 61, 28, 62, 2, 68, 75], [0, 17, 40, 32, 44, 3, 49, 24, 18, 50, 25, 55, 31, 10, 58, 72, 39, 9, 12, 26]]

res = 612.228
res_int = 607
solution = [[0, 34, 52, 27, 13, 54, 19, 14, 59, 66, 65, 38, 11, 53, 7, 35, 8, 46], [0, 75, 68, 2, 74, 30, 48, 47, 21, 69, 36, 71, 60, 70, 20, 37, 57, 15, 5, 29, 45, 4], [0, 6, 33, 73, 62, 28, 61, 22, 64, 42, 41, 43, 1, 63, 23, 56, 24, 49, 16, 51], [0, 17, 40, 3, 44, 32, 50, 18, 55, 25, 9, 39, 72, 31, 10, 58, 12, 26, 67]]

res = 612.228
res_int = 607
solution = [[0, 34, 52, 27, 13, 54, 19, 14, 59, 66, 65, 38, 11, 53, 7, 35, 8, 46], [0, 75, 68, 2, 74, 30, 48, 47, 21, 69, 36, 71, 60, 70, 20, 37, 57, 15, 5, 29, 45, 4], [0, 6, 33, 73, 62, 28, 61, 22, 64, 42, 41, 43, 1, 63, 23, 56, 24, 49, 16, 51], [0, 17, 40, 3, 44, 32, 50, 18, 55, 25, 9, 39, 72, 31, 10, 58, 12, 26, 67]]

res = 612.375
res_int = 605
solution = [[0, 34, 52, 27, 57, 15, 5, 37, 20, 70, 60, 71, 69, 36, 47, 21, 74, 30, 48, 29, 45, 4], [0, 68, 2, 62, 28, 61, 22, 64, 42, 43, 41, 56, 23, 24, 49, 16, 63, 1, 73, 33, 6], [0, 17, 12, 40, 9, 39, 72, 58, 10, 31, 25, 55, 18, 50, 32, 44, 3, 51, 75], [0, 26, 7, 8, 35, 53, 11, 38, 65, 66, 59, 14, 19, 54, 13, 46, 67]]

res = 612.375
res_int = 605
solution = [[0, 34, 52, 27, 57, 15, 5, 37, 20, 70, 60, 71, 69, 36, 47, 21, 74, 30, 48, 29, 45, 4], [0, 68, 2, 62, 28, 61, 22, 64, 42, 43, 41, 56, 23, 24, 49, 16, 63, 1, 73, 33, 6], [0, 17, 12, 40, 9, 39, 72, 58, 10, 31, 25, 55, 18, 50, 32, 44, 3, 51, 75], [0, 26, 7, 8, 35, 53, 11, 38, 65, 66, 59, 14, 19, 54, 13, 46, 67]]

res = 612.453
res_int = 606
solution = [[0, 72, 58, 10, 38, 65, 66, 11, 53, 14, 59, 19, 35, 7, 8, 46, 67], [0, 34, 52, 27, 13, 54, 57, 15, 37, 20, 70, 60, 71, 69, 36, 47, 21, 48, 5, 29, 45, 4], [0, 17, 51, 16, 49, 24, 18, 50, 25, 55, 31, 39, 9, 32, 44, 3, 40, 12, 26], [0, 6, 2, 62, 73, 1, 33, 63, 23, 56, 41, 43, 42, 64, 22, 61, 28, 74, 30, 68, 75]]

Mean = 611.2523650995857
Execution = 1114.8834204673767

Instance : P-n101-k04.xml
Time = 11.677391052246094

res = 698.096
res_int = 687
solution = [[0, 94, 95, 97, 87, 2, 57, 15, 43, 42, 14, 44, 38, 86, 16, 61, 85, 91, 100, 37, 98, 92, 59, 93, 99, 96, 6], [0, 13, 58, 40, 21, 73, 72, 74, 22, 41, 75, 56, 23, 67, 39, 4, 25, 55, 54, 24, 29, 68, 80, 12, 26, 53], [0, 28, 76, 77, 3, 79, 78, 34, 35, 71, 65, 66, 20, 32, 90, 63, 62, 10, 70, 30, 51, 9, 81, 33, 50, 1, 69, 27], [0, 31, 88, 7, 82, 48, 19, 11, 64, 49, 36, 47, 46, 8, 45, 17, 84, 5, 60, 83, 18, 52, 89]]

res = 698.096
res_int = 687
solution = [[0, 94, 95, 97, 87, 2, 57, 15, 43, 42, 14, 44, 38, 86, 16, 61, 85, 91, 100, 37, 98, 92, 59, 93, 99, 96, 6], [0, 13, 58, 40, 21, 73, 72, 74, 22, 41, 75, 56, 23, 67, 39, 4, 25, 55, 54, 24, 29, 68, 80, 12, 26, 53], [0, 28, 76, 77, 3, 79, 78, 34, 35, 71, 65, 66, 20, 32, 90, 63, 62, 10, 70, 30, 51, 9, 81, 33, 50, 1, 69, 27], [0, 31, 88, 7, 82, 48, 19, 11, 64, 49, 36, 47, 46, 8, 45, 17, 84, 5, 60, 83, 18, 52, 89]]

res = 702.004
res_int = 691
solution = [[0, 13, 94, 95, 97, 87, 2, 57, 42, 43, 15, 41, 22, 74, 75, 56, 23, 67, 39, 25, 55, 4, 72, 73, 21, 40, 58, 53], [0, 6, 96, 99, 59, 92, 98, 37, 100, 91, 44, 14, 38, 86, 16, 61, 85, 93, 5, 84, 17, 45, 46, 8, 83, 60, 18, 89], [0, 88, 31, 70, 30, 32, 90, 63, 10, 62, 19, 11, 64, 49, 36, 47, 48, 82, 7, 52], [0, 28, 26, 12, 68, 80, 54, 24, 29, 78, 34, 35, 71, 65, 66, 20, 51, 9, 81, 33, 79, 3, 77, 76, 50, 1, 69, 27]]

res = 702.004
res_int = 691
solution = [[0, 13, 94, 95, 97, 87, 2, 57, 42, 43, 15, 41, 22, 74, 75, 56, 23, 67, 39, 25, 55, 4, 72, 73, 21, 40, 58, 53], [0, 6, 96, 99, 59, 92, 98, 37, 100, 91, 44, 14, 38, 86, 16, 61, 85, 93, 5, 84, 17, 45, 46, 8, 83, 60, 18, 89], [0, 88, 31, 70, 30, 32, 90, 63, 10, 62, 19, 11, 64, 49, 36, 47, 48, 82, 7, 52], [0, 28, 26, 12, 68, 80, 54, 24, 29, 78, 34, 35, 71, 65, 66, 20, 51, 9, 81, 33, 79, 3, 77, 76, 50, 1, 69, 27]]

res = 702.712
res_int = 691
solution = [[0, 94, 95, 97, 87, 2, 57, 15, 43, 42, 14, 44, 38, 86, 16, 61, 85, 91, 100, 37, 98, 92, 59, 93, 99, 96, 6], [0, 89, 52, 18, 83, 60, 5, 84, 17, 45, 8, 46, 36, 49, 64, 63, 90, 32, 10, 62, 11, 19, 47, 48, 82, 7, 88, 31, 27], [0, 13, 58, 40, 21, 73, 72, 74, 22, 41, 75, 56, 23, 67, 39, 4, 25, 55, 54, 24, 29, 68, 80, 12, 26, 53], [0, 69, 1, 50, 70, 30, 20, 66, 65, 71, 35, 9, 51, 33, 81, 34, 78, 79, 3, 77, 76, 28]]

res = 703.225
res_int = 693
solution = [[0, 69, 1, 70, 30, 20, 66, 65, 71, 35, 34, 78, 81, 9, 51, 33, 50, 76, 77, 3, 79, 29, 24, 54, 80, 68, 12, 26, 28], [0, 52, 18, 83, 60, 5, 84, 17, 45, 46, 8, 82, 7, 48, 47, 36, 49, 64, 19, 11, 63, 90, 32, 10, 62, 88, 31, 27], [0, 94, 59, 92, 98, 37, 100, 91, 44, 14, 38, 86, 16, 61, 85, 93, 99, 96, 6, 89], [0, 13, 95, 97, 87, 42, 43, 15, 57, 2, 41, 22, 74, 75, 56, 23, 67, 39, 25, 55, 4, 72, 73, 21, 40, 58, 53]]

res = 703.225
res_int = 693
solution = [[0, 69, 1, 70, 30, 20, 66, 65, 71, 35, 34, 78, 81, 9, 51, 33, 50, 76, 77, 3, 79, 29, 24, 54, 80, 68, 12, 26, 28], [0, 52, 18, 83, 60, 5, 84, 17, 45, 46, 8, 82, 7, 48, 47, 36, 49, 64, 19, 11, 63, 90, 32, 10, 62, 88, 31, 27], [0, 94, 59, 92, 98, 37, 100, 91, 44, 14, 38, 86, 16, 61, 85, 93, 99, 96, 6, 89], [0, 13, 95, 97, 87, 42, 43, 15, 57, 2, 41, 22, 74, 75, 56, 23, 67, 39, 25, 55, 4, 72, 73, 21, 40, 58, 53]]

res = 704.266
res_int = 693
solution = [[0, 13, 94, 95, 97, 87, 2, 57, 42, 43, 15, 41, 22, 74, 75, 56, 23, 67, 39, 25, 55, 4, 72, 73, 21, 40, 58, 53], [0, 52, 18, 60, 83, 8, 46, 45, 17, 84, 5, 93, 85, 61, 16, 86, 38, 14, 44, 91, 100, 37, 98, 92, 59, 99, 96, 6, 89], [0, 70, 30, 32, 90, 63, 10, 62, 19, 11, 64, 49, 36, 47, 48, 82, 7, 88, 31], [0, 27, 69, 1, 50, 76, 77, 3, 79, 33, 81, 9, 51, 20, 66, 65, 71, 35, 34, 78, 29, 24, 54, 80, 68, 12, 26, 28]]

res = 704.605
res_int = 693
solution = [[0, 13, 94, 95, 97, 87, 2, 57, 41, 22, 74, 75, 56, 23, 67, 39, 25, 55, 54, 4, 72, 73, 21, 40, 58, 53], [0, 69, 1, 50, 76, 77, 3, 79, 33, 81, 9, 51, 20, 66, 65, 71, 35, 34, 78, 29, 24, 68, 80, 12, 26, 28], [0, 52, 18, 83, 45, 8, 46, 47, 36, 49, 64, 63, 90, 32, 30, 70, 10, 62, 11, 19, 48, 82, 7, 88, 31, 27], [0, 6, 96, 99, 59, 92, 93, 85, 91, 100, 98, 37, 42, 15, 43, 14, 44, 38, 86, 16, 61, 17, 84, 5, 60, 89]]

res = 704.605
res_int = 693
solution = [[0, 13, 94, 95, 97, 87, 2, 57, 41, 22, 74, 75, 56, 23, 67, 39, 25, 55, 54, 4, 72, 73, 21, 40, 58, 53], [0, 69, 1, 50, 76, 77, 3, 79, 33, 81, 9, 51, 20, 66, 65, 71, 35, 34, 78, 29, 24, 68, 80, 12, 26, 28], [0, 52, 18, 83, 45, 8, 46, 47, 36, 49, 64, 63, 90, 32, 30, 70, 10, 62, 11, 19, 48, 82, 7, 88, 31, 27], [0, 6, 96, 99, 59, 92, 93, 85, 91, 100, 98, 37, 42, 15, 43, 14, 44, 38, 86, 16, 61, 17, 84, 5, 60, 89]]

Mean = 702.2838591829237
Execution = 1684.9827423095703

Instance : P-n050-k07.xml
Time = 0.5936298370361328
Instance : Golden_02.xml
