Instance : A-n45-k07.xml
Time = 1.2668766975402832

res = 1150.008
solution = [[0, 13, 8, 38, 17, 23, 25, 15, 10], [0, 31, 36, 19, 29, 33], [0, 42, 1, 37, 30, 5, 22], [0, 40, 20, 16, 7, 18], [0, 21, 27, 41, 43, 11, 3, 28, 6, 2], [0, 34, 24, 44, 14, 9, 32], [0, 35, 39, 26, 4, 12]]

res = 1150.008
solution = [[0, 31, 36, 19, 29, 33], [0, 34, 24, 44, 14, 9, 32], [0, 13, 8, 38, 17, 23, 25, 15, 10], [0, 18, 7, 16, 20, 40], [0, 22, 5, 30, 37, 1, 42], [0, 21, 27, 41, 43, 11, 3, 28, 6, 2], [0, 35, 39, 26, 4, 12]]

res = 1150.217
solution = [[0, 33, 29, 36, 19, 31], [0, 39, 35, 34, 4, 12], [0, 32, 9, 14, 44, 24, 21, 26], [0, 27, 41, 43, 11, 3, 28, 6, 2], [0, 8, 10, 15, 25, 23, 17, 38, 13], [0, 40, 20, 16, 7, 18], [0, 22, 5, 30, 37, 1, 42]]

res = 1150.217
solution = [[0, 31, 36, 19, 29, 33], [0, 42, 1, 37, 30, 5, 22], [0, 39, 35, 34, 4, 12], [0, 32, 9, 14, 44, 24, 21, 26], [0, 27, 41, 43, 11, 3, 28, 6, 2], [0, 8, 10, 15, 25, 23, 17, 38, 13], [0, 40, 20, 16, 7, 18]]

res = 1150.217
solution = [[0, 31, 36, 19, 29, 33], [0, 27, 41, 43, 11, 3, 28, 6, 2], [0, 35, 39, 34, 4, 12], [0, 26, 21, 24, 44, 14, 9, 32], [0, 22, 5, 30, 37, 1, 42], [0, 40, 20, 16, 7, 18], [0, 8, 10, 15, 25, 23, 17, 38, 13]]

res = 1151.871
solution = [[0, 33, 29, 36, 19, 31], [0, 26, 21, 24, 44, 14, 9, 32], [0, 13, 8, 38, 17, 23, 25, 15, 10], [0, 22, 5, 30, 37, 1, 42], [0, 27, 41, 43, 11, 3, 28, 6, 2], [0, 40, 20, 16, 7, 18], [0, 39, 35, 34, 4, 12]]

res = 1152.471
solution = [[0, 27, 41, 43, 11, 3, 28, 6], [0, 35, 39, 26, 4, 2, 12], [0, 34, 24, 44, 33, 14, 21], [0, 8, 10, 15, 25, 23, 17, 38, 13], [0, 31, 29, 36, 19, 5, 32], [0, 40, 20, 16, 7, 18], [0, 42, 1, 37, 30, 22, 9]]

res = 1152.766
solution = [[0, 8, 42, 1, 37, 30, 22, 9], [0, 5, 36, 19, 29, 31, 14], [0, 4, 24, 44, 33, 21], [0, 38, 17, 23, 25, 15, 10], [0, 27, 41, 43, 11, 3, 28, 6], [0, 40, 20, 16, 7, 18, 13, 32], [0, 35, 39, 34, 26, 2, 12]]

res = 1152.766
solution = [[0, 5, 36, 19, 29, 31, 14], [0, 4, 24, 44, 33, 21], [0, 38, 17, 23, 25, 15, 10], [0, 8, 42, 1, 37, 30, 22, 9], [0, 40, 20, 16, 7, 18, 13, 32], [0, 27, 41, 43, 11, 3, 28, 6], [0, 12, 2, 26, 34, 39, 35]]

res = 1154.225
solution = [[0, 31, 36, 19, 29, 33], [0, 42, 1, 37, 30, 5, 22], [0, 35, 39, 34, 26, 4, 2], [0, 6, 28, 3, 11, 43, 41, 27, 21], [0, 32, 9, 14, 44, 24, 12], [0, 8, 10, 15, 25, 23, 17, 38, 13], [0, 40, 7, 20, 16, 18]]

Mean = 460.5906484132133
Execution = 767.9495537281036

Instance : A-n48-k07.xml
Time = 1.522184133529663

res = 1074.338
solution = [[0, 12, 5, 1, 31, 43, 23], [0, 16, 33, 46, 13, 30, 21, 29, 28], [0, 41, 2, 10, 47, 17, 14], [0, 40, 7, 8, 39, 26, 20, 3, 37], [0, 45, 27, 15, 42, 11, 4, 24, 9, 34], [0, 6, 22, 25, 19, 38, 36, 32], [0, 44, 35, 18]]

res = 1074.338
solution = [[0, 28, 29, 21, 30, 13, 46, 33, 16], [0, 45, 27, 15, 42, 11, 4, 24, 9, 34], [0, 12, 5, 1, 31, 43, 23], [0, 41, 2, 10, 47, 17, 14], [0, 37, 3, 20, 26, 39, 8, 7, 40], [0, 32, 36, 38, 19, 25, 22, 6], [0, 44, 35, 18]]

res = 1087.478
solution = [[0, 7, 3, 20, 26, 39, 8, 15, 27], [0, 29, 21, 30, 46, 13, 24, 4, 11, 42, 9, 34], [0, 41, 2, 10, 33, 28, 45], [0, 32, 38, 25, 19, 37, 36, 40], [0, 14, 17, 47, 16], [0, 35, 22, 6, 1, 5, 31, 43], [0, 18, 44, 23, 12]]

res = 1087.478
solution = [[0, 16, 47, 17, 14], [0, 29, 21, 30, 46, 13, 24, 4, 11, 42, 9, 34], [0, 27, 15, 8, 39, 26, 20, 3, 7], [0, 45, 28, 33, 10, 2, 41], [0, 32, 38, 25, 19, 37, 36, 40], [0, 12, 23, 44, 18], [0, 43, 31, 5, 1, 6, 22, 35]]

res = 1087.478
solution = [[0, 32, 38, 25, 19, 37, 36, 40], [0, 29, 21, 30, 46, 13, 24, 4, 11, 42, 9, 34], [0, 27, 15, 8, 39, 26, 20, 3, 7], [0, 45, 28, 33, 10, 2, 41], [0, 16, 47, 17, 14], [0, 18, 44, 23, 12], [0, 43, 31, 5, 1, 6, 22, 35]]

res = 1087.939
solution = [[0, 7, 3, 20, 26, 39, 8, 15, 27], [0, 12, 5, 1, 31, 43, 23], [0, 29, 21, 30, 46, 13, 24, 4, 11, 42, 9, 34], [0, 36, 40, 16, 47, 17, 14], [0, 45, 28, 33, 10, 2, 41], [0, 6, 22, 38, 25, 19, 37, 32], [0, 44, 35, 18]]

res = 1087.939
solution = [[0, 29, 21, 30, 46, 13, 24, 4, 11, 42, 9, 34], [0, 7, 3, 20, 26, 39, 8, 15, 27], [0, 36, 40, 16, 47, 17, 14], [0, 6, 22, 38, 25, 19, 37, 32], [0, 12, 5, 1, 31, 43, 23], [0, 44, 35, 18], [0, 41, 2, 10, 33, 28, 45]]

res = 1090.992
solution = [[0, 29, 21, 30, 46, 13, 24, 4, 11, 42, 9, 34], [0, 32, 38, 25, 19, 37, 36, 40], [0, 45, 28, 33, 10, 2, 41], [0, 16, 47, 17, 14], [0, 12, 31, 43, 23, 44, 18], [0, 5, 1, 6, 22, 35], [0, 27, 15, 8, 39, 26, 20, 3, 7]]

res = 1092.943
solution = [[0, 27, 15, 8, 39, 26, 20, 3, 7], [0, 29, 21, 30, 46, 13, 24, 4, 11, 42, 9, 34], [0, 32, 38, 25, 19, 37, 36, 40], [0, 16, 47, 17, 14], [0, 41, 2, 10, 33, 28, 45], [0, 23, 43, 35, 44, 18], [0, 22, 6, 1, 5, 31, 12]]

res = 1092.943
solution = [[0, 27, 15, 8, 39, 26, 20, 3, 7], [0, 29, 21, 30, 46, 13, 24, 4, 11, 42, 9, 34], [0, 32, 38, 25, 19, 37, 36, 40], [0, 22, 6, 1, 5, 31, 12], [0, 16, 47, 17, 14], [0, 41, 2, 10, 33, 28, 45], [0, 23, 43, 35, 44, 18]]

Mean = 434.5545466388014
Execution = 673.3234293460846

Instance : A-n53-k07.xml
Time = 1.940035104751587

res = 1020.152
solution = [[0, 27, 35, 8, 46, 51], [0, 25, 21, 34, 52, 13, 14, 39], [0, 31, 38, 18, 40, 26, 10, 49, 29, 44], [0, 11, 24, 41, 17, 9, 47], [0, 7, 12, 16, 32, 15, 19, 23, 42, 48, 4], [0, 28, 22, 45, 43, 50, 36, 2, 37, 30, 1], [0, 20, 6, 33, 3, 5]]

res = 1020.618
solution = [[0, 25, 21, 34, 52, 13, 14, 39], [0, 24, 11, 41, 17, 9, 47], [0, 51, 46, 8, 35, 27], [0, 20, 6, 33, 3, 5], [0, 31, 38, 18, 40, 26, 10, 49, 29, 44], [0, 4, 28, 22, 45, 43, 50, 36, 2, 37, 30, 1], [0, 48, 42, 23, 19, 15, 32, 16, 12, 7]]

res = 1020.618
solution = [[0, 25, 21, 34, 52, 13, 14, 39], [0, 27, 35, 8, 46, 51], [0, 5, 3, 33, 6, 20], [0, 48, 42, 23, 19, 15, 32, 16, 12, 7], [0, 24, 11, 41, 17, 9, 47], [0, 44, 29, 49, 10, 26, 40, 18, 38, 31], [0, 4, 28, 22, 45, 43, 50, 36, 2, 37, 30, 1]]

res = 1020.618
solution = [[0, 25, 21, 34, 52, 13, 14, 39], [0, 44, 29, 49, 10, 26, 40, 18, 38, 31], [0, 47, 9, 17, 41, 24, 11], [0, 27, 35, 8, 46, 51], [0, 20, 6, 33, 3, 5], [0, 48, 42, 23, 19, 15, 32, 16, 12, 7], [0, 4, 28, 22, 45, 43, 50, 36, 2, 37, 30, 1]]

res = 1020.618
solution = [[0, 25, 21, 34, 52, 13, 14, 39], [0, 27, 35, 8, 46, 51], [0, 20, 6, 33, 3, 5], [0, 11, 24, 41, 17, 9, 47], [0, 7, 12, 16, 32, 15, 19, 23, 42, 48], [0, 44, 29, 49, 10, 26, 40, 18, 38, 31], [0, 4, 28, 22, 45, 43, 50, 36, 2, 37, 30, 1]]

res = 1021.657
solution = [[0, 14, 13, 52, 34, 21, 25], [0, 11, 24, 41, 17, 9, 47], [0, 27, 35, 8, 46, 51], [0, 20, 6, 33, 3, 5, 39], [0, 48, 42, 23, 19, 15, 32, 16, 12, 7], [0, 44, 29, 49, 10, 26, 40, 18, 38, 31], [0, 4, 28, 22, 45, 43, 50, 36, 2, 37, 30, 1]]

res = 1021.657
solution = [[0, 14, 13, 52, 34, 21, 25], [0, 24, 11, 41, 17, 9, 47], [0, 20, 6, 33, 3, 5, 39], [0, 7, 12, 16, 32, 15, 19, 23, 42, 48], [0, 51, 46, 8, 35, 27], [0, 4, 28, 22, 45, 43, 50, 36, 2, 37, 30, 1], [0, 44, 29, 49, 10, 26, 40, 18, 38, 31]]

res = 1021.657
solution = [[0, 14, 13, 52, 34, 21, 25], [0, 51, 46, 8, 35, 27], [0, 39, 5, 3, 33, 6, 20], [0, 24, 11, 41, 17, 9, 47], [0, 7, 12, 16, 32, 15, 19, 23, 42, 48], [0, 31, 38, 18, 40, 26, 10, 49, 29, 44], [0, 4, 28, 22, 45, 43, 50, 36, 2, 37, 30, 1]]

res = 1024.119
solution = [[0, 14, 13, 52, 34, 21], [0, 51, 46, 8, 35, 27], [0, 48, 42, 23, 19, 15, 32, 16, 12, 7], [0, 25, 11, 24, 41, 17, 9, 47], [0, 39, 5, 3, 33, 6, 20], [0, 44, 29, 49, 10, 26, 40, 18, 38, 31], [0, 4, 28, 22, 45, 43, 50, 36, 2, 37, 30, 1]]

res = 1024.119
solution = [[0, 21, 34, 52, 13, 14], [0, 27, 35, 8, 46, 51], [0, 20, 6, 33, 3, 5, 39], [0, 44, 29, 49, 10, 26, 40, 18, 38, 31], [0, 1, 30, 37, 2, 36, 50, 43, 45, 22, 28, 4], [0, 47, 9, 17, 41, 24, 11, 25], [0, 7, 12, 16, 32, 15, 19, 23, 42, 48]]

Mean = 408.6333283526329
Execution = 792.9484708309174

Instance : A-n54-k07.xml
Time = 1.8967976570129395

res = 1174.62
solution = [[0, 19, 8, 31, 40, 48, 37, 12], [0, 23, 29, 10, 17, 1, 36, 49, 20], [0, 18, 5, 50, 39, 7, 28, 4, 43], [0, 52, 34, 41, 46, 42, 24, 51, 47, 25, 30], [0, 32, 14, 2, 27, 6, 16], [0, 35, 15, 26, 45, 21, 33, 9, 38, 11], [0, 13, 22, 3, 53, 44]]

res = 1174.62
solution = [[0, 19, 8, 31, 40, 48, 37, 12], [0, 44, 53, 3, 22, 13], [0, 11, 38, 9, 33, 21, 45, 26, 15, 35], [0, 23, 29, 10, 17, 1, 36, 49, 20], [0, 18, 5, 50, 39, 7, 28, 4, 43], [0, 30, 25, 47, 51, 24, 42, 46, 41, 34, 52], [0, 16, 6, 27, 2, 14, 32]]

res = 1174.62
solution = [[0, 30, 25, 47, 51, 24, 42, 46, 41, 34, 52], [0, 19, 8, 31, 40, 48, 37, 12], [0, 44, 53, 3, 22, 13], [0, 32, 14, 2, 27, 6, 16], [0, 11, 38, 9, 33, 21, 45, 26, 15, 35], [0, 20, 49, 36, 1, 17, 10, 29, 23], [0, 18, 5, 50, 39, 7, 28, 4, 43]]

res = 1178.069
solution = [[0, 19, 8, 31, 40, 48, 37, 12], [0, 16, 6, 27, 2, 14, 32], [0, 30, 25, 47, 51, 24, 42, 46, 41, 34, 52], [0, 23, 20, 49, 39, 50, 7, 5, 18, 28, 4], [0, 29, 36, 1, 17, 10, 43], [0, 35, 15, 26, 45, 21, 33, 9, 38, 11], [0, 13, 22, 3, 53, 44]]

res = 1178.216
solution = [[0, 29, 36, 1, 17, 10, 43], [0, 19, 8, 31, 40, 48, 37, 12], [0, 23, 20, 49, 39, 50, 7, 5, 18, 28, 4], [0, 30, 25, 47, 51, 24, 42, 46, 41, 34, 52], [0, 32, 14, 2, 27, 6, 16], [0, 11, 44, 9, 33, 21, 45, 26, 15, 35], [0, 38, 53, 3, 22, 13]]

res = 1178.216
solution = [[0, 19, 8, 31, 40, 48, 37, 12], [0, 23, 20, 49, 39, 50, 7, 5, 18, 28, 4], [0, 30, 25, 47, 51, 24, 42, 46, 41, 34, 52], [0, 29, 36, 1, 17, 10, 43], [0, 11, 44, 9, 33, 21, 45, 26, 15, 35], [0, 38, 53, 3, 22, 13], [0, 32, 14, 2, 27, 6, 16]]

res = 1178.602
solution = [[0, 19, 8, 31, 40, 48, 37, 12], [0, 44, 3, 22, 53], [0, 35, 15, 10, 17, 26, 1, 29, 23], [0, 20, 49, 36, 45, 21, 33, 9, 38, 11, 13], [0, 18, 5, 50, 39, 7, 28, 4, 43], [0, 16, 6, 27, 2, 14, 32], [0, 52, 34, 41, 46, 42, 24, 51, 47, 25, 30]]

res = 1179.653
solution = [[0, 53, 22, 3, 44], [0, 19, 8, 31, 40, 48, 37, 12], [0, 30, 25, 47, 51, 24, 42, 46, 41, 34, 52], [0, 32, 14, 2, 27, 6, 16], [0, 29, 36, 1, 17, 10, 43], [0, 13, 11, 38, 9, 33, 21, 45, 26, 15, 35], [0, 23, 20, 49, 39, 50, 7, 5, 18, 28, 4]]

res = 1179.704
solution = [[0, 19, 8, 31, 40, 48, 37, 12], [0, 44, 3, 22, 53], [0, 18, 5, 50, 39, 7, 28, 4, 43], [0, 13, 11, 38, 9, 33, 21, 45, 29], [0, 23, 20, 49, 36, 1, 26, 17, 10, 15, 35], [0, 30, 25, 47, 51, 24, 42, 46, 41, 34, 52], [0, 32, 14, 2, 27, 6, 16]]

res = 1179.723
solution = [[0, 52, 34, 41, 46, 42, 24, 51, 47, 25, 30], [0, 35, 15, 26, 45, 21, 33, 9, 38, 11], [0, 44, 53, 3, 22, 13], [0, 18, 5, 50, 39, 7, 28, 4, 43], [0, 23, 29, 10, 17, 1, 36, 49, 20], [0, 32, 14, 12, 27, 6, 16], [0, 19, 8, 31, 40, 48, 37, 2]]

Mean = 471.0418368809867
Execution = 832.9895203113556

Instance : A-n61-k09.xml
Time = 2.1270899772644043

res = 1041.191
solution = [[0, 39, 28, 60, 11, 31, 52, 57, 17], [0, 14, 7, 23, 55, 50], [0, 51, 47, 56, 27, 21, 36, 29, 58], [0, 33, 42, 30, 37, 45, 59, 10, 24], [0, 25, 6, 41, 8, 53, 40, 19], [0, 9], [0, 15, 38, 3], [0, 20, 5, 54, 46, 2, 49], [0, 34, 35, 18, 48, 16, 1, 44], [0, 43, 32, 26, 4, 22, 12, 13]]

res = 1041.191
solution = [[0, 39, 28, 60, 11, 31, 52, 57, 17], [0, 14, 7, 23, 55, 50], [0, 58, 29, 36, 21, 27, 56, 47, 51], [0, 33, 42, 30, 37, 45, 59, 10, 24], [0, 25, 6, 41, 8, 53, 40, 19], [0, 9], [0, 20, 5, 54, 46, 2, 49], [0, 15, 38, 3], [0, 34, 35, 18, 48, 16, 1, 44], [0, 43, 32, 26, 4, 22, 12, 13]]

res = 1041.191
solution = [[0, 39, 28, 60, 11, 31, 52, 57, 17], [0, 50, 55, 23, 7, 14], [0, 51, 47, 56, 27, 21, 36, 29, 58], [0, 33, 42, 30, 37, 45, 59, 10, 24], [0, 25, 6, 41, 8, 53, 40, 19], [0, 15, 38, 3], [0, 20, 5, 54, 46, 2, 49], [0, 34, 35, 18, 48, 16, 1, 44], [0, 43, 32, 26, 4, 22, 12, 13], [0, 9]]

res = 1041.191
solution = [[0, 3, 38, 15], [0, 34, 35, 18, 48, 16, 1, 44], [0, 33, 42, 30, 37, 45, 59, 10, 24], [0, 17, 57, 52, 31, 11, 60, 28, 39], [0, 20, 5, 54, 46, 2, 49], [0, 9], [0, 58, 29, 36, 21, 27, 56, 47, 51], [0, 25, 6, 41, 8, 53, 40, 19], [0, 43, 32, 26, 4, 22, 12, 13], [0, 14, 23, 7, 55, 50]]

res = 1043.082
solution = [[0, 33, 42, 30, 37, 45, 59, 10, 24], [0, 3, 38, 15], [0, 43, 32, 26, 4, 22, 12, 13], [0, 14, 7, 23, 55, 50], [0, 25, 6, 41, 53, 8, 40, 19], [0, 20, 54, 46, 5, 2, 49], [0, 17, 57, 52, 31, 11, 60, 28, 39], [0, 9], [0, 51, 47, 56, 27, 21, 36, 29, 58], [0, 34, 35, 18, 48, 16, 1, 44]]

res = 1045.711
solution = [[0, 15, 38, 3], [0, 30, 37, 45, 59, 24, 19], [0, 33, 42, 32, 43, 26, 4, 22, 12], [0, 5, 54, 46, 2, 49, 10], [0, 40, 53, 8, 41, 6, 20, 25], [0, 35, 18, 48, 16, 1, 44, 28], [0, 50, 13, 17, 57, 52, 31, 11, 60, 39], [0, 14, 23, 7, 55], [0, 9, 51], [0, 58, 29, 36, 21, 27, 56, 47, 34]]

res = 1048.084
solution = [[0, 15, 38, 3], [0, 25, 20, 6, 41, 53, 24, 19], [0, 40, 8, 5, 54, 46, 2, 10], [0, 49, 59, 45, 37, 30, 42, 33], [0, 34, 35, 18, 48, 16, 1, 44], [0, 58, 29, 36, 21, 27, 56, 47, 51], [0, 17, 57, 52, 31, 11, 60, 28, 39], [0, 9], [0, 43, 32, 26, 4, 22, 12, 13], [0, 50, 55, 7, 23, 14]]

res = 1048.668
solution = [[0, 3, 38, 15], [0, 17, 57, 52, 31, 11, 60, 28, 39], [0, 44, 1, 34, 16, 48, 18, 35], [0, 33, 42, 30, 37, 45, 59, 10, 24], [0, 58, 29, 36, 21, 27, 56, 47], [0, 51, 9], [0, 43, 32, 26, 4, 22, 12, 13], [0, 14, 7, 23, 55, 50], [0, 25, 6, 41, 8, 53, 40, 19], [0, 20, 5, 54, 46, 2, 49]]

res = 1049.396
solution = [[0, 3, 38, 15], [0, 39, 28, 60, 11, 31, 52, 57, 17], [0, 24, 10, 59, 45, 37, 30, 42, 33], [0, 43, 32, 26, 4, 22, 12, 13], [0, 47, 56, 27, 21, 36, 29, 20, 40, 19], [0, 50, 55, 23, 7, 14], [0, 44, 1, 16, 48, 18, 35, 34], [0, 9, 51], [0, 49, 2, 46, 54, 5], [0, 53, 8, 41, 6, 25, 58]]

res = 1050.184
solution = [[0, 3, 38, 15], [0, 25, 20, 6, 41, 8, 53, 40], [0, 30, 37, 45, 59, 24, 19], [0, 33, 42, 32, 43, 26, 4, 22, 12], [0, 28, 60, 11, 31, 52, 57, 17], [0, 34, 35, 18, 48, 16, 1, 44, 39], [0, 58, 29, 36, 21, 27, 56, 47, 51], [0, 14, 23, 7, 55], [0, 50, 13, 9], [0, 5, 54, 46, 2, 49, 10]]

Mean = 417.99559122759473
Execution = 939.1296453475952

Instance : A-n62-k08.xml
Time = 2.646512508392334

res = 1318.89
solution = [[0, 49, 35, 33, 58, 17, 50], [0, 14, 5, 60, 9, 54, 42, 24, 47, 45], [0, 31, 25, 11, 4, 21, 41, 23, 27, 39, 39, 3], [0, 52, 2, 44, 22, 37, 16, 36], [0, 38, 19, 46, 1, 30, 18, 13, 12, 53], [0, 40, 6, 32, 57, 55, 26, 59, 34], [0, 20, 56, 48, 15, 28], [0, 51, 10, 8, 43, 29, 61, 7]]

res = 1318.89
solution = [[0, 50, 17, 58, 33, 35, 49], [0, 40, 6, 32, 57, 55, 26, 59, 34], [0, 45, 47, 24, 42, 54, 9, 60, 5, 14], [0, 3, 39, 39, 27, 23, 41, 21, 4, 11, 25, 31], [0, 36, 16, 37, 22, 44, 2, 52], [0, 38, 19, 46, 1, 30, 18, 13, 12, 53], [0, 20, 56, 48, 15, 28], [0, 51, 10, 8, 43, 29, 61, 7]]

res = 1321.02
solution = [[0, 50, 17, 58, 33, 35, 49], [0, 13, 18, 3, 39, 39, 27, 23, 41, 21, 4, 11, 31, 34], [0, 46, 42, 24, 47, 45], [0, 51, 10, 8, 43, 29, 61, 20], [0, 59, 26, 55, 57, 32, 6, 40, 7], [0, 38, 19, 30, 1, 54, 9, 25, 60, 5, 14, 12, 53], [0, 15, 48, 56, 28], [0, 36, 16, 37, 22, 44, 2, 52]]

res = 1326.97
solution = [[0, 50, 17, 58, 33, 35, 49], [0, 40, 6, 32, 57, 55, 26, 59, 34], [0, 46, 42, 24, 47, 45], [0, 3, 39, 39, 27, 23, 41, 21, 4, 11, 25, 31], [0, 51, 10, 8, 43, 29, 61, 7], [0, 14, 5, 60, 9, 54, 1, 30, 18, 19, 38, 13, 12, 53], [0, 36, 16, 37, 22, 44, 2, 52], [0, 20, 56, 48, 15, 28]]

res = 1327.267
solution = [[0, 59, 26, 55, 57, 32, 6, 40], [0, 50, 17, 58, 33, 35, 49], [0, 52, 2, 44, 22, 37, 16, 36], [0, 45, 47, 24, 3, 42], [0, 38, 19, 18, 30, 46, 1, 5, 60, 14], [0, 34, 31, 25, 11, 4, 21, 41, 23, 27, 39, 39, 54, 9, 13], [0, 20, 56, 48, 12, 53, 15, 28], [0, 51, 10, 8, 43, 29, 61, 7]]

res = 1327.793
solution = [[0, 50, 17, 58, 33, 35, 49], [0, 46, 42, 24, 47, 45], [0, 59, 26, 55, 57, 32, 6, 40], [0, 34, 31, 11, 4, 21, 41, 23, 27, 39, 39, 3, 54, 18], [0, 51, 10, 8, 43, 29, 61, 7], [0, 14, 5, 60, 25, 9, 1, 30, 19, 38, 13, 12, 53], [0, 52, 2, 44, 22, 37, 16, 36], [0, 20, 56, 48, 15, 28]]

res = 1328.636
solution = [[0, 46, 42, 24, 47, 45], [0, 36, 16, 37, 22, 44, 2, 52], [0, 50, 17, 58, 33, 35, 49], [0, 51, 10, 8, 43, 29, 61, 7], [0, 59, 26, 55, 57, 32, 6, 40], [0, 20, 56, 48, 53, 15, 28], [0, 38, 19, 13, 18, 30, 1, 9, 25, 60, 5, 14, 12], [0, 34, 31, 11, 4, 21, 41, 23, 27, 39, 39, 3, 54]]

res = 1331.071
solution = [[0, 49, 35, 33, 58, 17, 50], [0, 52, 2, 44, 22, 37, 16, 36], [0, 59, 26, 55, 57, 32, 6, 40], [0, 38, 19, 18, 30, 46, 1, 5, 60], [0, 51, 10, 8, 43, 29, 61, 7], [0, 20, 56, 48, 12, 53, 15, 28], [0, 13, 9, 54, 39, 39, 27, 23, 41, 21, 4, 11, 25, 31, 34, 14], [0, 45, 47, 24, 3, 42]]

res = 1331.421
solution = [[0, 50, 17, 58, 33, 35, 49], [0, 52, 2, 44, 22, 37, 16, 36], [0, 20, 56, 48, 53, 15, 28], [0, 51, 10, 8, 43, 29, 61, 7], [0, 40, 6, 32, 57, 55, 26, 59, 34], [0, 42, 3, 24, 47, 45], [0, 13, 18, 30, 1, 9, 54, 46, 19, 38], [0, 39, 39, 27, 23, 41, 21, 4, 11, 25, 31, 60, 5, 14, 12]]

res = 1331.836
solution = [[0, 36, 16, 37, 22, 44, 2, 52], [0, 45, 47, 24, 42, 46], [0, 5, 11, 4, 21, 41, 23, 27, 39, 39, 3, 54], [0, 13, 18, 30, 1, 9, 49, 35, 25, 60, 14], [0, 50, 17, 58, 33, 26, 55, 59, 34, 31], [0, 61, 6, 32, 57, 40, 20, 15, 28], [0, 53, 38, 19, 12, 48, 56], [0, 51, 10, 8, 43, 29, 7]]

Mean = 530.551778073737
Execution = 1341.6773235797882

Instance : A-n64-k09.xml
Time = 2.679931402206421
Instance : A-n53-k07.xml
Time = 1.922142505645752
Instance : A-n53-k07.xml
Time = 1.9417927265167236
Instance : A-n53-k07.xml
Time = 1.9467236995697021
Instance : A-n53-k07.xml
Time = 1.9986083507537842
Instance : A-n53-k07.xml
Time = 1.9471139907836914
Instance : A-n61-k09.xml
Time = 2.1398861408233643

res = 1040.347
solution = [[0, 33, 42, 30, 37, 45, 59, 10, 24], [0, 3, 38, 15], [0, 43, 32, 26, 4, 22, 12, 13], [0, 14, 7, 23, 55, 50], [0, 17, 57, 52, 31, 11, 60, 28, 39], [0, 41, 5, 54, 46, 2, 49], [0, 25, 20, 6, 53, 8, 40, 19], [0, 9], [0, 58, 29, 36, 21, 27, 56, 47, 51], [0, 34, 35, 18, 48, 16, 1, 44]]

res = 1045.711
solution = [[0, 3, 38, 15], [0, 12, 22, 4, 26, 43, 32, 42, 33], [0, 35, 18, 48, 16, 1, 44, 28], [0, 58, 29, 36, 21, 27, 56, 47, 34], [0, 25, 20, 6, 41, 8, 53, 40], [0, 55, 23, 7, 14], [0, 30, 37, 45, 59, 24, 19], [0, 5, 54, 46, 2, 49, 10], [0, 51, 9], [0, 50, 13, 17, 57, 52, 31, 11, 60, 39]]

res = 1045.711
solution = [[0, 15, 38, 3], [0, 40, 53, 8, 41, 6, 20, 25], [0, 28, 44, 1, 16, 48, 18, 35], [0, 50, 13, 17, 57, 52, 31, 11, 60, 39], [0, 30, 37, 45, 59, 24, 19], [0, 5, 54, 46, 2, 49, 10], [0, 9, 51], [0, 58, 29, 36, 21, 27, 56, 47, 34], [0, 33, 42, 32, 43, 26, 4, 22, 12], [0, 14, 7, 23, 55]]

res = 1045.711
solution = [[0, 15, 38, 3], [0, 25, 20, 6, 41, 8, 53, 40], [0, 30, 37, 45, 59, 24, 19], [0, 10, 49, 2, 46, 54, 5], [0, 50, 13, 17, 57, 52, 31, 11, 60, 39], [0, 12, 22, 4, 26, 43, 32, 42, 33], [0, 28, 44, 1, 16, 48, 18, 35], [0, 58, 29, 36, 21, 27, 56, 47, 34], [0, 51, 9], [0, 55, 7, 23, 14]]

res = 1045.822
solution = [[0, 15, 38, 3], [0, 33, 42, 30, 37, 45, 59, 10, 24], [0, 17, 57, 52, 31, 11, 60, 28], [0, 34, 35, 18, 48, 16, 1, 44, 39], [0, 14, 23, 7, 55, 50], [0, 43, 32, 26, 4, 22, 12, 13], [0, 9], [0, 58, 29, 36, 21, 27, 56, 47, 51], [0, 25, 8, 53, 49, 19], [0, 2, 46, 54, 5, 41, 6, 20, 40]]

res = 1046.287
solution = [[0, 15, 38, 3], [0, 33, 42, 30, 37, 45, 59, 10, 24], [0, 17, 57, 52, 31, 11, 60, 28, 39], [0, 35, 18, 48, 16, 34, 1, 44], [0, 9], [0, 43, 32, 26, 4, 22, 12, 13], [0, 14, 7, 23, 55, 50], [0, 25, 6, 5, 54, 46, 2, 49], [0, 58, 29, 36, 21, 27, 56, 47, 51], [0, 40, 20, 41, 8, 53, 19]]

res = 1048.226
solution = [[0, 3, 38, 15], [0, 33, 42, 30, 37, 45, 59, 10, 24], [0, 58, 29, 36, 21, 27, 56, 47, 51], [0, 43, 32, 26, 4, 22, 12, 13], [0, 9, 19, 7, 23, 55, 50], [0, 49, 2, 46, 54, 5, 20], [0, 25, 6, 41, 8, 53, 40, 14], [0, 28, 60, 11, 31, 52, 57, 17], [0, 34, 48, 35, 18, 16, 1, 44, 39]]

res = 1048.387
solution = [[0, 39, 28, 60, 11, 31, 52, 57, 17], [0, 33, 42, 32, 43, 26, 4, 22, 12], [0, 15, 38, 3], [0, 44, 1, 16, 48, 18, 35, 34], [0, 30, 37, 45, 59, 10, 24], [0, 19, 23, 7, 14], [0, 13, 50, 55], [0, 49, 2, 46, 54, 5, 40], [0, 58, 29, 36, 21, 27, 56, 47, 9], [0, 8, 53, 41, 6, 20, 25, 51]]

res = 1048.551
solution = [[0, 15, 38, 3], [0, 33, 42, 30, 37, 45, 59, 10, 24], [0, 40, 5, 54, 46, 2, 49], [0, 8, 53, 41, 6, 20, 25, 51], [0, 58, 29, 36, 21, 27, 56, 47, 9], [0, 34, 35, 18, 48, 16, 1, 44], [0, 19, 7, 23, 55, 50], [0, 43, 32, 26, 4, 22, 12, 13], [0, 17, 57, 52, 31, 11, 60, 28, 39], [0, 14]]

res = 1048.972
solution = [[0, 15, 38, 3], [0, 25, 6, 41, 53, 8, 40, 14], [0, 17, 57, 52, 31, 11, 60, 28], [0, 33, 42, 30, 37, 45, 59, 10, 24], [0, 20, 54, 46, 5, 2, 49], [0, 43, 32, 26, 4, 22, 12, 13], [0, 34, 35, 18, 48, 16, 1, 44, 39], [0, 58, 29, 36, 21, 27, 56, 47, 51], [0, 9, 19, 7, 23, 55, 50]]

Mean = 418.54899490643305
Execution = 593.9315671920776

Instance : A-n62-k08.xml
Time = 2.6402437686920166

res = 1351.246
solution = [[0, 4, 21, 41, 23, 27, 39, 39, 3, 54, 30], [0, 5, 60, 31, 25, 35, 49, 11, 9, 1, 18, 13], [0, 16, 16, 37, 22, 44, 2, 52], [0, 50, 17, 58, 33, 26, 55, 59, 34, 14], [0, 46, 42, 24, 47, 45], [0, 15, 28], [0, 53, 48, 56, 12, 38, 19, 36], [0, 20, 40, 57, 57, 32, 6, 61], [0, 7, 29, 43, 43, 8, 10, 51]]

res = 1351.246
solution = [[0, 46, 42, 24, 47, 45], [0, 5, 60, 31, 25, 35, 49, 11, 9, 1, 18, 13], [0, 4, 21, 41, 23, 27, 39, 39, 3, 54, 30], [0, 52, 2, 44, 22, 37, 16, 16], [0, 50, 17, 58, 33, 26, 55, 59, 34, 14], [0, 53, 48, 56, 12, 38, 19, 36], [0, 15, 28], [0, 61, 6, 32, 57, 57, 40, 20], [0, 7, 29, 43, 43, 8, 10, 51]]

res = 1357.246
solution = [[0, 46, 24, 3, 42, 30, 18], [0, 45, 47, 39, 39, 27, 23, 41, 21, 11], [0, 7, 61, 6, 32, 57, 57, 40, 20], [0, 29, 43, 43, 8, 10, 51], [0, 14, 5, 60, 25, 49, 35, 4, 9, 54, 1, 13], [0, 50, 17, 58, 33, 26, 55, 59, 34, 31], [0, 16, 16, 37, 22, 44, 2, 52], [0, 15, 28], [0, 53, 48, 56, 12, 38, 19, 36]]

res = 1357.581
solution = [[0, 50, 17, 58, 33, 26, 55, 59], [0, 54, 42, 3, 24, 47, 45], [0, 34, 31, 25, 4, 21, 41, 23, 27, 39, 39, 46], [0, 35, 49, 11, 9, 1, 30, 18, 13], [0, 20, 40, 57, 57, 32, 6, 61, 7], [0, 29, 43, 43, 8, 10, 51], [0, 15, 28], [0, 38, 19, 5, 60, 14, 56, 48, 12, 53], [0, 52, 2, 44, 22, 37, 16, 36]]

res = 1360.076
solution = [[0, 45, 47, 24, 42, 46], [0, 50, 17, 58, 33, 26, 55, 59, 34, 14], [0, 18, 30, 1, 9, 49, 35, 25, 31, 60], [0, 54, 3, 39, 39, 27, 23, 41, 21, 4, 11, 5], [0, 15, 28], [0, 36, 37, 22, 44, 2, 19, 38, 13, 12, 53], [0, 56, 48, 52, 16, 16], [0, 51, 10, 8, 43, 43, 29, 7], [0, 61, 6, 32, 57, 57, 40, 20]]

res = 1361.178
solution = [[0, 50, 17, 58, 33, 26, 55, 59], [0, 61, 29, 6, 32, 57, 57, 40], [0, 51, 10, 8, 43, 43, 15, 28], [0, 38, 19, 30, 18, 48, 56, 20, 7], [0, 36, 16, 37, 22, 44, 2, 52], [0, 45, 47, 24, 42, 46], [0, 34, 31, 25, 35, 49, 11, 9, 1, 12, 53], [0, 14, 5, 60, 4, 21, 41, 23, 27, 39, 39, 3, 54, 13]]

res = 1361.544
solution = [[0, 50, 17, 58, 33, 26, 55, 59, 34, 31], [0, 46, 24, 3, 42, 30, 18, 13], [0, 45, 47, 39, 39, 27, 23, 41, 21, 25], [0, 16, 16, 37, 22, 44, 2, 52], [0, 15, 28], [0, 53, 48, 56, 12, 38, 19, 36], [0, 1, 54, 9, 11, 4, 35, 49, 60, 5, 14], [0, 20, 40, 57, 57, 32, 6, 61], [0, 51, 10, 8, 43, 43, 29, 7]]

res = 1369.206
solution = [[0, 50, 17, 58, 33, 26, 55, 59], [0, 6, 32, 57, 57, 40, 15], [0, 51, 10, 8, 43, 43, 29, 61, 7], [0, 36, 16, 37, 22, 44, 2, 52], [0, 38, 19, 30, 18, 13, 48, 56, 20, 28], [0, 46, 1, 9, 49, 35, 31, 34], [0, 45, 47, 24, 3, 42, 54], [0, 39, 39, 27, 23, 41, 21, 4, 11, 25, 60, 5, 14, 12, 53]]

res = 1369.722
solution = [[0, 54, 21, 41, 23, 27, 39, 39, 24, 3], [0, 5, 42, 47, 45, 46, 30, 13], [0, 16, 16, 37, 22, 44, 2, 52], [0, 15, 28], [0, 53, 48, 56, 12, 38, 19, 36], [0, 50, 17, 58, 33, 26, 55, 59, 34, 31], [0, 14, 60, 25, 11, 49, 35, 4, 9, 1, 18], [0, 61, 6, 32, 57, 57, 40, 20], [0, 7, 29, 43, 43, 8, 10, 51]]

res = 1371.173
solution = [[0, 54, 21, 41, 23, 27, 39, 39, 24, 3], [0, 45, 47, 42, 46, 30, 5, 60], [0, 16, 16, 37, 22, 44, 2, 52], [0, 36, 19, 38, 12, 56, 48, 53], [0, 15, 28], [0, 50, 17, 58, 33, 26, 55, 59, 34, 14], [0, 31, 25, 11, 49, 35, 4, 9, 1, 18, 13], [0, 61, 6, 32, 57, 57, 40, 20], [0, 51, 10, 8, 43, 43, 29, 7]]

Mean = 544.4087183461313
Execution = 697.8881554603577

Instance : A-n65-k09.xml
Time = 2.5064194202423096

res = 1185.263
solution = [[0, 53, 56, 44, 25, 21], [0, 59, 40, 10, 8, 52, 24, 19, 18], [0, 55, 29, 13, 12, 1, 33, 62], [0, 7, 63, 11, 54, 48, 57, 23, 28], [0, 15, 27, 14, 3, 36, 35, 4, 49], [0, 43, 22, 9, 34, 47, 51], [0, 17, 31, 26, 6, 64, 46, 39], [0, 37, 30, 60, 50, 16, 45, 5], [0, 41, 2, 38, 42, 61, 58, 20, 32]]

res = 1193.562
solution = [[0, 7, 63, 11, 54, 48, 57, 23, 28], [0, 46, 64, 6, 26, 31, 34, 47], [0, 53, 56, 44, 25, 21], [0, 43, 22, 9, 17, 51, 39], [0, 59, 40, 10, 8, 52, 24, 19, 18], [0, 55, 29, 13, 12, 1, 33, 62], [0, 32, 20, 58, 61, 42, 38, 2, 41], [0, 37, 30, 60, 50, 16, 45, 5], [0, 15, 27, 14, 3, 36, 35, 4, 49]]

res = 1193.562
solution = [[0, 7, 63, 11, 54, 48, 57, 23, 28], [0, 46, 64, 6, 26, 31, 34, 47], [0, 53, 56, 44, 25, 21], [0, 59, 40, 10, 8, 52, 24, 19, 18], [0, 55, 29, 13, 12, 1, 33, 62], [0, 32, 20, 58, 61, 42, 38, 2, 41], [0, 43, 22, 9, 17, 51, 39], [0, 37, 30, 60, 50, 16, 45, 5], [0, 15, 27, 14, 3, 36, 35, 4, 49]]

res = 1193.562
solution = [[0, 7, 63, 11, 54, 48, 57, 23, 28], [0, 46, 64, 6, 26, 31, 34, 47], [0, 53, 56, 44, 25, 21], [0, 59, 40, 10, 8, 52, 24, 19, 18], [0, 55, 29, 13, 12, 1, 33, 62], [0, 43, 22, 9, 17, 51, 39], [0, 32, 20, 58, 61, 42, 38, 2, 41], [0, 37, 30, 60, 50, 16, 45, 5], [0, 15, 27, 14, 3, 36, 35, 4, 49]]

res = 1194.281
solution = [[0, 7, 63, 11, 54, 48, 57, 23, 28], [0, 46, 64, 6, 26, 31, 34, 47], [0, 41, 2, 38, 42, 61, 58, 20, 32], [0, 53, 56, 44, 25, 21], [0, 49, 43, 27, 15, 17, 51, 39], [0, 22, 9, 14, 3, 36, 35, 4], [0, 37, 30, 60, 50, 16, 45, 5], [0, 55, 29, 13, 12, 1, 33, 62], [0, 59, 40, 10, 8, 52, 24, 19, 18]]

res = 1194.281
solution = [[0, 7, 63, 11, 54, 48, 57, 23, 28], [0, 46, 64, 6, 26, 31, 34, 47], [0, 53, 56, 44, 25, 21], [0, 49, 43, 27, 15, 17, 51, 39], [0, 22, 9, 14, 3, 36, 35, 4], [0, 59, 40, 10, 8, 52, 24, 19, 18], [0, 55, 29, 13, 12, 1, 33, 62], [0, 37, 30, 60, 50, 16, 45, 5], [0, 41, 2, 38, 42, 61, 58, 20, 32]]

res = 1194.281
solution = [[0, 46, 64, 6, 26, 31, 34, 47], [0, 53, 56, 44, 25, 21], [0, 49, 43, 27, 15, 17, 51, 39], [0, 59, 40, 10, 8, 52, 24, 19, 18], [0, 55, 29, 13, 12, 1, 33, 62], [0, 7, 63, 11, 54, 48, 57, 23, 28], [0, 22, 9, 14, 3, 36, 35, 4], [0, 37, 30, 60, 50, 16, 45, 5], [0, 41, 2, 38, 42, 61, 58, 20, 32]]

res = 1195.357
solution = [[0, 53, 56, 44, 25, 21], [0, 47, 34, 31, 26, 6, 46, 64], [0, 41, 2, 38, 42, 61, 58, 20, 32], [0, 51, 17, 9, 22, 15, 43], [0, 7, 63, 11, 54, 48, 57, 23, 28], [0, 59, 40, 10, 8, 52, 24, 19, 18], [0, 55, 29, 13, 12, 1, 33, 62, 39], [0, 37, 30, 60, 50, 16, 45, 5], [0, 27, 14, 3, 36, 35, 4, 49]]

res = 1196.164
solution = [[0, 7, 63, 11, 54, 48, 57, 23, 28], [0, 46, 64, 6, 26, 31, 34, 47], [0, 53, 56, 44, 25, 21], [0, 49, 15, 22, 9, 17, 51, 39], [0, 43, 27, 14, 3, 36, 35, 4], [0, 55, 29, 13, 12, 1, 33, 62], [0, 59, 40, 10, 8, 52, 24, 19, 18], [0, 37, 30, 60, 50, 16, 45, 5], [0, 41, 2, 38, 42, 61, 58, 20, 32]]

res = 1196.164
solution = [[0, 7, 63, 11, 54, 48, 57, 23, 28], [0, 46, 64, 6, 26, 31, 34, 47], [0, 53, 56, 44, 25, 21], [0, 49, 15, 22, 9, 17, 51, 39], [0, 43, 27, 14, 3, 36, 35, 4], [0, 59, 40, 10, 8, 52, 24, 19, 18], [0, 55, 29, 13, 12, 1, 33, 62], [0, 37, 30, 60, 50, 16, 45, 5], [0, 41, 2, 38, 42, 61, 58, 20, 32]]

Mean = 477.4591256025598
Execution = 398.714124917984

Instance : A-n69-k09.xml
Time = 2.941577434539795

res = 1173.238
solution = [[0, 29, 40, 38, 59, 41, 20, 45, 35, 13, 66, 58], [0, 23, 12, 22, 24], [0, 62, 56, 39, 8, 68], [0, 32, 17, 10, 36, 1, 48, 16, 43], [0, 26, 54, 46, 5, 37, 50, 52], [0, 27, 65, 55, 60, 4, 47, 34], [0, 57, 42, 11, 63, 25, 14, 28], [0, 53, 33, 49, 9, 30, 51, 6, 3, 15, 44], [0, 7, 67, 21, 61, 64, 2, 18, 31, 19]]

res = 1175.346
solution = [[0, 34, 14, 47, 4, 60, 55, 65, 27], [0, 56, 39, 8, 59, 38, 40, 29], [0, 12, 68, 41, 20, 45, 35, 13, 66, 58], [0, 54, 37, 32, 17, 10, 36, 1, 48], [0, 26, 52, 50, 16, 62, 43], [0, 28, 57, 42, 25, 11, 63, 46, 5], [0, 53, 33, 49, 9, 30, 51, 6, 3, 15, 44], [0, 31, 18, 2, 64, 61, 21, 67, 7], [0, 24, 22, 23, 19]]

res = 1176.321
solution = [[0, 34, 14, 47, 4, 60, 55, 65, 27], [0, 5, 46, 63, 11, 25, 42, 57, 28], [0, 54, 37, 32, 17, 10, 36, 1, 48, 26], [0, 58, 66, 13, 35, 45, 20, 41, 59, 8, 68], [0, 62, 56, 39, 38, 40], [0, 12, 29, 16, 50, 52, 43], [0, 24, 22, 23, 19], [0, 44, 15, 3, 6, 51, 30, 9, 49, 33, 53], [0, 7, 67, 21, 61, 64, 2, 18, 31]]

res = 1176.705
solution = [[0, 31, 18, 53, 2, 64, 61, 67, 21], [0, 34, 14, 47, 4, 60, 55, 65, 27, 7], [0, 62, 56, 39, 40, 29, 12], [0, 5, 46, 63, 11, 25, 42, 57, 28], [0, 48, 1, 36, 10, 17, 32, 37, 54], [0, 26, 50, 16, 52, 43], [0, 24, 22, 58, 23, 19], [0, 33, 49, 9, 30, 51, 6, 3, 15, 44, 13, 66], [0, 38, 8, 59, 20, 45, 35, 41, 68]]

res = 1177.294
solution = [[0, 29, 40, 38, 59, 8, 39, 56], [0, 34, 14, 47, 4, 60, 55, 65, 27, 7], [0, 58, 66, 13, 35, 45, 20, 41, 68, 12], [0, 43, 62, 16, 50, 52], [0, 54, 37, 17, 32, 10, 36, 1, 48, 26], [0, 5, 46, 63, 11, 25, 42, 57, 28], [0, 53, 33, 49, 9, 30, 51, 6, 3, 15, 44], [0, 31, 18, 2, 64, 61, 21, 67], [0, 24, 22, 23, 19]]

res = 1177.486
solution = [[0, 27, 65, 55, 60, 4, 47, 14, 34], [0, 5, 46, 63, 11, 25, 42, 57, 28], [0, 26, 48, 1, 36, 10, 17, 32, 37, 54], [0, 12, 29, 62, 16, 50, 52], [0, 19, 23, 22, 24], [0, 40, 38, 8, 39, 56, 43], [0, 68, 59, 41, 20, 45, 35, 13, 66, 58], [0, 44, 15, 3, 6, 51, 30, 9, 49, 33, 53], [0, 7, 67, 21, 61, 64, 2, 18, 31]]

res = 1178.319
solution = [[0, 34, 14, 47, 4, 60, 55, 65, 27], [0, 5, 46, 63, 11, 25, 42, 57, 28], [0, 54, 37, 32, 17, 10, 36, 1, 48, 26], [0, 52, 50, 16, 62, 29, 12], [0, 13, 35, 45, 20, 41, 59, 68, 22], [0, 18, 53, 2, 64, 61, 21, 67, 7], [0, 31, 33, 49, 9, 30, 51, 6, 3, 15, 44, 66, 58], [0, 24, 23, 19], [0, 43, 56, 39, 8, 38, 40]]

res = 1179.46
solution = [[0, 19, 23, 66, 58, 22, 24], [0, 34, 14, 47, 4, 60, 55, 65, 27], [0, 5, 46, 63, 11, 25, 42, 57, 28], [0, 29, 40, 38, 8, 39, 56], [0, 54, 37, 17, 32, 10, 36, 1, 48, 26], [0, 12, 68, 59, 41, 20, 45, 35, 13], [0, 43, 62, 16, 50, 52], [0, 53, 33, 49, 9, 30, 51, 6, 3, 15, 44], [0, 31, 18, 2, 64, 61, 21, 67, 7]]

res = 1180.31
solution = [[0, 34, 14, 47, 4, 60, 55, 65, 27], [0, 5, 46, 63, 11, 25, 42, 57, 28], [0, 56, 39, 8, 38, 40, 29], [0, 54, 37, 32, 17, 10, 36, 1, 48, 26], [0, 52, 50, 16, 62, 43], [0, 23, 12, 22, 24], [0, 68, 59, 41, 20, 45, 35, 13, 66, 58, 19], [0, 44, 15, 3, 6, 51, 30, 9, 49, 33, 53], [0, 31, 18, 2, 64, 61, 21, 67, 7]]

res = 1180.953
solution = [[0, 26, 5, 46, 63, 11, 25, 42, 57, 28], [0, 50, 16, 62, 56, 39], [0, 48, 1, 36, 10, 17, 32, 37, 54], [0, 24, 22, 12, 52, 43], [0, 13, 35, 45, 20, 41, 59, 8, 38, 40, 29], [0, 27, 65, 55, 60, 4, 47, 14, 34], [0, 58, 66, 68, 44, 15, 3, 6, 51, 30, 53], [0, 64, 61, 21, 67, 7], [0, 31, 18, 2, 33, 49, 9, 23, 19]]

Mean = 471.01726878597697
Execution = 621.5271158218384

Instance : A-n80-k10.xml
Time = 4.572982311248779
Instance : A-n69-k09.xml
Time = 2.8916141986846924
Instance : A-n69-k09.xml
Time = 2.9314279556274414

res = 1171.755
solution = [[0, 16, 48, 1, 36, 10, 17, 32, 37], [0, 68, 41, 35, 45, 20, 59, 8, 38, 29], [0, 28, 57, 42, 25, 11, 63, 46, 5, 26], [0, 7, 27, 65, 55, 60, 4, 47, 14, 34], [0, 40, 39, 56, 62, 50, 54], [0, 66, 13, 44, 15, 3, 6, 51, 30, 9, 53], [0, 67, 21, 61, 64, 2, 33, 49, 18, 31], [0, 22, 12, 58, 23, 19], [0, 52, 43, 24]]

res = 1172.177
solution = [[0, 34, 14, 47, 4, 60, 55, 65, 27], [0, 37, 32, 17, 10, 36, 1, 48, 16], [0, 43, 52, 12, 22, 24], [0, 54, 5, 46, 63, 11, 25, 42, 57], [0, 29, 40, 39, 56, 62, 50, 26], [0, 68, 35, 45, 20, 41, 59, 8, 38], [0, 2, 33, 49, 9, 30, 51, 6, 3, 15, 44, 13, 66], [0, 64, 61, 21, 67, 7, 28], [0, 31, 18, 53, 23, 58, 19]]

res = 1174.359
solution = [[0, 34, 14, 47, 4, 60, 55, 65, 27], [0, 62, 56, 39, 8, 68], [0, 37, 32, 17, 10, 36, 1, 48, 16], [0, 29, 40, 38, 59, 41, 20, 45, 35, 13, 66, 58], [0, 53, 33, 49, 9, 30, 51, 6, 3, 15, 44], [0, 7, 67, 21, 61, 64, 2, 18, 31, 19], [0, 23, 12, 22, 24], [0, 50, 5, 46, 46, 63, 11, 25, 42], [0, 28, 57, 54, 26, 52, 43]]

res = 1175.719
solution = [[0, 29, 40, 38, 59, 41, 20, 45, 35, 13, 66, 58], [0, 34, 14, 47, 4, 60, 55, 65, 27], [0, 48, 1, 36, 10, 17, 32, 37, 26], [0, 57, 42, 25, 11, 63, 46, 5, 54], [0, 24, 43, 52, 16, 50, 28], [0, 22, 12, 23, 19], [0, 68, 8, 39, 56, 62], [0, 53, 33, 49, 9, 30, 51, 6, 3, 15, 44], [0, 7, 67, 21, 61, 64, 2, 18, 31]]

res = 1175.951
solution = [[0, 34, 14, 47, 4, 60, 55, 65, 27], [0, 62, 56, 39, 8, 68], [0, 24, 22, 12, 23], [0, 17, 32, 10, 36, 1, 48, 16, 43], [0, 26, 46, 46, 63, 11, 25, 42, 57, 28], [0, 54, 5, 37, 50, 52], [0, 29, 40, 38, 59, 41, 20, 45, 35, 13, 66, 58], [0, 44, 15, 3, 6, 51, 30, 9, 49, 33, 53], [0, 19, 31, 18, 2, 64, 61, 21, 67, 7]]

res = 1176.703
solution = [[0, 62, 56, 39, 8, 68], [0, 37, 50, 16, 52, 43, 24], [0, 34, 14, 47, 4, 60, 55, 65, 27], [0, 54, 46, 46, 63, 11, 25, 42, 57, 28], [0, 48, 1, 36, 10, 32, 17, 5, 26], [0, 53, 33, 49, 9, 30, 51, 6, 3, 15, 44], [0, 31, 18, 2, 64, 61, 21, 67, 7], [0, 29, 40, 38, 59, 41, 20, 45, 35, 13, 66, 58], [0, 22, 12, 23, 19]]

res = 1177.154
solution = [[0, 22, 12, 66, 23, 19], [0, 48, 1, 36, 10, 32, 17, 5, 54], [0, 26, 37, 50, 16, 52, 43, 24], [0, 27, 65, 55, 60, 4, 47, 14, 34], [0, 46, 46, 63, 11, 25, 42, 57, 28], [0, 13, 35, 45, 20, 41, 59, 8, 38, 40, 29], [0, 62, 56, 39, 68, 58], [0, 31, 18, 2, 64, 61, 21, 67, 7], [0, 53, 33, 49, 9, 30, 51, 6, 3, 15, 44]]

res = 1180.953
solution = [[0, 43, 52, 12, 22, 24], [0, 27, 65, 55, 60, 4, 47, 14, 34], [0, 39, 56, 62, 16, 50], [0, 26, 5, 46, 63, 11, 25, 42, 57, 28], [0, 54, 37, 17, 32, 10, 36, 1, 48], [0, 13, 35, 45, 20, 41, 59, 8, 38, 40, 29], [0, 64, 61, 21, 67, 7], [0, 31, 18, 2, 33, 49, 9, 23, 19], [0, 58, 66, 68, 44, 15, 3, 6, 51, 30, 53]]

res = 1180.953
solution = [[0, 43, 52, 12, 22, 24], [0, 26, 5, 46, 63, 11, 25, 42, 57, 28], [0, 54, 37, 17, 32, 10, 36, 1, 48], [0, 39, 56, 62, 16, 50], [0, 13, 35, 45, 20, 41, 59, 8, 38, 40, 29], [0, 27, 65, 55, 60, 4, 47, 14, 34], [0, 64, 61, 21, 67, 7], [0, 31, 18, 2, 33, 49, 9, 23, 19], [0, 53, 30, 51, 6, 3, 15, 44, 68, 66, 58]]

res = 1182.853
solution = [[0, 40, 39, 56, 62, 16, 37], [0, 43, 52, 12, 22, 24], [0, 68, 35, 45, 20, 41, 59, 8, 38, 29], [0, 48, 1, 36, 10, 32, 17, 50, 26], [0, 66, 13, 44, 15, 3, 6, 51, 30, 9, 49, 33, 2], [0, 57, 42, 14, 25, 11, 63, 46, 5, 54], [0, 27, 65, 55, 60, 4, 47, 34], [0, 31, 18, 53, 23, 58, 19], [0, 28, 7, 64, 61, 21, 67]]

Mean = 470.7430277875202
Execution = 603.8020429611206

Instance : A-n80-k10.xml
Time = 4.300567865371704

res = 1818.714
solution = [[0, 12, 44, 5, 23, 62, 63, 10], [0, 17, 31, 78, 61, 68, 8, 37, 2], [0, 40, 21, 7, 1, 13], [0, 64, 33, 56, 69, 65, 35, 26, 47, 19, 57, 43, 16, 75, 20], [0, 52, 28, 79, 18, 48, 14, 71], [0, 11, 34, 24, 6, 30, 59, 27, 29, 77, 51], [0, 74, 60, 39, 3, 42], [0, 76, 50, 45, 22, 4, 32, 58], [0, 70, 72, 54, 54, 9, 55, 15, 41, 25, 46, 53], [0, 49, 38, 66, 67, 36, 73]]

res = 1822.83
solution = [[0, 14, 48, 18, 79, 28, 71, 10], [0, 40, 21, 7, 1, 13], [0, 62, 23, 24, 6, 5, 44, 12], [0, 29, 59, 27, 31, 17, 74, 42], [0, 30, 78, 68, 43, 16, 61, 57, 75, 20], [0, 52, 2, 37, 8, 34, 11, 63], [0, 58, 32, 4, 22, 45, 50, 76, 70], [0, 49, 73, 38, 66, 67, 53, 36], [0, 25, 47, 19, 26, 35, 65, 69, 56, 55, 9, 54, 54, 72], [0, 3, 60, 46, 41, 15, 33, 64, 39, 77, 51]]

res = 1823.075
solution = [[0, 27, 59, 61, 16, 43, 57, 20, 75], [0, 62, 23, 6, 24, 63, 10], [0, 12, 29, 17, 31, 74, 3, 77, 51], [0, 11, 34, 2, 37, 8, 68, 78, 30, 5, 44], [0, 13, 42, 53, 70, 67, 66, 36, 73], [0, 40, 21, 7, 1], [0, 52, 28, 79, 18, 48, 14, 71], [0, 38, 32, 4, 22, 45, 50], [0, 39, 55, 9, 54, 54, 72, 76, 58, 49], [0, 64, 33, 15, 56, 69, 65, 35, 26, 19, 47, 41, 25, 46, 60]]

res = 1828.291
solution = [[0, 52, 28, 79, 18, 48, 14, 71], [0, 30, 6, 24, 8, 37, 2, 34, 11], [0, 21, 10, 63, 62, 23, 74], [0, 1, 7, 40], [0, 12, 44, 5, 29, 60, 39, 3], [0, 68, 43, 16, 61, 57, 26, 35, 65, 69, 56, 47, 19], [0, 51, 77, 46, 25, 75, 20, 78, 59, 27, 31, 17], [0, 73, 36, 67, 66, 70, 53, 42, 13], [0, 50, 45, 22, 4, 32, 38], [0, 64, 41, 15, 33, 55, 9, 54, 54, 72, 76, 58, 49]]

res = 1831.754
solution = [[0, 24, 6, 30, 78, 68, 8, 37, 2, 34], [0, 27, 59, 61, 16, 43, 57, 20, 75], [0, 74, 17, 31, 60, 39, 3, 77], [0, 63, 62, 23, 5, 29, 44, 12], [0, 14, 48, 18, 79, 28, 52, 11], [0, 46, 25, 41, 47, 19, 26, 35, 65, 69, 56, 55, 15, 33, 64], [0, 50, 32, 4, 45, 22, 9, 54, 54], [0, 1, 7, 71, 10, 21, 40], [0, 51, 53, 67, 66, 70, 72, 76, 58, 38, 36], [0, 49, 73, 42, 13]]

res = 1832.74
solution = [[0, 52, 28, 79, 18, 48, 14, 71], [0, 30, 6, 24, 37, 2, 34, 11, 10], [0, 58, 45, 22, 4, 32, 38], [0, 64, 46, 41, 15, 33, 55, 9, 54, 54, 50, 76, 72], [0, 25, 47, 56, 69, 65, 35, 26, 19, 57, 75, 20], [0, 12, 44, 5, 29, 60, 39, 3], [0, 42, 53, 70, 66, 67, 36, 73, 49], [0, 1, 7, 21, 40], [0, 51, 77, 74, 31, 17, 23, 62, 13], [0, 27, 59, 78, 61, 16, 43, 68, 8, 63]]

res = 1832.742
solution = [[0, 51, 77, 3, 74, 60, 39, 53], [0, 73, 38, 58, 70, 66, 67, 36, 42], [0, 62, 24, 6, 23, 44, 12, 13], [0, 40, 21, 7, 1], [0, 48, 18, 79, 52, 11, 63], [0, 8, 37, 2, 34, 28, 14, 71, 10], [0, 20, 57, 61, 16, 43, 68, 78, 30, 5], [0, 29, 17, 31, 27, 59, 75, 25, 41, 46], [0, 76, 50, 45, 22, 4, 32, 49], [0, 72, 54, 54, 9, 55, 56, 69, 65, 35, 26, 19, 47, 15, 33, 64]]

res = 1835.771
solution = [[0, 20, 75, 19, 47, 56, 69, 65, 35, 26, 57, 12], [0, 64, 33, 54, 54, 9, 55, 15, 41, 25, 46, 60], [0, 59, 27, 17, 31, 39, 53, 36], [0, 58, 32, 4, 22, 45, 50, 76, 72], [0, 62, 23, 44, 5, 74, 3, 77, 51], [0, 63, 11, 34, 24, 6, 30, 29, 13], [0, 40, 21, 7, 1], [0, 42, 67, 66, 70, 38, 73, 49], [0, 14, 48, 18, 79, 28, 71, 10], [0, 78, 61, 16, 43, 68, 8, 37, 2, 52]]

res = 1837.061
solution = [[0, 27, 59, 61, 16, 43, 57, 20, 75], [0, 10, 63, 11, 23, 62, 13], [0, 34, 2, 37, 8, 68, 78, 30, 6, 24], [0, 50, 32, 4, 45, 22, 9, 54, 54], [0, 46, 25, 41, 47, 19, 26, 35, 65, 69, 56, 55, 15, 33, 64], [0, 73, 66, 67, 70, 72, 76, 58, 38, 49], [0, 1, 7, 21, 40], [0, 52, 28, 79, 18, 48, 14, 71], [0, 12, 44, 5, 29, 17, 31, 74, 36], [0, 53, 39, 60, 3, 77, 51, 42]]

res = 1837.648
solution = [[0, 58, 32, 4, 22, 45, 50, 76], [0, 52, 28, 79, 18, 48, 14, 71], [0, 24, 6, 30, 68, 8, 37, 2, 34], [0, 12, 44, 5, 29, 74, 60, 39, 77], [0, 3, 41, 15, 33, 55, 9, 54, 54, 72, 70, 36], [0, 10, 63, 11, 23, 62, 13], [0, 42, 53, 67, 66, 38, 73, 49], [0, 1, 7, 21, 40], [0, 78, 43, 16, 61, 57, 26, 35, 65, 69, 56, 47, 19, 64], [0, 51, 46, 25, 75, 20, 59, 27, 31, 17]]

Mean = 732.0249529106163
Execution = 661.8228862285614

Instance : B-n45-k06.xml
Time = 1.3068363666534424

res = 696.748
solution = [[0, 39, 8, 22, 28, 12, 32, 23, 37, 19, 27], [0, 24, 14, 17, 2, 36, 10, 11, 43], [0, 5, 1, 30, 42, 25], [0, 18, 9, 21, 31, 41, 38], [0, 16, 26, 6, 34, 33, 29, 13], [0, 7, 20, 15, 3, 40, 44, 35, 4]]

res = 697.109
solution = [[0, 38, 41, 31, 21, 9, 18], [0, 35, 44, 33, 40, 3, 15, 7, 20], [0, 25, 26, 34, 6, 42, 30], [0, 13, 16, 11, 10, 36, 2, 17, 14, 24], [0, 39, 8, 22, 28, 12, 32, 23, 37, 19, 27], [0, 43, 5, 1, 29, 4]]

res = 697.109
solution = [[0, 27, 19, 37, 23, 32, 12, 28, 22, 8, 39], [0, 38, 41, 31, 21, 9, 18], [0, 35, 44, 33, 40, 3, 15, 7, 20], [0, 25, 26, 34, 6, 42, 30], [0, 24, 14, 17, 2, 36, 10, 11, 16, 13], [0, 43, 5, 1, 29, 4]]

res = 705.037
solution = [[0, 30, 42, 6, 34, 26, 25], [0, 39, 8, 22, 28, 12, 32, 23, 37, 19, 27], [0, 38, 41, 31, 21, 9], [0, 35, 44, 7, 20, 33, 40, 3, 15, 18], [0, 24, 17, 14, 2, 36, 10, 11, 13, 16], [0, 43, 5, 1, 29, 4]]

res = 705.992
solution = [[0, 7, 20, 15, 3, 40, 33, 44, 35], [0, 13, 25, 26, 6, 34, 29], [0, 38, 41, 31, 21, 9, 18], [0, 39, 22, 8, 28, 32, 23, 37, 19, 27, 4], [0, 24, 14, 17, 2, 36, 10, 11, 1, 12], [0, 5, 42, 30, 16, 43]]

res = 707.103
solution = [[0, 30, 42, 6, 34, 26, 25], [0, 27, 19, 37, 23, 32, 12, 28, 22, 8, 39], [0, 38, 41, 31, 21, 9], [0, 35, 44, 7, 20, 33, 40, 3, 15, 18], [0, 24, 14, 17, 2, 36, 10, 11, 13, 16], [0, 4, 29, 43, 1, 5]]

res = 715.996
solution = [[0, 29, 34, 6, 26, 25, 13], [0, 24, 14, 17, 2, 36, 10, 11, 5], [0, 43, 42, 1, 30, 16], [0, 38, 41, 31, 21, 9, 18], [0, 7, 20, 15, 3, 40, 33, 44, 35], [0, 4], [0, 27, 8, 22, 28, 19, 37, 23, 32, 12, 39]]

res = 716.251
solution = [[0, 38, 41, 31, 21, 9, 18], [0, 27, 19, 37, 23, 32, 12, 28, 22, 8, 39], [0, 4], [0, 13, 25, 26, 6, 34, 29], [0, 7, 20, 15, 3, 40, 33, 44, 35], [0, 24, 14, 17, 2, 36, 10, 11, 1], [0, 5, 42, 30, 16, 43]]

res = 716.336
solution = [[0, 5, 1, 42, 30, 16], [0, 43, 11, 10, 36, 2, 14, 17, 24], [0, 38, 41, 31, 21, 9, 18], [0, 20, 7, 15, 3, 40, 33, 44, 35], [0, 29, 34, 6, 26, 25, 13], [0, 27, 19, 37, 23, 32, 12, 28, 8, 22, 39], [0, 4]]

res = 716.336
solution = [[0, 38, 41, 31, 21, 9, 18], [0, 5, 1, 42, 30, 16], [0, 43, 11, 10, 36, 2, 14, 17, 24], [0, 29, 34, 6, 26, 25, 13], [0, 20, 7, 15, 3, 40, 33, 44, 35], [0, 4], [0, 27, 19, 37, 23, 32, 12, 28, 8, 22, 39]]

Mean = 282.96063488553636
Execution = 431.9257881641388

Instance : B-n50-k08.xml
Time = 1.6283676624298096
Instance : B-n45-k06.xml
Time = 1.2884938716888428
Instance : B-n45-k06.xml
Time = 1.3017957210540771

res = 691.818
solution = [[0, 38, 41, 31, 21, 9, 18], [0, 16, 30, 1, 42, 43], [0, 6, 34, 15, 3, 40, 33, 7], [0, 5, 11, 10, 36, 2, 14, 17, 24], [0, 39, 8, 22, 28, 32, 23, 37, 19, 27, 4], [0, 13, 29, 25, 26, 20, 44, 35, 12]]

res = 705.992
solution = [[0, 38, 41, 31, 21, 9, 18], [0, 24, 14, 17, 2, 36, 10, 11, 1, 12], [0, 7, 20, 15, 3, 40, 33, 44, 35], [0, 5, 42, 30, 16, 43], [0, 13, 25, 26, 6, 34, 29], [0, 39, 8, 22, 28, 32, 23, 37, 19, 27, 4]]

res = 715.906
solution = [[0, 38, 41, 31, 21, 9, 18], [0, 27, 19, 37, 23, 32, 12, 28, 8, 22, 39], [0, 43, 42, 1, 30, 16], [0, 24, 14, 17, 2, 36, 10, 11, 5], [0, 35, 44, 33, 40, 3, 15, 7, 20], [0, 29, 34, 6, 26, 25, 13], [0, 4]]

res = 715.996
solution = [[0, 27, 8, 22, 28, 19, 37, 23, 32, 12, 39], [0, 24, 14, 17, 2, 36, 10, 11, 5], [0, 38, 41, 31, 21, 9, 18], [0, 20, 7, 15, 3, 40, 33, 44, 35], [0, 16, 30, 1, 42, 43], [0, 4], [0, 13, 25, 26, 6, 34, 29]]

res = 716.251
solution = [[0, 27, 19, 37, 23, 32, 12, 28, 8, 22, 39], [0, 38, 41, 31, 21, 9, 18], [0, 20, 7, 15, 3, 40, 33, 44, 35], [0, 13, 25, 26, 6, 34, 29], [0, 4], [0, 24, 14, 17, 2, 36, 10, 11, 1], [0, 5, 42, 30, 16, 43]]

res = 716.336
solution = [[0, 38, 41, 31, 21, 9, 18], [0, 13, 25, 26, 6, 34, 29], [0, 43, 11, 10, 36, 2, 14, 17, 24], [0, 5, 1, 42, 30, 16], [0, 35, 44, 33, 40, 3, 15, 7, 20], [0, 39, 8, 22, 28, 12, 32, 23, 37, 19, 27], [0, 4]]

res = 716.336
solution = [[0, 13, 25, 26, 6, 34, 29], [0, 27, 19, 37, 23, 32, 12, 28, 8, 22, 39], [0, 5, 1, 42, 30, 16], [0, 24, 14, 17, 2, 36, 10, 11, 43], [0, 7, 20, 15, 3, 40, 33, 44, 35], [0, 18, 9, 21, 31, 41, 38], [0, 4]]

res = 716.818
solution = [[0, 38, 41, 31, 21, 9, 18], [0, 5, 1, 42, 30, 16], [0, 24, 17, 14, 2, 36, 10, 11, 43], [0, 20, 7, 15, 3, 40, 33, 44, 35], [0, 39, 22, 8, 27, 28, 19, 37, 23, 32, 12], [0, 29, 34, 6, 26, 25, 13], [0, 4]]

res = 717.825
solution = [[0, 9, 21, 31, 41, 38], [0, 39, 8, 22, 28, 12, 32, 23, 37, 19, 27], [0, 25, 26, 6, 34, 18, 20, 7, 29], [0, 15, 3, 40, 33, 44, 35, 4], [0, 16, 30, 42, 1, 5], [0, 43, 13], [0, 24, 14, 17, 2, 36, 10, 11]]

res = 717.825
solution = [[0, 9, 21, 31, 41, 38], [0, 27, 19, 37, 23, 32, 12, 28, 22, 8, 39], [0, 5, 1, 42, 30, 16], [0, 15, 3, 40, 33, 44, 35, 4], [0, 25, 26, 6, 34, 18, 7, 20, 29], [0, 24, 14, 17, 2, 36, 10, 11], [0, 43, 13]]

Mean = 285.2440527241668
Execution = 506.4565303325653

Instance : B-n50-k08.xml
Time = 1.5679426193237305
Instance : B-n45-k06.xml
Time = 1.295865774154663
Instance : B-n45-k06.xml
Time = 1.2951443195343018

res = 705.992
solution = [[0, 38, 41, 31, 21, 9, 18], [0, 7, 20, 15, 3, 40, 33, 44, 35], [0, 12, 1, 11, 10, 36, 2, 17, 14, 24], [0, 29, 34, 6, 26, 25, 13], [0, 5, 42, 30, 16, 43], [0, 4, 27, 19, 37, 23, 32, 28, 22, 8, 39]]

res = 709.135
solution = [[0, 39, 22, 8, 28, 12, 32, 23, 37, 19, 27], [0, 21, 31, 9, 3, 34, 18], [0, 24, 14, 17, 2, 36, 10, 11, 42, 4], [0, 7, 20, 33, 40, 38, 41, 35, 44], [0, 16, 5, 1, 30, 29], [0, 15, 6, 26, 25, 13, 43]]

res = 715.906
solution = [[0, 38, 41, 31, 21, 9, 18], [0, 24, 14, 17, 2, 36, 10, 11, 5], [0, 16, 30, 1, 42, 43], [0, 27, 19, 37, 23, 32, 12, 28, 8, 22, 39], [0, 20, 7, 15, 3, 40, 33, 44, 35], [0, 4], [0, 29, 34, 6, 26, 25, 13]]

res = 715.996
solution = [[0, 38, 41, 31, 21, 9, 18], [0, 27, 8, 22, 28, 19, 37, 23, 32, 12, 39], [0, 20, 7, 15, 3, 40, 33, 44, 35], [0, 24, 14, 17, 2, 36, 10, 11, 5], [0, 43, 42, 1, 30, 16], [0, 4], [0, 29, 34, 6, 26, 25, 13]]

res = 716.336
solution = [[0, 38, 41, 31, 21, 9, 18], [0, 27, 19, 37, 23, 32, 12, 28, 8, 22, 39], [0, 43, 11, 10, 36, 2, 14, 17, 24], [0, 5, 1, 42, 30, 16], [0, 29, 34, 6, 26, 25, 13], [0, 4], [0, 35, 44, 33, 40, 3, 15, 7, 20]]

res = 716.336
solution = [[0, 38, 41, 31, 21, 9, 18], [0, 39, 8, 22, 28, 12, 32, 23, 37, 19, 27], [0, 24, 17, 14, 2, 36, 10, 11, 43], [0, 5, 1, 42, 30, 16], [0, 20, 7, 15, 3, 40, 33, 44, 35], [0, 4], [0, 13, 25, 26, 6, 34, 29]]

res = 716.336
solution = [[0, 39, 8, 22, 28, 12, 32, 23, 37, 19, 27], [0, 38, 41, 31, 21, 9, 18], [0, 7, 20, 15, 3, 40, 33, 44, 35], [0, 5, 1, 42, 30, 16], [0, 24, 17, 14, 2, 36, 10, 11, 43], [0, 29, 34, 6, 26, 25, 13], [0, 4]]

res = 716.336
solution = [[0, 38, 41, 31, 21, 9, 18], [0, 13, 25, 26, 6, 34, 29], [0, 43, 11, 10, 36, 2, 14, 17, 24], [0, 16, 30, 42, 1, 5], [0, 7, 20, 15, 3, 40, 33, 44, 35], [0, 4], [0, 39, 8, 22, 28, 12, 32, 23, 37, 19, 27]]

res = 716.341
solution = [[0, 1, 11, 10, 36, 2, 17, 14, 24], [0, 5, 42, 30, 16, 43], [0, 38, 41, 31, 21, 9, 18], [0, 27, 8, 22, 28, 19, 37, 23, 32, 12, 39], [0, 7, 20, 15, 3, 40, 33, 44, 35], [0, 29, 34, 6, 26, 25, 13], [0, 4]]

res = 717.491
solution = [[0, 9, 21, 31, 41, 38], [0, 24, 14, 17, 2, 36, 10, 11], [0, 5, 1, 42, 30, 16], [0, 12, 32, 23, 37, 19, 28, 22, 8, 39], [0, 20, 7, 33, 40, 44, 35, 27, 4], [0, 15, 3, 18, 34, 6, 26, 25], [0, 43, 13, 29]]

Mean = 285.84812848329074
Execution = 519.3935129642487

Instance : B-n50-k08.xml
Time = 1.6508066654205322
Instance : B-n45-k06.xml
Time = 1.2942368984222412
Instance : B-n45-k06.xml
Time = 1.3511412143707275

res = 686.358
solution = [[0, 39, 8, 22, 28, 32, 23, 37, 19, 27, 4], [0, 7, 20, 15, 3, 9, 40, 33, 44], [0, 21, 31, 41, 38, 35, 12], [0, 29, 18, 34, 6, 26, 25, 16], [0, 43, 11, 10, 36, 2, 24, 14, 17], [0, 5, 1, 30, 42, 13]]

res = 689.299
solution = [[0, 24, 14, 17, 2, 36, 10, 11, 43], [0, 35, 44, 41, 38, 40, 33, 7, 20], [0, 29, 13, 30, 5, 1], [0, 15, 3, 9, 31, 21, 12], [0, 25, 26, 34, 18, 6, 42, 16], [0, 39, 22, 8, 28, 32, 23, 37, 19, 27, 4]]

res = 690.008
solution = [[0, 20, 7, 33, 40, 38, 41, 44, 35], [0, 39, 22, 8, 28, 32, 23, 37, 19, 27, 4], [0, 25, 26, 34, 18, 6, 42, 16], [0, 15, 3, 9, 31, 21, 12], [0, 24, 14, 17, 2, 36, 10, 11, 43], [0, 29, 13, 5, 1, 30]]

res = 690.008
solution = [[0, 20, 7, 33, 40, 38, 41, 44, 35], [0, 39, 22, 8, 28, 32, 23, 37, 19, 27, 4], [0, 25, 26, 34, 18, 6, 42, 16], [0, 15, 3, 9, 31, 21, 12], [0, 24, 14, 17, 2, 36, 10, 11, 43], [0, 29, 13, 5, 1, 30]]

res = 690.008
solution = [[0, 20, 7, 33, 40, 38, 41, 44, 35], [0, 39, 22, 8, 28, 32, 23, 37, 19, 27, 4], [0, 25, 26, 34, 18, 6, 42, 16], [0, 15, 3, 9, 31, 21, 12], [0, 24, 14, 17, 2, 36, 10, 11, 43], [0, 29, 13, 5, 1, 30]]

res = 690.008
solution = [[0, 20, 7, 33, 40, 38, 41, 44, 35], [0, 25, 26, 34, 18, 6, 42, 16], [0, 15, 3, 9, 31, 21, 12], [0, 29, 13, 5, 1, 30], [0, 24, 14, 17, 2, 36, 10, 11, 43], [0, 39, 22, 8, 28, 32, 23, 37, 19, 27, 4]]

res = 694.223
solution = [[0, 20, 7, 33, 40, 38, 41, 44, 35], [0, 4, 27, 39, 22, 8, 28, 32, 23, 37, 19], [0, 25, 26, 34, 18, 6, 42, 16], [0, 15, 3, 9, 31, 21, 12], [0, 24, 14, 17, 2, 36, 10, 11, 43], [0, 5, 1, 30, 13, 29]]

res = 694.223
solution = [[0, 20, 7, 33, 40, 38, 41, 44, 35], [0, 4, 27, 39, 22, 8, 28, 32, 23, 37, 19], [0, 25, 26, 34, 18, 6, 42, 16], [0, 15, 3, 9, 31, 21, 12], [0, 24, 14, 17, 2, 36, 10, 11, 43], [0, 5, 1, 30, 13, 29]]

res = 694.223
solution = [[0, 20, 7, 33, 40, 38, 41, 44, 35], [0, 4, 27, 39, 22, 8, 28, 32, 23, 37, 19], [0, 25, 26, 34, 18, 6, 42, 16], [0, 15, 3, 9, 31, 21, 12], [0, 24, 14, 17, 2, 36, 10, 11, 43], [0, 5, 1, 30, 13, 29]]

res = 694.223
solution = [[0, 20, 7, 33, 40, 38, 41, 44, 35], [0, 25, 26, 34, 18, 6, 42, 16], [0, 15, 3, 9, 31, 21, 12], [0, 24, 14, 17, 2, 36, 10, 11, 43], [0, 4, 27, 39, 22, 8, 28, 32, 23, 37, 19], [0, 5, 1, 30, 13, 29]]

Mean = 276.50321423275886
Execution = 181.0178463459015

Instance : B-n50-k08.xml
Time = 1.5788905620574951

res = 1333.496
solution = [[0, 22, 38, 46, 23, 13, 3], [0, 1, 28, 29, 19, 32], [0, 41, 45, 45, 39, 35], [0, 10, 21, 8, 42, 17, 15], [0, 14, 5, 11, 30], [0, 40, 4, 18, 26, 47, 25, 7], [0, 34, 27, 20, 31, 6, 44], [0, 37, 12, 36, 43, 16, 24, 49, 33, 9, 48, 2]]

res = 1333.496
solution = [[0, 22, 38, 46, 23, 13, 3], [0, 1, 28, 29, 19, 32], [0, 41, 45, 45, 39, 35], [0, 14, 5, 11, 30], [0, 10, 21, 8, 42, 17, 15], [0, 40, 4, 18, 26, 47, 25, 7], [0, 44, 6, 31, 20, 27, 34], [0, 37, 12, 36, 43, 16, 24, 49, 33, 9, 48, 2]]

res = 1333.674
solution = [[0, 22, 38, 46, 23, 13, 3], [0, 32, 19, 29, 28, 1], [0, 41, 45, 45, 39, 35], [0, 11, 5, 14], [0, 10, 21, 8, 42, 17, 15], [0, 34, 48, 27, 20, 30, 31, 6, 44], [0, 7, 25, 47, 26, 18, 4, 2], [0, 37, 12, 36, 43, 16, 24, 49, 33, 9, 40]]

res = 1336.602
solution = [[0, 10, 21, 42, 17, 8, 15], [0, 32, 19, 29, 28, 1], [0, 41, 45, 45, 39, 35], [0, 22, 38, 46, 23, 13, 3], [0, 7, 25, 47, 26, 18, 4], [0, 44, 6, 31, 30, 20, 27, 40, 48, 34, 2], [0, 37, 12, 33, 9, 49, 24, 16, 36], [0, 43, 11, 5, 14]]

res = 1337.276
solution = [[0, 9, 33, 43, 16, 11, 36, 27], [0, 14, 19, 29, 28, 32], [0, 41, 45, 45, 39, 15], [0, 8, 17, 42, 21, 1, 35], [0, 37, 12, 49, 24, 5], [0, 22, 38, 46, 23, 10, 13, 3], [0, 7, 25, 47, 26, 18, 4, 40], [0, 44, 6, 31, 30, 20, 48, 34, 2]]

res = 1337.345
solution = [[0, 9, 33, 43, 16, 11, 36, 27], [0, 14, 19, 29, 28, 32], [0, 41, 45, 45, 39, 15], [0, 8, 17, 42, 21, 1, 35], [0, 22, 38, 46, 23, 10, 13, 3], [0, 7, 25, 47, 26, 18, 4, 40], [0, 5, 24, 49, 12, 37, 48], [0, 44, 6, 31, 30, 20, 34, 2]]

res = 1337.345
solution = [[0, 9, 33, 43, 16, 11, 36, 27], [0, 14, 19, 29, 28, 32], [0, 41, 45, 45, 39, 15], [0, 8, 17, 42, 21, 1, 35], [0, 22, 38, 46, 23, 10, 13, 3], [0, 7, 25, 47, 26, 18, 4, 40], [0, 5, 24, 49, 12, 37, 48], [0, 44, 6, 31, 30, 20, 34, 2]]

res = 1337.345
solution = [[0, 9, 33, 43, 16, 11, 36, 27], [0, 14, 19, 29, 28, 32], [0, 41, 45, 45, 39, 15], [0, 8, 17, 42, 21, 1, 35], [0, 22, 38, 46, 23, 10, 13, 3], [0, 7, 25, 47, 26, 18, 4, 40], [0, 5, 24, 49, 12, 37, 48], [0, 44, 6, 31, 30, 20, 34, 2]]

res = 1337.345
solution = [[0, 22, 38, 46, 23, 10, 13, 3], [0, 35, 1, 21, 42, 17, 8], [0, 41, 45, 45, 39, 15], [0, 9, 33, 43, 16, 11, 36, 27], [0, 14, 19, 29, 28, 32], [0, 40, 4, 18, 26, 47, 25, 7], [0, 5, 24, 49, 12, 37, 48], [0, 44, 6, 31, 30, 20, 34, 2]]

res = 1340.081
solution = [[0, 22, 38, 46, 23, 10, 13, 3], [0, 19, 29, 28, 32], [0, 35, 1, 21, 42, 17, 8], [0, 41, 45, 45, 39, 15], [0, 4, 18, 26, 47, 24, 16, 11, 43, 12], [0, 14, 5, 30, 44], [0, 6, 31, 20, 27, 37, 48, 34], [0, 9, 33, 36, 49, 25, 7, 40, 2]]

Mean = 534.5602469435094
Execution = 216.0983431339264

Instance : B-n66-k09.xml
Time = 2.701932430267334
Instance : B-n45-k06.xml
Time = 1.297213077545166
Instance : B-n45-k06.xml
Time = 1.2959682941436768
Instance : B-n45-k06.xml
Time = 1.3139660358428955
