Instance : A-n53-k07.xml
Time = 1.1982316970825195
Instance : A-n53-k07.xml
Time = 1.3265531063079834
Instance : A-n53-k07.xml
Time = 1.3258252143859863

res = 1020.152
res_int = 1017
solution = [[0, 27, 35, 8, 46, 51], [0, 7, 12, 16, 32, 15, 19, 23, 42, 48, 4], [0, 25, 21, 34, 52, 13, 14, 39], [0, 44, 29, 49, 10, 26, 40, 18, 38, 31], [0, 11, 24, 41, 17, 9, 47], [0, 20, 6, 33, 3, 5], [0, 28, 22, 45, 43, 50, 36, 2, 37, 30, 1]]

res = 1020.152
res_int = 1017
solution = [[0, 27, 35, 8, 46, 51], [0, 7, 12, 16, 32, 15, 19, 23, 42, 48, 4], [0, 25, 21, 34, 52, 13, 14, 39], [0, 44, 29, 49, 10, 26, 40, 18, 38, 31], [0, 11, 24, 41, 17, 9, 47], [0, 20, 6, 33, 3, 5], [0, 28, 22, 45, 43, 50, 36, 2, 37, 30, 1]]

res = 1020.152
res_int = 1017
solution = [[0, 27, 35, 8, 46, 51], [0, 11, 24, 41, 17, 9, 47], [0, 31, 38, 18, 40, 26, 10, 49, 29, 44], [0, 7, 12, 16, 32, 15, 19, 23, 42, 48, 4], [0, 20, 6, 33, 3, 5], [0, 25, 21, 34, 52, 13, 14, 39], [0, 28, 22, 45, 43, 50, 36, 2, 37, 30, 1]]

res = 1020.152
res_int = 1017
solution = [[0, 27, 35, 8, 46, 51], [0, 11, 24, 41, 17, 9, 47], [0, 31, 38, 18, 40, 26, 10, 49, 29, 44], [0, 7, 12, 16, 32, 15, 19, 23, 42, 48, 4], [0, 20, 6, 33, 3, 5], [0, 25, 21, 34, 52, 13, 14, 39], [0, 28, 22, 45, 43, 50, 36, 2, 37, 30, 1]]

res = 1020.152
res_int = 1017
solution = [[0, 27, 35, 8, 46, 51], [0, 25, 21, 34, 52, 13, 14, 39], [0, 31, 38, 18, 40, 26, 10, 49, 29, 44], [0, 11, 24, 41, 17, 9, 47], [0, 20, 6, 33, 3, 5], [0, 7, 12, 16, 32, 15, 19, 23, 42, 48, 4], [0, 28, 22, 45, 43, 50, 36, 2, 37, 30, 1]]

res = 1020.152
res_int = 1017
solution = [[0, 27, 35, 8, 46, 51], [0, 25, 21, 34, 52, 13, 14, 39], [0, 31, 38, 18, 40, 26, 10, 49, 29, 44], [0, 11, 24, 41, 17, 9, 47], [0, 20, 6, 33, 3, 5], [0, 7, 12, 16, 32, 15, 19, 23, 42, 48, 4], [0, 28, 22, 45, 43, 50, 36, 2, 37, 30, 1]]

res = 1020.152
res_int = 1017
solution = [[0, 27, 35, 8, 46, 51], [0, 7, 12, 16, 32, 15, 19, 23, 42, 48, 4], [0, 25, 21, 34, 52, 13, 14, 39], [0, 31, 38, 18, 40, 26, 10, 49, 29, 44], [0, 11, 24, 41, 17, 9, 47], [0, 20, 6, 33, 3, 5], [0, 28, 22, 45, 43, 50, 36, 2, 37, 30, 1]]

res = 1020.152
res_int = 1017
solution = [[0, 27, 35, 8, 46, 51], [0, 7, 12, 16, 32, 15, 19, 23, 42, 48, 4], [0, 25, 21, 34, 52, 13, 14, 39], [0, 31, 38, 18, 40, 26, 10, 49, 29, 44], [0, 11, 24, 41, 17, 9, 47], [0, 20, 6, 33, 3, 5], [0, 28, 22, 45, 43, 50, 36, 2, 37, 30, 1]]

res = 1020.152
res_int = 1017
solution = [[0, 27, 35, 8, 46, 51], [0, 7, 12, 16, 32, 15, 19, 23, 42, 48, 4], [0, 25, 21, 34, 52, 13, 14, 39], [0, 31, 38, 18, 40, 26, 10, 49, 29, 44], [0, 11, 24, 41, 17, 9, 47], [0, 20, 6, 33, 3, 5], [0, 28, 22, 45, 43, 50, 36, 2, 37, 30, 1]]

res = 1020.618
res_int = 1017
solution = [[0, 11, 24, 41, 17, 9, 47], [0, 7, 12, 16, 32, 15, 19, 23, 42, 48], [0, 51, 46, 8, 35, 27], [0, 25, 21, 34, 52, 13, 14, 39], [0, 5, 3, 33, 6, 20], [0, 44, 29, 49, 10, 26, 40, 18, 38, 31], [0, 4, 28, 22, 45, 43, 50, 36, 2, 37, 30, 1]]

Mean = 1020.198816214747
Execution = 588.5941145420074

Instance : A-n54-k07.xml
Time = 1.284989356994629

res = 1173.368
res_int = 1169
solution = [[0, 44, 3, 22, 53], [0, 18, 5, 50, 39, 7, 28, 4, 43], [0, 30, 25, 47, 51, 24, 42, 46, 41, 34, 52], [0, 35, 15, 10, 17, 1, 36, 49, 20, 23], [0, 29, 26, 45, 21, 33, 9, 38], [0, 13, 11, 19, 8, 31, 40, 48, 37, 32], [0, 14, 2, 12, 27, 6, 16]]

res = 1173.368
res_int = 1169
solution = [[0, 44, 3, 22, 53], [0, 18, 5, 50, 39, 7, 28, 4, 43], [0, 30, 25, 47, 51, 24, 42, 46, 41, 34, 52], [0, 35, 15, 10, 17, 1, 36, 49, 20, 23], [0, 29, 26, 45, 21, 33, 9, 38], [0, 13, 11, 19, 8, 31, 40, 48, 37, 32], [0, 14, 2, 12, 27, 6, 16]]

res = 1173.424
res_int = 1169
solution = [[0, 30, 25, 47, 51, 24, 42, 46, 41, 34, 52], [0, 11, 19, 8, 31, 40, 48, 37, 32], [0, 43, 4, 28, 7, 39, 50, 5, 18], [0, 29, 26, 45, 21, 33, 9, 38], [0, 14, 2, 12, 27, 6, 16], [0, 44, 3, 22, 53, 13], [0, 35, 15, 10, 17, 1, 36, 49, 20, 23]]

res = 1173.424
res_int = 1169
solution = [[0, 30, 25, 47, 51, 24, 42, 46, 41, 34, 52], [0, 11, 19, 8, 31, 40, 48, 37, 32], [0, 43, 4, 28, 7, 39, 50, 5, 18], [0, 29, 26, 45, 21, 33, 9, 38], [0, 14, 2, 12, 27, 6, 16], [0, 44, 3, 22, 53, 13], [0, 35, 15, 10, 17, 1, 36, 49, 20, 23]]

res = 1173.424
res_int = 1169
solution = [[0, 44, 3, 22, 53, 13], [0, 43, 4, 28, 7, 39, 50, 5, 18], [0, 30, 25, 47, 51, 24, 42, 46, 41, 34, 52], [0, 35, 15, 10, 17, 1, 36, 49, 20, 23], [0, 29, 26, 45, 21, 33, 9, 38], [0, 11, 19, 8, 31, 40, 48, 37, 32], [0, 14, 2, 12, 27, 6, 16]]

res = 1174.62
res_int = 1172
solution = [[0, 35, 15, 26, 45, 21, 33, 9, 38, 11], [0, 44, 53, 3, 22, 13], [0, 23, 29, 10, 17, 1, 36, 49, 20], [0, 16, 6, 27, 2, 14, 32], [0, 18, 5, 50, 39, 7, 28, 4, 43], [0, 30, 25, 47, 51, 24, 42, 46, 41, 34, 52], [0, 19, 8, 31, 40, 48, 37, 12]]

res = 1174.62
res_int = 1172
solution = [[0, 35, 15, 26, 45, 21, 33, 9, 38, 11], [0, 44, 53, 3, 22, 13], [0, 23, 29, 10, 17, 1, 36, 49, 20], [0, 16, 6, 27, 2, 14, 32], [0, 18, 5, 50, 39, 7, 28, 4, 43], [0, 30, 25, 47, 51, 24, 42, 46, 41, 34, 52], [0, 19, 8, 31, 40, 48, 37, 12]]

res = 1174.62
res_int = 1172
solution = [[0, 30, 25, 47, 51, 24, 42, 46, 41, 34, 52], [0, 19, 8, 31, 40, 48, 37, 12], [0, 43, 4, 28, 7, 39, 50, 5, 18], [0, 23, 29, 10, 17, 1, 36, 49, 20], [0, 35, 15, 26, 45, 21, 33, 9, 38, 11], [0, 16, 6, 27, 2, 14, 32], [0, 44, 53, 3, 22, 13]]

res = 1174.62
res_int = 1172
solution = [[0, 30, 25, 47, 51, 24, 42, 46, 41, 34, 52], [0, 19, 8, 31, 40, 48, 37, 12], [0, 43, 4, 28, 7, 39, 50, 5, 18], [0, 23, 29, 10, 17, 1, 36, 49, 20], [0, 35, 15, 26, 45, 21, 33, 9, 38, 11], [0, 16, 6, 27, 2, 14, 32], [0, 44, 53, 3, 22, 13]]

res = 1174.62
res_int = 1172
solution = [[0, 19, 8, 31, 40, 48, 37, 12], [0, 44, 53, 3, 22, 13], [0, 20, 49, 36, 1, 17, 10, 29, 23], [0, 11, 38, 9, 33, 21, 45, 26, 15, 35], [0, 32, 14, 2, 27, 6, 16], [0, 52, 34, 41, 46, 42, 24, 51, 47, 25, 30], [0, 18, 5, 50, 39, 7, 28, 4, 43]]

Mean = 1174.0110928971762
Execution = 696.6374790668488

Instance : A-n55-k09.xml
Time = 0.9752774238586426
