Aretes fixées après apprentissage pour cette exécution
Fixed edges = [[0, 36, 39, 0], [0, 27, 11, 40, 30, 19, 34, 37, 0], [0, 20, 5, 21, 33, 41, 8, 10, 3, 0], [0, 31, 35, 0], [0, 17, 18, 0], [0, 24, 6, 44, 1, 0], [0, 4, 16, 0], [0, 2, 0], [0, 7, 0], [0, 9, 0], [0, 12, 0], [0, 13, 0], [0, 14, 0], [0, 15, 0], [0, 22, 0], [0, 23, 0], [0, 25, 0], [0, 26, 0], [0, 28, 0], [0, 29, 0], [0, 32, 0], [0, 38, 0], [0, 42, 0], [0, 43, 0]]
Time = 0.5158932209014893


#################

init = 1070.504
res = 972.196
gap = -764.434

solution = [[0, 24, 6, 44, 1], [0, 3, 10, 8, 41, 33, 21, 5, 20, 32], [0, 29, 43, 18, 17, 13], [0, 37, 34, 19, 30, 40, 11, 27, 26], [0, 28, 7, 16, 4, 42, 22, 9], [0, 38, 2, 25, 12, 39, 36, 15, 23], [0, 14, 35, 31]]


#################

init = 1070.504
res = 972.196
gap = -764.434

solution = [[0, 32, 20, 5, 21, 33, 41, 8, 10, 3], [0, 37, 34, 19, 30, 40, 11, 27, 26], [0, 24, 6, 44, 1], [0, 13, 17, 18, 43, 29], [0, 28, 7, 16, 4, 42, 22, 9], [0, 38, 2, 25, 12, 39, 36, 15, 23], [0, 14, 35, 31]]


#################

init = 1070.504
res = 972.196
gap = -764.434

solution = [[0, 24, 6, 44, 1], [0, 3, 10, 8, 41, 33, 21, 5, 20, 32], [0, 13, 17, 18, 43, 29], [0, 37, 34, 19, 30, 40, 11, 27, 26], [0, 14, 35, 31], [0, 38, 2, 25, 12, 39, 36, 15, 23], [0, 28, 7, 16, 4, 42, 22, 9]]


#################

init = 1070.504
res = 970.454
gap = -765.986

solution = [[0, 24, 37, 34, 19, 30, 40, 11], [0, 2, 25, 12, 39, 36, 42, 4, 16, 9, 23], [0, 28, 7, 13, 22, 15], [0, 3, 10, 8, 41, 33, 21, 5, 20, 32], [0, 26, 29, 27, 43, 18, 17], [0, 38], [0, 14, 31, 35, 1, 44, 6]]


#################

init = 1070.504
res = 975.438
gap = -761.562

solution = [[0, 24, 6, 44, 1], [0, 29, 43, 18, 17, 13], [0, 37, 34, 19, 30, 40, 11, 27, 26], [0, 32, 20, 5, 21, 33, 41, 8, 10, 3], [0, 28, 7, 22, 16, 4, 42], [0, 14, 35, 31], [0, 23, 9, 15, 36, 39, 12, 25, 2, 38]]


#################

init = 1152.866
res = 972.196
gap = -764.434

solution = [[0, 32, 20, 5, 21, 33, 41, 8, 10, 3], [0, 13, 17, 18, 43, 29], [0, 37, 34, 19, 30, 40, 11, 27, 26], [0, 31, 35, 14], [0, 24, 6, 44, 1], [0, 23, 15, 36, 39, 12, 25, 2, 38], [0, 28, 7, 16, 4, 42, 22, 9]]


#################

init = 1152.866
res = 959.77
gap = -775.627

solution = [[0, 24, 37, 34, 19, 30, 40, 11], [0, 27, 18, 17, 43, 29, 26], [0, 6, 44, 1, 14, 35, 31], [0, 3, 10, 8, 41, 33, 21, 5, 20, 32], [0, 28, 7, 13, 15, 25, 2, 38], [0, 23], [0, 12, 39, 36, 42, 4, 16, 22, 9]]


#################

init = 1152.866
res = 975.438
gap = -761.562

solution = [[0, 32, 20, 5, 21, 33, 41, 8, 10, 3], [0, 13, 17, 18, 43, 29], [0, 37, 34, 19, 30, 40, 11, 27, 26], [0, 28, 7, 22, 16, 4, 42], [0, 1, 44, 6, 24], [0, 14, 35, 31], [0, 38, 2, 25, 12, 39, 36, 15, 9, 23]]


#################

init = 1152.866
res = 972.196
gap = -764.434

solution = [[0, 32, 20, 5, 21, 33, 41, 8, 10, 3], [0, 13, 17, 18, 43, 29], [0, 37, 34, 19, 30, 40, 11, 27, 26], [0, 31, 35, 14], [0, 24, 6, 44, 1], [0, 23, 15, 36, 39, 12, 25, 2, 38], [0, 28, 7, 16, 4, 42, 22, 9]]


#################

init = 1152.866
res = 972.196
gap = -764.434

solution = [[0, 32, 20, 5, 21, 33, 41, 8, 10, 3], [0, 13, 17, 18, 43, 29], [0, 37, 34, 19, 30, 40, 11, 27, 26], [0, 31, 35, 14], [0, 24, 6, 44, 1], [0, 23, 15, 36, 39, 12, 25, 2, 38], [0, 28, 7, 16, 4, 42, 22, 9]]


#################

init = 1179.34
res = 973.565
gap = -763.219

solution = [[0, 2, 25, 12, 39, 36, 42, 4, 16], [0, 26, 29, 27, 43, 18, 17], [0, 24, 37, 34, 19, 30, 40, 11], [0, 38], [0, 6, 44, 1, 35, 31, 14], [0, 20, 5, 21, 33, 41, 8, 10, 3, 9, 23], [0, 28, 7, 32, 13, 22, 15]]


#################

init = 1179.34
res = 964.975
gap = -770.903

solution = [[0, 24, 37, 34, 19, 30, 40, 11], [0, 6, 44, 1, 35, 31, 14], [0, 3, 10, 8, 41, 33, 21, 5, 20, 32], [0, 22, 16, 4, 42, 36, 39, 12], [0, 9, 28, 7, 13, 15, 25, 2, 38], [0, 23], [0, 26, 29, 43, 17, 18, 27]]


#################

init = 1179.34
res = 972.196
gap = -764.434

solution = [[0, 29, 43, 18, 17, 13], [0, 37, 34, 19, 30, 40, 11, 27, 26], [0, 14, 35, 31], [0, 24, 6, 44, 1], [0, 3, 10, 8, 41, 33, 21, 5, 20, 32], [0, 38, 2, 25, 12, 39, 36, 15, 23], [0, 9, 22, 42, 4, 16, 7, 28]]


#################

init = 1179.34
res = 964.89
gap = -770.98

solution = [[0, 24, 37, 34, 19, 30, 40, 11], [0, 26, 29, 43, 17, 18, 27], [0, 28, 7, 32, 13, 22, 15], [0, 14, 31, 35, 1, 44, 6], [0, 38], [0, 2, 25, 12, 39, 36, 42, 4, 16], [0, 23, 9, 3, 10, 8, 41, 33, 21, 5, 20]]


#################

init = 1179.34
res = 973.341
gap = -763.418

solution = [[0, 29, 43, 18, 17, 13], [0, 37, 34, 19, 30, 40, 11, 27, 26], [0, 12, 39, 36, 42, 4, 16, 22, 9], [0, 32, 20, 5, 21, 33, 41, 8, 10, 3], [0, 31, 35, 14], [0, 23, 28, 7, 15, 25, 2, 38], [0, 1, 44, 6, 24]]


#################

init = 1081.988
res = 972.196
gap = -764.434

solution = [[0, 37, 34, 19, 30, 40, 11, 27, 26], [0, 29, 43, 18, 17, 13], [0, 1, 44, 6, 24], [0, 31, 35, 14], [0, 38, 2, 25, 12, 39, 36, 15, 23], [0, 9, 22, 42, 4, 16, 7, 28], [0, 32, 20, 5, 21, 33, 41, 8, 10, 3]]


#################

init = 1081.988
res = 972.196
gap = -764.434

solution = [[0, 32, 20, 5, 21, 33, 41, 8, 10, 3], [0, 9, 22, 42, 4, 16, 7, 28], [0, 37, 34, 19, 30, 40, 11, 27, 26], [0, 29, 43, 18, 17, 13], [0, 23, 15, 36, 39, 12, 25, 2, 38], [0, 1, 44, 6, 24], [0, 31, 35, 14]]


#################

init = 1081.988
res = 972.196
gap = -764.434

solution = [[0, 32, 20, 5, 21, 33, 41, 8, 10, 3], [0, 37, 34, 19, 30, 40, 11, 27, 26], [0, 29, 43, 18, 17, 13], [0, 1, 44, 6, 24], [0, 14, 35, 31], [0, 23, 15, 36, 39, 12, 25, 2, 38], [0, 28, 7, 16, 4, 42, 22, 9]]


#################

init = 1081.988
res = 972.196
gap = -764.434

solution = [[0, 32, 20, 5, 21, 33, 41, 8, 10, 3], [0, 37, 34, 19, 30, 40, 11, 27, 26], [0, 29, 43, 18, 17, 13], [0, 1, 44, 6, 24], [0, 31, 35, 14], [0, 9, 22, 42, 4, 16, 7, 28], [0, 38, 2, 25, 12, 39, 36, 15, 23]]


#################

init = 1081.988
res = 972.196
gap = -764.434

solution = [[0, 32, 20, 5, 21, 33, 41, 8, 10, 3], [0, 37, 34, 19, 30, 40, 11, 27, 26], [0, 29, 43, 18, 17, 13], [0, 1, 44, 6, 24], [0, 14, 35, 31], [0, 38, 2, 25, 12, 39, 36, 15, 23], [0, 9, 22, 42, 4, 16, 7, 28]]


#################

init = 1156.726
res = 968.779
gap = -767.484

solution = [[0, 14, 31, 35, 1, 44, 6], [0, 24, 37, 34, 19, 30, 40, 11], [0, 26, 29, 27, 18, 17, 43], [0, 3, 10, 8, 41, 33, 21, 5, 20, 32], [0, 28, 7, 13, 16, 4, 42, 9], [0, 15, 22, 36, 39, 12, 25, 2, 38], [0, 23]]


#################

init = 1156.726
res = 975.438
gap = -761.562

solution = [[0, 32, 20, 5, 21, 33, 41, 8, 10, 3], [0, 37, 34, 19, 30, 40, 11, 27, 26], [0, 23, 9, 15, 36, 39, 12, 25, 2, 38], [0, 28, 7, 22, 16, 4, 42], [0, 13, 17, 18, 43, 29], [0, 24, 6, 44, 1], [0, 31, 35, 14]]


#################

init = 1156.726
res = 975.438
gap = -761.562

solution = [[0, 29, 43, 18, 17, 13], [0, 32, 20, 5, 21, 33, 41, 8, 10, 3], [0, 38, 2, 25, 12, 39, 36, 15, 9, 23], [0, 28, 7, 22, 16, 4, 42], [0, 37, 34, 19, 30, 40, 11, 27, 26], [0, 14, 35, 31], [0, 1, 44, 6, 24]]


#################

init = 1156.726
res = 975.245
gap = -761.733

solution = [[0, 1, 44, 6, 24, 37], [0, 27, 34, 19, 30, 40, 11, 29, 26], [0, 15, 25, 2, 38, 31, 35, 14], [0, 9, 22, 16, 4, 42, 36, 39, 12], [0, 28], [0, 23, 3, 10, 8, 41, 33, 21, 5, 20], [0, 43, 18, 17, 13, 32, 7]]


#################

init = 1156.726
res = 972.196
gap = -764.434

solution = [[0, 26, 27, 11, 40, 30, 19, 34, 37], [0, 29, 43, 18, 17, 13], [0, 3, 10, 8, 41, 33, 21, 5, 20, 32], [0, 1, 44, 6, 24], [0, 14, 35, 31], [0, 38, 2, 25, 12, 39, 36, 15, 23], [0, 28, 7, 16, 4, 42, 22, 9]]


#################

init = 1103.297
res = 972.196
gap = -764.434

solution = [[0, 32, 20, 5, 21, 33, 41, 8, 10, 3], [0, 37, 34, 19, 30, 40, 11, 27, 26], [0, 29, 43, 18, 17, 13], [0, 14, 35, 31], [0, 1, 44, 6, 24], [0, 23, 15, 36, 39, 12, 25, 2, 38], [0, 28, 7, 16, 4, 42, 22, 9]]


#################

init = 1103.297
res = 972.196
gap = -764.434

solution = [[0, 32, 20, 5, 21, 33, 41, 8, 10, 3], [0, 37, 34, 19, 30, 40, 11, 27, 26], [0, 29, 43, 18, 17, 13], [0, 1, 44, 6, 24], [0, 28, 7, 16, 4, 42, 22, 9], [0, 38, 2, 25, 12, 39, 36, 15, 23], [0, 14, 35, 31]]


#################

init = 1103.297
res = 975.438
gap = -761.562

solution = [[0, 29, 43, 18, 17, 13], [0, 37, 34, 19, 30, 40, 11, 27, 26], [0, 3, 10, 8, 41, 33, 21, 5, 20, 32], [0, 23, 9, 15, 36, 39, 12, 25, 2, 38], [0, 28, 7, 22, 16, 4, 42], [0, 1, 44, 6, 24], [0, 14, 35, 31]]


#################

init = 1103.297
res = 972.196
gap = -764.434

solution = [[0, 32, 20, 5, 21, 33, 41, 8, 10, 3], [0, 29, 43, 18, 17, 13], [0, 37, 34, 19, 30, 40, 11, 27, 26], [0, 31, 35, 14], [0, 1, 44, 6, 24], [0, 23, 15, 36, 39, 12, 25, 2, 38], [0, 28, 7, 16, 4, 42, 22, 9]]
