Aretes fixées après apprentissage pour cette exécution
Fixed edges = [[0, 68, 80, 0], [0, 20, 66, 65, 71, 35, 0], [0, 54, 4, 55, 25, 39, 67, 23, 56, 75, 0], [0, 38, 86, 16, 61, 0], [0, 47, 36, 49, 64, 11, 19, 0], [0, 34, 78, 0], [0, 72, 74, 22, 41, 0], [0, 57, 15, 43, 0], [0, 14, 44, 0], [0, 5, 84, 17, 0], [0, 92, 59, 99, 96, 0], [0, 37, 98, 0], [0, 33, 81, 0], [0, 21, 73, 0], [0, 9, 51, 0], [0, 50, 76, 77, 3, 79, 0], [0, 40, 58, 0], [0, 32, 90, 63, 0], [0, 42, 87, 97, 0], [0, 30, 70, 0], [0, 24, 29, 0], [0, 91, 85, 93, 0], [0, 60, 83, 0], [0, 31, 88, 7, 0], [0, 8, 45, 0], [0, 27, 69, 0], [0, 12, 26, 0], [0, 94, 95, 0], [0, 48, 82, 0], [0, 1, 0], [0, 2, 0], [0, 6, 0], [0, 10, 0], [0, 13, 0], [0, 18, 0], [0, 28, 0], [0, 46, 0], [0, 52, 0], [0, 53, 0], [0, 62, 0], [0, 89, 0], [0, 100, 0]]
Time = 75.82940745353699


#################

init = 801.869
res = 698.072
gap = 2.302

solution = [[0, 13, 94, 95, 97, 92, 37, 98, 100, 91, 44, 14, 38, 86, 16, 61, 85, 93, 59, 99, 96, 6, 89], [0, 53, 40, 21, 73, 72, 4, 55, 25, 39, 67, 23, 56, 75, 74, 22, 41, 15, 43, 42, 87, 57, 2, 58], [0, 28, 26, 12, 68, 80, 54, 24, 29, 78, 34, 35, 71, 65, 66, 20, 51, 9, 81, 33, 79, 3, 77, 76, 50, 1, 69, 27], [0, 52, 18, 83, 60, 5, 84, 17, 45, 46, 8, 82, 7, 48, 47, 36, 49, 64, 19, 11, 63, 90, 32, 30, 70, 10, 62, 88, 31]]


#################

init = 807.083
res = 754.241
gap = 9.578

solution = [[0, 52, 7, 82, 48, 19, 11, 64, 49, 36, 47, 46, 8, 45, 17, 84, 5, 60, 83, 18, 89], [0, 13, 94, 95, 92, 97, 87, 42, 43, 14, 44, 38, 86, 16, 61, 85, 91, 100, 37, 98, 93, 59, 99, 96, 6], [0, 31, 88, 62, 10, 63, 90, 32, 20, 66, 65, 71, 35, 34, 78, 79, 33, 81, 9, 51, 30, 70], [0, 58, 2, 57, 15, 41, 22, 75, 74, 72, 73, 21, 40, 53], [0, 26, 4, 56, 23, 67, 39, 25, 55, 54, 24, 29, 3, 77, 68, 80, 12], [0, 27, 69, 1, 50, 76, 28]]


#################

init = 830.648
res = 723.255
gap = 5.704

solution = [[0, 6, 94, 96, 99, 93, 98, 37, 100, 91, 85, 61, 16, 86, 38, 44, 14, 42, 43, 15, 57, 2, 87, 97, 92, 59, 95], [0, 31, 88, 62, 10, 63, 90, 32, 20, 66, 65, 71, 35, 34, 78, 79, 33, 81, 9, 51, 30, 70, 1, 69, 27], [0, 89, 18, 83, 60, 5, 84, 17, 45, 8, 46, 47, 36, 49, 64, 11, 19, 48, 82, 7, 52], [0, 28, 12, 26, 53], [0, 13, 58, 40, 21, 73, 72, 74, 22, 41, 75, 56, 23, 67, 39, 25, 55, 4, 54, 24, 29, 80, 68, 3, 77, 76, 50]]


#################

init = 782.84
res = 729.439
gap = 6.504

solution = [[0, 31, 10, 62, 11, 19, 47, 36, 49, 64, 63, 90, 32, 30, 70, 1, 69, 27], [0, 52, 88, 7, 82, 48, 46, 8, 45, 17, 84, 5, 60, 83, 18, 89], [0, 50, 76, 77, 3, 79, 33, 81, 9, 51, 20, 66, 65, 71, 35, 34, 78, 29, 24, 68, 80, 12, 28], [0, 2, 57, 15, 43, 42, 87, 97, 92, 98, 37, 100, 91, 44, 14, 38, 86, 16, 61, 85, 93, 59, 99, 96, 95, 94, 6], [0, 13, 58, 40, 21, 73, 72, 74, 22, 41, 75, 56, 23, 67, 39, 25, 55, 4, 54, 26, 53]]


#################

init = 768.52
res = 698.321
gap = 2.337

solution = [[0, 13, 87, 42, 43, 15, 57, 2, 41, 22, 74, 75, 56, 23, 67, 39, 25, 55, 4, 72, 73, 21, 40, 58, 53], [0, 94, 95, 97, 92, 37, 98, 100, 91, 44, 14, 38, 86, 16, 61, 85, 93, 59, 99, 96, 6, 89], [0, 28, 26, 12, 68, 80, 54, 24, 29, 78, 34, 35, 71, 65, 66, 20, 51, 9, 81, 33, 79, 3, 77, 76, 50, 1, 27], [0, 69, 70, 30, 32, 90, 63, 64, 49, 36, 47, 19, 11, 62, 10, 31, 88, 7, 82, 48, 46, 8, 45, 17, 84, 5, 60, 83, 18, 52]]
Execution = 950.4602746963501
