Aretes fixées après apprentissage pour cette exécution
Fixed edges = [[0, 9, 35, 71, 65, 66, 20, 0], [0, 25, 55, 0], [0, 63, 90, 32, 0], [0, 21, 72, 74, 75, 22, 41, 0], [0, 39, 67, 23, 56, 0], [0, 43, 15, 57, 2, 0], [0, 33, 81, 0], [0, 38, 86, 0], [0, 85, 16, 61, 0], [0, 11, 64, 49, 36, 47, 0], [0, 42, 87, 97, 0], [0, 77, 68, 80, 24, 29, 0], [0, 37, 98, 0], [0, 17, 84, 5, 0], [0, 46, 8, 45, 83, 0], [0, 3, 79, 0], [0, 96, 99, 59, 0], [0, 40, 58, 0], [0, 50, 51, 0], [0, 30, 70, 0], [0, 14, 44, 0], [0, 1, 0], [0, 4, 0], [0, 6, 0], [0, 7, 0], [0, 10, 0], [0, 12, 0], [0, 13, 0], [0, 18, 0], [0, 19, 0], [0, 26, 0], [0, 27, 0], [0, 28, 0], [0, 31, 0], [0, 34, 0], [0, 48, 0], [0, 52, 0], [0, 53, 0], [0, 54, 0], [0, 60, 0], [0, 62, 0], [0, 69, 0], [0, 73, 0], [0, 76, 0], [0, 78, 0], [0, 82, 0], [0, 88, 0], [0, 89, 0], [0, 91, 0], [0, 92, 0], [0, 93, 0], [0, 94, 0], [0, 95, 0], [0, 100, 0]]


#################
lambda = 0.5
mu = 0.1
nu = 0.1

init = 1350.034
res = 1236.374
gap = 44.839

solution = [[0, 9, 35, 71, 65, 66, 20], [0, 19, 11, 64, 49, 36, 47], [0, 21, 73, 72, 74, 75, 22, 41], [0, 14, 44, 38, 86], [0, 96, 59, 99, 5, 84, 17, 45], [0, 27, 69, 1, 31, 88, 52, 89], [0, 18, 60, 83, 8, 46, 48, 82, 7], [0, 70, 30, 32, 90, 63, 62, 10], [0, 61, 16, 91, 85, 93], [0, 2, 57, 15, 43, 42, 87, 13], [0, 94, 95, 97, 92, 37, 100, 98, 6], [0, 39, 67, 23, 56], [0, 26, 4, 25, 55, 54, 12, 28], [0, 58, 40, 53], [0, 68, 80, 24, 29, 34, 78, 3, 77], [0, 50, 51, 81, 33, 79, 76]]


#################
lambda = 0.5
mu = 0.1
nu = 0.5

init = 1356.929
res = 1231.758
gap = 44.632

solution = [[0, 9, 35, 71, 65, 66, 20], [0, 59, 93, 98, 97, 95], [0, 56, 23, 67, 39, 25, 55], [0, 94, 85, 16, 61], [0, 3, 79, 78, 34, 81, 33, 1], [0, 92, 37, 100, 91, 44, 38, 86], [0, 2, 57, 15, 43, 14, 42, 87], [0, 50, 51, 30, 70, 31, 69, 27], [0, 52, 88, 62, 10, 63, 90, 32], [0, 41, 22, 75, 74, 72, 73, 21], [0, 13, 58, 40, 53], [0, 80, 24, 29, 68, 77, 76, 28], [0, 26, 4, 54, 12], [0, 19, 11, 64, 49, 36, 47], [0, 89, 60, 83, 8, 46, 48, 82, 7], [0, 6, 96, 99, 5, 84, 17, 45, 18]]


#################
lambda = 0.5
mu = 0.1
nu = 0.6000000000000001

init = 1357.418
res = 1214.149
gap = 43.829

solution = [[0, 56, 23, 67, 39, 25, 55], [0, 21, 72, 75, 41, 22, 74, 73], [0, 3, 79, 78, 34, 81, 33], [0, 47, 36, 49, 64, 11, 19], [0, 92, 37, 100, 98, 93, 85], [0, 13, 94, 95, 96, 6, 89], [0, 2, 57, 15, 43, 38, 14, 42, 87], [0, 97, 59, 99, 91, 61, 84, 5, 60], [0, 50, 51, 30, 32, 90, 63, 62], [0, 69, 20, 66, 65, 71, 35, 9], [0, 12, 80, 24, 29, 68, 77, 76], [0, 26, 54, 4, 40, 58, 53], [0, 27, 31, 10, 70, 1, 28], [0, 8, 46, 45, 17, 86, 16, 44], [0, 18, 83, 82, 48, 7, 88, 52]]


#################
lambda = 0.5
mu = 0.1
nu = 1.2000000000000002

init = 1386.413
res = 1242.117
gap = 45.094

solution = [[0, 19, 11, 64, 49, 36, 47], [0, 56, 23, 67, 39, 25, 55], [0, 62, 10, 63, 90, 32, 30, 70], [0, 18, 83, 8, 46, 48, 82, 7, 88], [0, 21, 72, 74, 75, 22, 41, 73], [0, 12, 80, 68, 24, 29, 77, 76], [0, 3, 79, 78, 34, 81, 33, 51], [0, 84, 45, 17, 61, 16, 85], [0, 100, 44, 38, 86, 91, 98], [0, 28, 50, 1, 69, 31, 52, 27], [0, 89, 6, 94, 95], [0, 96, 99, 93, 5, 60], [0, 58, 2, 57, 15, 43, 14, 42], [0, 59, 37, 92, 97, 87, 13], [0, 9, 35, 71, 65, 66, 20], [0, 53, 40, 4, 54, 26]]


#################
lambda = 0.5
mu = 0.1
nu = 1.3

init = 1377.253
res = 1252.755
gap = 45.56

solution = [[0, 19, 64, 49, 36, 47, 46, 8], [0, 88, 10, 62, 11, 63, 90, 32], [0, 17, 61, 16, 91, 85, 93], [0, 2, 57, 15, 43, 42, 100, 98, 99, 96, 6, 89], [0, 92, 37, 14, 44, 38, 86], [0, 54, 24, 29, 80, 68, 77, 76], [0, 28, 12, 26, 72, 22, 41], [0, 27], [0, 13, 95, 97, 87, 58], [0, 18, 83, 45, 82, 48, 7], [0, 94, 59, 5, 84, 60, 52], [0, 21, 23, 67, 39], [0, 4, 55, 25, 56, 75, 74, 73, 40, 53], [0, 78, 34, 35, 71, 65, 66, 20], [0, 69, 1, 9, 51, 30, 70, 31], [0, 3, 79, 81, 33, 50]]


#################
lambda = 0.5
mu = 0.1
nu = 1.9000000000000001

init = 1374.588
res = 1238.511
gap = 44.934

solution = [[0, 40, 58, 13, 59, 99, 96], [0, 61, 16, 85, 93], [0, 2, 57, 15, 43, 42, 100, 37, 92, 94], [0, 14, 38, 86, 44, 91, 98], [0, 53, 28], [0, 21, 73, 72, 74, 75, 22, 41], [0, 89, 6, 95, 97, 87], [0, 82, 48, 47, 19], [0, 88, 10, 63, 90, 32, 30, 70, 1], [0, 78, 34, 35, 71, 65, 66, 20], [0, 3, 79, 33, 81, 9, 51], [0, 27, 69, 31], [0, 56, 23, 67, 39, 25, 55], [0, 7, 62, 11, 64, 49, 36, 46, 8], [0, 60, 5, 84, 17, 45, 83, 18, 52], [0, 26, 4, 54, 24, 29, 50], [0, 12, 80, 68, 77, 76]]


#################
lambda = 0.5
mu = 0.2
nu = 0.30000000000000004

init = 1369.655
res = 1212.816
gap = 43.767

solution = [[0, 92, 37, 91, 44, 14, 38, 86], [0, 60, 61, 16, 85, 93], [0, 55, 25, 39, 67, 23, 56], [0, 87, 97, 95, 94, 89], [0, 70, 30, 32, 90, 63, 62, 10], [0, 47, 36, 49, 64, 11, 19], [0, 54, 24, 29, 80, 68, 77, 76], [0, 2, 57, 15, 43, 42, 100, 98, 59, 96], [0, 13, 41, 22, 75, 4, 28], [0, 58, 73, 74, 72, 21, 40, 53], [0, 6, 99, 5, 84, 17, 45, 46, 8, 83, 18], [0, 52, 82, 48, 7, 88, 27], [0, 3, 79, 33, 81, 9, 51], [0, 78, 34, 35, 71, 65, 66, 20, 69], [0, 31, 1, 50, 12, 26]]


#################
lambda = 0.5
mu = 0.2
nu = 0.7000000000000001

init = 1370.144
res = 1222.602
gap = 44.217

solution = [[0, 56, 23, 67, 39, 25, 55], [0, 60, 86, 38, 14, 44, 91, 92, 6], [0, 54, 24, 29, 80, 68, 77, 76], [0, 61, 16, 85, 93], [0, 3, 79, 33, 81, 9, 51], [0, 96, 99, 59, 95, 94], [0, 19, 64, 49, 36, 47, 46], [0, 13, 87, 57, 2, 58, 53], [0, 78, 34, 35, 71, 65, 66, 20], [0, 10, 32, 90, 63, 11, 62, 88], [0, 5, 84, 17, 45, 8, 83, 89], [0, 52, 7, 48, 82, 18], [0, 26, 12, 28], [0, 50, 1, 30, 70, 31, 69, 27], [0, 73, 22, 41, 15, 43, 42, 100, 98, 37, 97], [0, 4, 75, 74, 72, 21, 40]]


#################
lambda = 0.5
mu = 0.2
nu = 1.1

init = 1361.753
res = 1219.902
gap = 44.094

solution = [[0, 19, 11, 64, 49, 36, 47], [0, 56, 23, 67, 39, 25, 55], [0, 60, 83, 45, 8, 46, 48, 82, 7], [0, 99, 93, 85, 98, 100], [0, 17, 86, 38, 14, 44, 91, 37], [0, 18, 84, 16, 61, 5, 89], [0, 3, 79, 34, 81, 33, 50], [0, 78, 9, 35, 71, 65, 66, 20], [0, 13, 95, 97, 92, 59, 96, 6], [0, 41, 22, 75, 74, 72, 73, 21], [0, 28], [0, 52, 88, 62, 10, 63, 90, 32], [0, 27, 69, 1, 51, 30, 70, 31], [0, 2, 57, 15, 43, 42, 87, 94], [0, 26, 54, 4, 40, 58, 53], [0, 76, 77, 68, 29, 24, 80, 12]]


#################
lambda = 0.5
mu = 0.2
nu = 1.3

init = 1385.501
res = 1242.117
gap = 45.094

solution = [[0, 19, 11, 64, 49, 36, 47], [0, 56, 23, 67, 39, 25, 55], [0, 62, 10, 63, 90, 32, 30, 70], [0, 18, 83, 8, 46, 48, 82, 7, 88], [0, 21, 72, 74, 75, 22, 41, 73], [0, 12, 80, 68, 24, 29, 77, 76], [0, 3, 79, 78, 34, 81, 33, 51], [0, 84, 45, 17, 61, 16, 85], [0, 100, 44, 38, 86, 91, 98], [0, 28, 50, 1, 69, 31, 52, 27], [0, 89, 6, 94, 95], [0, 96, 99, 93, 5, 60], [0, 58, 2, 57, 15, 43, 14, 42], [0, 59, 37, 92, 97, 87, 13], [0, 9, 35, 71, 65, 66, 20], [0, 53, 40, 4, 54, 26]]


#################
lambda = 0.5
mu = 0.30000000000000004
nu = 0.1

init = 1358.218
res = 1227.739
gap = 44.451

solution = [[0, 19, 11, 64, 49, 36, 47], [0, 56, 23, 67, 39, 25, 55], [0, 60, 83, 45, 8, 46, 48, 82, 7], [0, 92, 37, 44, 14, 38, 86], [0, 96, 59, 93, 17, 84, 18, 89], [0, 27, 69, 1, 70, 32, 90, 63, 31], [0, 50, 51, 30, 10, 62, 88, 52], [0, 85, 91, 16, 61, 5], [0, 94, 95, 97, 100, 98, 99, 6], [0, 12, 80, 24, 29, 68, 77, 76], [0, 20, 66, 65, 71, 35, 9], [0, 3, 79, 78, 34, 81, 33], [0, 28], [0, 21, 72, 4, 54, 26], [0, 53, 58, 2, 87, 13], [0, 57, 42, 43, 15, 41, 22, 75, 74, 73, 40]]


#################
lambda = 0.5
mu = 0.30000000000000004
nu = 1.4000000000000001

init = 1379.006
res = 1208.198
gap = 43.552

solution = [[0, 19, 11, 64, 49, 36, 47], [0, 50, 1, 30, 32, 90, 63, 10], [0, 92, 37, 44, 14, 38, 86], [0, 85, 91, 16, 61, 84, 17, 45], [0, 76, 77, 29, 24, 80, 68, 28], [0, 89, 18, 83, 8, 46, 48, 82], [0, 6, 96, 95, 59, 99, 5, 60], [0, 51, 9, 81, 33, 79, 3], [0, 26, 73, 72, 74, 75, 22, 41], [0, 93, 98, 100, 42, 43, 15, 57, 2, 53], [0, 94, 97, 87, 13], [0, 56, 23, 67, 39, 25, 55], [0, 58, 40, 21, 4, 54, 12], [0, 27, 69, 31, 88, 62, 7, 52], [0, 78, 34, 35, 71, 65, 66, 20, 70]]


#################
lambda = 0.5
mu = 0.30000000000000004
nu = 1.5

init = 1351.8
res = 1228.263
gap = 44.474

solution = [[0, 28, 50, 1, 69, 31, 88, 52], [0, 19, 11, 64, 49, 36, 47], [0, 56, 23, 67, 39, 25, 55], [0, 18, 83, 8, 46, 48, 82, 7], [0, 60, 86, 38, 14, 44, 91, 92, 6], [0, 21, 73, 72, 74, 75, 22, 41], [0, 54, 24, 29, 80, 68, 77, 76], [0, 96, 59, 99, 5, 84, 17, 45], [0, 61, 16, 85, 94], [0, 26, 12, 4, 40, 58, 53], [0, 57, 15, 43, 42, 100, 37, 98, 93, 89], [0, 2, 87, 97, 95, 13], [0, 62, 10, 63, 90, 32, 30, 70], [0, 27], [0, 3, 79, 33, 81, 9, 51], [0, 20, 66, 65, 71, 35, 34, 78]]


#################
lambda = 0.5
mu = 0.4
nu = 0.1

init = 1344.79
res = 1229.281
gap = 44.52

solution = [[0, 94, 85, 16, 61], [0, 17, 86, 38, 14, 44, 91, 37], [0, 95, 97, 87, 13, 58], [0, 21, 73, 72, 74, 75, 22, 41], [0, 56, 23, 67, 39, 25, 55], [0, 50, 1, 30, 70, 31, 69, 27], [0, 18, 8, 45, 46, 48, 82, 7], [0, 40, 2, 57, 15, 43, 42, 100, 98, 93, 92], [0, 6, 96, 59, 99, 5, 84, 83, 60], [0, 80, 29, 24, 54, 4, 26, 53], [0, 89], [0, 28, 76, 77, 68, 12], [0, 47, 36, 49, 19, 62], [0, 52, 88, 10, 11, 64, 63, 90, 32], [0, 3, 79, 33, 81, 9, 51], [0, 78, 34, 35, 71, 65, 66, 20]]


#################
lambda = 0.5
mu = 0.4
nu = 0.6000000000000001

init = 1341.426
res = 1227.344
gap = 44.433

solution = [[0, 37, 100, 91, 85, 16, 61], [0, 19, 11, 64, 49, 36, 47], [0, 56, 23, 67, 39, 25, 55], [0, 62, 10, 63, 90, 32, 30, 70], [0, 92, 14, 44, 38, 86, 99], [0, 3, 79, 33, 81, 9, 51], [0, 21, 73, 72, 74, 75, 22, 41], [0, 57, 15, 43, 42, 98, 93, 59, 96], [0, 6, 94, 13], [0, 95, 97, 87, 2, 58], [0, 18, 8, 46, 48, 82, 7, 88, 52], [0, 5, 84, 17, 45, 83, 60, 89], [0, 20, 66, 65, 71, 35, 34, 78], [0, 27, 31, 69, 1, 50], [0, 12, 80, 24, 29, 68, 77, 76], [0, 28, 26, 54, 4, 40, 53]]


#################
lambda = 0.5
mu = 0.4
nu = 1.4000000000000001

init = 1351.55
res = 1217.675
gap = 43.992

solution = [[0, 47, 36, 49, 64, 11, 19], [0, 56, 23, 67, 39, 25, 55], [0, 61, 16, 85, 94], [0, 17, 86, 38, 14, 44, 91, 37], [0, 53, 73, 72, 74, 75, 22, 41], [0, 99, 93, 5, 84, 83, 60, 89], [0, 62, 10, 63, 90, 32, 30, 70], [0, 26, 54, 4, 21, 40, 58], [0, 18, 8, 45, 46, 48, 82, 7], [0, 3, 79, 33, 81, 9, 51], [0, 78, 34, 35, 71, 65, 66, 20], [0, 13, 57, 15, 43, 42, 100, 98, 92, 95], [0, 2, 87, 97, 59, 96, 6], [0, 12, 80, 24, 29, 68, 77, 76], [0, 28], [0, 27, 50, 1, 69, 31, 88, 52]]


#################
lambda = 0.5
mu = 0.4
nu = 1.5

init = 1337.844
res = 1214.051
gap = 43.824

solution = [[0, 19, 11, 64, 49, 36, 47], [0, 56, 23, 67, 39, 25, 55], [0, 61, 16, 85, 94], [0, 3, 79, 33, 81, 9, 51], [0, 84, 17, 86, 38, 14, 44, 91], [0, 83, 45, 8, 46, 48, 82, 7], [0, 40, 73, 72, 74, 75, 22, 41], [0, 6, 96, 99, 93, 5, 60, 18, 52], [0, 13, 92, 37, 100, 98, 59], [0, 95, 97, 87, 42, 43, 15, 57, 2], [0, 70, 30, 32, 90, 63, 10, 62], [0, 12, 80, 24, 29, 68, 77, 76], [0, 26, 54, 4, 21, 58, 53], [0, 78, 34, 35, 71, 65, 66, 20], [0, 28], [0, 27, 50, 1, 69, 31, 88, 89]]


#################
lambda = 0.5
mu = 0.5
nu = 0.1

init = 1341.806
res = 1217.056
gap = 43.963

solution = [[0, 78, 34, 35, 71, 65, 66, 20], [0, 39, 67, 23, 56, 73], [0, 62, 10, 63, 90, 32, 30, 70], [0, 13, 94, 96, 92, 59, 99], [0, 83, 45, 8, 46, 36, 48, 82, 7], [0, 84, 17, 86, 38, 14, 44, 91], [0, 19, 11, 64, 49, 47], [0, 85, 61, 16, 100, 98], [0, 41, 22, 75, 74, 72, 21, 53], [0, 6, 95, 37, 93, 5, 60, 18], [0, 58, 40, 2, 57, 15, 43, 42, 87, 97], [0, 27, 69, 1, 31, 88, 52, 89], [0, 26, 4, 25, 55, 54, 12, 28], [0, 50, 3, 29, 24, 80, 68, 76], [0, 77, 79, 33, 81, 9, 51]]


#################
lambda = 0.5
mu = 0.6000000000000001
nu = 1.3

init = 1344.579
res = 1228.574
gap = 44.488

solution = [[0, 94, 59, 93, 99, 96, 6], [0, 19, 11, 64, 49, 36, 47], [0, 56, 23, 67, 39, 25, 55], [0, 60, 84, 86, 38, 14, 44], [0, 3, 79, 78, 34, 81, 33, 51], [0, 50, 76, 77, 68, 80, 29, 24], [0, 20, 66, 65, 71, 35, 9], [0, 95, 92, 37, 100, 87, 13], [0, 69, 1, 70, 30, 32, 90, 63, 10], [0, 5, 17, 45, 46, 48, 62], [0, 61, 16, 91, 85, 98, 97], [0, 52, 18, 83, 8, 82, 7, 88, 31], [0, 21, 74, 75, 22, 41, 15, 43, 42, 57, 2], [0, 54, 4, 72, 73, 40, 58], [0, 89, 27, 28, 12, 26, 53]]


#################
lambda = 0.5
mu = 0.6000000000000001
nu = 1.4000000000000001

init = 1338.398
res = 1258.935
gap = 45.827

solution = [[0, 89], [0, 56, 23, 67, 39, 25, 55], [0, 83, 45, 8, 46, 48, 82, 7], [0, 6, 96, 99, 100, 91, 84, 5, 60, 18, 52], [0, 59, 93, 98, 43, 15, 57, 2], [0, 95, 92, 37, 97, 87, 13], [0, 42, 14, 44, 38, 86, 17], [0, 94, 85, 61, 16], [0, 27], [0, 19, 11, 64, 49, 36, 47], [0, 51, 9, 35, 71, 65, 66, 69], [0, 3, 79, 78, 34, 81, 33], [0, 31, 70, 30, 1, 50, 28], [0, 20, 32, 90, 63, 10, 62, 88], [0, 26, 80, 24, 29, 68, 77, 76], [0, 12, 54, 4, 21, 40, 58], [0, 53, 73, 72, 74, 75, 22, 41]]


#################
lambda = 0.5
mu = 0.6000000000000001
nu = 1.6

init = 1340.997
res = 1254.341
gap = 45.629

solution = [[0, 9, 35, 71, 65, 66, 20, 69], [0, 19, 11, 64, 49, 36, 47], [0, 56, 23, 67, 39, 25, 55], [0, 53, 21, 72, 74, 75, 22, 41], [0, 3, 79, 78, 34, 81, 33, 1], [0, 50, 51, 30, 70, 10, 31], [0, 32, 90, 63, 62, 88, 7, 82, 18], [0, 89, 83, 8, 48, 46, 45, 17, 84], [0, 61, 16, 91, 85, 95], [0, 6, 96, 92, 37, 98, 93, 99, 5, 60], [0, 42, 14, 38, 86, 44], [0, 94, 97, 87, 2, 58, 40], [0, 52, 59, 100, 43, 15, 57, 13], [0, 73, 4, 54, 24, 29, 80, 12, 26], [0, 27, 76, 77, 68, 28]]


#################
lambda = 0.5
mu = 0.6000000000000001
nu = 1.8

init = 1349.219
res = 1219.907
gap = 44.094

solution = [[0, 56, 23, 67, 39, 25, 55], [0, 14, 38, 86, 44], [0, 21, 73, 72, 74, 75, 22, 41], [0, 99, 85, 91, 16, 61, 6], [0, 96, 59, 93, 98, 100, 37, 92], [0, 53, 40, 2, 57, 15, 43, 42, 87], [0, 58, 13, 97, 95, 94], [0, 70, 30, 32, 90, 63, 10, 62], [0, 5, 84, 17, 45, 46, 8, 83, 60, 89], [0, 78, 34, 35, 71, 65, 66, 20], [0, 26, 4, 54, 24, 29, 80, 12], [0, 18, 82, 48, 7, 88, 52], [0, 19, 11, 64, 49, 36, 47], [0, 50, 77, 68, 76, 28], [0, 31, 1, 69, 27], [0, 3, 79, 33, 81, 9, 51]]


#################
lambda = 0.5
mu = 0.7000000000000001
nu = 0.1

init = 1329.691
res = 1219.011
gap = 44.053

solution = [[0, 9, 35, 71, 65, 66, 20], [0, 56, 23, 67, 39, 25, 55], [0, 84, 17, 86, 38, 44, 14], [0, 62, 10, 63, 90, 32, 30, 70], [0, 94, 85, 16, 61], [0, 13, 97, 87, 42, 43, 15, 57, 2], [0, 95, 92, 37, 100, 91, 98, 59, 96, 6], [0, 21, 73, 72, 74, 75, 22, 41], [0, 99, 93, 5, 60, 18, 89], [0, 53, 58, 40, 26, 28], [0, 4, 54, 24, 29, 34, 78, 51, 1, 69], [0, 50, 33, 81, 79, 3, 77], [0, 12, 80, 68, 76], [0, 83, 45, 8, 46, 48, 82, 7], [0, 47, 36, 49, 64, 11, 19], [0, 27, 31, 88, 52]]


#################
lambda = 0.5
mu = 0.7000000000000001
nu = 1.1

init = 1326.663
res = 1221.519
gap = 44.168

solution = [[0, 19, 11, 64, 49, 36, 47], [0, 92, 91, 44, 14, 38, 86], [0, 94, 85, 16, 61], [0, 42, 43, 15, 41, 22, 75, 74, 73, 58], [0, 13, 95, 100, 87, 57, 2], [0, 62, 63, 90, 32, 10, 31], [0, 97, 59, 37, 98, 93, 99, 96], [0, 6, 5, 84, 17, 45, 46, 8, 83, 60, 89], [0, 18, 82, 48, 7, 88, 52], [0, 27], [0, 56, 23, 67, 39, 25, 55], [0, 50, 78, 34, 35, 71, 65, 66], [0, 1, 33, 79, 3, 77, 76, 28], [0, 81, 9, 51, 20, 30, 70, 69], [0, 53, 40, 21, 72, 4, 54], [0, 68, 29, 24, 80, 12, 26]]


#################
lambda = 0.5
mu = 0.7000000000000001
nu = 1.2000000000000002

init = 1334.109
res = 1227.962
gap = 44.461

solution = [[0, 19, 11, 64, 49, 36, 47], [0, 56, 23, 67, 39, 25, 55], [0, 92, 37, 91, 44, 14, 38, 86], [0, 3, 79, 78, 34, 81, 33, 51], [0, 21, 73, 72, 74, 75, 22, 41], [0, 94, 85, 16, 61], [0, 58, 40, 53], [0, 60, 84, 17, 45, 8, 46, 48, 82, 7], [0, 89, 18, 83, 5, 93], [0, 26, 4, 54, 12, 28], [0, 68, 80, 24, 29, 77, 76, 50], [0, 20, 66, 65, 71, 35, 9], [0, 2, 57, 15, 43, 42, 100, 98, 97, 13], [0, 6, 96, 99, 59, 95, 87], [0, 52, 88, 62, 63, 90, 32, 30, 69], [0, 1, 70, 10, 31, 27]]


#################
lambda = 0.5
mu = 0.7000000000000001
nu = 1.7000000000000002

init = 1333.951
res = 1203.426
gap = 43.328

solution = [[0, 19, 11, 64, 49, 36, 47], [0, 56, 23, 67, 39, 25, 55], [0, 83, 45, 8, 46, 48, 82, 7], [0, 13, 87, 97, 95, 89], [0, 3, 79, 33, 81, 9, 51], [0, 40, 73, 72, 74, 75, 22, 41], [0, 84, 17, 86, 38, 44, 14], [0, 52, 18, 60, 5, 93, 94], [0, 96, 99, 85, 91, 16, 61, 6], [0, 2, 57, 15, 43, 42, 100, 37, 98, 59, 92], [0, 78, 34, 35, 71, 65, 66, 20], [0, 62, 10, 63, 90, 32, 30, 70], [0, 28, 50, 1, 69, 31, 88, 27], [0, 12, 54, 4, 21, 58, 53], [0, 26, 80, 24, 29, 68, 77, 76]]


#################
lambda = 0.5
mu = 0.8
nu = 1.6

init = 1333.174
res = 1220.725
gap = 44.132

solution = [[0, 19, 11, 64, 49, 36, 47], [0, 56, 23, 67, 39, 25, 55], [0, 21, 73, 72, 74, 75, 22, 41], [0, 18, 83, 5, 93, 99, 96, 6], [0, 60, 84, 17, 45, 8, 46, 48, 82, 7], [0, 14, 38, 44, 85], [0, 98, 100, 91, 61, 16, 86], [0, 13, 97, 95, 94, 89], [0, 59, 92, 37, 42, 43, 15, 57, 2, 87], [0, 12, 80, 24, 29, 68, 77, 76], [0, 70, 30, 32, 90, 63, 10, 62], [0, 78, 34, 35, 71, 65, 66, 20], [0, 3, 79, 33, 81, 9, 51], [0, 52, 88, 31, 69, 1, 50, 27], [0, 26, 54, 4, 40, 58, 53], [0, 28]]


#################
lambda = 0.5
mu = 0.8
nu = 1.7000000000000002

init = 1355.644
res = 1227.224
gap = 44.427

solution = [[0, 19, 11, 64, 49, 36, 47], [0, 56, 23, 67, 39, 25, 55], [0, 21, 73, 72, 74, 75, 22, 41], [0, 80, 68, 77, 76, 50, 1, 69], [0, 84, 17, 61, 86, 38, 14, 42], [0, 92, 98, 91, 44, 16, 85], [0, 3, 79, 33, 81, 9, 51], [0, 78, 34, 35, 71, 65, 66, 20], [0, 28, 12, 29, 24, 54, 4], [0, 62, 10, 63, 90, 32, 30, 70], [0, 2, 57, 15, 43, 100, 37, 93, 99, 96, 6], [0, 18, 83, 60, 5, 59, 95], [0, 26, 40, 58, 53], [0, 94, 97, 87, 13], [0, 27, 31, 88, 52], [0, 7, 82, 48, 46, 45, 8, 89]]


#################
lambda = 0.5
mu = 0.8
nu = 1.8

init = 1342.333
res = 1215.018
gap = 43.869

solution = [[0, 19, 11, 64, 49, 36, 47], [0, 56, 23, 67, 39, 25, 55], [0, 6, 86, 38, 14, 44, 37], [0, 60, 83, 45, 8, 46, 48, 82, 7], [0, 3, 79, 78, 34, 81, 33, 51], [0, 84, 17, 61, 16, 85, 91, 100], [0, 28, 50, 1, 31, 88, 52, 27], [0, 21, 73, 72, 74, 75, 22, 41], [0, 2, 57, 15, 43, 42, 87, 92, 5, 18], [0, 9, 35, 71, 65, 66, 20, 69], [0, 70, 30, 32, 90, 63, 10, 62], [0, 12, 80, 24, 29, 68, 77, 76], [0, 26, 54, 4, 40, 58, 53], [0, 59, 98, 93, 99, 96, 89], [0, 13, 97, 95, 94]]


#################
lambda = 0.5
mu = 0.9
nu = 1.0

init = 1325.728
res = 1222.338
gap = 44.205

solution = [[0, 14, 38, 86, 44, 98], [0, 56, 23, 67, 39, 25, 55], [0, 3, 79, 34, 81, 33, 50], [0, 87, 97, 37, 42, 43, 15, 57, 2, 58], [0, 21, 73, 72, 74, 75, 22, 41], [0, 6, 96, 99, 93, 5, 60, 18, 52], [0, 94, 59, 92, 95, 13], [0, 85, 100, 91, 16, 61, 17, 84], [0, 51, 9, 71, 66, 65, 35, 78], [0, 10, 63, 90, 32, 20, 30, 70, 1], [0, 19, 11, 64, 49, 47], [0, 83, 45, 8, 46, 36, 48, 82, 7], [0, 89, 88, 62, 31, 69, 27], [0, 53, 40, 4, 54, 26, 28], [0, 12, 80, 24, 29, 68, 77, 76]]


#################
lambda = 0.5
mu = 0.9
nu = 1.4000000000000001

init = 1339.339
res = 1231.775
gap = 44.633

solution = [[0, 9, 35, 71, 65, 66, 20, 70], [0, 19, 11, 64, 49, 36, 47], [0, 56, 23, 67, 39, 25, 55], [0, 62, 63, 90, 32, 10, 31], [0, 3, 79, 78, 34, 81, 33, 51], [0, 95, 85, 91, 16, 61, 6], [0, 52, 88, 30, 50, 1, 69, 27, 28], [0, 60, 84, 17, 45, 8, 46, 48, 82, 7], [0, 12, 80, 24, 29, 68, 77, 76], [0, 18, 83, 5, 93, 100, 37], [0, 98, 44, 14, 38, 86], [0, 96, 99, 59, 92, 87, 13], [0, 2, 57, 15, 43, 42, 97, 94, 89], [0, 40, 73, 72, 74, 75, 22, 41], [0, 26, 54, 4, 21, 58, 53]]


#################
lambda = 0.5
mu = 1.0
nu = 0.1

init = 1334.551
res = 1235.633
gap = 44.806

solution = [[0, 60, 86, 38, 14, 44], [0, 56, 23, 67, 39, 25, 55], [0, 62, 10, 63, 90, 32, 30, 70], [0, 21, 73, 72, 74, 75, 22, 41], [0, 17, 61, 16, 91, 85, 93], [0, 3, 79, 33, 81, 9, 51], [0, 11, 64, 49, 36, 47, 46, 8], [0, 88, 19, 48, 82, 7, 52], [0, 18, 83, 45, 84, 5, 89], [0, 53, 58, 13, 94], [0, 20, 66, 65, 71, 35, 34, 78], [0, 27, 31, 69, 1, 50], [0, 2, 57, 15, 43, 42, 100, 37, 87], [0, 95, 97, 92, 98, 59, 99, 96, 6], [0, 26, 12, 68, 77, 76], [0, 40, 4, 54, 24, 29, 80, 28]]


#################
lambda = 0.5
mu = 1.0
nu = 0.4

init = 1325.969
res = 1206.237
gap = 43.461

solution = [[0, 56, 23, 67, 39, 25, 55], [0, 3, 79, 78, 34, 81, 33, 1], [0, 94, 96, 99, 5, 60, 83, 18], [0, 37, 100, 91, 85, 16, 61], [0, 84, 17, 86, 38, 44, 14, 92], [0, 7, 82, 48, 46, 45, 8, 89], [0, 6, 93, 59, 95, 13], [0, 19, 11, 64, 49, 36, 47], [0, 98, 97, 87, 42, 43, 15, 57, 2, 58], [0, 52, 88, 62, 10, 31, 27], [0, 69, 70, 90, 63, 32, 30, 51, 50], [0, 9, 35, 71, 65, 66, 20], [0, 21, 73, 72, 74, 75, 22, 41], [0, 28, 26, 54, 4, 40, 53], [0, 12, 80, 24, 29, 68, 77, 76]]


#################
lambda = 0.5
mu = 1.0
nu = 1.7000000000000002

init = 1342.492
res = 1227.144
gap = 44.424

solution = [[0, 19, 11, 64, 49, 36, 47], [0, 56, 23, 67, 39, 25, 55], [0, 62, 63, 90, 32, 10, 31], [0, 21, 73, 72, 74, 75, 22, 41], [0, 61, 16, 85, 95], [0, 69, 1, 50, 9, 51, 30, 70, 88, 52], [0, 96, 93, 5, 83, 18, 89], [0, 78, 34, 35, 71, 65, 66, 20], [0, 4, 54, 80, 68, 24, 29], [0, 76, 77, 3, 79, 81, 33], [0, 53, 58, 40, 26, 12, 28], [0, 60, 84, 17, 45, 8, 46, 48, 82, 7], [0, 27], [0, 6, 94, 59, 97, 13], [0, 99, 98, 100, 42, 43, 15, 57, 2, 87], [0, 91, 86, 38, 44, 14, 37, 92]]
Aretes fixées après apprentissage pour cette exécution
Fixed edges = [[0, 9, 35, 71, 65, 66, 20, 0], [0, 32, 10, 63, 90, 32, 30, 70, 0], [0, 55, 25, 39, 67, 23, 56, 0], [0, 21, 72, 74, 75, 22, 41, 73, 74, 22, 0], [0, 38, 44, 14, 38, 86, 91, 44, 86, 0], [0, 61, 6, 93, 85, 16, 61, 93, 0], [0, 95, 97, 87, 42, 43, 15, 57, 2, 0], [0, 19, 47, 36, 49, 64, 11, 0], [0, 51, 50, 76, 77, 68, 80, 24, 29, 34, 78, 81, 33, 0], [0, 96, 99, 59, 0], [0, 82, 48, 46, 8, 45, 17, 84, 5, 60, 83, 45, 0], [0, 3, 79, 29, 0], [0, 85, 92, 37, 98, 0], [0, 12, 54, 4, 26, 0], [0, 4, 40, 58, 53, 0], [0, 10, 62, 88, 31, 0], [0, 34, 81, 0], [0, 78, 79, 0], [0, 15, 42, 0], [0, 14, 43, 0], [0, 41, 75, 0], [0, 13, 58, 0], [0, 1, 0], [0, 7, 0], [0, 18, 0], [0, 27, 0], [0, 28, 0], [0, 52, 0], [0, 69, 0], [0, 89, 0], [0, 94, 0], [0, 100, 0]]
Aretes fixées après apprentissage pour cette exécution
Fixed edges = [[0, 9, 35, 71, 65, 66, 20, 0], [0, 56, 23, 67, 39, 25, 55, 0], [0, 21, 72, 74, 22, 41, 75, 22, 0], [0, 91, 86, 38, 44, 14, 43, 15, 57, 2, 0], [0, 93, 85, 16, 61, 0], [0, 63, 90, 32, 0], [0, 11, 64, 49, 36, 47, 19, 0], [0, 33, 81, 78, 79, 3, 0], [0, 15, 42, 87, 97, 95, 0], [0, 77, 68, 80, 24, 29, 34, 0], [0, 82, 48, 46, 8, 45, 83, 60, 0], [0, 17, 84, 5, 0], [0, 37, 98, 0], [0, 40, 58, 53, 0], [0, 96, 99, 59, 0], [0, 30, 70, 0], [0, 12, 54, 4, 26, 0], [0, 62, 88, 0], [0, 76, 50, 51, 0], [0, 74, 75, 0], [0, 41, 73, 0], [0, 42, 43, 0], [0, 1, 0], [0, 6, 0], [0, 7, 0], [0, 10, 0], [0, 13, 0], [0, 18, 0], [0, 27, 0], [0, 28, 0], [0, 31, 0], [0, 52, 0], [0, 69, 0], [0, 89, 0], [0, 92, 0], [0, 94, 0], [0, 100, 0]]
Aretes fixées après apprentissage pour cette exécution
Fixed edges = [[0, 9, 35, 71, 65, 66, 20, 0], [0, 55, 25, 39, 67, 23, 56, 0], [0, 38, 44, 14, 38, 86, 0], [0, 21, 72, 74, 75, 22, 41, 0], [0, 93, 85, 16, 61, 0], [0, 63, 90, 32, 30, 70, 0], [0, 97, 87, 42, 15, 57, 2, 0], [0, 33, 81, 0], [0, 47, 36, 49, 64, 11, 0], [0, 77, 68, 80, 24, 29, 34, 78, 0], [0, 17, 84, 5, 0], [0, 3, 79, 0], [0, 60, 83, 45, 8, 46, 0], [0, 59, 99, 96, 0], [0, 37, 98, 0], [0, 50, 51, 0], [0, 48, 82, 0], [0, 40, 58, 0], [0, 62, 88, 0], [0, 15, 43, 42, 0], [0, 12, 54, 0], [0, 1, 0], [0, 4, 0], [0, 6, 0], [0, 7, 0], [0, 10, 0], [0, 13, 0], [0, 18, 0], [0, 19, 0], [0, 26, 0], [0, 27, 0], [0, 28, 0], [0, 31, 0], [0, 52, 0], [0, 53, 0], [0, 69, 0], [0, 73, 0], [0, 76, 0], [0, 89, 0], [0, 91, 0], [0, 92, 0], [0, 94, 0], [0, 95, 0], [0, 100, 0]]
Aretes fixées après apprentissage pour cette exécution
Fixed edges = [[0, 9, 35, 71, 65, 66, 20, 0], [0, 25, 55, 0], [0, 75, 22, 41, 0], [0, 39, 67, 23, 56, 0], [0, 47, 36, 49, 64, 11, 0], [0, 33, 81, 0], [0, 15, 57, 2, 0], [0, 85, 16, 61, 0], [0, 38, 86, 0], [0, 63, 90, 32, 30, 0], [0, 77, 68, 80, 24, 29, 0], [0, 3, 79, 0], [0, 42, 87, 97, 0], [0, 21, 72, 74, 0], [0, 46, 8, 45, 83, 0], [0, 40, 58, 0], [0, 17, 84, 5, 0], [0, 12, 54, 0], [0, 96, 99, 0], [0, 14, 44, 0], [0, 37, 98, 0], [0, 48, 82, 0], [0, 1, 0], [0, 4, 0], [0, 6, 0], [0, 7, 0], [0, 10, 0], [0, 13, 0], [0, 18, 0], [0, 19, 0], [0, 26, 0], [0, 27, 0], [0, 28, 0], [0, 31, 0], [0, 34, 0], [0, 43, 0], [0, 50, 0], [0, 51, 0], [0, 52, 0], [0, 53, 0], [0, 59, 0], [0, 60, 0], [0, 62, 0], [0, 69, 0], [0, 70, 0], [0, 73, 0], [0, 76, 0], [0, 78, 0], [0, 88, 0], [0, 89, 0], [0, 91, 0], [0, 92, 0], [0, 93, 0], [0, 94, 0], [0, 95, 0], [0, 100, 0]]


#################
lambda = 0.5
mu = 0.1
nu = 0.1

init = 1342.79
res = 1254.139
gap = 45.62

solution = [[0, 19, 11, 64, 49, 36, 47], [0, 62, 10, 63, 90, 32, 30, 70], [0, 27], [0, 53, 58, 13, 94, 89], [0, 59, 37, 100, 91, 16, 61, 84, 17], [0, 6, 96, 99, 85, 98, 92, 95], [0, 55, 25, 39, 67, 23, 41], [0, 40, 21, 73, 74, 22, 75, 56, 4], [0, 26, 12, 80, 68, 76], [0, 18, 8, 46, 45, 83, 60, 5, 93], [0, 52], [0, 31, 88, 7, 82, 48], [0, 54, 24, 29, 79, 33, 50, 28], [0, 69, 1, 51, 81, 34, 78, 3, 77], [0, 9, 35, 71, 65, 66, 20], [0, 42, 14, 44, 38, 86], [0, 97, 87, 43, 15, 57, 2, 72]]
Aretes fixées après apprentissage pour cette exécution
Fixed edges = [[0, 9, 35, 71, 65, 66, 20, 0], [0, 25, 55, 0], [0, 75, 22, 41, 0], [0, 39, 67, 23, 56, 0], [0, 15, 57, 2, 0], [0, 33, 81, 0], [0, 38, 86, 0], [0, 85, 16, 61, 0], [0, 47, 36, 49, 64, 11, 0], [0, 63, 90, 32, 0], [0, 77, 68, 80, 0], [0, 42, 87, 97, 0], [0, 21, 72, 74, 0], [0, 17, 84, 5, 0], [0, 3, 79, 0], [0, 83, 45, 8, 46, 0], [0, 14, 44, 0], [0, 59, 99, 96, 0], [0, 40, 58, 0], [0, 1, 0], [0, 4, 0], [0, 6, 0], [0, 7, 0], [0, 10, 0], [0, 12, 0], [0, 13, 0], [0, 18, 0], [0, 19, 0], [0, 24, 0], [0, 26, 0], [0, 27, 0], [0, 28, 0], [0, 29, 0], [0, 30, 0], [0, 31, 0], [0, 34, 0], [0, 37, 0], [0, 43, 0], [0, 48, 0], [0, 50, 0], [0, 51, 0], [0, 52, 0], [0, 53, 0], [0, 54, 0], [0, 60, 0], [0, 62, 0], [0, 69, 0], [0, 70, 0], [0, 73, 0], [0, 76, 0], [0, 78, 0], [0, 82, 0], [0, 88, 0], [0, 89, 0], [0, 91, 0], [0, 92, 0], [0, 93, 0], [0, 94, 0], [0, 95, 0], [0, 98, 0], [0, 100, 0]]
Aretes fixées après apprentissage pour cette exécution
Fixed edges = [[0, 68, 80, 24, 29, 0], [0, 48, 47, 36, 49, 64, 11, 19, 0], [0, 54, 4, 55, 25, 39, 67, 23, 56, 75, 41, 22, 74, 72, 0], [0, 96, 99, 59, 92, 37, 98, 0], [0, 20, 66, 65, 71, 35, 34, 78, 79, 3, 77, 76, 50, 0], [0, 14, 44, 38, 86, 16, 61, 0], [0, 21, 73, 0], [0, 32, 90, 63, 0], [0, 17, 84, 5, 0], [0, 57, 15, 43, 0], [0, 79, 33, 81, 9, 51, 0], [0, 40, 58, 0], [0, 94, 95, 97, 87, 0], [0, 30, 70, 0], [0, 18, 52, 0], [0, 85, 91, 0], [0, 60, 83, 45, 8, 0], [0, 31, 88, 7, 82, 0], [0, 62, 88, 0], [0, 12, 26, 0], [0, 1, 0], [0, 2, 0], [0, 6, 0], [0, 10, 0], [0, 13, 0], [0, 27, 0], [0, 28, 0], [0, 42, 0], [0, 46, 0], [0, 53, 0], [0, 69, 0], [0, 89, 0], [0, 93, 0], [0, 100, 0]]
Aretes fixées après apprentissage pour cette exécution
Fixed edges = [[0, 47, 36, 49, 64, 11, 19, 0], [0, 20, 66, 65, 71, 35, 34, 78, 0], [0, 72, 74, 22, 41, 75, 56, 23, 67, 39, 25, 55, 0], [0, 57, 15, 43, 0], [0, 96, 99, 59, 92, 37, 98, 0], [0, 30, 70, 0], [0, 53, 58, 40, 21, 73, 0], [0, 38, 86, 16, 61, 0], [0, 17, 84, 5, 60, 83, 45, 8, 46, 0], [0, 68, 80, 24, 29, 0], [0, 63, 90, 32, 0], [0, 14, 44, 0], [0, 50, 76, 77, 3, 79, 33, 81, 9, 51, 0], [0, 94, 95, 97, 87, 0], [0, 91, 85, 93, 0], [0, 48, 82, 7, 88, 31, 0], [0, 27, 69, 0], [0, 10, 62, 0], [0, 12, 26, 0], [0, 1, 0], [0, 2, 0], [0, 4, 0], [0, 6, 0], [0, 13, 0], [0, 18, 0], [0, 28, 0], [0, 42, 0], [0, 52, 0], [0, 54, 0], [0, 89, 0], [0, 100, 0]]
