Aretes fixées après apprentissage pour cette exécution
Fixed edges = [[0, 78, 34, 35, 71, 65, 66, 20, 0], [0, 55, 25, 39, 67, 23, 56, 75, 41, 22, 74, 72, 0], [0, 37, 98, 0], [0, 36, 49, 64, 63, 90, 32, 0], [0, 1, 69, 0], [0, 68, 80, 0], [0, 38, 86, 16, 61, 0], [0, 21, 73, 0], [0, 57, 15, 43, 0], [0, 14, 44, 0], [0, 17, 84, 5, 0], [0, 40, 58, 53, 0], [0, 33, 81, 0], [0, 30, 70, 0], [0, 24, 29, 0], [0, 79, 3, 77, 76, 50, 0], [0, 85, 91, 0], [0, 9, 51, 0], [0, 87, 97, 95, 94, 0], [0, 48, 82, 8, 45, 0], [0, 11, 19, 0], [0, 10, 62, 0], [0, 96, 99, 59, 92, 0], [0, 60, 83, 0], [0, 31, 88, 7, 0], [0, 18, 52, 0], [0, 2, 0], [0, 4, 0], [0, 6, 0], [0, 12, 0], [0, 13, 0], [0, 26, 0], [0, 27, 0], [0, 28, 0], [0, 42, 0], [0, 46, 0], [0, 47, 0], [0, 54, 0], [0, 89, 0], [0, 93, 0], [0, 100, 0]]
Time = 77.69534683227539


#################

init = 719.841
res = 699.844
gap = 2.55

solution = [[0, 6, 96, 99, 93, 59, 92, 37, 98, 100, 91, 85, 61, 16, 86, 38, 44, 14, 42, 43, 15, 57, 2, 87, 97, 95, 94], [0, 13, 58, 40, 21, 73, 72, 74, 22, 41, 75, 56, 23, 67, 39, 25, 55, 4, 54, 26, 53], [0, 28, 12, 80, 68, 24, 29, 79, 3, 77, 76, 50, 33, 51, 9, 81, 78, 34, 35, 71, 65, 66, 20, 30, 70, 1, 69, 27], [0, 52, 7, 82, 48, 19, 11, 62, 88, 31, 10, 32, 90, 63, 64, 49, 36, 47, 46, 8, 45, 17, 84, 5, 60, 83, 18, 89]]


#################

init = 791.024
res = 705.283
gap = 3.301

solution = [[0, 28, 26, 12, 54, 24, 29, 78, 34, 35, 71, 65, 66, 20, 32, 90, 63, 11, 19, 64, 49, 36, 47, 48, 82, 7, 52], [0, 31, 88, 62, 10, 70, 30, 51, 9, 81, 33, 79, 3, 77, 68, 80, 76, 50, 1, 69, 27], [0, 6, 96, 99, 59, 92, 93, 85, 98, 37, 100, 91, 44, 14, 38, 86, 16, 61, 5, 84, 17, 45, 46, 8, 83, 60, 18, 89], [0, 13, 94, 95, 97, 87, 42, 43, 15, 57, 2, 41, 22, 74, 75, 56, 23, 67, 39, 25, 55, 4, 72, 73, 21, 40, 58, 53]]


#################

init = 795.653
res = 726.988
gap = 6.188

solution = [[0, 89, 18, 60, 83, 8, 46, 45, 17, 84, 5, 61, 16, 86, 38, 14, 44, 91, 85, 100, 37, 98, 92, 59, 93, 99, 96, 6, 53], [0, 12, 26, 21, 73, 72, 74, 75, 56, 39, 67, 23, 22, 41, 15, 43, 42, 57, 2, 87, 97, 95, 94, 13, 58, 40], [0, 69, 1, 70, 30, 20, 66, 65, 71, 35, 9, 51, 81, 33, 79, 78, 34, 29, 24, 55, 25, 4, 54, 80, 68, 3, 77, 76, 50, 28], [0, 52, 7, 82, 48, 47, 36, 49, 64, 19, 11, 63, 90, 32, 10, 62, 88, 31, 27]]


#################

init = 764.554
res = 698.637
gap = 2.381

solution = [[0, 53, 58, 40, 21, 73, 72, 4, 55, 25, 39, 67, 23, 56, 75, 74, 22, 41, 57, 2, 13], [0, 94, 95, 97, 87, 42, 15, 43, 14, 44, 38, 86, 16, 61, 91, 85, 93, 98, 100, 37, 92, 59, 99, 96, 6, 89], [0, 28, 26, 12, 68, 80, 54, 24, 29, 78, 34, 35, 71, 65, 66, 20, 51, 9, 81, 33, 79, 3, 77, 76, 50, 1, 69, 27], [0, 52, 18, 83, 60, 5, 84, 17, 45, 8, 46, 47, 36, 49, 64, 11, 19, 48, 82, 7, 88, 62, 10, 63, 90, 32, 30, 70, 31]]


#################

init = 714.741
res = 694.874
gap = 1.853

solution = [[0, 94, 95, 97, 87, 2, 57, 15, 43, 42, 100, 91, 44, 14, 38, 86, 16, 61, 85, 93, 98, 37, 92, 59, 99, 96, 6], [0, 89, 18, 83, 60, 5, 84, 17, 45, 8, 46, 47, 36, 49, 64, 63, 90, 32, 10, 62, 11, 19, 48, 82, 7, 88, 31, 52], [0, 28, 76, 77, 3, 79, 78, 34, 35, 71, 65, 66, 20, 30, 70, 51, 9, 81, 33, 50, 1, 69, 27], [0, 53, 26, 12, 80, 68, 29, 24, 54, 4, 55, 25, 39, 67, 23, 56, 75, 41, 22, 74, 72, 73, 21, 40, 58, 13]]


#################

init = 713.527
res = 706.836
gap = 3.514

solution = [[0, 6, 94, 95, 97, 87, 2, 57, 15, 43, 42, 14, 44, 38, 86, 16, 91, 85, 93, 98, 100, 37, 92, 59, 99, 96, 89], [0, 31, 88, 62, 10, 70, 30, 32, 90, 63, 11, 19, 64, 49, 36, 47, 48, 7, 82, 8, 46, 45, 17, 84, 61, 5, 60, 83, 18, 52], [0, 28, 12, 80, 68, 24, 29, 78, 34, 35, 71, 65, 66, 20, 51, 9, 81, 33, 79, 3, 77, 76, 50, 1, 69, 27], [0, 53, 26, 54, 4, 55, 25, 39, 67, 23, 56, 75, 41, 22, 74, 72, 73, 21, 40, 58, 13]]


#################

init = 741.101
res = 709.043
gap = 3.814

solution = [[0, 89, 6, 96, 99, 59, 93, 85, 91, 100, 37, 98, 92, 97, 87, 2, 57, 15, 43, 42, 14, 44, 38, 86, 16, 61, 60, 83, 18, 52], [0, 53, 58, 40, 21, 73, 72, 74, 22, 41, 75, 56, 23, 67, 39, 25, 55, 4, 54, 26], [0, 27, 69, 1, 50, 76, 77, 3, 79, 33, 81, 9, 51, 70, 30, 20, 66, 65, 71, 35, 34, 78, 29, 24, 68, 80, 12, 28], [0, 13, 94, 95, 5, 84, 17, 45, 46, 8, 82, 7, 48, 19, 47, 36, 49, 64, 11, 63, 90, 32, 10, 62, 88, 31]]


#################

init = 760.661
res = 699.375
gap = 2.484

solution = [[0, 89, 6, 96, 99, 59, 92, 37, 98, 100, 91, 85, 93, 61, 16, 86, 38, 44, 14, 42, 43, 15, 57, 2, 87, 97, 95, 53], [0, 26, 12, 80, 68, 29, 24, 54, 4, 55, 25, 39, 67, 23, 56, 75, 41, 22, 74, 72, 73, 21, 40, 58, 13, 94], [0, 28, 76, 77, 3, 79, 78, 34, 35, 71, 65, 66, 20, 51, 9, 81, 33, 50, 1, 69, 27], [0, 31, 70, 30, 32, 90, 63, 10, 62, 88, 7, 82, 48, 19, 11, 64, 49, 36, 47, 46, 8, 45, 17, 84, 5, 60, 83, 18, 52]]


#################

init = 733.695
res = 694.51
gap = 1.801

solution = [[0, 94, 95, 97, 92, 37, 98, 100, 91, 44, 14, 38, 86, 16, 61, 85, 93, 59, 99, 96, 6, 89], [0, 13, 87, 42, 43, 15, 57, 2, 41, 22, 74, 75, 56, 23, 67, 39, 25, 55, 4, 72, 73, 21, 40, 58, 53], [0, 27, 69, 1, 50, 76, 77, 3, 79, 33, 81, 9, 51, 20, 66, 65, 71, 35, 34, 78, 29, 24, 54, 80, 68, 12, 26, 28], [0, 31, 70, 30, 32, 90, 63, 10, 62, 88, 7, 82, 48, 19, 11, 64, 49, 36, 47, 46, 8, 45, 17, 84, 5, 60, 83, 18, 52]]


#################

init = 741.256
res = 711.284
gap = 4.117

solution = [[0, 52, 88, 31, 70, 30, 10, 62, 7, 82, 48, 19, 11, 64, 49, 36, 47, 46, 8, 45, 17, 84, 5, 60, 83, 18, 89, 94], [0, 27, 69, 1, 50, 76, 77, 3, 79, 33, 81, 9, 51, 20, 90, 63, 32, 66, 65, 71, 35, 34, 78, 29, 24, 68, 80, 12, 28], [0, 26, 54, 4, 55, 25, 39, 67, 23, 56, 75, 41, 22, 74, 72, 73, 21, 40, 58, 53], [0, 6, 96, 99, 93, 59, 92, 98, 37, 100, 91, 85, 61, 16, 86, 38, 44, 14, 42, 43, 15, 57, 2, 87, 97, 95, 13]]
Execution = 1532.8316428661346
