Aretes fixées après apprentissage pour cette exécution
Fixed edges = [[0, 96, 99, 59, 92, 37, 98, 0], [0, 75, 56, 23, 67, 39, 25, 55, 0], [0, 72, 74, 22, 41, 0], [0, 36, 49, 64, 11, 19, 0], [0, 20, 66, 65, 71, 35, 34, 78, 0], [0, 21, 73, 0], [0, 14, 44, 38, 86, 16, 61, 0], [0, 57, 15, 43, 42, 0], [0, 17, 84, 5, 60, 83, 0], [0, 68, 80, 0], [0, 8, 45, 0], [0, 1, 69, 0], [0, 40, 58, 53, 0], [0, 85, 91, 0], [0, 50, 76, 77, 3, 79, 33, 81, 9, 51, 0], [0, 30, 70, 0], [0, 87, 97, 95, 0], [0, 63, 90, 32, 0], [0, 48, 82, 7, 88, 62, 0], [0, 24, 29, 0], [0, 31, 88, 0], [0, 2, 0], [0, 4, 0], [0, 6, 0], [0, 10, 0], [0, 12, 0], [0, 13, 0], [0, 18, 0], [0, 26, 0], [0, 27, 0], [0, 28, 0], [0, 46, 0], [0, 47, 0], [0, 52, 0], [0, 54, 0], [0, 89, 0], [0, 93, 0], [0, 94, 0], [0, 100, 0]]
Time = 77.54622006416321


#################

init = 754.224
res = 708.141
gap = 3.692

solution = [[0, 94, 95, 97, 87, 2, 57, 15, 43, 42, 14, 44, 38, 86, 16, 61, 85, 91, 100, 37, 98, 92, 59, 93, 99, 96, 6], [0, 52, 7, 88, 88, 62, 19, 11, 64, 49, 36, 47, 48, 82, 8, 46, 45, 17, 84, 5, 60, 83, 18, 89], [0, 28, 26, 12, 80, 68, 3, 79, 78, 34, 81, 33, 51, 9, 35, 71, 65, 66, 20, 30, 32, 90, 63, 10, 70, 31], [0, 53, 13, 58, 40, 21, 73, 72, 74, 22, 41, 75, 56, 23, 67, 39, 25, 55, 4, 54, 24, 29, 77, 76, 50, 1, 69, 27]]


#################

init = 725.952
res = 700.15
gap = 2.592

solution = [[0, 13, 95, 97, 87, 2, 57, 42, 43, 15, 41, 22, 74, 75, 56, 23, 67, 39, 25, 55, 4, 72, 73, 21, 40, 58, 53], [0, 6, 94, 96, 99, 59, 92, 93, 85, 98, 37, 100, 91, 44, 14, 38, 86, 16, 61, 17, 84, 5, 60, 89], [0, 26, 12, 54, 24, 29, 80, 68, 77, 3, 79, 78, 34, 35, 71, 65, 66, 20, 51, 9, 81, 33, 50, 76, 28], [0, 27, 69, 1, 70, 30, 32, 90, 63, 10, 62, 31, 88, 88, 7, 82, 48, 19, 11, 64, 49, 36, 47, 46, 8, 45, 83, 18, 52]]


#################

init = 787.673
res = 725.123
gap = 5.947

solution = [[0, 52, 7, 82, 48, 19, 11, 64, 49, 36, 47, 46, 8, 45, 17, 84, 5, 60, 83, 18, 89], [0, 28, 76, 50, 33, 81, 9, 51, 32, 90, 63, 10, 62, 88, 88, 31], [0, 26, 12, 54, 24, 29, 80, 68, 77, 3, 79, 78, 34, 35, 71, 65, 66, 20, 30, 70, 1, 69, 27], [0, 13, 87, 2, 57, 42, 43, 15, 41, 22, 74, 75, 56, 23, 67, 39, 25, 55, 4, 72, 73, 21, 40, 58, 53], [0, 6, 96, 99, 59, 93, 85, 61, 16, 86, 38, 14, 44, 91, 100, 98, 37, 92, 97, 95, 94]]


#################

init = 746.749
res = 722.801
gap = 5.645

solution = [[0, 6, 94, 95, 96, 99, 59, 93, 85, 61, 16, 86, 38, 14, 44, 91, 100, 37, 98, 92, 97, 87, 13], [0, 53, 40, 21, 73, 72, 4, 55, 25, 39, 67, 23, 56, 75, 74, 22, 41, 15, 43, 42, 57, 2, 58], [0, 28, 50, 76, 77, 3, 68, 80, 29, 24, 54, 12, 26], [0, 31, 88, 88, 62, 10, 63, 90, 32, 20, 66, 65, 71, 35, 34, 78, 79, 33, 81, 9, 51, 30, 70, 1, 69, 27], [0, 52, 7, 82, 48, 19, 11, 64, 49, 36, 47, 46, 8, 45, 17, 84, 5, 60, 83, 18, 89]]


#################

init = 762.825
res = 724.653
gap = 5.886

solution = [[0, 53, 58, 40, 21, 73, 72, 4, 55, 25, 39, 67, 23, 56, 75, 74, 22, 41, 57, 2, 13], [0, 27, 69, 1, 70, 30, 51, 9, 81, 33, 79, 78, 34, 35, 71, 65, 66, 20, 32, 90, 63, 10, 62, 88, 88, 31], [0, 26, 12, 54, 24, 29, 80, 68, 3, 77, 76, 50, 28], [0, 52, 7, 82, 48, 19, 11, 64, 49, 36, 47, 46, 8, 45, 17, 84, 5, 60, 83, 18, 89], [0, 94, 95, 59, 92, 97, 87, 42, 15, 43, 14, 44, 38, 86, 16, 61, 85, 91, 100, 37, 98, 93, 99, 96, 6]]
Execution = 705.5366823673248

