Aretes fixées après apprentissage pour cette exécution
Fixed edges = [[0, 164, 239, 235, 224, 23, 146, 165, 113, 129, 81, 133, 21, 0], [0, 27, 78, 154, 77, 60, 237, 192, 95, 245, 63, 238, 70, 0], [0, 30, 88, 0], [0, 56, 256, 123, 20, 203, 8, 14, 152, 227, 140, 0], [0, 87, 228, 206, 191, 216, 149, 0], [0, 190, 244, 111, 117, 236, 0], [0, 144, 189, 29, 0], [0, 48, 100, 0], [0, 243, 248, 17, 0], [0, 255, 246, 168, 241, 1, 0], [0, 134, 135, 0], [0, 125, 170, 234, 38, 47, 249, 199, 97, 258, 0], [0, 61, 201, 0], [0, 10, 22, 35, 153, 0], [0, 200, 24, 184, 136, 147, 121, 0], [0, 25, 194, 0], [0, 221, 19, 207, 0], [0, 58, 13, 198, 204, 0], [0, 9, 145, 0], [0, 159, 242, 0], [0, 172, 130, 210, 86, 188, 110, 39, 0], [0, 75, 253, 46, 137, 107, 118, 156, 202, 0], [0, 59, 247, 0], [0, 182, 252, 208, 52, 108, 0], [0, 214, 82, 180, 41, 131, 0], [0, 197, 16, 231, 143, 141, 0], [0, 15, 62, 0], [0, 163, 12, 105, 0], [0, 5, 73, 0], [0, 176, 218, 196, 0], [0, 101, 122, 128, 0], [0, 98, 259, 0], [0, 83, 127, 223, 169, 183, 18, 138, 0], [0, 55, 186, 0], [0, 84, 54, 114, 71, 0], [0, 33, 115, 0], [0, 31, 34, 103, 185, 0], [0, 233, 219, 11, 92, 0], [0, 51, 64, 116, 171, 102, 42, 212, 254, 251, 0], [0, 109, 124, 211, 0], [0, 32, 162, 69, 120, 0], [0, 2, 106, 0], [0, 167, 205, 0], [0, 57, 119, 151, 36, 0], [0, 7, 142, 0], [0, 3, 66, 90, 0], [0, 85, 213, 0], [0, 65, 89, 225, 0], [0, 104, 209, 187, 240, 26, 0], [0, 45, 150, 173, 0], [0, 230, 99, 220, 195, 0], [0, 28, 50, 0], [0, 4, 112, 0], [0, 132, 179, 0], [0, 74, 96, 0], [0, 94, 175, 0], [0, 6, 0], [0, 37, 0], [0, 40, 0], [0, 43, 0], [0, 44, 0], [0, 49, 0], [0, 53, 0], [0, 67, 0], [0, 68, 0], [0, 72, 0], [0, 76, 0], [0, 79, 0], [0, 80, 0], [0, 91, 0], [0, 93, 0], [0, 126, 0], [0, 139, 0], [0, 148, 0], [0, 155, 0], [0, 157, 0], [0, 158, 0], [0, 160, 0], [0, 161, 0], [0, 166, 0], [0, 174, 0], [0, 177, 0], [0, 178, 0], [0, 181, 0], [0, 193, 0], [0, 215, 0], [0, 217, 0], [0, 222, 0], [0, 226, 0], [0, 229, 0], [0, 232, 0], [0, 250, 0], [0, 257, 0], [0, 260, 0]]
Time = 54.712138414382935


#################

init = 34897.994
res = 28794.479
gap = 97.986

solution = [[0, 5, 73, 222, 115, 33, 125, 170, 234, 38, 47, 249, 199, 97, 258, 208, 252, 182, 52, 108, 175], [0, 72, 76, 217, 250, 104, 209, 187, 26, 240, 59, 247, 161, 155, 257, 186, 55, 40, 145, 9, 195, 132, 179], [0, 80, 4, 112, 43, 105, 12, 163, 194, 25, 27, 78, 154, 77, 60, 237, 192, 95, 245, 63, 238, 70, 138, 18], [0, 236, 117, 111, 244, 190, 205, 167, 17, 248, 243, 183, 169, 223, 127, 83, 61, 201, 193, 6], [0, 28, 50, 66, 90, 57, 119, 151, 36, 31, 34, 103, 185, 3, 68, 158, 94, 93], [0, 211, 124, 109, 160, 106, 2, 255, 246, 168, 241, 1, 69, 120, 162, 32, 49, 232, 174], [0, 177, 79, 135, 134, 75, 156, 202, 118, 107, 137, 46, 253, 159, 242, 91], [0, 259, 98, 220, 99, 230, 101, 122, 128, 58, 198, 157, 184, 136, 147, 121, 74, 96, 181], [0, 24, 200, 88, 30, 126, 21, 133, 81, 129, 113, 165, 146, 23, 224, 235, 204, 239, 164, 13], [0, 229, 15, 62, 141, 143, 16, 231, 7, 142, 44, 166, 53, 251, 254, 212, 42, 102, 171, 116, 51, 64, 260], [0, 197, 226, 214, 37, 100, 48, 207, 19, 221, 173, 45, 150, 131, 41, 180, 82, 39, 178, 139], [0, 215, 149, 216, 191, 92, 11, 219, 233, 10, 22, 35, 153, 144, 189, 29, 87, 228, 206, 114, 54, 196], [0, 148, 67, 213, 85, 110, 188, 86, 210, 130, 225, 56, 256, 123, 20, 203, 8, 14, 152, 227, 140, 65, 89, 172, 71, 84, 218, 176]]


#################

init = 34897.994
res = 28774.729
gap = 97.984

solution = [[0, 5, 73, 222, 115, 33, 125, 170, 234, 38, 47, 249, 199, 97, 258, 208, 252, 182, 52, 108, 175], [0, 72, 76, 217, 250, 104, 209, 187, 26, 240, 59, 247, 161, 155, 257, 186, 55, 40, 145, 9, 132, 179], [0, 70, 238, 63, 245, 95, 192, 237, 60, 77, 154, 78, 27, 25, 194, 163, 12, 105, 43, 112, 4, 80], [0, 18, 138, 236, 117, 111, 244, 190, 205, 167, 17, 248, 243, 183, 169, 223, 127, 83, 61, 201, 193, 6], [0, 28, 50, 66, 90, 57, 119, 151, 36, 31, 34, 103, 185, 3, 68, 158, 94, 93], [0, 120, 124, 109, 160, 106, 2, 255, 246, 168, 241, 1, 69, 162, 32, 49, 232, 174], [0, 215, 149, 216, 191, 92, 11, 219, 233, 10, 22, 35, 153, 144, 189, 29, 87, 228, 206, 71, 114, 54, 84], [0, 176, 218, 196, 85, 210, 130, 172, 89, 65, 140, 227, 152, 14, 8, 203, 20, 123, 256, 56, 225, 86, 188, 110, 39, 213, 67], [0, 135, 134, 75, 156, 202, 118, 107, 137, 46, 253, 159, 242, 91], [0, 13, 198, 204, 164, 239, 235, 224, 23, 146, 165, 113, 129, 81, 133, 21, 126, 30, 88, 200], [0, 259, 98, 195, 220, 99, 230, 101, 122, 128, 58, 157, 24, 184, 136, 147, 121, 74, 96, 181, 211], [0, 197, 226, 214, 37, 100, 48, 207, 19, 221, 173, 45, 150, 131, 41, 180, 82, 178, 148, 139, 79, 177], [0, 229, 15, 62, 141, 143, 16, 231, 7, 142, 44, 166, 53, 251, 254, 212, 42, 102, 171, 116, 51, 64, 260]]


#################

init = 34897.994
res = 28770.51
gap = 97.984

solution = [[0, 5, 73, 222, 115, 33, 125, 170, 234, 38, 47, 249, 199, 97, 258, 208, 252, 182, 52, 108, 257], [0, 9, 145, 72, 76, 217, 250, 104, 209, 187, 26, 240, 59, 247, 161, 155, 186, 55, 230, 132, 179], [0, 80, 4, 112, 43, 105, 12, 163, 194, 25, 27, 78, 154, 77, 60, 237, 192, 95, 245, 63, 238, 70, 138, 18], [0, 236, 117, 111, 244, 190, 205, 167, 17, 248, 243, 183, 169, 223, 127, 83, 61, 201, 193, 6], [0, 28, 50, 66, 90, 57, 119, 151, 36, 31, 34, 103, 185, 3, 68, 158, 175, 94, 93], [0, 211, 124, 109, 160, 181, 96, 2, 106, 255, 168, 241, 1, 69, 120, 162, 32, 49, 232, 174], [0, 215, 149, 216, 191, 92, 11, 219, 233, 10, 22, 35, 153, 144, 189, 29, 87, 228, 206, 71, 114, 54, 84], [0, 176, 218, 196, 85, 210, 130, 172, 89, 65, 225, 140, 227, 152, 14, 8, 203, 20, 123, 256, 56, 86, 188, 110, 39, 213, 67], [0, 135, 134, 75, 156, 202, 118, 107, 137, 46, 253, 159, 242, 91], [0, 197, 226, 214, 37, 100, 48, 207, 19, 221, 173, 45, 150, 131, 41, 180, 82, 178, 148, 139, 79, 177], [0, 229, 15, 62, 141, 143, 16, 231, 7, 142, 44, 166, 53, 251, 254, 212, 42, 102, 171, 116, 51, 64, 260], [0, 157, 200, 21, 133, 81, 129, 113, 165, 146, 23, 224, 235, 239, 164, 204, 198, 13, 58, 40, 259], [0, 246, 98, 195, 220, 99, 101, 122, 128, 126, 30, 88, 24, 184, 136, 147, 121, 74]]


#################

init = 34897.994
res = 28883.677
gap = 97.992

solution = [[0, 5, 73, 222, 115, 33, 125, 170, 234, 38, 47, 249, 199, 97, 258, 208, 252, 182, 52, 108], [0, 72, 76, 217, 250, 104, 209, 187, 26, 240, 59, 247, 161, 155, 257, 186, 55, 40, 145, 9, 132, 179], [0, 70, 238, 63, 245, 95, 192, 237, 60, 77, 154, 78, 27, 25, 194, 163, 12, 105, 43, 112, 4, 80], [0, 28, 50, 66, 90, 57, 119, 151, 36, 31, 34, 103, 185, 3, 68, 158, 175, 94, 93], [0, 211, 124, 109, 160, 106, 2, 255, 246, 168, 241, 1, 69, 120, 162, 32, 49, 232, 174], [0, 149, 216, 191, 92, 11, 219, 233, 10, 22, 35, 153, 144, 189, 29, 87, 228, 206, 71, 114, 54, 84], [0, 177, 91, 79, 135, 134, 75, 156, 202, 215, 118, 107, 137, 46, 253, 159, 242], [0, 197, 226, 214, 37, 100, 48, 207, 19, 221, 173, 45, 150, 131, 41, 180, 82, 178, 148, 139], [0, 229, 15, 62, 141, 143, 16, 231, 7, 142, 44, 166, 53, 251, 254, 212, 42, 102, 171, 116, 51, 64, 260], [0, 176, 218, 196, 85, 210, 130, 172, 89, 65, 140, 227, 152, 14, 8, 203, 20, 123, 256, 56, 225, 86, 188, 110, 39, 213, 67], [0, 18, 138, 236, 117, 111, 244, 190, 205, 167, 17, 248, 243, 183, 169, 223, 127, 83, 61, 201, 193, 6], [0, 58, 13, 164, 239, 204, 235, 224, 23, 146, 165, 113, 129, 81, 133, 21, 30, 88, 157, 121, 96], [0, 259, 98, 195, 220, 99, 230, 101, 122, 128, 198, 126, 200, 24, 184, 136, 147, 74, 181]]


#################

init = 34897.994
res = 28813.059
gap = 97.987

solution = [[0, 5, 73, 222, 115, 33, 125, 170, 234, 38, 47, 249, 199, 97, 258, 208, 252, 182, 52, 108, 175], [0, 72, 76, 217, 250, 26, 104, 209, 187, 240, 59, 247, 161, 155, 257, 186, 55, 40, 145, 9, 195, 132, 179], [0, 70, 238, 63, 245, 95, 192, 237, 60, 77, 154, 78, 27, 25, 194, 163, 12, 105, 43, 112, 4, 80], [0, 18, 138, 236, 117, 111, 244, 190, 205, 167, 17, 248, 243, 183, 169, 223, 127, 83, 61, 201, 193, 6], [0, 28, 50, 66, 90, 57, 119, 151, 36, 31, 34, 103, 185, 3, 68, 158, 94, 93], [0, 215, 149, 216, 191, 92, 11, 219, 233, 10, 22, 35, 153, 144, 189, 29, 87, 228, 206, 71, 114, 54, 84, 91], [0, 176, 218, 196, 85, 210, 130, 172, 89, 65, 140, 227, 152, 14, 8, 203, 20, 123, 256, 56, 225, 86, 188, 110, 39, 213, 67], [0, 177, 79, 135, 134, 75, 156, 202, 118, 107, 137, 46, 253, 159, 242], [0, 174, 197, 226, 214, 37, 100, 48, 207, 19, 221, 173, 45, 150, 131, 41, 180, 82, 178, 148, 139], [0, 229, 15, 62, 141, 143, 16, 231, 7, 142, 44, 166, 53, 251, 254, 212, 42, 102, 171, 116, 51, 64, 260], [0, 232, 49, 32, 162, 69, 120, 211, 124, 109, 160, 181, 106, 98, 259, 246, 168, 241, 1], [0, 74, 147, 200, 21, 133, 81, 129, 113, 165, 146, 23, 224, 235, 239, 164, 204, 126, 157, 2], [0, 96, 121, 136, 184, 24, 88, 30, 198, 13, 58, 128, 122, 101, 230, 99, 220, 255]]


#################

init = 37743.587
res = 28903.581
gap = 97.993

solution = [[0, 241, 168, 44, 166, 53, 226, 197, 178, 214, 37, 217, 51, 64, 116, 171, 42, 212, 254, 251, 260], [0, 100, 48, 19, 207, 112, 43, 57, 119, 151, 36, 34, 103, 185, 31, 90, 66, 158, 102], [0, 177, 79, 135, 134, 62, 141, 143, 231, 16, 142, 1, 160, 109, 69, 120, 162, 32, 7, 49, 232], [0, 242, 159, 174, 15, 46, 137, 107, 215, 202, 118, 156, 75, 253, 229, 91], [0, 176, 218, 196, 54, 114, 149, 216, 191, 206, 172, 130, 210, 86, 188, 110, 39, 85, 213, 67, 148, 139], [0, 84, 71, 228, 87, 29, 144, 189, 65, 89, 140, 227, 8, 123, 20, 203, 201, 61, 14, 152, 153, 35, 22, 10, 233, 219, 11, 92], [0, 225, 56, 256, 193, 223, 127, 83, 17, 169, 183, 248, 243, 167, 205, 244, 111, 117, 236, 4], [0, 157, 88, 21, 133, 81, 129, 113, 165, 146, 23, 224, 235, 239, 164, 204, 198, 13, 58, 128], [0, 18, 138, 190, 70, 238, 63, 245, 95, 192, 237, 60, 77, 154, 78, 27, 25, 194, 163, 12, 105, 3, 258, 68, 240], [0, 72, 76, 250, 26, 104, 209, 187, 28, 50, 80, 221, 173, 150, 45, 6, 82, 180, 41, 131], [0, 211, 124, 181, 106, 2, 96, 74, 121, 147, 136, 184, 24, 200, 30, 126, 122, 101, 230, 255], [0, 222, 115, 182, 252, 208, 52, 108, 97, 199, 249, 47, 38, 234, 170, 125, 33, 73, 5, 186, 40], [0, 259, 98, 9, 145, 257, 161, 93, 247, 59, 175, 94, 155, 55, 99, 220, 195, 132, 179, 246]]


#################

init = 37743.587
res = 28923.777
gap = 97.995

solution = [[0, 175, 158, 68, 258, 97, 199, 249, 47, 38, 170, 125, 234, 252, 208, 108, 52, 182, 33, 73, 115, 222], [0, 157, 21, 133, 81, 129, 113, 165, 146, 23, 224, 235, 239, 164, 204, 126, 58, 198, 13, 5], [0, 132, 195, 220, 99, 55, 186, 155, 94, 247, 59, 93, 161, 257, 9, 145, 40, 98, 259], [0, 255, 246, 179, 230, 101, 122, 128, 30, 88, 200, 24, 184, 136, 147, 121, 74, 96, 2, 106, 181, 211], [0, 242, 159, 232, 49, 174, 15, 62, 137, 107, 215, 202, 118, 156, 75, 134, 135], [0, 253, 46, 141, 231, 142, 1, 160, 109, 124, 69, 120, 162, 32, 7, 229, 91, 177], [0, 143, 16, 197, 53, 226, 178, 214, 51, 64, 116, 171, 102, 42, 254, 212, 166, 44, 168, 241], [0, 260, 251, 72, 76, 217, 250, 104, 26, 240, 187, 209, 221, 173, 45, 150, 131, 37, 82, 180, 41], [0, 100, 48, 19, 207, 4, 43, 57, 119, 151, 36, 34, 103, 185, 31, 66, 90, 112, 28], [0, 6, 193, 201, 61, 83, 127, 223, 169, 183, 248, 17, 70, 167, 205, 190, 244, 111, 117, 236], [0, 50, 80, 138, 18, 243, 238, 63, 245, 95, 192, 237, 60, 77, 154, 78, 27, 25, 194, 163, 12, 105, 3], [0, 84, 71, 228, 87, 219, 233, 144, 189, 29, 65, 89, 225, 140, 227, 56, 256, 123, 20, 203, 8, 14, 152, 153, 35, 22, 10, 11, 92, 149], [0, 176, 218, 196, 54, 114, 216, 191, 206, 172, 130, 210, 86, 188, 110, 39, 85, 213, 67, 148, 139, 79]]


#################

init = 37743.587
res = 28557.565
gap = 97.969

solution = [[0, 6, 193, 201, 61, 83, 127, 223, 169, 183, 18, 138, 243, 248, 17, 167, 205, 190, 244, 111, 117, 236], [0, 70, 238, 63, 245, 95, 192, 237, 60, 77, 154, 78, 27, 25, 194, 163, 12, 105, 43, 112, 3, 258, 68], [0, 100, 48, 207, 19, 80, 4, 57, 119, 151, 36, 34, 103, 185, 31, 90, 66, 50, 28, 250], [0, 7, 142, 241, 168, 44, 166, 251, 254, 212, 42, 102, 171, 116, 217, 51, 64, 260, 53, 226, 178, 197, 231, 141], [0, 213, 39, 82, 180, 41, 131, 150, 45, 173, 221, 209, 187, 240, 26, 104, 37, 214], [0, 200, 21, 133, 81, 129, 113, 165, 146, 23, 224, 235, 204, 239, 164, 198, 13, 58, 128, 230], [0, 40, 155, 115, 33, 125, 170, 234, 38, 47, 249, 199, 97, 208, 252, 182, 52, 108, 158], [0, 242, 120, 124, 109, 160, 1, 69, 162, 32, 159, 91], [0, 135, 134, 75, 253, 46, 137, 156, 202, 118, 107, 143, 16, 15, 174, 49, 232, 229, 79, 177], [0, 215, 176, 218, 196, 54, 114, 149, 216, 191, 206, 172, 130, 210, 86, 188, 110, 85, 67, 148, 139, 62], [0, 92, 11, 10, 22, 35, 153, 152, 14, 8, 203, 20, 123, 256, 56, 227, 140, 225, 89, 65, 29, 189, 144, 233, 219, 87, 228, 71, 84], [0, 246, 259, 98, 132, 157, 101, 122, 126, 30, 88, 24, 184, 136, 147, 121, 74, 96, 2, 106, 181, 211], [0, 255, 179, 195, 220, 99, 55, 186, 5, 73, 222, 175, 94, 247, 59, 93, 161, 257, 76, 72, 145, 9]]
Aretes fixées après apprentissage pour cette exécution
Fixed edges = [[0, 144, 189, 0], [0, 165, 113, 129, 81, 133, 21, 0], [0, 105, 12, 163, 27, 78, 154, 77, 60, 25, 194, 0], [0, 56, 256, 123, 20, 203, 8, 14, 152, 227, 140, 0], [0, 243, 248, 17, 0], [0, 164, 239, 235, 146, 23, 224, 204, 0], [0, 215, 202, 156, 118, 107, 137, 46, 253, 75, 134, 135, 0], [0, 237, 192, 95, 245, 63, 238, 70, 167, 205, 0], [0, 200, 24, 184, 136, 147, 121, 0], [0, 195, 220, 99, 230, 101, 122, 128, 58, 13, 198, 0], [0, 2, 106, 255, 246, 168, 241, 1, 0], [0, 125, 170, 234, 38, 47, 249, 199, 97, 3, 66, 90, 68, 0], [0, 31, 34, 103, 185, 0], [0, 59, 247, 0], [0, 48, 100, 0], [0, 10, 22, 35, 153, 0], [0, 33, 115, 222, 0], [0, 30, 88, 0], [0, 9, 145, 0], [0, 191, 216, 0], [0, 87, 228, 206, 0], [0, 29, 65, 89, 225, 0], [0, 61, 201, 0], [0, 182, 252, 208, 52, 108, 0], [0, 15, 62, 139, 0], [0, 51, 64, 116, 171, 102, 42, 0], [0, 98, 259, 0], [0, 92, 11, 219, 233, 0], [0, 190, 244, 0], [0, 45, 150, 173, 0], [0, 172, 130, 210, 0], [0, 83, 127, 223, 169, 183, 0], [0, 32, 162, 69, 0], [0, 212, 254, 0], [0, 74, 96, 0], [0, 57, 119, 151, 36, 0], [0, 221, 19, 207, 0], [0, 5, 73, 0], [0, 196, 218, 176, 0], [0, 159, 242, 0], [0, 40, 55, 186, 0], [0, 131, 41, 180, 82, 214, 37, 0], [0, 197, 16, 231, 141, 0], [0, 111, 117, 236, 4, 112, 0], [0, 109, 124, 211, 120, 0], [0, 71, 114, 54, 0], [0, 39, 110, 188, 86, 0], [0, 28, 50, 0], [0, 187, 209, 104, 26, 240, 0], [0, 132, 179, 0], [0, 7, 142, 0], [0, 85, 213, 67, 0], [0, 94, 175, 0], [0, 18, 138, 0], [0, 217, 250, 0], [0, 6, 0], [0, 43, 0], [0, 44, 0], [0, 49, 0], [0, 53, 0], [0, 72, 0], [0, 76, 0], [0, 79, 0], [0, 80, 0], [0, 84, 0], [0, 91, 0], [0, 93, 0], [0, 126, 0], [0, 143, 0], [0, 148, 0], [0, 149, 0], [0, 155, 0], [0, 157, 0], [0, 158, 0], [0, 160, 0], [0, 161, 0], [0, 166, 0], [0, 174, 0], [0, 177, 0], [0, 178, 0], [0, 181, 0], [0, 193, 0], [0, 226, 0], [0, 229, 0], [0, 232, 0], [0, 251, 0], [0, 257, 0], [0, 258, 0], [0, 260, 0]]
Time = 53.38929510116577


#################

init = 35534.307
res = 29536.678
gap = 98.036

solution = [[0, 216, 191, 206, 228, 87, 172, 130, 210, 225, 89, 65, 29, 189, 144, 153, 35, 22, 10, 233, 219, 11, 92, 149], [0, 67, 85, 213, 42, 102, 171, 116, 64, 51, 37, 48, 100, 131, 41, 180, 82, 214, 39, 110, 188, 86], [0, 259, 179, 132, 98, 212, 254, 104, 209, 187, 26, 240, 93, 247, 59, 175, 94, 161, 76, 72], [0, 205, 167, 70, 238, 63, 245, 95, 192, 237, 60, 77, 25, 154, 78, 27, 194, 163, 12, 105, 43, 250, 217, 260, 226], [0, 181, 96, 74, 121, 147, 136, 184, 24, 200, 21, 133, 81, 129, 113, 165, 126, 30, 88, 157], [0, 140, 227, 152, 14, 8, 203, 20, 123, 256, 56, 193, 201, 61, 223, 127, 83, 17, 248, 243, 183, 169, 6, 148], [0, 32, 162, 120, 211, 124, 109, 160, 106, 2, 255, 246, 168, 241, 1, 69], [0, 135, 134, 75, 253, 46, 137, 107, 118, 156, 202, 215, 176, 218, 196, 54, 114, 71, 84], [0, 195, 220, 99, 230, 101, 122, 128, 58, 198, 13, 73, 5, 186, 55, 40, 145, 9, 229], [0, 242, 159, 7, 142, 44, 178, 197, 16, 231, 143, 141, 139, 62, 15, 232, 91], [0, 53, 28, 50, 112, 4, 236, 117, 111, 244, 190, 138, 18, 80, 207, 19, 221, 173, 45, 150, 79, 177], [0, 258, 66, 90, 3, 199, 249, 47, 38, 234, 170, 125, 164, 239, 235, 146, 23, 224, 204, 33, 115, 222, 155, 257, 49], [0, 108, 52, 182, 252, 208, 97, 185, 103, 34, 31, 36, 151, 119, 57, 68, 158, 251, 166, 174]]


#################

init = 35534.307
res = 29294.834
gap = 98.02

solution = [[0, 181, 96, 74, 121, 147, 136, 184, 24, 200, 21, 133, 81, 129, 113, 165, 126, 30, 88, 157], [0, 140, 227, 152, 14, 8, 203, 20, 123, 256, 56, 193, 201, 61, 223, 127, 83, 17, 248, 243, 183, 169, 6], [0, 32, 162, 120, 211, 124, 109, 160, 106, 2, 255, 246, 168, 241, 1, 69], [0, 108, 52, 182, 252, 208, 185, 103, 34, 36, 151, 119, 57, 43, 68, 158, 240], [0, 195, 220, 99, 230, 101, 122, 128, 58, 198, 13, 73, 5, 186, 55, 40, 145, 9], [0, 242, 159, 7, 142, 44, 53, 226, 178, 197, 16, 231, 143, 141, 139, 62, 15, 174, 49, 232, 229, 91], [0, 28, 50, 112, 4, 236, 117, 111, 244, 190, 138, 18, 80, 207, 19, 221, 173, 45, 150], [0, 205, 167, 70, 238, 63, 245, 95, 192, 237, 60, 77, 25, 154, 78, 27, 194, 163, 12, 105, 31, 258, 59], [0, 66, 90, 3, 97, 199, 249, 47, 38, 234, 170, 125, 164, 239, 235, 146, 23, 224, 204, 33, 115, 222, 155, 257], [0, 84, 216, 191, 206, 228, 87, 172, 130, 210, 86, 225, 89, 65, 29, 189, 144, 153, 35, 22, 10, 233, 219, 11, 92, 149], [0, 135, 134, 75, 156, 202, 215, 196, 54, 114, 71, 85, 213, 67, 148, 218, 176, 107, 118, 137, 46, 253, 79, 177], [0, 166, 260, 251, 42, 171, 116, 64, 51, 37, 48, 100, 131, 41, 180, 82, 214, 39, 110, 188], [0, 259, 179, 132, 98, 212, 254, 102, 217, 250, 104, 209, 187, 26, 93, 247, 175, 94, 161, 76, 72]]


#################

init = 35534.307
res = 28962.292
gap = 97.997

solution = [[0, 181, 96, 74, 121, 147, 136, 184, 24, 200, 21, 133, 81, 129, 113, 165, 126, 30, 88, 157], [0, 89, 65, 225, 140, 227, 152, 14, 8, 203, 20, 123, 256, 56, 193, 201, 61, 223, 127, 83, 17, 243, 248, 169, 183, 18], [0, 28, 50, 4, 112, 57, 111, 117, 236, 244, 190, 138, 80, 207, 19, 221, 173, 150, 45, 6], [0, 32, 162, 120, 211, 124, 109, 160, 106, 2, 132, 98, 259, 246, 168, 241, 1, 69], [0, 9, 145, 40, 55, 186, 5, 73, 13, 198, 58, 128, 122, 101, 230, 99, 220, 195, 179, 255], [0, 67, 213, 85, 210, 130, 172, 206, 228, 87, 29, 189, 144, 153, 35, 22, 10, 233, 219, 11, 92, 191, 216, 149], [0, 171, 116, 64, 51, 214, 37, 104, 209, 48, 100, 131, 41, 180, 82, 188, 86, 110, 39], [0, 155, 222, 115, 33, 204, 224, 23, 146, 235, 239, 164, 125, 170, 234, 38, 47, 249, 199, 97, 258, 3], [0, 205, 167, 70, 238, 63, 245, 95, 192, 237, 60, 77, 194, 25, 154, 78, 27, 163, 12, 105, 90, 66, 68], [0, 177, 79, 135, 134, 75, 253, 46, 137, 107, 118, 156, 202, 215, 176, 218, 196, 54, 114, 71, 84], [0, 242, 159, 232, 49, 174, 141, 231, 16, 197, 53, 226, 178, 148, 143, 139, 62, 15, 229, 91], [0, 212, 93, 175, 108, 52, 182, 252, 208, 185, 103, 34, 31, 36, 151, 119, 43, 102], [0, 7, 142, 44, 166, 260, 251, 254, 42, 72, 76, 257, 161, 94, 247, 59, 158, 240, 187, 26, 250, 217]]


#################

init = 35534.307
res = 29307.691
gap = 98.021

solution = [[0, 181, 96, 74, 121, 147, 136, 184, 24, 200, 21, 133, 81, 129, 113, 165, 126, 30, 88, 157], [0, 89, 65, 225, 140, 227, 152, 14, 8, 203, 20, 123, 256, 56, 193, 201, 61, 223, 127, 83, 17, 248, 243, 183, 169, 6], [0, 32, 162, 120, 211, 124, 109, 160, 106, 2, 255, 179, 98, 259, 246, 168, 241, 1, 69], [0, 177, 79, 135, 134, 75, 253, 46, 137, 107, 118, 156, 202, 215, 176, 148, 218, 196, 54, 114, 71, 84], [0, 242, 159, 7, 142, 44, 53, 226, 178, 197, 16, 231, 143, 141, 139, 62, 15, 174, 49, 232, 229, 91], [0, 108, 52, 182, 252, 208, 185, 103, 34, 31, 36, 151, 119, 57, 43, 258, 158], [0, 205, 167, 70, 238, 63, 245, 95, 192, 237, 60, 77, 194, 25, 154, 78, 27, 163, 12, 105, 112], [0, 132, 195, 220, 99, 230, 101, 122, 128, 58, 198, 13, 73, 5, 186, 55, 40, 145, 9], [0, 68, 90, 66, 3, 97, 199, 249, 47, 38, 234, 170, 125, 164, 239, 235, 146, 23, 224, 204, 33, 115, 222, 155, 257], [0, 86, 210, 130, 172, 206, 228, 87, 29, 189, 144, 153, 35, 22, 10, 233, 219, 11, 92, 191, 216, 149], [0, 67, 213, 85, 110, 188, 82, 37, 180, 41, 131, 100, 48, 50, 28, 217, 116, 64, 51, 214, 39], [0, 166, 251, 254, 212, 42, 102, 221, 19, 207, 80, 4, 236, 117, 111, 244, 190, 138, 18, 45, 150, 173], [0, 260, 171, 250, 104, 209, 187, 26, 240, 93, 247, 59, 175, 94, 161, 76, 72]]


#################

init = 35534.307
res = 29512.75
gap = 98.035

solution = [[0, 216, 191, 206, 228, 87, 130, 210, 86, 150, 6, 225, 65, 29, 189, 144, 153, 35, 22, 10, 233, 219, 11, 92, 149], [0, 181, 96, 74, 121, 147, 136, 184, 24, 200, 21, 133, 81, 129, 113, 165, 126, 30, 88, 157], [0, 32, 162, 120, 211, 124, 109, 160, 106, 2, 255, 246, 168, 241, 1, 69], [0, 79, 135, 134, 75, 156, 202, 215, 196, 54, 114, 71, 84, 85, 213, 67, 148, 218, 176, 107, 118, 137, 46, 253, 91], [0, 195, 220, 99, 230, 101, 122, 128, 58, 198, 13, 73, 5, 186, 55, 40, 145, 9], [0, 242, 159, 7, 142, 44, 166, 53, 226, 197, 16, 231, 143, 141, 139, 62, 15, 174, 49, 232, 229, 177], [0, 172, 89, 140, 227, 152, 14, 8, 203, 20, 123, 256, 56, 193, 201, 61, 223, 127, 83, 17, 243, 248, 169, 183], [0, 258, 66, 90, 3, 199, 249, 47, 38, 234, 170, 125, 164, 239, 235, 146, 23, 224, 204, 33, 115, 222, 155], [0, 205, 167, 70, 238, 63, 245, 95, 192, 237, 60, 77, 25, 154, 78, 27, 194, 163, 12, 105, 151], [0, 108, 52, 182, 252, 208, 97, 185, 103, 34, 31, 36, 119, 57, 43, 68, 158, 260], [0, 259, 179, 132, 98, 212, 254, 37, 26, 187, 240, 93, 247, 59, 175, 94, 161, 257, 76, 72], [0, 188, 45, 173, 221, 19, 207, 80, 18, 138, 190, 244, 111, 117, 236, 4, 112, 50, 28], [0, 251, 42, 102, 171, 116, 64, 51, 217, 250, 104, 209, 48, 100, 131, 41, 180, 82, 214, 110, 39, 178]]


#################

init = 35534.307
res = 28546.693
gap = 97.968

solution = [[0, 181, 96, 74, 121, 147, 136, 184, 24, 200, 21, 133, 81, 129, 113, 165, 126, 30, 88, 157], [0, 225, 140, 227, 152, 14, 8, 203, 20, 123, 256, 56, 193, 201, 61, 223, 127, 83, 17, 248, 243, 183, 169, 6], [0, 28, 100, 48, 221, 19, 207, 80, 236, 4, 112, 117, 111, 244, 190, 138, 18, 173, 150, 45], [0, 205, 167, 70, 238, 63, 245, 95, 192, 237, 60, 77, 25, 154, 78, 27, 194, 163, 12, 105, 151, 90, 68], [0, 50, 43, 57, 119, 36, 31, 34, 103, 185, 249, 47, 199, 97, 208, 252, 182, 52, 108], [0, 257, 155, 222, 115, 33, 204, 224, 23, 146, 235, 239, 164, 125, 170, 234, 38, 3, 66, 258, 158, 93], [0, 260, 251, 254, 42, 102, 171, 116, 217, 250, 104, 209, 187, 26, 240, 59, 247, 175, 94, 161, 76, 72, 212], [0, 32, 162, 120, 211, 124, 109, 160, 106, 2, 132, 98, 259, 246, 168, 241, 1, 69], [0, 255, 179, 195, 220, 99, 230, 101, 122, 128, 58, 198, 13, 73, 5, 186, 55, 40, 145, 9], [0, 143, 213, 39, 110, 188, 82, 214, 64, 51, 37, 180, 41, 131, 86, 210, 130, 85, 67, 148, 139], [0, 242, 159, 7, 142, 44, 166, 53, 226, 178, 197, 16, 231, 141, 62, 15, 174, 49, 232, 229, 79, 177], [0, 135, 134, 75, 156, 118, 196, 54, 114, 87, 228, 206, 71, 84, 218, 176, 107, 137, 46, 253, 91], [0, 202, 215, 149, 216, 191, 92, 11, 219, 233, 10, 22, 35, 153, 144, 189, 29, 65, 89, 172]]


#################

init = 35534.307
res = 29587.32
gap = 98.04

solution = [[0, 216, 191, 206, 228, 87, 172, 130, 210, 86, 225, 89, 65, 29, 189, 144, 153, 35, 22, 10, 233, 219, 11, 92, 149], [0, 181, 96, 74, 121, 147, 136, 184, 24, 200, 21, 133, 81, 129, 113, 165, 126, 30, 88, 157], [0, 140, 227, 152, 14, 8, 203, 20, 123, 256, 56, 193, 201, 61, 223, 127, 83, 17, 243, 248, 169, 183], [0, 32, 162, 120, 211, 124, 109, 160, 106, 2, 255, 246, 168, 241, 1, 69], [0, 79, 135, 134, 75, 156, 202, 215, 196, 54, 114, 71, 84, 218, 176, 148, 107, 118, 137, 46, 253, 91], [0, 68, 90, 66, 3, 97, 199, 249, 47, 38, 234, 170, 125, 164, 239, 235, 146, 23, 224, 204, 33, 115, 222, 155, 257], [0, 28, 50, 112, 4, 236, 117, 111, 244, 190, 138, 18, 80, 207, 19, 221, 173, 150, 45, 6], [0, 9, 145, 40, 55, 186, 5, 73, 13, 198, 58, 128, 122, 101, 230, 99, 220, 195, 259], [0, 242, 159, 7, 142, 44, 166, 53, 178, 197, 16, 231, 143, 141, 139, 62, 15, 174, 49, 232, 229, 177], [0, 67, 213, 85, 39, 110, 188, 82, 214, 64, 171, 102, 250, 217, 51, 37, 180, 41, 131, 100, 48], [0, 179, 132, 98, 212, 251, 254, 42, 116, 104, 209, 187, 26, 240, 93, 247, 175, 94, 161, 76, 72], [0, 158, 43, 57, 119, 151, 36, 31, 34, 103, 185, 208, 252, 182, 52, 108, 59], [0, 205, 167, 70, 238, 63, 245, 95, 192, 237, 60, 77, 25, 154, 78, 27, 194, 163, 12, 105, 258, 260, 226]]


#################

init = 35534.307
res = 29229.366
gap = 98.016

solution = [[0, 181, 96, 74, 121, 147, 136, 184, 24, 200, 21, 133, 81, 129, 113, 165, 126, 30, 88, 157], [0, 89, 65, 225, 140, 227, 152, 14, 8, 203, 20, 123, 256, 56, 6, 193, 201, 61, 223, 127, 83, 17, 243, 248, 169, 183, 18], [0, 28, 50, 66, 90, 112, 4, 236, 117, 111, 244, 190, 138, 80, 207, 19, 221, 173, 45, 150], [0, 259, 98, 212, 42, 102, 171, 217, 250, 104, 209, 187, 26, 240, 93, 247, 59, 175, 94, 161, 76, 72], [0, 242, 159, 7, 142, 44, 53, 226, 178, 197, 16, 231, 143, 141, 139, 62, 15, 174, 49, 232, 229, 79, 177], [0, 205, 167, 70, 238, 63, 245, 95, 192, 237, 60, 77, 25, 154, 78, 27, 194, 163, 12, 105, 57, 43], [0, 166, 254, 108, 52, 182, 252, 208, 97, 249, 185, 103, 34, 31, 36, 151, 119, 158], [0, 148, 67, 213, 85, 39, 110, 86, 188, 82, 214, 64, 260, 251, 116, 51, 37, 180, 41, 131, 100, 48], [0, 32, 162, 120, 211, 124, 109, 160, 106, 2, 255, 246, 241, 1, 69], [0, 68, 258, 3, 199, 47, 38, 234, 170, 125, 164, 239, 235, 146, 23, 224, 204, 33, 115, 222, 155, 257, 9], [0, 145, 40, 55, 186, 5, 73, 13, 198, 58, 128, 122, 101, 230, 99, 220, 195, 132, 179, 168], [0, 202, 215, 149, 216, 191, 92, 11, 219, 233, 10, 22, 35, 153, 144, 189, 29, 87, 228, 206, 172, 130, 210], [0, 135, 134, 75, 156, 118, 107, 196, 54, 114, 71, 84, 218, 176, 137, 46, 253, 91]]


#################

init = 35534.307
res = 29268.325
gap = 98.018

solution = [[0, 216, 191, 206, 228, 87, 172, 130, 210, 225, 89, 65, 29, 189, 144, 153, 35, 22, 10, 233, 219, 11, 92, 149], [0, 259, 179, 132, 98, 212, 254, 104, 209, 187, 26, 240, 93, 247, 59, 175, 94, 161, 76, 72], [0, 205, 167, 70, 238, 63, 245, 95, 192, 237, 60, 77, 25, 154, 78, 27, 194, 163, 12, 105, 43, 250, 260], [0, 181, 96, 74, 121, 147, 136, 184, 24, 200, 21, 133, 81, 129, 113, 165, 126, 30, 88, 157], [0, 32, 162, 120, 211, 124, 109, 160, 106, 2, 255, 246, 168, 241, 1, 69], [0, 135, 134, 75, 156, 202, 215, 196, 54, 114, 71, 84, 218, 176, 107, 118, 137, 46, 253, 79], [0, 108, 52, 182, 252, 208, 258, 185, 103, 34, 31, 36, 151, 119, 57, 158, 251, 166, 174], [0, 68, 90, 66, 3, 97, 199, 249, 47, 38, 234, 170, 125, 164, 239, 235, 146, 23, 224, 204, 33, 115, 222, 155, 257], [0, 195, 220, 99, 230, 101, 122, 128, 58, 198, 13, 73, 5, 186, 55, 40, 145, 9], [0, 242, 159, 7, 142, 44, 53, 226, 178, 197, 16, 231, 143, 141, 139, 62, 15, 49, 232, 229, 91, 177], [0, 140, 227, 152, 14, 8, 203, 20, 123, 256, 56, 193, 201, 61, 223, 127, 83, 17, 243, 248, 169, 183], [0, 86, 6, 45, 150, 173, 221, 19, 207, 80, 18, 138, 190, 244, 111, 117, 236, 4, 112, 50, 28], [0, 42, 102, 171, 116, 64, 217, 51, 214, 37, 48, 100, 131, 41, 180, 82, 188, 110, 39, 85, 213, 67, 148]]


#################

init = 35534.307
res = 29328.443
gap = 98.022

solution = [[0, 216, 191, 206, 228, 87, 172, 130, 210, 225, 140, 65, 89, 29, 189, 144, 153, 35, 22, 10, 233, 219, 11, 92, 149], [0, 259, 179, 132, 98, 212, 254, 250, 104, 209, 187, 26, 240, 93, 247, 59, 175, 94, 161, 76, 72], [0, 205, 167, 70, 238, 63, 245, 95, 192, 237, 60, 77, 25, 154, 78, 27, 194, 163, 12, 105, 226, 197], [0, 181, 96, 74, 121, 147, 136, 184, 24, 200, 21, 133, 81, 129, 113, 165, 126, 30, 88, 157], [0, 32, 162, 120, 211, 124, 109, 160, 106, 2, 255, 246, 168, 241, 1, 69], [0, 79, 135, 134, 75, 156, 202, 215, 196, 54, 114, 71, 84, 218, 176, 107, 118, 137, 46, 253, 91], [0, 195, 220, 99, 230, 101, 122, 128, 58, 198, 13, 73, 5, 186, 55, 40, 145, 9, 229], [0, 242, 159, 7, 142, 44, 260, 178, 16, 231, 141, 139, 62, 15, 174, 49, 232, 177], [0, 53, 28, 50, 112, 4, 236, 117, 111, 244, 190, 138, 18, 80, 207, 19, 221, 173, 150, 45, 6], [0, 227, 152, 14, 8, 203, 20, 123, 256, 56, 193, 201, 61, 223, 127, 83, 17, 243, 248, 169, 183, 86, 148], [0, 42, 102, 171, 116, 64, 217, 51, 214, 37, 48, 100, 131, 41, 180, 82, 188, 110, 39, 85, 213, 67, 143], [0, 108, 52, 182, 252, 208, 97, 185, 103, 34, 31, 36, 151, 119, 57, 43, 158, 251, 166], [0, 68, 90, 66, 3, 258, 199, 249, 47, 38, 234, 170, 125, 164, 239, 235, 146, 23, 224, 204, 33, 115, 222, 155, 257]]


#################

init = 35534.307
res = 28943.329
gap = 97.996

solution = [[0, 181, 96, 74, 121, 147, 136, 184, 24, 200, 21, 133, 81, 129, 113, 165, 126, 30, 88, 157], [0, 108, 52, 182, 252, 208, 185, 103, 34, 31, 36, 151, 119, 57, 43, 258, 158, 251, 166], [0, 53, 260, 28, 50, 4, 236, 117, 111, 244, 190, 138, 80, 19, 207, 48, 100, 221, 45, 150, 6], [0, 140, 227, 152, 14, 8, 203, 20, 123, 256, 56, 193, 201, 61, 223, 127, 83, 17, 243, 248, 169, 183, 18, 173], [0, 70, 238, 63, 167, 205, 245, 95, 192, 237, 60, 77, 25, 154, 78, 27, 194, 163, 12, 105, 112, 68], [0, 259, 179, 132, 98, 212, 102, 217, 250, 104, 209, 187, 26, 240, 93, 247, 59, 175, 94, 161, 76, 72], [0, 195, 220, 99, 230, 101, 122, 128, 58, 198, 13, 73, 5, 186, 55, 145, 9], [0, 66, 90, 3, 97, 199, 249, 47, 38, 234, 170, 125, 164, 239, 235, 146, 23, 224, 204, 33, 115, 222, 155, 257, 40], [0, 139, 148, 67, 85, 213, 178, 226, 39, 110, 188, 82, 180, 41, 131, 37, 214, 51, 64, 116, 171, 42, 254], [0, 216, 191, 206, 228, 87, 172, 130, 210, 86, 225, 89, 65, 29, 189, 144, 153, 35, 22, 10, 233, 219, 11, 92, 149], [0, 135, 134, 75, 156, 202, 215, 196, 54, 114, 71, 84, 218, 176, 107, 118, 137, 46, 253, 79, 177], [0, 242, 159, 232, 49, 7, 142, 197, 16, 231, 143, 141, 62, 15, 229, 91], [0, 174, 32, 162, 120, 211, 124, 109, 160, 106, 2, 255, 246, 44, 168, 241, 1, 69]]


#################

init = 35534.307
res = 29266.984
gap = 98.018

solution = [[0, 86, 210, 130, 172, 206, 228, 87, 29, 189, 144, 153, 35, 22, 10, 233, 219, 11, 92, 191, 216, 149], [0, 181, 96, 74, 121, 147, 136, 184, 24, 200, 21, 133, 81, 129, 113, 165, 126, 30, 88, 157], [0, 32, 162, 120, 211, 124, 109, 160, 106, 2, 255, 246, 168, 241, 1, 69], [0, 177, 79, 135, 134, 75, 253, 46, 137, 107, 118, 156, 202, 215, 176, 218, 196, 54, 114, 71, 84], [0, 66, 90, 3, 97, 199, 249, 47, 38, 234, 170, 125, 164, 239, 235, 146, 23, 224, 204, 33, 115, 222, 155, 257, 40], [0, 195, 220, 99, 230, 101, 122, 128, 58, 198, 13, 73, 5, 186, 55, 145, 9], [0, 242, 159, 7, 142, 44, 166, 226, 178, 197, 16, 231, 141, 139, 62, 15, 174, 49, 232, 229, 91], [0, 205, 167, 70, 238, 63, 245, 95, 192, 237, 60, 77, 25, 154, 78, 27, 194, 163, 12, 105, 57, 43, 217], [0, 53, 251, 42, 250, 104, 28, 50, 4, 236, 117, 111, 244, 190, 138, 80, 207, 19, 221, 173, 150, 45, 6], [0, 89, 65, 225, 140, 227, 152, 14, 8, 203, 20, 123, 256, 56, 193, 201, 61, 223, 127, 83, 17, 243, 248, 169, 183, 18], [0, 148, 67, 85, 110, 188, 82, 180, 41, 131, 100, 48, 209, 37, 51, 116, 64, 214, 39, 213, 143], [0, 259, 179, 132, 98, 212, 254, 102, 26, 187, 240, 93, 247, 59, 158, 175, 94, 161, 76, 72], [0, 260, 171, 68, 258, 108, 52, 182, 252, 208, 185, 103, 34, 31, 36, 151, 119, 112]]


#################

init = 35534.307
res = 28870.502
gap = 97.991

solution = [[0, 259, 179, 132, 98, 212, 42, 171, 217, 250, 104, 209, 187, 26, 240, 93, 247, 59, 175, 94, 161, 76, 72], [0, 181, 96, 74, 121, 147, 136, 184, 24, 200, 21, 133, 81, 129, 113, 165, 126, 30, 88, 157], [0, 32, 162, 120, 211, 124, 109, 160, 106, 2, 255, 246, 168, 241, 1, 69], [0, 195, 220, 99, 230, 101, 122, 128, 58, 198, 13, 73, 5, 186, 55, 40, 145, 9], [0, 140, 227, 152, 14, 8, 203, 20, 123, 256, 56, 6, 193, 201, 61, 223, 127, 83, 17, 243, 248, 169, 183, 18, 150], [0, 85, 188, 86, 131, 41, 180, 82, 214, 37, 51, 64, 116, 102, 254, 251, 260, 226, 197], [0, 242, 159, 7, 142, 44, 166, 53, 16, 231, 143, 141, 139, 62, 15, 174, 49, 232, 229, 91, 177], [0, 100, 48, 173, 45, 221, 19, 207, 80, 190, 244, 111, 117, 236, 4, 50, 28], [0, 138, 205, 167, 70, 238, 63, 245, 95, 192, 237, 60, 77, 25, 154, 78, 27, 194, 163, 12, 105, 158], [0, 149, 92, 11, 219, 233, 10, 22, 35, 153, 144, 189, 29, 65, 89, 225, 172, 87, 228, 206, 191, 216, 84, 196, 218], [0, 135, 134, 75, 156, 202, 215, 54, 114, 71, 130, 210, 110, 39, 178, 213, 67, 148, 176, 107, 118, 137, 46, 253, 79], [0, 108, 52, 182, 252, 208, 249, 185, 103, 34, 31, 36, 151, 119, 57, 43, 112], [0, 68, 90, 66, 3, 258, 97, 199, 47, 38, 234, 170, 125, 164, 239, 235, 146, 23, 224, 204, 33, 115, 222, 155, 257]]


#################

init = 35534.307
res = 28721.063
gap = 97.981

solution = [[0, 181, 96, 74, 121, 147, 136, 184, 24, 200, 21, 133, 81, 129, 113, 165, 126, 30, 88, 157], [0, 89, 65, 225, 140, 227, 152, 14, 8, 203, 20, 123, 256, 56, 6, 193, 201, 61, 223, 127, 83, 17, 248, 243, 183, 169], [0, 32, 162, 120, 211, 124, 109, 160, 106, 2, 255, 246, 168, 241, 1, 69], [0, 37, 28, 50, 112, 4, 236, 117, 111, 244, 190, 138, 18, 80, 207, 19, 221, 173, 45, 150], [0, 242, 159, 7, 142, 44, 166, 53, 226, 197, 16, 231, 143, 141, 139, 62, 15, 174, 49, 232, 229, 91], [0, 9, 145, 40, 55, 186, 5, 73, 13, 198, 58, 128, 122, 101, 230, 99, 220, 195, 259], [0, 205, 167, 70, 238, 63, 245, 95, 192, 237, 60, 77, 25, 154, 78, 27, 194, 163, 12, 105, 90, 66, 68], [0, 43, 57, 119, 151, 36, 31, 34, 103, 185, 249, 97, 208, 252, 182, 52, 108, 175, 94], [0, 257, 155, 222, 115, 33, 204, 224, 23, 146, 235, 239, 164, 125, 170, 234, 38, 47, 199, 3, 258, 158, 59], [0, 179, 132, 98, 72, 76, 161, 247, 93, 240, 187, 48, 100, 209, 104, 26, 250, 217, 171, 260], [0, 196, 84, 114, 71, 206, 228, 87, 29, 189, 144, 153, 35, 22, 10, 233, 219, 11, 92, 191, 216, 149, 215, 75], [0, 251, 254, 212, 42, 102, 116, 64, 51, 214, 82, 180, 41, 131, 86, 210, 130, 172, 54], [0, 177, 79, 135, 134, 253, 46, 137, 107, 148, 178, 39, 188, 110, 85, 213, 67, 218, 176, 202, 118, 156]]


#################

init = 35534.307
res = 29605.883
gap = 98.041

solution = [[0, 216, 191, 206, 228, 87, 172, 130, 210, 225, 89, 65, 29, 189, 144, 153, 35, 22, 10, 233, 219, 11, 92, 149], [0, 67, 85, 213, 42, 102, 171, 116, 64, 51, 37, 48, 100, 131, 41, 180, 82, 214, 39, 110, 188, 86], [0, 259, 179, 132, 98, 212, 254, 104, 209, 187, 26, 240, 93, 247, 59, 175, 94, 161, 76, 72], [0, 205, 167, 70, 238, 63, 245, 95, 192, 237, 60, 77, 25, 154, 78, 27, 194, 163, 12, 105, 43, 250, 217, 260, 226], [0, 181, 96, 74, 121, 147, 136, 184, 24, 200, 21, 133, 81, 129, 113, 165, 126, 30, 88, 157], [0, 140, 227, 152, 14, 8, 203, 20, 123, 256, 56, 193, 201, 61, 223, 127, 83, 17, 248, 243, 183, 169, 6, 148], [0, 32, 162, 120, 211, 124, 109, 160, 106, 2, 255, 246, 168, 241, 1, 69], [0, 135, 134, 75, 253, 46, 137, 107, 118, 156, 202, 215, 176, 218, 196, 54, 114, 71, 84], [0, 108, 52, 182, 252, 208, 258, 185, 103, 34, 31, 36, 151, 119, 57, 158, 251, 166, 174], [0, 68, 90, 66, 3, 97, 199, 249, 47, 38, 234, 170, 125, 164, 239, 235, 146, 23, 224, 204, 33, 115, 222, 155, 257, 49], [0, 195, 220, 99, 230, 101, 122, 128, 58, 198, 13, 73, 5, 186, 55, 40, 145, 9, 229], [0, 242, 159, 7, 142, 44, 178, 197, 16, 231, 143, 141, 139, 62, 15, 232, 91], [0, 53, 28, 50, 112, 4, 236, 117, 111, 244, 190, 138, 18, 80, 207, 19, 221, 173, 45, 150, 79, 177]]


#################

init = 35534.307
res = 29272.924
gap = 98.019

solution = [[0, 216, 191, 206, 228, 87, 172, 130, 210, 225, 89, 65, 29, 189, 144, 153, 35, 22, 10, 233, 219, 11, 92, 149], [0, 259, 179, 132, 98, 212, 254, 251, 104, 209, 187, 26, 240, 93, 247, 59, 175, 94, 161, 257, 76, 72], [0, 205, 167, 70, 238, 63, 245, 95, 192, 237, 60, 77, 25, 154, 78, 27, 194, 163, 12, 105, 43, 112], [0, 181, 96, 74, 121, 147, 136, 184, 24, 200, 21, 133, 81, 129, 113, 165, 126, 30, 88, 157], [0, 140, 227, 152, 14, 8, 203, 20, 123, 256, 56, 193, 201, 61, 223, 127, 83, 17, 248, 243, 183, 169, 6, 150], [0, 32, 162, 120, 211, 124, 109, 160, 106, 2, 255, 246, 168, 241, 1, 69], [0, 195, 220, 99, 230, 101, 122, 128, 58, 198, 13, 73, 5, 186, 55, 40, 145, 9], [0, 242, 159, 7, 142, 44, 53, 226, 178, 197, 16, 231, 143, 141, 139, 62, 15, 174, 49, 232, 229, 91], [0, 52, 108, 158, 80, 236, 117, 111, 244, 190, 138, 18, 45, 173, 221, 19, 207, 48, 100], [0, 135, 134, 75, 156, 202, 215, 196, 54, 114, 71, 84, 218, 176, 107, 118, 137, 46, 253, 79, 177], [0, 148, 67, 213, 85, 39, 110, 188, 82, 214, 64, 116, 171, 102, 250, 217, 51, 37, 180, 41, 131, 86], [0, 260, 28, 50, 4, 57, 119, 151, 36, 31, 34, 103, 185, 249, 208, 252, 182, 42, 166], [0, 68, 90, 66, 3, 258, 97, 199, 47, 38, 234, 170, 125, 164, 239, 235, 146, 23, 224, 204, 33, 115, 222, 155]]


#################

init = 35534.307
res = 28861.93
gap = 97.99

solution = [[0, 181, 96, 74, 121, 147, 136, 184, 24, 200, 21, 133, 81, 129, 113, 165, 126, 30, 88, 157], [0, 205, 167, 70, 238, 63, 245, 95, 192, 237, 60, 77, 194, 25, 154, 78, 27, 163, 12, 105, 36, 90], [0, 32, 162, 120, 211, 124, 109, 160, 106, 2, 255, 246, 168, 241, 1, 69], [0, 195, 220, 99, 230, 101, 122, 128, 58, 198, 13, 73, 5, 186, 55, 40, 145, 9], [0, 28, 50, 4, 236, 117, 111, 244, 190, 138, 18, 80, 19, 207, 48, 100, 221, 173, 150, 45, 6], [0, 166, 260, 251, 171, 116, 64, 51, 209, 37, 214, 82, 180, 41, 131, 86, 188, 110, 39, 213], [0, 259, 179, 132, 98, 212, 254, 42, 102, 217, 250, 104, 26, 187, 240, 93, 247, 59, 175, 94, 161, 257, 76, 72], [0, 242, 159, 232, 49, 174, 7, 142, 44, 53, 226, 178, 197, 16, 231, 143, 141, 62, 15, 229, 91, 177], [0, 135, 134, 75, 156, 118, 202, 215, 196, 84, 54, 114, 71, 206, 172, 130, 210, 85, 67, 148, 139, 79], [0, 108, 52, 182, 252, 208, 47, 249, 185, 103, 34, 31, 151, 119, 57, 43, 112], [0, 158, 68, 66, 3, 258, 97, 199, 38, 234, 170, 125, 164, 239, 235, 146, 23, 224, 204, 33, 115, 222, 155], [0, 253, 46, 137, 107, 176, 218, 87, 29, 189, 144, 153, 35, 22, 10, 233, 219, 11, 92, 191, 216, 149], [0, 228, 65, 89, 225, 140, 227, 152, 14, 8, 203, 20, 123, 256, 56, 193, 201, 61, 223, 127, 83, 17, 248, 243, 183, 169]]


#################

init = 35534.307
res = 29449.509
gap = 98.031

solution = [[0, 216, 191, 206, 228, 87, 172, 130, 210, 225, 89, 65, 29, 189, 144, 153, 35, 22, 10, 233, 219, 11, 92, 149], [0, 259, 98, 212, 254, 251, 217, 250, 104, 209, 187, 26, 240, 93, 247, 59, 175, 94, 161, 257, 76, 72], [0, 181, 96, 74, 121, 147, 136, 184, 24, 200, 21, 133, 81, 129, 113, 165, 126, 30, 88, 157], [0, 177, 79, 135, 134, 75, 253, 46, 137, 107, 118, 156, 202, 215, 176, 218, 196, 54, 114, 71, 84], [0, 242, 159, 7, 142, 44, 166, 53, 226, 178, 197, 16, 231, 143, 141, 139, 62, 15, 174, 49, 232, 91], [0, 258, 66, 90, 3, 199, 249, 47, 38, 234, 170, 125, 164, 239, 235, 146, 23, 224, 204, 33, 115, 222, 155], [0, 140, 227, 152, 14, 8, 203, 20, 123, 256, 56, 193, 201, 61, 223, 127, 83, 17, 243, 248, 169, 183, 18], [0, 32, 162, 120, 211, 124, 109, 160, 106, 2, 132, 195, 9, 179, 246, 168, 241, 1, 69], [0, 255, 220, 99, 230, 101, 122, 128, 58, 198, 13, 73, 5, 186, 55, 40, 145], [0, 28, 50, 112, 43, 4, 236, 117, 111, 244, 190, 138, 80, 207, 19, 221, 173, 150, 45, 6, 86], [0, 42, 102, 171, 116, 64, 51, 214, 37, 48, 100, 131, 41, 180, 82, 188, 110, 39, 85, 213, 67, 148], [0, 205, 167, 70, 238, 63, 245, 95, 192, 237, 60, 77, 25, 154, 78, 27, 194, 163, 12, 105, 158], [0, 108, 52, 182, 252, 208, 97, 185, 103, 34, 31, 36, 151, 119, 57, 68, 260, 229]]


#################

init = 35534.307
res = 28774.281
gap = 97.984

solution = [[0, 260, 251, 254, 42, 171, 116, 64, 51, 37, 214, 82, 180, 41, 131, 188, 39, 110, 130, 210, 86], [0, 259, 179, 132, 98, 212, 102, 217, 250, 104, 209, 187, 26, 240, 93, 247, 59, 175, 94, 161, 76, 72], [0, 181, 96, 74, 121, 147, 136, 184, 24, 200, 21, 133, 81, 129, 113, 165, 126, 30, 88, 157], [0, 32, 162, 120, 211, 124, 109, 160, 106, 2, 255, 246, 168, 241, 1, 69], [0, 195, 220, 99, 230, 101, 122, 128, 58, 198, 13, 73, 5, 186, 55, 145, 9], [0, 242, 159, 7, 142, 44, 166, 53, 226, 178, 197, 16, 231, 143, 141, 139, 62, 15, 174, 49, 232, 91], [0, 68, 258, 66, 90, 3, 249, 47, 38, 234, 170, 125, 164, 239, 235, 146, 23, 224, 204, 33, 115, 222, 155, 257, 40], [0, 108, 52, 182, 252, 208, 97, 199, 185, 103, 34, 31, 36, 151, 119, 57, 43, 112], [0, 89, 65, 225, 140, 227, 152, 14, 8, 203, 20, 123, 256, 56, 193, 201, 61, 223, 127, 83, 17, 248, 243, 183, 169, 6], [0, 54, 84, 71, 114, 216, 191, 206, 228, 87, 172, 29, 189, 144, 153, 35, 22, 10, 233, 219, 11, 92, 149], [0, 135, 134, 75, 156, 202, 215, 196, 85, 213, 67, 148, 218, 176, 107, 118, 137, 46, 253, 229, 79, 177], [0, 28, 50, 4, 117, 111, 244, 190, 236, 80, 19, 207, 48, 100, 221, 173, 45, 150], [0, 18, 138, 205, 167, 70, 238, 63, 245, 95, 192, 237, 60, 77, 25, 154, 78, 27, 194, 163, 12, 105, 158]]


#################

init = 35534.307
res = 29578.424
gap = 98.039

solution = [[0, 216, 191, 206, 228, 87, 172, 130, 210, 86, 225, 89, 65, 29, 189, 144, 153, 35, 22, 10, 233, 219, 11, 92, 149], [0, 67, 85, 213, 254, 212, 102, 171, 116, 64, 51, 37, 48, 100, 131, 41, 180, 82, 39, 110, 188], [0, 181, 96, 74, 121, 147, 136, 184, 24, 200, 21, 133, 81, 129, 113, 165, 126, 30, 88, 157], [0, 140, 227, 152, 14, 8, 203, 20, 123, 256, 56, 193, 201, 61, 223, 127, 83, 17, 243, 248, 169, 183], [0, 32, 162, 120, 211, 124, 109, 160, 106, 2, 255, 246, 168, 241, 1, 69], [0, 177, 79, 135, 134, 75, 253, 46, 137, 107, 118, 156, 202, 215, 176, 148, 218, 196, 54, 114, 71, 84], [0, 242, 159, 7, 142, 44, 166, 53, 226, 178, 197, 16, 231, 143, 141, 139, 62, 15, 174, 49, 232, 91], [0, 28, 50, 112, 43, 4, 236, 117, 111, 244, 190, 138, 18, 80, 207, 19, 221, 173, 150, 45, 6], [0, 258, 66, 90, 3, 199, 249, 47, 38, 234, 170, 125, 164, 239, 235, 146, 23, 224, 204, 33, 115, 222, 155, 257], [0, 260, 217, 250, 68, 105, 12, 163, 194, 27, 78, 154, 25, 77, 60, 237, 192, 95, 245, 63, 238, 70, 167, 205], [0, 42, 108, 52, 182, 252, 208, 97, 185, 103, 34, 31, 36, 151, 119, 57, 158, 251], [0, 9, 145, 40, 55, 186, 5, 73, 13, 198, 58, 128, 122, 101, 230, 99, 220, 195, 259], [0, 179, 132, 98, 72, 76, 161, 94, 175, 59, 247, 93, 240, 26, 187, 209, 104, 214, 229]]


#################

init = 33404.023
res = 28220.373
gap = 97.945

solution = [[0, 181, 96, 74, 121, 147, 136, 184, 24, 200, 21, 133, 81, 129, 113, 165, 126, 30, 88, 157], [0, 195, 220, 9, 145, 40, 55, 186, 5, 73, 13, 198, 58, 128, 122, 101, 230, 99, 132], [0, 193, 223, 127, 83, 201, 61, 17, 70, 238, 63, 167, 205, 243, 248, 138, 190, 244, 111, 117, 236, 4, 80], [0, 162, 69, 120, 211, 124, 109, 160, 255, 106, 2, 179, 98, 259, 246, 168, 241, 1, 32], [0, 257, 155, 222, 115, 33, 204, 224, 23, 146, 235, 239, 164, 125, 170, 234, 38, 208, 252, 182, 175, 94, 161], [0, 217, 250, 26, 104, 209, 100, 48, 221, 19, 207, 50, 28, 187, 240, 93, 76, 72, 254, 251, 166], [0, 174, 7, 142, 44, 212, 42, 102, 171, 116, 51, 64, 260, 53, 226, 197, 16, 231, 143, 141, 62, 15, 229, 79, 177], [0, 135, 134, 253, 46, 232, 49, 159, 242, 91], [0, 84, 172, 225, 6, 45, 150, 173, 18, 183, 169, 56, 256, 123, 20, 203, 8, 14, 152, 227, 140, 65, 89, 87, 228, 206, 216, 149], [0, 176, 218, 71, 29, 189, 144, 153, 35, 22, 10, 233, 219, 11, 92, 191, 114, 54, 196, 215, 202, 75], [0, 156, 118, 107, 137, 139, 148, 67, 213, 85, 130, 210, 86, 131, 41, 180, 37, 214, 82, 188, 110, 39, 178], [0, 247, 108, 52, 97, 199, 47, 249, 151, 119, 57, 43, 112, 90, 66, 3, 258, 68, 158, 59], [0, 245, 95, 192, 237, 60, 77, 25, 154, 78, 27, 194, 163, 12, 105, 103, 185, 34, 31, 36]]


#################

init = 33404.023
res = 28307.149
gap = 97.951

solution = [[0, 181, 96, 74, 121, 147, 136, 184, 24, 200, 21, 133, 81, 129, 113, 165, 126, 30, 88, 157], [0, 245, 95, 192, 237, 60, 77, 25, 154, 78, 27, 194, 163, 12, 105, 103, 185, 31, 34, 151], [0, 195, 220, 9, 145, 40, 55, 186, 5, 73, 13, 198, 58, 128, 122, 101, 230, 99, 132], [0, 138, 243, 248, 17, 83, 127, 223, 201, 61, 63, 238, 70, 167, 205, 190, 244, 111, 117, 236, 4, 80], [0, 162, 69, 120, 211, 124, 109, 160, 255, 106, 2, 179, 98, 259, 246, 168, 241, 1, 32], [0, 257, 155, 222, 115, 33, 204, 224, 23, 146, 235, 239, 164, 125, 170, 234, 38, 208, 252, 182, 175, 94, 161], [0, 49, 7, 142, 44, 212, 42, 102, 171, 116, 51, 64, 260, 53, 226, 197, 16, 231, 143, 141, 62, 15, 174, 229, 177], [0, 217, 250, 26, 104, 209, 100, 48, 221, 19, 207, 50, 28, 187, 240, 59, 93, 254, 251, 166], [0, 72, 76, 247, 108, 52, 97, 199, 47, 249, 36, 119, 57, 43, 112, 90, 66, 3, 258, 68, 158], [0, 176, 218, 196, 114, 206, 29, 189, 144, 153, 35, 22, 10, 233, 219, 11, 92, 191, 216, 149, 215, 202, 156], [0, 172, 225, 6, 45, 150, 173, 18, 183, 169, 193, 56, 256, 123, 20, 203, 8, 14, 152, 227, 140, 65, 89, 87, 228, 71, 84, 54], [0, 79, 139, 148, 67, 213, 85, 130, 210, 86, 131, 41, 180, 37, 214, 82, 188, 110, 39, 178, 91], [0, 135, 134, 75, 118, 107, 137, 46, 253, 232, 242, 159]]


#################

init = 33404.023
res = 28200.105
gap = 97.943

solution = [[0, 181, 96, 74, 121, 147, 136, 184, 24, 200, 21, 133, 81, 129, 113, 165, 126, 30, 88, 157], [0, 195, 220, 9, 145, 40, 55, 186, 5, 73, 13, 198, 58, 128, 122, 101, 230, 99, 132], [0, 6, 223, 127, 83, 201, 61, 63, 238, 167, 205, 70, 17, 248, 243, 138, 190, 244, 111, 117, 236, 4, 80], [0, 162, 69, 120, 211, 124, 109, 160, 255, 106, 2, 179, 98, 259, 246, 168, 241, 1, 32], [0, 257, 155, 222, 115, 33, 204, 224, 23, 146, 235, 239, 164, 125, 170, 234, 38, 208, 252, 182, 175, 94, 161], [0, 217, 250, 26, 104, 209, 100, 48, 221, 19, 207, 50, 28, 187, 240, 93, 76, 72, 254, 251, 166], [0, 49, 7, 142, 44, 212, 42, 102, 171, 116, 51, 64, 260, 53, 226, 197, 16, 231, 143, 141, 62, 15, 174, 229, 177], [0, 149, 216, 206, 228, 87, 89, 65, 140, 227, 152, 14, 8, 203, 20, 123, 256, 56, 193, 169, 183, 18, 173, 45, 150, 225, 172], [0, 245, 95, 192, 237, 60, 77, 25, 154, 78, 27, 194, 163, 12, 105, 103, 185, 34, 36], [0, 158, 68, 258, 3, 66, 90, 112, 43, 57, 119, 151, 31, 249, 47, 199, 97, 52, 108, 59, 247], [0, 137, 107, 118, 202, 148, 67, 213, 85, 130, 210, 86, 131, 41, 180, 37, 214, 82, 188, 110, 39, 178, 139], [0, 79, 135, 134, 253, 46, 232, 159, 242, 91], [0, 75, 156, 215, 196, 54, 114, 191, 92, 11, 219, 233, 10, 22, 35, 153, 144, 189, 29, 71, 84, 218, 176]]


#################

init = 33404.023
res = 28170.204
gap = 97.941

solution = [[0, 181, 96, 74, 121, 147, 136, 184, 24, 200, 21, 133, 81, 129, 113, 165, 126, 30, 88, 157], [0, 245, 95, 192, 237, 60, 77, 25, 154, 78, 27, 194, 163, 12, 105, 103, 185, 34, 151, 68], [0, 195, 220, 9, 145, 40, 55, 186, 5, 73, 13, 198, 58, 128, 122, 101, 230, 99, 132], [0, 251, 158, 258, 3, 66, 90, 112, 43, 57, 119, 36, 31, 249, 47, 199, 97, 52, 108, 59, 247], [0, 193, 223, 127, 83, 201, 61, 17, 70, 238, 63, 167, 205, 243, 248, 138, 190, 244, 111, 117, 236, 4, 80], [0, 162, 69, 120, 211, 124, 109, 160, 255, 106, 2, 179, 98, 259, 246, 168, 241, 1, 32], [0, 257, 155, 222, 115, 33, 204, 224, 23, 146, 235, 239, 164, 125, 170, 234, 38, 208, 252, 182, 175, 94, 161], [0, 79, 135, 134, 75, 253, 46, 232, 242, 159], [0, 72, 76, 93, 240, 187, 28, 50, 207, 19, 221, 48, 100, 209, 104, 26, 250, 217, 171, 53], [0, 156, 202, 215, 149, 92, 11, 219, 233, 10, 22, 35, 153, 144, 189, 29, 191, 216, 114, 54, 84, 196, 218, 176, 137], [0, 172, 225, 6, 45, 150, 173, 18, 183, 169, 56, 256, 123, 20, 203, 8, 14, 152, 227, 140, 65, 89, 87, 228, 206, 71], [0, 118, 107, 148, 67, 213, 85, 130, 210, 86, 131, 41, 180, 37, 214, 82, 188, 110, 39, 178, 139, 91], [0, 49, 7, 142, 44, 166, 212, 254, 42, 102, 116, 51, 64, 260, 226, 197, 16, 231, 143, 141, 62, 15, 174, 229, 177]]


#################

init = 33404.023
res = 28494.833
gap = 97.965

solution = [[0, 181, 96, 74, 121, 147, 136, 184, 24, 200, 21, 133, 81, 129, 113, 165, 126, 30, 88, 157], [0, 195, 220, 9, 145, 40, 55, 186, 5, 73, 13, 198, 58, 128, 122, 101, 230, 99, 132], [0, 6, 223, 127, 83, 201, 61, 63, 238, 167, 205, 70, 17, 248, 243, 138, 190, 244, 111, 117, 236, 4, 80], [0, 37, 217, 250, 26, 104, 209, 100, 48, 221, 19, 207, 50, 28, 187, 240, 93, 212], [0, 135, 134, 75, 156, 118, 107, 148, 67, 213, 85, 130, 210, 86, 131, 41, 180, 82, 214, 188, 110, 39, 178], [0, 172, 225, 150, 45, 173, 18, 183, 169, 193, 56, 256, 123, 20, 203, 8, 14, 152, 227, 140, 65, 89, 228, 206, 71, 84], [0, 202, 215, 149, 92, 11, 219, 233, 10, 22, 35, 153, 144, 189, 29, 87, 191, 216, 114, 54, 196, 218, 176], [0, 79, 253, 46, 137, 174, 232, 49, 7, 159, 242, 91], [0, 161, 94, 182, 252, 208, 38, 234, 170, 125, 164, 239, 235, 146, 23, 224, 204, 33, 115, 222, 155, 257], [0, 142, 44, 166, 251, 254, 42, 72, 102, 171, 116, 51, 64, 260, 53, 226, 197, 16, 231, 143, 141, 139, 62, 15, 229, 177], [0, 162, 69, 120, 211, 124, 109, 160, 106, 2, 255, 246, 179, 98, 259, 168, 241, 1, 32], [0, 245, 95, 192, 237, 60, 77, 25, 154, 78, 27, 194, 163, 12, 105, 103, 185, 34, 36], [0, 59, 158, 68, 258, 3, 66, 90, 112, 43, 57, 119, 151, 31, 249, 47, 199, 97, 52, 108, 175, 247, 76]]


#################

init = 33404.023
res = 28035.082
gap = 97.931

solution = [[0, 181, 96, 74, 121, 147, 136, 184, 24, 200, 21, 133, 81, 129, 113, 165, 126, 30, 88, 157], [0, 195, 220, 9, 145, 40, 55, 186, 5, 73, 13, 198, 58, 128, 122, 101, 230, 99, 132], [0, 18, 138, 243, 248, 17, 83, 127, 223, 201, 61, 63, 238, 70, 167, 205, 190, 244, 111, 117, 236, 4, 80], [0, 162, 69, 120, 211, 124, 109, 160, 255, 106, 2, 179, 98, 259, 246, 168, 241, 1, 32], [0, 161, 94, 175, 182, 252, 208, 38, 234, 170, 125, 164, 239, 235, 146, 23, 224, 204, 33, 115, 222, 155, 257], [0, 173, 150, 45, 183, 169, 6, 193, 56, 256, 123, 20, 203, 8, 14, 152, 227, 140, 225, 65, 89, 172, 71, 84, 196], [0, 245, 95, 192, 237, 60, 77, 25, 154, 78, 27, 194, 163, 12, 105, 103, 185, 31, 36, 3, 68], [0, 158, 258, 66, 90, 112, 43, 57, 119, 151, 34, 249, 47, 199, 97, 52, 108, 59, 247, 76], [0, 217, 250, 104, 209, 100, 48, 221, 19, 207, 50, 28, 187, 26, 240, 93, 72, 254, 251, 166], [0, 46, 139, 148, 54, 114, 216, 191, 206, 228, 87, 29, 189, 144, 153, 35, 22, 10, 233, 219, 11, 92, 149, 215, 202, 75], [0, 156, 118, 107, 137, 176, 218, 67, 213, 85, 130, 210, 86, 131, 41, 180, 37, 214, 82, 188, 110, 39, 178], [0, 135, 134, 253, 229, 174, 49, 232, 159, 242], [0, 91, 7, 142, 44, 212, 42, 102, 171, 116, 51, 64, 260, 53, 226, 197, 16, 231, 143, 141, 62, 15, 79, 177]]


#################

init = 33404.023
res = 28268.749
gap = 97.948

solution = [[0, 181, 96, 74, 121, 147, 136, 184, 24, 200, 21, 133, 81, 129, 113, 165, 126, 30, 88, 157], [0, 245, 95, 192, 237, 60, 77, 25, 154, 78, 27, 194, 163, 12, 105, 103, 185, 31, 34, 151, 68], [0, 195, 220, 9, 145, 40, 55, 186, 5, 73, 13, 198, 58, 128, 122, 101, 230, 99, 132], [0, 158, 258, 3, 66, 90, 112, 43, 57, 119, 36, 249, 47, 199, 97, 52, 108, 59, 247, 76], [0, 138, 243, 248, 17, 83, 127, 223, 193, 201, 61, 63, 238, 70, 167, 205, 190, 244, 111, 117, 236, 4, 80], [0, 162, 69, 120, 211, 124, 109, 160, 255, 106, 2, 179, 98, 259, 246, 168, 241, 1, 32], [0, 161, 94, 175, 182, 252, 208, 38, 234, 170, 125, 164, 239, 235, 146, 23, 224, 204, 33, 115, 222, 155, 257], [0, 137, 107, 118, 202, 176, 148, 67, 213, 85, 130, 210, 86, 131, 41, 180, 37, 214, 82, 188, 110, 39, 178, 139], [0, 212, 72, 93, 240, 187, 28, 50, 207, 19, 221, 48, 100, 209, 104, 26, 250, 217, 53], [0, 49, 7, 142, 44, 166, 251, 254, 42, 102, 171, 116, 51, 64, 260, 226, 197, 16, 231, 143, 141, 62, 15, 174, 91, 177], [0, 79, 135, 134, 253, 46, 229, 232, 242, 159], [0, 84, 206, 228, 89, 65, 140, 227, 152, 14, 8, 203, 20, 123, 256, 56, 169, 183, 18, 173, 150, 45, 6, 225, 172, 71], [0, 75, 156, 215, 149, 92, 11, 219, 233, 10, 22, 35, 153, 144, 189, 29, 87, 191, 216, 114, 54, 196, 218]]


#################

init = 33404.023
res = 28428.465
gap = 97.96

solution = [[0, 181, 96, 74, 121, 147, 136, 184, 24, 200, 21, 133, 81, 129, 113, 165, 126, 30, 88, 157], [0, 195, 220, 9, 145, 40, 55, 186, 5, 73, 13, 198, 58, 128, 122, 101, 230, 99, 132], [0, 193, 223, 127, 83, 201, 61, 17, 70, 238, 63, 167, 205, 243, 248, 138, 80, 4, 236, 190, 244, 111, 117], [0, 162, 69, 120, 211, 124, 109, 160, 255, 106, 2, 179, 98, 259, 246, 168, 241, 1, 32], [0, 79, 118, 107, 148, 67, 213, 85, 130, 210, 86, 131, 41, 180, 37, 214, 82, 188, 110, 39, 178, 139, 91], [0, 135, 134, 75, 253, 46, 137, 232, 242, 159], [0, 49, 7, 142, 44, 212, 254, 102, 171, 116, 51, 64, 260, 53, 226, 197, 16, 231, 143, 141, 62, 15, 174, 229, 177], [0, 176, 218, 84, 71, 29, 189, 144, 153, 35, 22, 10, 233, 219, 11, 92, 191, 114, 54, 196, 215, 202, 156], [0, 172, 225, 6, 45, 150, 173, 18, 183, 169, 56, 256, 123, 20, 203, 8, 14, 152, 227, 140, 65, 89, 87, 228, 206, 216, 149], [0, 245, 95, 192, 237, 60, 77, 25, 154, 78, 27, 194, 163, 12, 105, 103, 185, 34, 31, 36], [0, 217, 250, 104, 209, 100, 48, 221, 19, 207, 50, 28, 187, 26, 240, 93, 76, 72, 42, 251, 166], [0, 247, 59, 175, 108, 52, 97, 199, 47, 249, 151, 119, 57, 43, 112, 90, 66, 3, 258, 68, 158], [0, 161, 94, 182, 252, 208, 38, 234, 170, 125, 164, 239, 235, 146, 23, 224, 204, 33, 115, 222, 155, 257]]


#################

init = 33404.023
res = 28186.882
gap = 97.942

solution = [[0, 181, 96, 74, 121, 147, 136, 184, 24, 200, 21, 133, 81, 129, 113, 165, 126, 30, 88, 157], [0, 195, 220, 9, 145, 40, 55, 186, 5, 73, 13, 198, 58, 128, 122, 101, 230, 99, 132], [0, 162, 69, 120, 211, 124, 109, 160, 255, 106, 2, 179, 98, 259, 246, 168, 241, 1, 32], [0, 161, 94, 175, 182, 252, 208, 38, 234, 170, 125, 164, 239, 235, 146, 23, 224, 204, 33, 115, 222, 155, 257], [0, 178, 39, 110, 188, 82, 214, 37, 180, 41, 131, 86, 210, 130, 85, 213, 67, 148, 107, 118, 156, 75, 134], [0, 217, 250, 26, 104, 209, 100, 48, 207, 19, 80, 28, 187, 240, 93, 72, 254, 251, 166, 142], [0, 50, 4, 236, 117, 111, 244, 190, 205, 167, 70, 238, 63, 61, 201, 223, 127, 83, 17, 248, 243, 138, 221], [0, 49, 7, 44, 212, 42, 102, 171, 116, 51, 64, 260, 53, 226, 197, 16, 231, 143, 141, 139, 62, 15, 174, 229, 177], [0, 135, 79, 253, 46, 137, 232, 159, 242, 91], [0, 149, 216, 206, 228, 89, 65, 140, 227, 152, 14, 8, 203, 20, 123, 256, 56, 193, 169, 183, 18, 173, 150, 45, 6, 225, 172], [0, 202, 215, 196, 54, 114, 191, 92, 11, 219, 233, 10, 22, 35, 153, 144, 189, 29, 87, 71, 84, 218, 176], [0, 245, 95, 192, 237, 60, 77, 25, 154, 78, 27, 194, 163, 12, 105, 103, 185, 34, 36], [0, 158, 68, 258, 3, 66, 90, 112, 43, 57, 119, 151, 31, 249, 47, 199, 97, 52, 108, 59, 247, 76]]


#################

init = 33404.023
res = 28278.966
gap = 97.949

solution = [[0, 181, 96, 74, 121, 147, 136, 184, 24, 200, 21, 133, 81, 129, 113, 165, 126, 30, 88, 157], [0, 217, 250, 26, 104, 209, 100, 48, 221, 19, 207, 50, 28, 187, 240, 93, 76, 72, 42, 251], [0, 195, 220, 9, 145, 40, 55, 186, 5, 73, 13, 198, 58, 128, 122, 101, 230, 99, 132], [0, 138, 243, 248, 17, 83, 127, 223, 201, 61, 63, 238, 70, 167, 205, 190, 244, 111, 117, 236, 4, 80], [0, 162, 69, 120, 211, 124, 109, 160, 255, 106, 2, 179, 98, 259, 246, 168, 241, 1, 32], [0, 161, 94, 182, 252, 208, 38, 234, 170, 125, 164, 239, 235, 146, 23, 224, 204, 33, 115, 222, 155, 257], [0, 177, 91, 135, 134, 75, 253, 46, 137, 49, 232, 242, 159], [0, 118, 107, 139, 148, 67, 213, 85, 130, 210, 86, 131, 41, 180, 37, 214, 82, 188, 110, 39, 178], [0, 174, 7, 142, 44, 212, 254, 102, 171, 116, 51, 64, 260, 166, 53, 226, 197, 16, 231, 143, 141, 62, 15, 229, 79], [0, 176, 218, 84, 71, 29, 189, 144, 153, 35, 22, 10, 233, 219, 11, 92, 191, 114, 54, 196, 215, 202, 156], [0, 172, 225, 6, 45, 150, 173, 18, 183, 169, 193, 56, 256, 123, 20, 203, 8, 14, 152, 227, 140, 65, 89, 87, 228, 206, 216, 149], [0, 247, 59, 175, 108, 52, 97, 199, 47, 249, 151, 119, 57, 43, 112, 90, 66, 3, 258, 158], [0, 245, 95, 192, 237, 60, 77, 25, 154, 78, 27, 194, 163, 12, 105, 103, 185, 34, 31, 36, 68]]


#################

init = 33404.023
res = 28176.524
gap = 97.942

solution = [[0, 181, 96, 74, 121, 147, 136, 184, 24, 200, 21, 133, 81, 129, 113, 165, 126, 30, 88, 157], [0, 195, 220, 9, 145, 40, 55, 186, 5, 73, 13, 198, 58, 128, 122, 101, 230, 99, 132], [0, 138, 243, 248, 17, 83, 127, 223, 201, 61, 63, 238, 70, 167, 205, 190, 244, 111, 117, 236, 4, 80], [0, 162, 69, 120, 211, 124, 109, 160, 255, 106, 2, 179, 98, 259, 246, 168, 241, 1, 32], [0, 257, 155, 222, 115, 33, 204, 224, 23, 146, 235, 239, 164, 125, 170, 234, 38, 208, 252, 182, 94, 161], [0, 217, 250, 26, 104, 209, 100, 48, 221, 19, 207, 50, 28, 187, 240, 93, 76, 72, 254, 251], [0, 156, 118, 107, 137, 139, 148, 67, 213, 85, 130, 210, 86, 131, 41, 180, 37, 214, 82, 188, 110, 39, 178], [0, 245, 95, 192, 237, 60, 77, 25, 154, 78, 27, 194, 163, 12, 105, 103, 185, 34, 36], [0, 59, 158, 68, 258, 3, 66, 90, 112, 43, 57, 119, 151, 31, 249, 47, 199, 97, 52, 108, 175, 247], [0, 172, 225, 6, 45, 150, 173, 18, 183, 169, 193, 56, 256, 123, 20, 203, 8, 14, 152, 227, 140, 65, 89, 206, 71, 84], [0, 176, 218, 196, 54, 114, 228, 87, 29, 189, 144, 153, 35, 22, 10, 233, 219, 11, 92, 191, 216, 149, 215, 202], [0, 135, 134, 75, 253, 46, 174, 232, 159, 242, 91, 177], [0, 49, 7, 142, 44, 212, 42, 102, 171, 116, 51, 64, 260, 166, 53, 226, 197, 16, 231, 143, 141, 62, 15, 229, 79]]


#################

init = 33404.023
res = 28168.27
gap = 97.941

solution = [[0, 181, 96, 74, 121, 147, 136, 184, 24, 200, 21, 133, 81, 129, 113, 165, 126, 30, 88, 157], [0, 245, 95, 192, 237, 60, 77, 25, 154, 78, 27, 194, 163, 12, 105, 103, 185, 34, 151, 68], [0, 217, 250, 26, 104, 209, 100, 48, 221, 19, 207, 50, 28, 187, 240, 93, 76, 72, 254, 251], [0, 195, 220, 9, 145, 40, 55, 186, 5, 73, 13, 198, 58, 128, 122, 101, 230, 99, 132], [0, 158, 258, 3, 66, 90, 112, 43, 57, 119, 36, 31, 249, 47, 199, 97, 52, 108, 59, 247], [0, 138, 243, 248, 17, 83, 127, 223, 201, 61, 63, 238, 70, 167, 205, 190, 244, 111, 117, 236, 4, 80], [0, 162, 69, 120, 211, 124, 109, 160, 255, 106, 2, 179, 98, 259, 246, 168, 241, 1, 32], [0, 161, 94, 175, 182, 252, 208, 38, 234, 170, 125, 164, 239, 235, 146, 23, 224, 204, 33, 115, 222, 155, 257], [0, 172, 225, 6, 45, 150, 173, 18, 183, 169, 193, 56, 256, 123, 20, 203, 8, 14, 152, 227, 140, 65, 89, 228, 206, 71, 84], [0, 218, 196, 54, 114, 216, 191, 87, 29, 189, 144, 153, 35, 22, 10, 233, 219, 11, 92, 149, 215, 202, 75], [0, 156, 118, 107, 176, 148, 67, 213, 85, 130, 210, 86, 131, 41, 180, 37, 214, 82, 188, 110, 39, 178, 139], [0, 135, 134, 253, 46, 137, 232, 49, 159, 242, 91, 177], [0, 174, 7, 142, 44, 212, 42, 102, 171, 116, 51, 64, 260, 166, 53, 226, 197, 16, 231, 143, 141, 62, 15, 229, 79]]


#################

init = 33404.023
res = 28077.591
gap = 97.934

solution = [[0, 181, 96, 74, 121, 147, 136, 184, 24, 200, 21, 133, 81, 129, 113, 165, 126, 30, 88, 157], [0, 195, 220, 9, 145, 40, 55, 186, 5, 73, 13, 198, 58, 128, 122, 101, 230, 99, 132], [0, 6, 223, 127, 83, 201, 61, 63, 238, 167, 205, 70, 17, 248, 243, 138, 190, 244, 111, 117, 236, 4, 80], [0, 162, 69, 120, 211, 124, 109, 160, 255, 106, 2, 179, 98, 259, 246, 168, 241, 1, 32], [0, 161, 94, 182, 252, 208, 38, 234, 170, 125, 164, 239, 235, 146, 23, 224, 204, 33, 115, 222, 155, 257], [0, 245, 95, 192, 237, 60, 77, 25, 154, 78, 27, 194, 163, 12, 105, 103, 185, 34, 36], [0, 59, 158, 68, 258, 3, 66, 90, 112, 43, 57, 119, 151, 31, 249, 47, 199, 97, 52, 108, 175, 247, 76], [0, 173, 150, 45, 18, 183, 169, 193, 56, 256, 123, 20, 203, 8, 14, 152, 227, 140, 225, 65, 89, 172, 228, 206, 71, 84], [0, 72, 93, 240, 26, 187, 28, 50, 207, 19, 221, 48, 100, 209, 104, 250, 217, 51], [0, 91, 49, 7, 142, 44, 166, 251, 254, 212, 42, 102, 171, 116, 64, 260, 53, 226, 197, 16, 231, 143, 141, 229, 79], [0, 177, 135, 134, 75, 253, 46, 62, 15, 174, 232, 159, 242], [0, 156, 118, 107, 139, 148, 67, 213, 85, 130, 210, 86, 131, 41, 180, 37, 214, 82, 188, 110, 39, 178], [0, 137, 176, 218, 196, 54, 114, 87, 29, 189, 144, 153, 35, 22, 10, 233, 219, 11, 92, 191, 216, 149, 215, 202]]


#################

init = 33404.023
res = 28261.372
gap = 97.948

solution = [[0, 181, 96, 74, 121, 147, 136, 184, 24, 200, 21, 133, 81, 129, 113, 165, 126, 30, 88, 157], [0, 195, 220, 9, 145, 40, 55, 186, 5, 73, 13, 198, 58, 128, 122, 101, 230, 99, 132], [0, 138, 243, 248, 17, 83, 127, 223, 193, 201, 61, 63, 238, 70, 167, 205, 190, 244, 111, 117, 236, 4, 80], [0, 162, 69, 120, 211, 124, 109, 160, 255, 106, 2, 179, 98, 259, 246, 168, 241, 1, 32], [0, 161, 94, 175, 182, 252, 208, 38, 234, 170, 125, 164, 239, 235, 146, 23, 224, 204, 33, 115, 222, 155, 257], [0, 172, 225, 6, 45, 150, 173, 18, 183, 169, 56, 256, 123, 20, 203, 8, 14, 152, 227, 140, 65, 89, 87, 228, 206, 71], [0, 142, 212, 72, 76, 93, 240, 187, 28, 50, 207, 19, 221, 48, 100, 209, 104, 26, 250, 217], [0, 156, 118, 107, 137, 139, 148, 67, 213, 85, 130, 210, 110, 86, 131, 41, 180, 37, 214, 82, 188, 39, 178], [0, 176, 218, 196, 84, 54, 114, 216, 191, 29, 189, 144, 153, 35, 22, 10, 233, 219, 11, 92, 149, 215, 202, 75], [0, 49, 7, 44, 166, 251, 254, 42, 102, 171, 116, 51, 64, 260, 53, 226, 197, 16, 231, 143, 141, 62, 15, 174, 229, 79], [0, 135, 134, 253, 46, 232, 159, 242, 91, 177], [0, 245, 95, 192, 237, 60, 77, 25, 154, 78, 27, 194, 163, 12, 105, 103, 185, 34, 36], [0, 158, 68, 258, 3, 66, 90, 112, 43, 57, 119, 151, 31, 249, 47, 199, 97, 52, 108, 59, 247]]


#################

init = 33404.023
res = 28273.618
gap = 97.949

solution = [[0, 181, 96, 74, 121, 147, 136, 184, 24, 200, 21, 133, 81, 129, 113, 165, 126, 30, 88, 157], [0, 171, 217, 250, 26, 104, 209, 100, 48, 221, 19, 207, 50, 28, 187, 240, 93, 76, 72, 42, 251], [0, 195, 220, 9, 145, 40, 55, 186, 5, 73, 13, 198, 58, 128, 122, 101, 230, 99, 132], [0, 6, 223, 127, 83, 201, 61, 63, 238, 167, 205, 70, 17, 248, 243, 138, 190, 244, 111, 117, 236, 4, 80], [0, 162, 69, 120, 211, 124, 109, 160, 255, 106, 2, 179, 98, 259, 246, 168, 241, 1, 32], [0, 161, 94, 175, 182, 252, 208, 38, 234, 170, 125, 164, 239, 235, 146, 23, 224, 204, 33, 115, 222, 155, 257], [0, 135, 134, 75, 156, 118, 107, 137, 46, 253, 229, 232, 242, 159], [0, 176, 218, 67, 213, 85, 130, 210, 86, 131, 41, 180, 37, 214, 82, 188, 110, 39, 178, 148, 139, 79], [0, 49, 7, 142, 44, 212, 254, 102, 116, 51, 64, 260, 166, 53, 226, 197, 16, 231, 143, 141, 62, 15, 174, 91, 177], [0, 247, 108, 52, 97, 199, 47, 249, 151, 119, 57, 43, 112, 90, 66, 3, 258, 68, 158, 59], [0, 245, 95, 192, 237, 60, 77, 25, 154, 78, 27, 194, 163, 12, 105, 103, 185, 34, 31, 36], [0, 149, 216, 191, 92, 11, 219, 233, 10, 22, 35, 153, 144, 189, 29, 87, 228, 206, 114, 54, 215, 202], [0, 150, 45, 173, 18, 183, 169, 193, 56, 256, 123, 20, 203, 8, 14, 152, 227, 140, 225, 65, 89, 172, 71, 84, 196]]


#################

init = 33404.023
res = 28093.057
gap = 97.935

solution = [[0, 181, 96, 74, 121, 147, 136, 184, 24, 200, 21, 133, 81, 129, 113, 165, 126, 30, 88, 157], [0, 217, 250, 26, 104, 209, 100, 48, 221, 19, 207, 50, 28, 187, 240, 93, 76, 72, 254, 251, 166], [0, 195, 220, 9, 145, 40, 55, 186, 5, 73, 13, 198, 58, 128, 122, 101, 230, 99, 132], [0, 138, 243, 248, 17, 83, 127, 223, 201, 61, 63, 238, 70, 167, 205, 190, 244, 111, 117, 236, 4, 80], [0, 162, 69, 120, 211, 124, 109, 160, 255, 106, 2, 179, 98, 259, 246, 168, 241, 1, 32], [0, 156, 118, 107, 148, 67, 213, 85, 130, 210, 86, 131, 41, 180, 37, 214, 82, 188, 110, 39, 178, 139, 137, 46], [0, 79, 135, 134, 75, 253, 232, 49, 159, 242, 91], [0, 161, 94, 175, 182, 252, 208, 38, 234, 170, 125, 164, 239, 235, 146, 23, 224, 204, 33, 115, 222, 155, 257], [0, 174, 7, 142, 44, 212, 42, 102, 171, 116, 51, 64, 260, 53, 226, 197, 16, 231, 143, 141, 62, 15, 229, 177], [0, 176, 218, 84, 71, 87, 29, 189, 144, 153, 35, 22, 10, 233, 219, 11, 92, 191, 114, 54, 196, 215, 202], [0, 172, 225, 6, 45, 150, 173, 18, 183, 169, 193, 56, 256, 123, 20, 203, 8, 14, 152, 227, 140, 65, 89, 228, 206, 216, 149], [0, 245, 95, 192, 237, 60, 77, 25, 154, 78, 27, 194, 163, 12, 105, 103, 185, 34, 36, 68], [0, 158, 258, 3, 66, 90, 112, 43, 57, 119, 151, 31, 249, 47, 199, 97, 52, 108, 59, 247]]


#################

init = 33404.023
res = 28384.282
gap = 97.957

solution = [[0, 181, 96, 74, 121, 147, 136, 184, 24, 200, 21, 133, 81, 129, 113, 165, 126, 30, 88, 157], [0, 245, 95, 192, 237, 60, 77, 25, 154, 78, 27, 194, 163, 12, 105, 103, 185, 31, 34, 151], [0, 195, 220, 9, 145, 40, 55, 186, 5, 73, 13, 198, 58, 128, 122, 101, 230, 99, 132], [0, 251, 158, 68, 258, 3, 66, 90, 112, 43, 57, 119, 36, 249, 47, 199, 97, 52, 108, 59, 247, 166], [0, 138, 243, 248, 17, 83, 127, 223, 193, 201, 61, 63, 238, 70, 167, 205, 190, 244, 111, 117, 236, 4, 80], [0, 162, 69, 120, 211, 124, 109, 160, 255, 106, 2, 179, 98, 259, 246, 168, 241, 1, 32], [0, 79, 118, 107, 148, 67, 213, 85, 130, 210, 86, 131, 41, 180, 37, 214, 82, 188, 110, 39, 178, 91], [0, 135, 134, 75, 253, 46, 137, 139, 49, 232, 242, 159], [0, 161, 94, 175, 182, 252, 208, 38, 234, 170, 125, 164, 239, 235, 146, 23, 224, 204, 33, 115, 222, 155, 257], [0, 176, 218, 196, 84, 71, 114, 216, 191, 29, 189, 144, 153, 35, 22, 10, 233, 219, 11, 92, 149, 215, 202], [0, 172, 225, 6, 45, 150, 173, 18, 183, 169, 56, 256, 123, 20, 203, 8, 14, 152, 227, 140, 65, 89, 87, 228, 206, 54, 156], [0, 217, 250, 26, 104, 209, 100, 48, 221, 19, 207, 50, 28, 187, 240, 93, 76, 72, 254], [0, 174, 7, 142, 44, 212, 42, 102, 171, 116, 51, 64, 260, 53, 226, 197, 16, 231, 143, 141, 62, 15, 229, 177]]


#################

init = 33404.023
res = 28158.214
gap = 97.94

solution = [[0, 181, 96, 74, 121, 147, 136, 184, 24, 200, 21, 133, 81, 129, 113, 165, 126, 30, 88, 157], [0, 217, 250, 26, 104, 209, 100, 48, 221, 19, 207, 50, 28, 187, 240, 93, 76, 72, 42, 254, 251, 166], [0, 195, 220, 9, 145, 40, 55, 186, 5, 73, 13, 198, 58, 128, 122, 101, 230, 99, 132], [0, 138, 243, 248, 17, 83, 127, 223, 201, 61, 63, 238, 70, 167, 205, 190, 244, 111, 117, 236, 4, 80], [0, 162, 69, 120, 211, 124, 109, 160, 255, 106, 2, 179, 98, 259, 246, 168, 241, 1, 32], [0, 161, 94, 175, 182, 252, 208, 38, 234, 170, 125, 164, 239, 235, 146, 23, 224, 204, 33, 115, 222, 155, 257], [0, 79, 135, 134, 75, 46, 253, 229, 232, 242, 159], [0, 137, 118, 107, 148, 67, 213, 85, 130, 210, 86, 131, 41, 180, 37, 214, 82, 188, 110, 39, 178, 139], [0, 49, 7, 142, 44, 212, 102, 171, 116, 51, 64, 260, 53, 226, 197, 16, 231, 143, 141, 62, 15, 174, 91, 177], [0, 176, 218, 196, 54, 114, 216, 191, 87, 29, 189, 144, 153, 35, 22, 10, 233, 219, 11, 92, 149, 215, 202, 156], [0, 172, 225, 6, 45, 150, 173, 18, 183, 169, 193, 56, 256, 123, 20, 203, 8, 14, 152, 227, 140, 65, 89, 228, 206, 71, 84], [0, 247, 59, 108, 52, 97, 199, 47, 249, 34, 119, 57, 43, 112, 90, 66, 3, 258, 158], [0, 245, 95, 192, 237, 60, 77, 25, 154, 78, 27, 194, 163, 12, 105, 103, 185, 31, 36, 151, 68]]


#################

init = 33404.023
res = 28108.368
gap = 97.937

solution = [[0, 181, 96, 74, 121, 147, 136, 184, 24, 200, 21, 133, 81, 129, 113, 165, 126, 30, 88, 157], [0, 195, 220, 9, 145, 40, 55, 186, 5, 73, 13, 198, 58, 128, 122, 101, 230, 99, 132], [0, 138, 243, 248, 17, 83, 127, 223, 201, 61, 238, 70, 167, 205, 190, 244, 111, 117, 236, 4, 80], [0, 162, 69, 120, 211, 124, 109, 160, 255, 106, 2, 179, 98, 259, 246, 168, 241, 1, 32], [0, 257, 155, 222, 115, 33, 204, 224, 23, 146, 235, 239, 164, 125, 170, 234, 38, 208, 252, 182, 175, 94, 161], [0, 166, 212, 72, 93, 240, 187, 28, 50, 207, 19, 221, 48, 100, 209, 104, 26, 250, 217], [0, 172, 225, 6, 45, 150, 173, 18, 183, 169, 193, 56, 256, 123, 20, 203, 8, 14, 152, 227, 140, 65, 89, 206, 71, 84], [0, 63, 245, 95, 192, 237, 60, 77, 25, 154, 78, 27, 194, 163, 12, 105, 103, 185, 34, 36], [0, 158, 68, 258, 3, 66, 90, 112, 43, 57, 119, 151, 31, 249, 47, 199, 97, 52, 108, 59, 247, 76], [0, 107, 196, 54, 114, 216, 191, 228, 87, 29, 189, 144, 153, 35, 22, 10, 233, 219, 11, 92, 149, 215, 202, 118, 156, 75], [0, 139, 148, 178, 39, 110, 188, 82, 214, 37, 180, 41, 131, 86, 210, 130, 85, 213, 67, 218, 176, 137], [0, 79, 135, 134, 253, 46, 62, 15, 174, 49, 232, 159, 242], [0, 91, 7, 142, 44, 254, 42, 102, 171, 116, 51, 64, 251, 260, 53, 226, 197, 16, 231, 143, 141, 229, 177]]


#################

init = 33404.023
res = 28207.447
gap = 97.944

solution = [[0, 181, 96, 74, 121, 147, 136, 184, 24, 200, 21, 133, 81, 129, 113, 165, 126, 30, 88, 157], [0, 217, 250, 26, 104, 209, 100, 48, 221, 19, 207, 50, 28, 187, 240, 93, 76, 72, 254, 251, 166], [0, 195, 220, 9, 145, 40, 55, 186, 5, 73, 13, 198, 58, 128, 122, 101, 230, 99, 132], [0, 138, 243, 248, 17, 83, 127, 223, 201, 61, 63, 238, 70, 167, 205, 190, 244, 111, 117, 236, 4, 80], [0, 162, 69, 120, 211, 124, 109, 160, 255, 106, 2, 179, 98, 259, 246, 168, 241, 1, 32], [0, 161, 94, 175, 182, 252, 208, 38, 234, 170, 125, 164, 239, 235, 146, 23, 224, 204, 33, 115, 222, 155, 257], [0, 172, 225, 6, 45, 150, 173, 18, 183, 169, 193, 56, 256, 123, 20, 203, 8, 14, 152, 227, 140, 65, 89, 87, 228, 206, 216, 149], [0, 176, 218, 84, 71, 29, 189, 144, 153, 35, 22, 10, 233, 219, 11, 92, 191, 114, 54, 196, 215, 156, 75], [0, 135, 134, 253, 46, 118, 202, 107, 137, 232, 49, 159, 242], [0, 139, 148, 67, 213, 85, 130, 210, 86, 131, 41, 180, 37, 214, 82, 188, 110, 39, 178, 91], [0, 229, 174, 7, 142, 44, 212, 42, 102, 171, 116, 51, 64, 260, 53, 226, 197, 16, 231, 143, 141, 62, 15, 79, 177], [0, 245, 95, 192, 237, 60, 77, 25, 154, 78, 27, 194, 163, 12, 105, 103, 185, 34, 36], [0, 158, 68, 258, 3, 66, 90, 112, 43, 57, 119, 151, 31, 249, 47, 199, 97, 52, 108, 59, 247]]


#################

init = 34476.445
res = 27988.33
gap = 97.928

solution = [[0, 181, 96, 74, 121, 147, 136, 184, 24, 200, 21, 133, 81, 129, 113, 165, 126, 30, 88, 157], [0, 185, 103, 105, 12, 163, 194, 25, 27, 78, 154, 77, 60, 237, 192, 95, 245, 167, 205, 138, 18, 110], [0, 195, 9, 145, 40, 55, 186, 5, 73, 13, 198, 58, 128, 122, 101, 230, 99, 220, 132], [0, 217, 250, 68, 66, 90, 112, 43, 57, 119, 151, 36, 34, 31, 3, 258, 249, 47, 199, 97, 52, 108, 76, 251], [0, 100, 48, 221, 19, 207, 80, 236, 190, 244, 111, 117, 4, 50, 28, 187, 209, 104, 171, 166], [0, 53, 260, 102, 116, 64, 51, 26, 240, 158, 59, 247, 93, 72, 42, 254, 212, 44], [0, 162, 69, 120, 211, 124, 109, 160, 255, 106, 2, 179, 98, 259, 246, 168, 241, 1, 32], [0, 161, 94, 175, 182, 252, 208, 38, 234, 170, 125, 164, 239, 235, 146, 23, 224, 204, 33, 115, 222, 155, 257], [0, 135, 134, 79, 91, 229, 242, 159, 232, 49], [0, 75, 253, 46, 137, 156, 118, 202, 215, 196, 54, 114, 216, 191, 206, 71, 84, 218, 176, 139, 62, 15, 177], [0, 107, 228, 87, 172, 89, 65, 225, 56, 256, 123, 20, 203, 8, 14, 152, 227, 140, 29, 189, 144, 153, 35, 22, 10, 233, 219, 11, 92, 149], [0, 37, 173, 150, 45, 183, 169, 248, 243, 17, 70, 238, 63, 61, 201, 83, 127, 223, 193, 6, 67], [0, 7, 142, 197, 226, 178, 39, 188, 214, 82, 180, 41, 131, 86, 210, 130, 85, 213, 148, 143, 16, 231, 141, 174]]


#################

init = 34476.445
res = 27876.263
gap = 97.919

solution = [[0, 181, 96, 74, 121, 147, 136, 184, 24, 200, 21, 133, 81, 129, 113, 165, 126, 30, 88, 157], [0, 185, 103, 105, 12, 163, 194, 25, 27, 78, 154, 77, 60, 237, 192, 95, 245, 167, 205, 138, 18, 110], [0, 195, 9, 145, 40, 55, 186, 5, 73, 13, 198, 58, 128, 122, 101, 230, 99, 220, 132], [0, 76, 108, 52, 97, 199, 47, 249, 31, 34, 36, 151, 119, 57, 43, 112, 90, 66, 3, 258, 68, 251, 166], [0, 100, 48, 221, 19, 207, 80, 236, 190, 244, 111, 117, 4, 50, 28, 187, 209, 104, 217, 171], [0, 53, 260, 102, 116, 64, 51, 250, 26, 240, 158, 59, 247, 93, 72, 42, 254, 212, 44], [0, 162, 69, 120, 211, 124, 109, 160, 255, 106, 2, 179, 98, 259, 246, 168, 241, 1, 32], [0, 161, 94, 175, 182, 252, 208, 38, 234, 170, 125, 164, 239, 235, 146, 23, 224, 204, 33, 115, 222, 155, 257], [0, 7, 142, 197, 226, 178, 39, 188, 214, 82, 180, 41, 131, 86, 210, 130, 85, 213, 67, 143, 16, 231, 141, 174], [0, 177, 135, 134, 79, 91, 229, 242, 159, 232, 49], [0, 253, 46, 137, 107, 118, 202, 215, 196, 54, 114, 216, 191, 87, 228, 206, 71, 84, 218, 176, 139, 62, 15], [0, 172, 29, 65, 89, 225, 140, 56, 256, 123, 20, 203, 8, 14, 152, 227, 189, 144, 153, 35, 22, 10, 233, 219, 11, 92, 149, 156, 75], [0, 37, 173, 150, 45, 183, 169, 248, 243, 17, 70, 238, 63, 61, 201, 83, 127, 223, 193, 6, 148]]


#################

init = 34476.445
res = 27866.217
gap = 97.919

solution = [[0, 181, 96, 74, 121, 147, 136, 184, 24, 200, 21, 133, 81, 129, 113, 165, 126, 30, 88, 157], [0, 185, 103, 105, 12, 163, 194, 25, 27, 78, 154, 77, 60, 237, 192, 95, 245, 167, 205, 138, 18, 110], [0, 195, 9, 145, 40, 55, 186, 5, 73, 13, 198, 58, 128, 122, 101, 230, 99, 220, 132], [0, 166, 251, 76, 108, 52, 97, 199, 47, 249, 31, 34, 36, 151, 119, 57, 43, 112, 90, 66, 3, 258, 68], [0, 100, 48, 221, 19, 207, 80, 236, 190, 244, 111, 117, 4, 50, 28, 187, 209, 104, 217, 171], [0, 53, 260, 102, 116, 64, 51, 250, 26, 240, 158, 59, 247, 93, 72, 42, 254, 212, 44], [0, 162, 69, 120, 211, 124, 109, 160, 255, 106, 2, 179, 98, 259, 246, 168, 241, 1, 32], [0, 202, 215, 228, 87, 172, 89, 65, 225, 56, 256, 123, 20, 203, 8, 14, 152, 227, 140, 29, 189, 144, 153, 35, 22, 10, 233, 219, 11, 92, 149], [0, 161, 94, 175, 182, 252, 208, 38, 234, 170, 125, 164, 239, 235, 146, 23, 224, 204, 33, 115, 222, 155, 257], [0, 135, 134, 79, 91, 229, 242, 159, 232, 49], [0, 75, 253, 46, 137, 156, 118, 107, 196, 54, 114, 216, 191, 206, 71, 84, 218, 176, 139, 62, 15, 177], [0, 37, 173, 150, 45, 183, 169, 248, 243, 17, 70, 238, 63, 61, 201, 83, 127, 223, 193, 6, 213], [0, 7, 142, 197, 226, 178, 39, 188, 214, 82, 180, 41, 131, 86, 210, 130, 85, 67, 148, 143, 16, 231, 141, 174]]


#################

init = 34476.445
res = 27936.342
gap = 97.924

solution = [[0, 181, 96, 74, 121, 147, 136, 184, 24, 200, 21, 133, 81, 129, 113, 165, 126, 30, 88, 157], [0, 185, 103, 105, 12, 163, 194, 25, 27, 78, 154, 77, 60, 237, 192, 95, 245, 167, 205, 138, 18, 110], [0, 195, 9, 145, 40, 55, 186, 5, 73, 13, 198, 58, 128, 122, 101, 230, 99, 220, 132], [0, 217, 250, 68, 258, 3, 66, 90, 112, 43, 57, 119, 151, 36, 34, 31, 249, 47, 199, 97, 52, 108, 76, 251], [0, 100, 48, 221, 19, 207, 80, 236, 190, 244, 111, 117, 4, 50, 28, 187, 209, 104, 171, 166], [0, 53, 260, 102, 116, 64, 51, 26, 240, 158, 59, 247, 93, 72, 42, 254, 212, 44], [0, 37, 173, 150, 45, 183, 169, 248, 243, 17, 70, 238, 63, 61, 201, 83, 127, 223, 193, 6], [0, 162, 69, 120, 211, 124, 109, 160, 255, 106, 2, 179, 98, 259, 246, 168, 241, 1, 32], [0, 202, 215, 228, 87, 172, 89, 65, 225, 56, 256, 123, 20, 203, 8, 14, 152, 227, 140, 29, 189, 144, 153, 35, 22, 10, 233, 219, 11, 92, 149], [0, 161, 94, 175, 182, 252, 208, 38, 234, 170, 125, 164, 239, 235, 146, 23, 224, 204, 33, 115, 222, 155, 257], [0, 7, 142, 197, 226, 178, 39, 188, 214, 82, 180, 41, 131, 86, 210, 130, 85, 213, 67, 143, 16, 231, 141, 174], [0, 177, 135, 79, 91, 229, 62, 15, 49, 232, 242, 159], [0, 75, 156, 118, 107, 176, 218, 196, 84, 54, 114, 216, 191, 206, 71, 148, 139, 137, 46, 253, 134]]
