Génération aléatoire des parametres (base)
On apprend sur l'intégralité de la base (censé être mauvais)
On ne garde que les aretes prises la moitié du nb de solutions

#################
Base = 100
lim = 50
edges = [(51, 3, 1), (58, 0, 7), (58, 8, 5), (60, 30, 15), (62, 0, 6), (64, 15, 32), (65, 29, 36), (72, 0, 4), (72, 36, 0), (73, 5, 3), (74, 27, 0)]



#################
Base = 100
lim = 50
edges = [(53, 3, 1), (59, 30, 15), (60, 0, 6), (61, 27, 0), (64, 29, 36), (65, 15, 32), (66, 5, 3), (70, 0, 7), (71, 0, 4), (74, 36, 0)]



#################
Base = 100
lim = 500
edges = [(53, 22, 23), (57, 3, 1), (58, 0, 6), (59, 15, 32), (61, 0, 7), (64, 29, 36), (67, 27, 0), (67, 36, 0), (68, 5, 3), (72, 0, 4)]



#################
Base = 1000
lim = 500
edges = [(22, 23), (30, 15), (0, 7), (0, 6), (15, 32), (29, 36), (5, 3), (0, 4), (27, 0), (36, 0)]



#################
Base = 1000
lim = 500
edges = [(22, 23), (0, 7), (30, 15), (0, 6), (15, 32), (5, 3), (29, 36), (0, 4), (36, 0), (27, 0)]



#################
Base = 1000
Lim = 400

edges = [(11, 12), (2, 28), (19, 31), (28, 2), (31, 34), (0, 1), (12, 22), (0, 13), (8, 5), (35, 27), (3, 1), (14, 0), (22, 23), (0, 7), (30, 15), (0, 6), (29, 36), (15, 32), (5, 3), (27, 0), (0, 4), (36, 0)]

