

#################
Base = 500
Percent = 10
Lim = 5

edges = [(2, 28), (4, 34), (6, 36), (7, 24), (13, 7), (14, 18), (16, 0), (18, 4), (19, 21), (19, 31), (22, 12), (29, 24), (33, 9), (34, 13), (0, 5), (14, 16), (0, 22), (1, 34), (3, 5), (4, 19), (10, 12), (11, 30), (13, 26), (15, 0), (19, 10), (20, 18), (20, 34), (0, 12), (6, 20), (12, 11), (20, 0), (0, 20), (1, 31), (4, 10), (6, 29), (8, 20), (14, 6), (26, 18), (0, 26), (7, 18), (14, 36), (23, 22), (23, 26), (23, 31), (24, 7), (26, 10), (5, 8), (29, 0), (0, 24), (14, 0), (34, 17), (0, 15), (15, 30), (17, 0), (26, 0), (26, 31), (30, 11), (1, 20), (2, 21), (4, 13), (6, 8), (21, 9), (23, 28), (31, 0), (36, 29), (16, 25), (20, 8), (0, 25), (7, 16), (10, 26), (24, 0), (24, 29), (32, 27), (33, 0), (35, 32), (11, 10), (18, 0), (18, 14), (31, 34), (17, 21), (33, 19), (10, 11), (11, 12), (19, 0), (0, 16), (35, 27), (0, 13), (16, 24), (0, 14), (0, 17), (34, 0), (2, 9), (21, 28), (13, 30), (15, 32), (32, 0), (0, 7), (12, 22), (29, 36), (0, 6), (36, 0), (8, 5), (30, 15), (5, 3), (22, 23), (3, 1), (25, 35), (27, 0), (0, 4), (9, 33), (28, 2)]



#################
Base = 500
Percent = 10
Lim = 10

edges = [(20, 8), (0, 15), (15, 30), (17, 21), (19, 31), (30, 11), (33, 19), (5, 8), (17, 0), (22, 12), (10, 26), (21, 9), (31, 0), (32, 27), (35, 32), (0, 25), (2, 21), (12, 11), (20, 0), (23, 22), (23, 26), (23, 28), (36, 29), (18, 0), (26, 0), (34, 0), (7, 16), (24, 0), (0, 24), (14, 0), (16, 24), (19, 0), (0, 17), (10, 11), (16, 25), (1, 20), (6, 8), (11, 10), (11, 12), (18, 14), (31, 34), (24, 29), (33, 0), (0, 14), (0, 7), (0, 16), (2, 9), (13, 30), (21, 28), (0, 13), (12, 22), (15, 32), (32, 0), (35, 27), (8, 5), (5, 3), (29, 36), (22, 23), (36, 0), (0, 6), (30, 15), (0, 4), (3, 1), (25, 35), (9, 33), (28, 2), (27, 0)]



#################
Base = 500
Percent = 10
Lim = 25

edges = [(0, 14), (16, 24), (12, 22), (13, 30), (0, 13), (0, 16), (0, 6), (2, 9), (21, 28), (22, 23), (32, 0), (15, 32), (29, 36), (35, 27), (0, 7), (8, 5), (36, 0), (30, 15), (5, 3), (25, 35), (3, 1), (0, 4), (9, 33), (28, 2), (27, 0)]



#################
Base = 500
Percent = 10
Lim = 25

edges = [(12, 22), (33, 0), (22, 23), (0, 6), (0, 13), (0, 14), (0, 7), (13, 30), (0, 16), (29, 36), (36, 0), (15, 32), (32, 0), (8, 5), (2, 9), (21, 28), (30, 15), (35, 27), (5, 3), (25, 35), (3, 1), (0, 4), (9, 33), (28, 2), (27, 0)]




#################
Base = 500
Percent = 10
Lim = 30

edges = [(0, 17), (13, 30), (0, 13), (0, 14), (0, 16), (29, 36), (2, 9), (21, 28), (8, 5), (36, 0), (0, 7), (12, 22), (15, 32), (32, 0), (5, 3), (22, 23), (30, 15), (3, 1), (35, 27), (25, 35), (0, 4), (9, 33), (28, 2), (27, 0)]



#################
Base = 500
Percent = 10
Lim = 40

edges = [(9, 33), (28, 2), (25, 35), (27, 0)]



#################
Base = 500
Percent = 10
Lim = 40

edges = [(0, 4), (27, 0)]



#################
Base = 500
Percent = 10
Lim = 40

edges = [(25, 35), (9, 33), (28, 2), (27, 0)]

true = [True, False, True, True]
accuracy = 0.75



#################
Base = 500
Percent = 10
Lim = 30

edges = [(30, 15), (35, 27), (0, 7), (8, 5), (25, 35), (3, 1), (5, 3), (9, 33), (28, 2), (0, 4), (27, 0)]

true = [True, False, True, False, True, False, False, False, True, True, True]
accuracy = 0.5454545454545454



#################
Base = 500
Percent = 10
Lim = 30

edges = [(22, 23), (35, 27), (8, 5), (0, 7), (9, 33), (15, 32), (29, 36), (32, 0), (25, 35), (36, 0), (0, 6), (30, 15), (5, 3), (0, 4), (3, 1), (28, 2), (27, 0)]

true = [True, False, False, True, False, True, False, False, True, False, False, True, False, True, False, True, True]
accuracy = 0.47058823529411764

