Aretes fixées après apprentissage pour cette exécution
Fixed edges = [[0, 10, 11, 12, 22, 23, 0], [0, 3, 5, 0], [0, 2, 28, 0], [0, 30, 15, 32, 0], [0, 25, 35, 27, 0], [0, 1, 0], [0, 4, 0], [0, 6, 0], [0, 7, 0], [0, 8, 0], [0, 9, 0], [0, 13, 0], [0, 14, 0], [0, 16, 0], [0, 17, 0], [0, 18, 0], [0, 19, 0], [0, 20, 0], [0, 21, 0], [0, 24, 0], [0, 26, 0], [0, 29, 0], [0, 31, 0], [0, 33, 0], [0, 34, 0], [0, 36, 0]]


#################
lambda = 0.5
mu = 0.1
nu = 0.1

init = 1181.908
res = 1022.717
gap = 6.915

solution = [[0, 36, 29], [0, 27, 35, 25], [0, 24, 16, 7], [0, 32, 15, 30, 13], [0, 26, 21, 9], [0, 33, 2, 28, 23, 22, 12, 11, 10], [0, 18, 4, 17, 34, 19, 31, 14], [0, 6, 8, 5, 3, 1, 20]]


#################
lambda = 0.5
mu = 0.1
nu = 0.2

init = 1169.995
res = 993.258
gap = 4.154

solution = [[0, 31, 19, 26, 21, 9], [0, 10, 11, 12, 22, 23, 28, 2, 33], [0, 6, 8, 5, 3, 1, 20, 14], [0, 29, 36], [0, 18, 34, 17, 4, 7, 16, 24], [0, 35, 25], [0, 13, 30, 15, 32, 27]]


#################
lambda = 0.5
mu = 0.1
nu = 1.6

init = 1178.512
res = 1000.989
gap = 4.894

solution = [[0, 6, 14], [0, 7, 25, 35, 16], [0, 29, 36], [0, 27, 32, 15, 30, 10], [0, 20, 8, 1, 3, 5, 33, 9, 19], [0, 17, 21, 2, 28, 23, 22, 12, 11], [0, 24], [0, 18, 4, 34, 31, 26, 13]]


#################
lambda = 0.5
mu = 0.4
nu = 1.9000000000000001

init = 1188.71
res = 980.157
gap = 2.873

solution = [[0, 10, 11, 12, 22, 23, 28, 2, 33, 20], [0, 13, 30, 15, 32, 27], [0, 35, 25], [0, 31, 19, 9, 21, 26, 4], [0, 18, 17, 34, 1, 3, 5, 8], [0, 14, 6, 36, 29], [0, 7, 16, 24]]


#################
lambda = 0.5
mu = 0.8
nu = 1.5

init = 1182.568
res = 996.906
gap = 4.505

solution = [[0, 26, 10, 11, 12, 22, 23, 21], [0, 14, 18, 20, 1, 3, 5, 8, 6], [0, 33, 2, 28, 9, 19, 31, 17], [0, 35, 25, 13], [0, 4, 34, 30, 15, 32, 27], [0, 24, 16, 7], [0, 29, 36]]


#################
lambda = 0.5
mu = 0.9
nu = 0.1

init = 1196.49
res = 980.19
gap = 2.876

solution = [[0, 25, 35], [0, 13, 30, 15, 32, 27], [0, 10, 11, 12, 22, 23, 28, 2, 33, 20], [0, 18, 34, 31, 1, 3, 5, 8], [0, 4, 26, 21, 9, 19, 17, 14], [0, 7, 16, 24], [0, 29, 36, 6]]


#################
lambda = 0.5
mu = 0.9
nu = 1.1

init = 1198.294
res = 988.657
gap = 3.708

solution = [[0, 27, 32, 15, 30, 13], [0, 14, 4, 35, 25], [0, 6, 8, 5, 3, 1, 19, 31], [0, 20, 33, 9, 21, 2, 28, 23, 22, 12], [0, 18, 17, 34, 26, 10, 11], [0, 24, 16, 7], [0, 29, 36]]


#################
lambda = 0.5
mu = 1.1
nu = 0.1

init = 1186.606
res = 976.983
gap = 2.557

solution = [[0, 33, 2, 9, 19, 31, 34], [0, 32, 15, 30, 13, 4], [0, 6, 20, 8, 5, 3, 1, 17, 18], [0, 24, 27, 35, 25], [0, 26, 10, 11, 12, 22, 23, 28, 21], [0, 16, 7, 14], [0, 29, 36]]


#################
lambda = 0.5
mu = 1.1
nu = 1.2000000000000002

init = 1142.322
res = 993.634
gap = 4.19

solution = [[0, 33, 2, 28, 23, 22, 12, 11, 10], [0, 13, 30, 15, 32], [0, 27, 35, 25], [0, 18, 34, 17, 4, 7, 16, 24], [0, 31, 19, 26, 21, 9], [0, 36, 29], [0, 14, 20, 1, 3, 5, 8, 6]]


#################
lambda = 0.5
mu = 1.2000000000000002
nu = 0.1

init = 1147.806
res = 980.417
gap = 2.899

solution = [[0, 13, 30, 15, 32, 27], [0, 21, 28, 23, 22, 12, 11, 10, 26], [0, 34, 31, 19, 9, 2, 33], [0, 18, 17, 1, 3, 5, 8, 20, 6], [0, 14, 4, 35, 25], [0, 7, 16, 24], [0, 36, 29]]


#################
lambda = 0.5
mu = 1.3
nu = 0.1

init = 1173.424
res = 1012.782
gap = 6.002

solution = [[0, 20, 1, 3, 5, 33, 9, 2, 28], [0, 26, 10, 11, 12, 22, 23, 21], [0, 18, 4, 17, 34, 31, 19, 8], [0, 25, 35], [0, 13, 30, 15, 32, 27], [0, 14, 6, 36, 29], [0, 24, 16, 7]]


#################
lambda = 0.5
mu = 1.3
nu = 1.8

init = 1160.455
res = 965.258
gap = 1.373

solution = [[0, 34, 31, 9, 21, 26], [0, 35, 25, 4, 18, 14], [0, 17, 19, 1, 3, 5, 8, 20, 6], [0, 29, 36], [0, 13, 30, 15, 32, 27], [0, 24, 16, 7], [0, 10, 11, 12, 22, 23, 28, 2, 33]]


#################
lambda = 0.5
mu = 1.4000000000000001
nu = 1.0

init = 1163.549
res = 981.35
gap = 2.991

solution = [[0, 21, 28, 23, 22, 12, 11, 10, 26], [0, 27, 35, 25], [0, 9, 2, 33, 5, 3, 8], [0, 29, 36], [0, 18, 17, 34, 31, 19, 1, 20, 6], [0, 4, 13, 30, 15, 32], [0, 24, 16, 7, 14]]


#################
lambda = 0.5
mu = 1.4000000000000001
nu = 1.3

init = 1218.491
res = 982.948
gap = 3.148

solution = [[0, 25, 35, 27, 24], [0, 18, 13, 30, 15, 32], [0, 16, 7, 4, 17, 34, 31, 19], [0, 6, 8, 36, 29], [0, 26, 10, 11, 12, 22, 23, 28, 21], [0, 20, 1, 3, 5, 33, 2, 9, 14]]


#################
lambda = 0.5
mu = 1.5
nu = 0.1

init = 1255.925
res = 980.637
gap = 2.92

solution = [[0, 31, 19, 34, 17, 4, 7, 16], [0, 29, 36, 8, 5, 3, 1, 20], [0, 32, 15, 30, 13, 18], [0, 25, 35, 27, 24], [0, 33, 2, 28, 23, 22, 12, 11, 10], [0, 6, 9, 21, 26, 14]]


#################
lambda = 0.5
mu = 1.5
nu = 0.4

init = 1229.703
res = 988.267
gap = 3.67

solution = [[0, 24], [0, 29, 36], [0, 6, 8, 5, 3, 1, 20, 18, 14], [0, 27, 32, 35, 25], [0, 16, 7], [0, 15, 30, 11, 10, 26], [0, 13, 19, 31, 34, 17, 4], [0, 33, 9, 21, 2, 28, 23, 22, 12]]


#################
lambda = 0.5
mu = 1.5
nu = 0.5

init = 1227.75
res = 956.754
gap = 0.497

solution = [[0, 27, 32, 15, 30, 13], [0, 24, 29, 36, 6, 14], [0, 33, 2, 28, 23, 22, 12, 11, 10], [0, 31, 19, 9, 21, 26, 4], [0, 7, 25, 35, 16], [0, 18, 17, 34, 20, 1, 3, 5, 8]]


#################
lambda = 0.5
mu = 1.5
nu = 0.8

init = 1257.664
res = 992.716
gap = 4.101

solution = [[0, 13, 30, 15, 32], [0, 36, 29], [0, 10, 11, 12, 22, 23, 28, 2, 33], [0, 31, 19, 26, 21, 9], [0, 6, 8, 5, 3, 1, 20, 14], [0, 16, 7, 4, 18, 17, 34], [0, 25, 35, 27, 24]]


#################
lambda = 0.5
mu = 1.5
nu = 1.0

init = 1260.157
res = 982.398
gap = 3.094

solution = [[0, 13, 11, 12, 22, 23, 28, 2, 33], [0, 4, 26, 21, 9, 19, 34, 18], [0, 27, 35, 25], [0, 32, 15, 30, 10, 17], [0, 36, 29], [0, 31, 1, 3, 5, 8, 20, 6], [0, 14, 7, 16, 24]]


#################
lambda = 0.5
mu = 1.6
nu = 0.1

init = 1373.085
res = 1009.502
gap = 5.696

solution = [[0, 26, 10, 11, 12, 22, 23, 21], [0, 27, 35, 25, 7], [0, 32, 15, 30, 13], [0, 20, 1, 3, 5, 33, 9, 2, 28], [0, 14, 6, 8, 36, 29], [0, 24], [0, 16, 4, 18, 17, 34, 31, 19]]


#################
lambda = 0.5
mu = 1.6
nu = 0.6000000000000001

init = 1297.344
res = 986.813
gap = 3.528

solution = [[0, 24, 35, 25], [0, 13, 30, 15, 32, 27], [0, 6, 8, 5, 3, 1, 20, 14], [0, 29, 36], [0, 10, 11, 12, 22, 23, 28, 2, 33], [0, 31, 19, 9, 21, 26, 18], [0, 16, 7, 4, 17, 34]]


#################
lambda = 0.5
mu = 1.7000000000000002
nu = 0.1

init = 1249.178
res = 1022.341
gap = 6.88

solution = [[0, 25, 35], [0, 36, 29], [0, 7, 16, 24], [0, 6, 8, 5, 3, 1, 20], [0, 13, 30, 15, 32, 27], [0, 18, 4, 17, 34, 19, 31, 14], [0, 26, 21, 9], [0, 10, 11, 12, 22, 23, 28, 2, 33]]


#################
lambda = 0.5
mu = 1.7000000000000002
nu = 1.8

init = 1310.154
res = 985.876
gap = 3.436

solution = [[0, 29, 36], [0, 24, 16, 7, 14], [0, 35, 25, 13], [0, 27, 32, 15, 30, 10], [0, 18, 4, 17, 34, 19, 31, 6], [0, 20, 9, 2, 28, 23, 22, 12, 11], [0, 26, 21, 33, 5, 3, 1, 8]]


#################
lambda = 0.5
mu = 1.8
nu = 0.1

init = 1294.646
res = 958.003
gap = 0.627

solution = [[0, 14, 6, 36, 29, 24], [0, 7, 25, 35, 16], [0, 18, 31, 19, 26, 21, 9], [0, 13, 30, 15, 32, 27], [0, 10, 11, 12, 22, 23, 28, 2, 33], [0, 4, 17, 34, 1, 3, 5, 8, 20]]


#################
lambda = 0.5
mu = 1.8
nu = 1.3

init = 1311.761
res = 1004.047
gap = 5.184

solution = [[0, 25, 35], [0, 13, 30, 15, 32, 27], [0, 26, 10, 11, 12, 22, 23, 21], [0, 24, 16, 7], [0, 29, 36, 6], [0, 20, 1, 3, 5, 33, 2, 28, 9, 19], [0, 14, 18, 4, 17, 34, 31, 8]]


#################
lambda = 0.5
mu = 1.8
nu = 1.5

init = 1317.209
res = 973.433
gap = 2.202

solution = [[0, 36, 29], [0, 24, 16, 7, 14], [0, 10, 11, 12, 22, 23, 28, 2, 33], [0, 35, 25, 13], [0, 4, 26, 30, 15, 32, 27], [0, 18, 17, 34, 19, 31, 6], [0, 20, 8, 5, 3, 1, 9, 21]]


#################
lambda = 0.5
mu = 1.8
nu = 1.8

init = 1309.938
res = 983.396
gap = 3.193

solution = [[0, 33, 9, 21, 2, 28, 23, 22, 12], [0, 15, 30, 11, 10, 26], [0, 29, 36], [0, 27, 32, 35, 25], [0, 14, 18, 6, 20, 1, 3, 5, 8], [0, 24, 16, 7], [0, 4, 17, 34, 31, 19, 13]]


#################
lambda = 0.5
mu = 1.9000000000000001
nu = 0.4

init = 1306.84
res = 981.497
gap = 3.005

solution = [[0, 10, 11, 12, 22, 23, 28, 2], [0, 21, 9, 33, 5, 3, 1, 8], [0, 35, 25, 13], [0, 26, 30, 15, 32, 27], [0, 18, 4, 17, 34, 31, 19, 20, 6], [0, 29, 36], [0, 24, 16, 7, 14]]


#################
lambda = 0.5
mu = 1.9000000000000001
nu = 1.2000000000000002

init = 1428.137
res = 984.578
gap = 3.309

solution = [[0, 10, 11, 12, 22, 23, 28, 2, 33], [0, 25, 35], [0, 13, 30, 15, 32, 27], [0, 7, 16, 24], [0, 34, 31, 9, 21, 26], [0, 18, 4, 17, 19, 1, 3, 5, 8, 20], [0, 14, 6, 36, 29]]


#################
lambda = 0.6000000000000001
mu = 0.1
nu = 1.4000000000000001

init = 1115.419
res = 995.364
gap = 4.357

solution = [[0, 18, 4, 17, 34, 31, 19, 20, 14], [0, 29, 36], [0, 16, 7], [0, 24], [0, 10, 11, 12, 22, 23, 28, 2, 33, 5], [0, 21, 9, 1, 3, 8, 6], [0, 35, 25, 13], [0, 27, 32, 15, 30, 26]]


#################
lambda = 0.6000000000000001
mu = 0.1
nu = 1.7000000000000002

init = 1123.936
res = 976.74
gap = 2.533

solution = [[0, 36, 29], [0, 10, 11, 12, 22, 23, 28, 2, 33], [0, 20, 8, 5, 3, 1, 9, 21], [0, 18, 4, 17, 34, 19, 31, 6], [0, 24, 16, 7, 14], [0, 35, 25, 13], [0, 26, 30, 15, 32, 27]]


#################
lambda = 0.6000000000000001
mu = 0.2
nu = 1.8

init = 1171.909
res = 988.097
gap = 3.653

solution = [[0, 26, 21, 9, 19, 31], [0, 27, 35, 25], [0, 18, 34, 17, 4, 7, 16, 24], [0, 6, 8, 5, 3, 1, 20, 14], [0, 29, 36], [0, 32, 15, 30, 13], [0, 10, 11, 12, 22, 23, 28, 2, 33]]


#################
lambda = 0.6000000000000001
mu = 1.5
nu = 0.1

init = 1187.965
res = 1004.047
gap = 5.184

solution = [[0, 29, 36, 6], [0, 24, 16, 7], [0, 20, 1, 3, 5, 33, 2, 28, 9, 19], [0, 35, 25], [0, 13, 30, 15, 32, 27], [0, 26, 10, 11, 12, 22, 23, 21], [0, 14, 18, 4, 17, 34, 31, 8]]


#################
lambda = 0.6000000000000001
mu = 1.5
nu = 0.30000000000000004

init = 1218.399
res = 978.397
gap = 2.698

solution = [[0, 7, 25, 35, 16], [0, 26, 10, 11, 12, 22, 23, 21], [0, 13, 30, 15, 32, 27], [0, 9, 28, 2, 33, 5, 3, 1, 20], [0, 24, 29, 36, 6, 14], [0, 18, 4, 17, 34, 31, 19, 8]]


#################
lambda = 0.6000000000000001
mu = 1.6
nu = 0.1

init = 1246.741
res = 993.393
gap = 4.167

solution = [[0, 24, 35, 25], [0, 10, 11, 12, 22, 23, 28, 2, 33], [0, 13, 30, 15, 32, 27], [0, 29, 36], [0, 6, 8, 5, 3, 1, 20, 14], [0, 16, 7, 26, 21, 9], [0, 4, 17, 19, 31, 34, 18]]


#################
lambda = 0.6000000000000001
mu = 1.6
nu = 0.5

init = 1265.121
res = 967.963
gap = 1.649

solution = [[0, 27, 32, 15, 30, 26], [0, 35, 25, 13], [0, 16, 7, 4, 17, 34, 31, 18], [0, 14, 6, 36, 29, 24], [0, 8, 5, 3, 1, 9, 21, 19], [0, 10, 11, 12, 22, 23, 28, 2, 33, 20]]


#################
lambda = 0.6000000000000001
mu = 1.6
nu = 0.6000000000000001

init = 1263.168
res = 965.258
gap = 1.373

solution = [[0, 33, 2, 28, 23, 22, 12, 11, 10], [0, 27, 32, 15, 30, 13], [0, 17, 19, 1, 3, 5, 8, 20, 6], [0, 35, 25, 4, 18, 14], [0, 26, 21, 9, 31, 34], [0, 36, 29], [0, 7, 16, 24]]


#################
lambda = 0.6000000000000001
mu = 1.6
nu = 0.9

init = 1257.739
res = 999.879
gap = 4.788

solution = [[0, 26, 10, 11, 12, 22, 23, 21], [0, 17, 31, 19, 9, 28, 2, 33], [0, 14, 6, 8, 5, 3, 1, 20, 18, 4], [0, 35, 25, 13], [0, 34, 30, 15, 32, 27], [0, 24, 16, 7], [0, 36, 29]]


#################
lambda = 0.6000000000000001
mu = 1.7000000000000002
nu = 0.1

init = 1335.647
res = 974.556
gap = 2.314

solution = [[0, 36, 29], [0, 35, 25, 13], [0, 26, 30, 15, 32, 27], [0, 1, 5, 33, 2, 28, 23, 22, 12, 11, 10], [0, 7, 16, 24], [0, 20, 8, 3, 9, 21, 18], [0, 4, 17, 34, 19, 31, 6, 14]]


#################
lambda = 0.6000000000000001
mu = 1.7000000000000002
nu = 1.7000000000000002

init = 1302.219
res = 980.533
gap = 2.91

solution = [[0, 27, 35, 25], [0, 29, 36, 6, 14], [0, 10, 11, 12, 22, 23, 28, 2, 33, 20], [0, 7, 16, 24], [0, 32, 15, 30, 13], [0, 18, 17, 34, 1, 3, 5, 8], [0, 31, 19, 9, 21, 26, 4]]


#################
lambda = 0.6000000000000001
mu = 1.8
nu = 0.1

init = 1263.916
res = 983.464
gap = 3.199

solution = [[0, 35, 25], [0, 13, 30, 15, 32, 27], [0, 10, 11, 12, 22, 23, 28, 2, 33, 20], [0, 31, 19, 9, 21, 26], [0, 18, 4, 17, 34, 1, 3, 5, 8], [0, 14, 6, 36, 29], [0, 7, 16, 24]]


#################
lambda = 0.6000000000000001
mu = 1.8
nu = 0.8

init = 1347.745
res = 1003.565
gap = 5.138

solution = [[0, 35, 25], [0, 13, 30, 15, 32, 27], [0, 10, 11, 12, 22, 23, 28, 21, 9], [0, 4, 26, 19, 31, 34, 17, 18], [0, 7, 16, 24], [0, 20, 8, 1, 3, 5, 2, 33], [0, 29, 36, 6, 14]]


#################
lambda = 0.6000000000000001
mu = 1.8
nu = 1.2000000000000002

init = 1287.418
res = 983.69
gap = 3.222

solution = [[0, 15, 30, 11, 10, 26], [0, 27, 32, 35, 25], [0, 18, 4, 17, 34, 19, 31, 14], [0, 36, 29], [0, 33, 9, 21, 2, 28, 23, 22, 12], [0, 7, 16, 24], [0, 6, 20, 8, 5, 3, 1, 13]]


#################
lambda = 0.6000000000000001
mu = 1.9000000000000001
nu = 0.1

init = 1349.662
res = 1030.158
gap = 7.587

solution = [[0, 29, 36], [0, 24, 16, 7], [0, 25, 35], [0, 13, 30, 15, 32, 27], [0, 6, 14], [0, 20, 33, 9, 21, 2, 28, 23, 22, 12], [0, 34, 31, 1, 3, 5, 8], [0, 18, 4, 17, 19, 26, 10, 11]]


#################
lambda = 0.7000000000000001
mu = 0.1
nu = 0.2

init = 1119.279
res = 953.08
gap = 0.113

solution = [[0, 10, 11, 12, 22, 23, 28, 2, 33, 20], [0, 27, 32, 15, 30, 13], [0, 7, 25, 35, 16], [0, 4, 26, 21, 9, 19, 17, 18], [0, 14, 6, 36, 29, 24], [0, 8, 5, 3, 1, 31, 34]]


#################
lambda = 0.7000000000000001
mu = 0.1
nu = 1.4000000000000001

init = 1138.808
res = 981.717
gap = 3.027

solution = [[0, 10, 11, 12, 22, 23, 28, 2, 33], [0, 13, 30, 15, 32, 27], [0, 25, 35], [0, 18, 34, 19, 1, 3, 5, 8, 20], [0, 17, 31, 9, 21, 26, 4], [0, 24, 16, 7], [0, 29, 36, 6, 14]]


#################
lambda = 0.7000000000000001
mu = 0.2
nu = 0.1

init = 1134.134
res = 985.83
gap = 3.432

solution = [[0, 10, 11, 12, 22, 23, 28, 2, 33, 5], [0, 32, 15, 30, 13, 18], [0, 31, 19, 26, 21, 9, 20], [0, 27, 35, 25], [0, 29, 36], [0, 4, 17, 34, 1, 3, 8, 6], [0, 24, 16, 7, 14]]


#################
lambda = 0.7000000000000001
mu = 1.6
nu = 0.1

init = 1233.19
res = 1007.929
gap = 5.549

solution = [[0, 25, 35], [0, 27, 32, 15, 30, 13], [0, 26, 10, 11, 12, 22, 23, 21], [0, 4, 31, 19, 9, 28, 2, 33], [0, 18, 17, 34, 20, 1, 3, 5, 8], [0, 14, 6, 36, 29], [0, 24, 16, 7]]


#################
lambda = 0.7000000000000001
mu = 1.6
nu = 0.6000000000000001

init = 1236.987
res = 973.35
gap = 2.193

solution = [[0, 27, 32, 15, 30, 13], [0, 7, 25, 35, 16], [0, 24, 29, 36, 6], [0, 20, 1, 3, 5, 33, 2, 9, 19], [0, 14, 18, 4, 17, 34, 31, 8], [0, 21, 28, 23, 22, 12, 11, 10, 26]]


#################
lambda = 0.7000000000000001
mu = 1.7000000000000002
nu = 1.1

init = 1244.432
res = 985.745
gap = 3.423

solution = [[0, 24], [0, 29, 36], [0, 7, 25, 35, 16], [0, 10, 11, 12, 22, 23, 28, 2, 33, 20], [0, 13, 30, 15, 32, 27], [0, 4, 17, 34, 26, 21, 9], [0, 6, 14], [0, 18, 31, 19, 1, 3, 5, 8]]


#################
lambda = 0.7000000000000001
mu = 1.8
nu = 0.1

init = 1303.92
res = 980.566
gap = 2.913

solution = [[0, 8, 5, 3, 1, 31, 34, 18], [0, 10, 11, 12, 22, 23, 28, 2, 33, 20], [0, 4, 26, 21, 9, 19, 17, 14], [0, 27, 35, 25], [0, 32, 15, 30, 13], [0, 6, 36, 29], [0, 7, 16, 24]]


#################
lambda = 0.7000000000000001
mu = 1.9000000000000001
nu = 0.1

init = 1266.825
res = 988.267
gap = 3.67

solution = [[0, 15, 30, 11, 10, 26], [0, 25, 35, 32, 27], [0, 6, 8, 5, 3, 1, 20, 18, 14], [0, 36, 29], [0, 33, 9, 21, 2, 28, 23, 22, 12], [0, 4, 17, 34, 31, 19, 13], [0, 24], [0, 16, 7]]


#################
lambda = 0.7000000000000001
mu = 1.9000000000000001
nu = 0.9

init = 1259.751
res = 999.879
gap = 4.788

solution = [[0, 26, 10, 11, 12, 22, 23, 21], [0, 17, 31, 19, 9, 28, 2, 33], [0, 14, 6, 8, 5, 3, 1, 20, 18, 4], [0, 35, 25, 13], [0, 34, 30, 15, 32, 27], [0, 24, 16, 7], [0, 36, 29]]


#################
lambda = 0.7000000000000001
mu = 1.9000000000000001
nu = 1.9000000000000001

init = 1352.442
res = 999.259
gap = 4.729

solution = [[0, 29, 36], [0, 24], [0, 14, 18, 6, 20, 1, 3, 5, 8], [0, 25, 35, 32, 27], [0, 12, 22, 23, 28, 2, 33, 9, 21], [0, 15, 30, 11, 10, 26], [0, 16, 7], [0, 4, 17, 34, 31, 19, 13]]


#################
lambda = 0.8
mu = 0.1
nu = 0.1

init = 1125.983
res = 975.905
gap = 2.45

solution = [[0, 29, 36, 8, 5, 3, 1, 20], [0, 13, 30, 15, 32, 27], [0, 33, 2, 28, 23, 22, 12, 11, 10], [0, 7, 25, 35, 16], [0, 31, 19, 34, 17, 18, 24], [0, 14, 6, 9, 21, 26, 4]]


#################
lambda = 0.8
mu = 0.1
nu = 0.8

init = 1113.393
res = 987.537
gap = 3.599

solution = [[0, 27, 32, 15, 30, 13], [0, 31, 19, 9, 21, 26, 18], [0, 25, 35], [0, 29, 36], [0, 24, 16, 7, 4, 17, 34, 14], [0, 33, 2, 28, 23, 22, 12, 11, 10], [0, 20, 1, 3, 5, 8, 6]]


#################
lambda = 0.8
mu = 0.1
nu = 1.7000000000000002

init = 1117.972
res = 980.157
gap = 2.873

solution = [[0, 25, 35], [0, 13, 30, 15, 32, 27], [0, 10, 11, 12, 22, 23, 28, 2, 33, 20], [0, 8, 5, 3, 1, 34, 17, 18], [0, 7, 16, 24], [0, 31, 19, 9, 21, 26, 4], [0, 29, 36, 6, 14]]


#################
lambda = 0.8
mu = 0.8
nu = 1.8

init = 1187.309
res = 1003.766
gap = 5.157

solution = [[0, 29, 36], [0, 32, 15, 30, 13, 4], [0, 16, 25, 35, 27], [0, 31, 19, 1, 3, 8, 20, 6], [0, 24, 7], [0, 14], [0, 21, 28, 23, 22, 12, 11, 10, 26], [0, 18, 17, 34, 9, 2, 33, 5]]


#################
lambda = 0.8
mu = 1.7000000000000002
nu = 1.0

init = 1233.282
res = 980.112
gap = 2.868

solution = [[0, 21, 28, 23, 22, 12, 11, 10, 26], [0, 34, 31, 19, 9, 2, 33], [0, 13, 30, 15, 32, 27], [0, 29, 36], [0, 7, 16, 24], [0, 14, 4, 25, 35], [0, 18, 17, 1, 3, 5, 8, 20, 6]]


#################
lambda = 0.8
mu = 1.8
nu = 0.1

init = 1245.285
res = 997.221
gap = 4.535

solution = [[0, 26, 10, 11, 30, 15], [0, 29, 36], [0, 14, 18, 6, 20, 1, 3, 5, 8], [0, 12, 22, 23, 28, 2, 21, 9, 33], [0, 13, 19, 31, 34, 17, 4], [0, 24], [0, 16, 7], [0, 25, 35, 32, 27]]


#################
lambda = 0.8
mu = 1.8
nu = 0.6000000000000001

init = 1235.07
res = 955.39
gap = 0.355

solution = [[0, 13, 30, 15, 32, 27], [0, 10, 11, 12, 22, 23, 28, 2, 33, 20], [0, 7, 25, 35, 16], [0, 8, 5, 3, 1, 34, 17, 4, 18], [0, 31, 19, 9, 21, 26], [0, 14, 6, 36, 29, 24]]


#################
lambda = 0.8
mu = 1.8
nu = 0.8

init = 1233.118
res = 983.464
gap = 3.199

solution = [[0, 25, 35], [0, 13, 30, 15, 32, 27], [0, 10, 11, 12, 22, 23, 28, 2, 33, 20], [0, 31, 19, 9, 21, 26], [0, 24, 16, 7], [0, 29, 36, 6, 14], [0, 18, 4, 17, 34, 1, 3, 5, 8]]


#################
lambda = 0.8
mu = 1.9000000000000001
nu = 0.9

init = 1268.82
res = 974.442
gap = 2.303

solution = [[0, 27, 32, 35, 25], [0, 26, 10, 11, 30, 15], [0, 13, 19, 31, 34, 17, 4], [0, 33, 9, 21, 2, 28, 23, 22, 12], [0, 14, 18, 20, 1, 3, 5, 8, 6], [0, 24, 16, 7], [0, 29, 36]]


#################
lambda = 0.8
mu = 1.9000000000000001
nu = 1.5

init = 1247.837
res = 996.481
gap = 4.464

solution = [[0, 29, 36, 8, 20, 6], [0, 1, 3, 5, 33, 9, 21, 26], [0, 18, 4, 17, 34, 19, 31, 14], [0, 24, 16], [0, 7, 25, 35, 27], [0, 32, 15, 30, 13], [0, 10, 11, 12, 22, 23, 28, 2]]


#################
lambda = 0.9
mu = 1.8
nu = 0.1

init = 1183.03
res = 1003.621
gap = 5.143

solution = [[0, 26, 10, 11, 12, 22, 23, 21], [0, 25, 35, 32, 27], [0, 36, 29], [0, 14, 18, 4, 13, 30, 15], [0, 17, 31, 19, 9, 28, 2, 33], [0, 6, 20, 8, 5, 3, 1, 34], [0, 7, 16, 24]]


#################
lambda = 0.9
mu = 1.8
nu = 1.0

init = 1183.122
res = 997.733
gap = 4.584

solution = [[0, 26, 10, 11, 12, 22, 23, 28, 21], [0, 13, 30, 15, 32, 27], [0, 24], [0, 25, 35], [0, 16, 7, 4, 18, 17, 34, 31], [0, 20, 1, 3, 5, 33, 2, 9, 19], [0, 14, 6, 8, 36, 29]]


#################
lambda = 0.9
mu = 1.8
nu = 1.9000000000000001

init = 1170.271
res = 1017.17
gap = 6.407

solution = [[0, 14], [0, 26, 10, 11, 12, 22, 23, 21], [0, 31, 9, 2, 28, 19, 34, 4], [0, 18, 13, 30, 15, 32], [0, 29, 36], [0, 6, 20, 8, 1, 3, 5, 33, 17], [0, 16, 7], [0, 24, 27, 35, 25]]


#################
lambda = 0.9
mu = 1.9000000000000001
nu = 0.6000000000000001

init = 1249.757
res = 988.097
gap = 3.653

solution = [[0, 27, 35, 25], [0, 26, 21, 9, 19, 31], [0, 6, 8, 5, 3, 1, 20, 14], [0, 36, 29], [0, 18, 34, 17, 4, 7, 16, 24], [0, 32, 15, 30, 13], [0, 10, 11, 12, 22, 23, 28, 2, 33]]


#################
lambda = 0.9
mu = 1.9000000000000001
nu = 1.8

init = 1240.769
res = 951.85
gap = -0.016

solution = [[0, 13, 30, 15, 32, 27], [0, 10, 11, 12, 22, 23, 28, 2, 33], [0, 7, 25, 35, 16], [0, 34, 31, 1, 3, 5, 8, 20], [0, 24, 29, 36, 6, 14], [0, 4, 26, 21, 9, 19, 17, 18]]


#################
lambda = 1.0
mu = 0.30000000000000004
nu = 1.8

init = 1114.081
res = 983.233
gap = 3.177

solution = [[0, 27, 32, 15, 30, 13], [0, 10, 11, 12, 22, 23, 28, 2, 33], [0, 31, 19, 9, 21, 26, 4], [0, 7, 25, 35, 16], [0, 29, 36], [0, 24], [0, 18, 17, 34, 20, 1, 3, 5, 8], [0, 6, 14]]


#################
lambda = 1.0
mu = 0.4
nu = 1.3

init = 1126.671
res = 969.94
gap = 1.85

solution = [[0, 35, 25, 13], [0, 8, 1, 3, 5, 33, 9, 21], [0, 26, 30, 15, 32, 27], [0, 6, 20, 19, 31, 34, 17, 4, 18], [0, 36, 29], [0, 10, 11, 12, 22, 23, 28, 2, 14], [0, 7, 16, 24]]


#################
lambda = 1.0
mu = 0.8
nu = 1.6

init = 1141.915
res = 988.097
gap = 3.653

solution = [[0, 36, 29], [0, 32, 15, 30, 13], [0, 27, 35, 25], [0, 10, 11, 12, 22, 23, 28, 2, 33], [0, 18, 34, 17, 4, 7, 16, 24], [0, 31, 19, 9, 21, 26], [0, 6, 8, 5, 3, 1, 20, 14]]


#################
lambda = 1.1
mu = 0.1
nu = 0.1

init = 1119.92
res = 955.39
gap = 0.355

solution = [[0, 26, 21, 9, 19, 31], [0, 10, 11, 12, 22, 23, 28, 2, 33, 20], [0, 18, 4, 17, 34, 1, 3, 5, 8], [0, 27, 32, 15, 30, 13], [0, 24, 29, 36, 6, 14], [0, 7, 25, 35, 16]]


#################
lambda = 1.1
mu = 0.1
nu = 0.2

init = 1125.585
res = 974.872
gap = 2.346

solution = [[0, 24, 16, 7, 14], [0, 10, 11, 12, 22, 23, 28, 2, 33, 5], [0, 27, 35, 25], [0, 18, 13, 30, 15, 32], [0, 31, 19, 9, 21, 26, 4], [0, 36, 29], [0, 6, 20, 8, 3, 1, 34, 17]]


#################
lambda = 1.1
mu = 0.1
nu = 0.30000000000000004

init = 1118.471
res = 955.39
gap = 0.355

solution = [[0, 26, 21, 9, 19, 31], [0, 10, 11, 12, 22, 23, 28, 2, 33, 20], [0, 18, 4, 17, 34, 1, 3, 5, 8], [0, 27, 32, 15, 30, 13], [0, 24, 29, 36, 6, 14], [0, 7, 25, 35, 16]]


#################
lambda = 1.1
mu = 0.1
nu = 1.1

init = 1118.824
res = 956.754
gap = 0.497

solution = [[0, 14, 6, 36, 29, 24], [0, 10, 11, 12, 22, 23, 28, 2, 33], [0, 27, 32, 15, 30, 13], [0, 31, 19, 9, 21, 26, 4], [0, 7, 25, 35, 16], [0, 18, 17, 34, 20, 1, 3, 5, 8]]


#################
lambda = 1.1
mu = 0.1
nu = 1.2000000000000002

init = 1119.25
res = 1016.109
gap = 6.309

solution = [[0, 36, 29], [0, 27, 35, 25], [0, 31, 19, 9, 21, 26, 4], [0, 13, 11, 12, 22, 23, 28, 2, 33], [0, 32, 15, 30, 10], [0, 7, 16, 24], [0, 6, 14], [0, 20, 8, 5, 3, 1, 34, 17, 18]]


#################
lambda = 1.1
mu = 0.2
nu = 0.1

init = 1118.561
res = 960.13
gap = 0.847

solution = [[0, 33, 2, 28, 23, 22, 12, 11, 10], [0, 7, 25, 35, 16], [0, 27, 32, 15, 30, 13], [0, 14, 6, 36, 29, 24], [0, 34, 31, 20, 1, 3, 5, 8], [0, 4, 26, 21, 9, 19, 17, 18]]


#################
lambda = 1.1
mu = 0.5
nu = 0.1

init = 1131.152
res = 978.926
gap = 2.751

solution = [[0, 33, 2, 28, 23, 22, 12, 11, 10], [0, 29, 36, 6, 14], [0, 35, 25], [0, 24, 16, 7], [0, 13, 30, 15, 32, 27], [0, 18, 17, 34, 1, 3, 5, 8, 20], [0, 31, 19, 9, 21, 26, 4]]


#################
lambda = 1.1
mu = 0.6000000000000001
nu = 0.2

init = 1131.84
res = 984.828
gap = 3.333

solution = [[0, 18, 17, 34, 20, 1, 3, 5, 8], [0, 10, 11, 12, 22, 23, 28, 2, 33], [0, 31, 19, 9, 21, 26, 4], [0, 27, 32, 15, 30, 13], [0, 35, 25], [0, 7, 16, 24], [0, 29, 36, 6, 14]]


#################
lambda = 1.1
mu = 0.8
nu = 0.1

init = 1130.233
res = 983.84
gap = 3.236

solution = [[0, 10, 11, 12, 22, 23, 28, 2, 33, 20], [0, 31, 19, 9, 21, 26], [0, 18, 4, 17, 34, 1, 3, 5, 8], [0, 27, 35, 25], [0, 13, 30, 15, 32], [0, 14, 6, 36, 29], [0, 7, 16, 24]]


#################
lambda = 1.1
mu = 0.9
nu = 1.7000000000000002

init = 1132.734
res = 952.083
gap = 0.009

solution = [[0, 27, 32, 15, 30, 13], [0, 7, 25, 35, 16], [0, 14, 6, 36, 29, 24], [0, 10, 11, 12, 22, 23, 28, 2, 33, 20], [0, 8, 5, 3, 1, 34, 17, 18], [0, 31, 19, 9, 21, 26, 4]]


#################
lambda = 1.1
mu = 1.9000000000000001
nu = 0.1

init = 1172.077
res = 981.522
gap = 3.008

solution = [[0, 21, 28, 23, 22, 12, 11, 10, 26], [0, 25, 35, 27], [0, 24, 16, 7, 14], [0, 17, 31, 19, 9, 2, 33, 20], [0, 6, 8, 5, 3, 1, 34, 18], [0, 4, 13, 30, 15, 32], [0, 36, 29]]


#################
lambda = 1.1
mu = 1.9000000000000001
nu = 1.3

init = 1207.069
res = 984.487
gap = 3.3

solution = [[0, 13, 30, 15, 32, 27], [0, 6, 20, 8, 5, 3, 1, 34], [0, 17, 31, 19, 9, 28, 2, 33], [0, 26, 10, 11, 12, 22, 23, 21], [0, 14, 18, 4, 35, 25], [0, 24, 16, 7], [0, 29, 36]]


#################
lambda = 1.1
mu = 1.9000000000000001
nu = 1.9000000000000001

init = 1207.161
res = 989.28
gap = 3.768

solution = [[0, 34, 31, 19, 9, 2, 33], [0, 6, 8, 5, 3, 1, 20, 18, 14], [0, 21, 28, 23, 22, 12, 11, 10, 26], [0, 35, 25, 13], [0, 4, 17, 30, 15, 32, 27], [0, 36, 29], [0, 7, 16, 24]]


#################
lambda = 1.2000000000000002
mu = 0.1
nu = 0.1

init = 1129.731
res = 980.533
gap = 2.91

solution = [[0, 31, 19, 9, 21, 26, 4], [0, 10, 11, 12, 22, 23, 28, 2, 33, 20], [0, 18, 17, 34, 1, 3, 5, 8], [0, 32, 15, 30, 13], [0, 27, 35, 25], [0, 14, 6, 36, 29], [0, 7, 16, 24]]


#################
lambda = 1.2000000000000002
mu = 0.1
nu = 0.4

init = 1121.101
res = 978.926
gap = 2.751

solution = [[0, 10, 11, 12, 22, 23, 28, 2, 33], [0, 31, 19, 9, 21, 26, 4], [0, 18, 17, 34, 1, 3, 5, 8, 20], [0, 25, 35], [0, 13, 30, 15, 32, 27], [0, 14, 6, 36, 29], [0, 7, 16, 24]]


#################
lambda = 1.2000000000000002
mu = 0.1
nu = 1.0

init = 1124.877
res = 988.097
gap = 3.653

solution = [[0, 29, 36], [0, 27, 35, 25], [0, 13, 30, 15, 32], [0, 18, 34, 17, 4, 7, 16, 24], [0, 6, 8, 5, 3, 1, 20, 14], [0, 31, 19, 9, 21, 26], [0, 10, 11, 12, 22, 23, 28, 2, 33]]


#################
lambda = 1.2000000000000002
mu = 0.1
nu = 1.8

init = 1129.484
res = 983.84
gap = 3.236

solution = [[0, 18, 4, 17, 34, 1, 3, 5, 8], [0, 13, 30, 15, 32], [0, 27, 35, 25], [0, 10, 11, 12, 22, 23, 28, 2, 33, 20], [0, 7, 16, 24], [0, 29, 36, 6, 14], [0, 26, 21, 9, 19, 31]]


#################
lambda = 1.2000000000000002
mu = 0.2
nu = 0.2

init = 1135.396
res = 988.097
gap = 3.653

solution = [[0, 36, 29], [0, 27, 35, 25], [0, 13, 30, 15, 32], [0, 10, 11, 12, 22, 23, 28, 2, 33], [0, 31, 19, 9, 21, 26], [0, 6, 8, 5, 3, 1, 20, 14], [0, 18, 34, 17, 4, 7, 16, 24]]


#################
lambda = 1.2000000000000002
mu = 0.2
nu = 0.30000000000000004

init = 1128.282
res = 980.157
gap = 2.873

solution = [[0, 31, 19, 9, 21, 26, 4], [0, 10, 11, 12, 22, 23, 28, 2, 33, 20], [0, 18, 17, 34, 1, 3, 5, 8], [0, 35, 25], [0, 27, 32, 15, 30, 13], [0, 7, 16, 24], [0, 29, 36, 6, 14]]


#################
lambda = 1.2000000000000002
mu = 0.8
nu = 0.1

init = 1131.329
res = 952.083
gap = 0.009

solution = [[0, 7, 25, 35, 16], [0, 10, 11, 12, 22, 23, 28, 2, 33, 20], [0, 13, 30, 15, 32, 27], [0, 31, 19, 9, 21, 26, 4], [0, 24, 29, 36, 6, 14], [0, 8, 5, 3, 1, 34, 17, 18]]


#################
lambda = 1.2000000000000002
mu = 0.8
nu = 1.2000000000000002

init = 1134.236
res = 993.258
gap = 4.154

solution = [[0, 10, 11, 12, 22, 23, 28, 2, 33], [0, 27, 32, 15, 30, 13], [0, 25, 35], [0, 18, 34, 17, 4, 7, 16, 24], [0, 36, 29], [0, 31, 19, 26, 21, 9], [0, 6, 8, 5, 3, 1, 20, 14]]


#################
lambda = 1.2000000000000002
mu = 1.1
nu = 0.1

init = 1130.64
res = 988.097
gap = 3.653

solution = [[0, 36, 29], [0, 33, 2, 28, 23, 22, 12, 11, 10], [0, 32, 15, 30, 13], [0, 31, 19, 9, 21, 26], [0, 27, 35, 25], [0, 18, 34, 17, 4, 7, 16, 24], [0, 6, 8, 5, 3, 1, 20, 14]]


#################
lambda = 1.2000000000000002
mu = 1.1
nu = 0.7000000000000001

init = 1161.26
res = 987.94
gap = 3.638

solution = [[0, 27, 35, 25], [0, 31, 19, 9, 21, 26, 4], [0, 36, 29], [0, 10, 11, 12, 22, 23, 28, 2, 33], [0, 32, 15, 30, 13], [0, 6, 8, 5, 3, 1, 20, 14], [0, 18, 34, 17, 7, 16, 24]]


#################
lambda = 1.2000000000000002
mu = 1.1
nu = 0.9

init = 1160.234
res = 970.895
gap = 1.946

solution = [[0, 10, 11, 12, 22, 23, 28, 2, 33, 20], [0, 17, 31, 9, 21, 26, 4], [0, 34, 19, 1, 3, 5, 8, 6], [0, 25, 35, 27], [0, 18, 13, 32, 15, 30], [0, 36, 29], [0, 24, 16, 7, 14]]


#################
lambda = 1.3
mu = 0.1
nu = 0.1

init = 1138.18
res = 1008.546
gap = 5.607

solution = [[0, 36, 29], [0, 10, 11, 12, 22, 23, 28, 2, 33, 20], [0, 31, 19, 26, 21, 9], [0, 13, 30, 15, 32, 27], [0, 25, 35], [0, 7, 16, 24], [0, 6, 14], [0, 18, 4, 17, 34, 1, 3, 5, 8]]


#################
lambda = 1.3
mu = 0.1
nu = 0.8

init = 1127.631
res = 952.083
gap = 0.009

solution = [[0, 13, 30, 15, 32, 27], [0, 7, 25, 35, 16], [0, 10, 11, 12, 22, 23, 28, 2, 33, 20], [0, 31, 19, 9, 21, 26, 4], [0, 24, 29, 36, 6, 14], [0, 8, 5, 3, 1, 34, 17, 18]]


#################
lambda = 1.3
mu = 0.2
nu = 0.7000000000000001

init = 1127.002
res = 1013.527
gap = 6.071

solution = [[0, 29, 36], [0, 24], [0, 10, 11, 12, 22, 23, 28, 2, 33, 20], [0, 7, 16], [0, 31, 19, 9, 21, 26, 4], [0, 25, 35], [0, 13, 30, 15, 32, 27], [0, 6, 14], [0, 18, 17, 34, 1, 3, 5, 8]]


#################
lambda = 1.3
mu = 0.30000000000000004
nu = 1.2000000000000002

init = 1128.288
res = 962.805
gap = 1.122

solution = [[0, 14, 6, 36, 29, 24], [0, 27, 32, 15, 30, 13], [0, 7, 25, 35, 16], [0, 4, 10, 11, 12, 22, 23, 28, 2, 33], [0, 20, 9, 21, 26, 34, 17], [0, 18, 31, 19, 1, 3, 5, 8]]


#################
lambda = 1.3
mu = 1.8
nu = 1.5

init = 1156.903
res = 983.858
gap = 3.238

solution = [[0, 21, 28, 23, 22, 12, 11, 10, 26], [0, 32, 15, 30, 13, 4], [0, 25, 35, 27], [0, 36, 29], [0, 24, 16, 7, 14], [0, 31, 19, 9, 2, 33, 6], [0, 18, 17, 34, 1, 3, 5, 8, 20]]


#################
lambda = 1.4000000000000001
mu = 0.1
nu = 0.1

init = 1128.878
res = 1019.941
gap = 6.661

solution = [[0, 29, 36], [0, 24], [0, 10, 11, 12, 22, 23, 28, 2, 33, 5], [0, 16, 7], [0, 35, 25], [0, 13, 30, 15, 32, 27], [0, 31, 19, 9, 21, 26, 4], [0, 14, 18], [0, 6, 20, 8, 3, 1, 34, 17]]


#################
lambda = 1.4000000000000001
mu = 0.2
nu = 0.1

init = 1144.438
res = 998.472
gap = 4.654

solution = [[0, 35, 25], [0, 36, 29], [0, 10, 11, 12, 22, 23, 28, 2, 33], [0, 27, 32, 15, 30, 13], [0, 6, 14], [0, 31, 19, 9, 21, 26, 4], [0, 24, 16, 7], [0, 20, 8, 5, 3, 1, 34, 17, 18]]


#################
lambda = 1.4000000000000001
mu = 0.5
nu = 0.1

init = 1122.18
res = 1022.371
gap = 6.883

solution = [[0, 29, 36], [0, 31, 19, 26, 21, 9], [0, 24], [0, 16, 7], [0, 6, 14], [0, 10, 11, 12, 22, 23, 28, 2, 33, 20], [0, 18, 4, 17, 34, 1, 3, 5, 8], [0, 27, 32, 15, 30, 13], [0, 25, 35]]


#################
lambda = 1.4000000000000001
mu = 0.7000000000000001
nu = 0.30000000000000004

init = 1125.128
res = 988.792
gap = 3.721

solution = [[0, 24, 27, 35, 25], [0, 32, 15, 30, 13], [0, 29, 36, 6, 14], [0, 33, 2, 28, 23, 22, 12, 11, 10], [0, 18, 31, 19, 26, 21, 9], [0, 4, 17, 34, 20, 1, 3, 5, 8], [0, 16, 7]]


#################
lambda = 1.4000000000000001
mu = 0.7000000000000001
nu = 1.2000000000000002

init = 1120.062
res = 988.792
gap = 3.721

solution = [[0, 24, 27, 35, 25], [0, 32, 15, 30, 13], [0, 29, 36, 6, 14], [0, 33, 2, 28, 23, 22, 12, 11, 10], [0, 18, 31, 19, 26, 21, 9], [0, 4, 17, 34, 20, 1, 3, 5, 8], [0, 16, 7]]


#################
lambda = 1.4000000000000001
mu = 1.3
nu = 0.1

init = 1193.539
res = 1032.328
gap = 7.781

solution = [[0, 26, 10, 11, 12, 22, 23, 21], [0, 7, 16, 24], [0, 20, 1, 3, 5, 33, 9, 2, 28], [0, 29, 36], [0, 6, 14], [0, 18, 4, 17, 34, 31, 19, 8], [0, 13, 30, 15, 32, 27], [0, 35, 25]]


#################
lambda = 1.4000000000000001
mu = 1.6
nu = 0.1

init = 1154.739
res = 951.85
gap = -0.016

solution = [[0, 27, 32, 15, 30, 13], [0, 7, 25, 35, 16], [0, 24, 29, 36, 6, 14], [0, 10, 11, 12, 22, 23, 28, 2, 33], [0, 34, 31, 1, 3, 5, 8, 20], [0, 4, 26, 21, 9, 19, 17, 18]]


#################
lambda = 1.4000000000000001
mu = 1.6
nu = 0.9

init = 1158.468
res = 1019.448
gap = 6.616

solution = [[0, 24], [0, 13, 30, 15, 32, 27], [0, 25, 35], [0, 16, 7], [0, 29, 36], [0, 10, 11, 12, 22, 23, 28, 2, 33], [0, 18, 31, 19, 26, 21, 9], [0, 4, 17, 34, 1, 3, 5, 8, 20], [0, 6, 14]]

execution : 601 s
