Aretes fixées après apprentissage pour cette exécution
Fixed edges = [[0, 29, 36, 0], [0, 10, 11, 12, 22, 23, 0], [0, 2, 28, 21, 0], [0, 1, 3, 5, 8, 0], [0, 31, 34, 0], [0, 30, 15, 32, 0], [0, 9, 33, 0], [0, 4, 0], [0, 6, 0], [0, 7, 0], [0, 13, 0], [0, 14, 0], [0, 16, 0], [0, 17, 0], [0, 18, 0], [0, 19, 0], [0, 20, 0], [0, 24, 0], [0, 25, 0], [0, 26, 0], [0, 27, 0], [0, 35, 0]]
Time = 0.3438596725463867


#################

init = 1078.349
res = 972.935
gap = -763.778

solution = [[0, 20, 8, 5, 3, 1, 31, 34], [0, 14, 6, 36, 29, 24], [0, 16, 35, 25, 7], [0, 17, 19, 21, 28, 2, 9, 33], [0, 13, 30, 15, 32, 27], [0, 4, 10, 11, 12, 22, 23, 26, 18]]


#################

init = 1078.349
res = 952.083
gap = -782.696

solution = [[0, 24, 29, 36, 6, 14], [0, 10, 11, 12, 22, 23, 28, 2, 33, 20], [0, 31, 19, 9, 21, 26, 4], [0, 18, 17, 34, 1, 3, 5, 8], [0, 16, 35, 25, 7], [0, 27, 32, 15, 30, 13]]


#################

init = 1078.349
res = 991.545
gap = -747.566

solution = [[0, 36, 29], [0, 4, 31, 21, 28, 2, 9, 33], [0, 6, 20, 8, 5, 3, 1, 19, 17], [0, 10, 11, 12, 22, 23, 26, 34], [0, 25, 35, 27], [0, 24, 16, 7, 14], [0, 32, 15, 30, 13, 18]]


#################

init = 1078.349
res = 950.852
gap = -783.839

solution = [[0, 10, 11, 12, 22, 23, 28, 2, 33], [0, 24, 29, 36, 6, 14], [0, 13, 30, 15, 32, 27], [0, 16, 35, 25, 7], [0, 20, 8, 5, 3, 1, 34, 17, 18], [0, 31, 19, 9, 21, 26, 4]]


#################

init = 1078.349
res = 976.983
gap = -760.2

solution = [[0, 32, 15, 30, 13, 4], [0, 6, 20, 8, 5, 3, 1, 17, 18], [0, 34, 31, 19, 9, 2, 33], [0, 36, 29], [0, 25, 35, 27, 24], [0, 14, 7, 16], [0, 26, 10, 11, 12, 22, 23, 28, 21]]


#################

init = 1091.787
res = 950.852
gap = -783.839

solution = [[0, 13, 30, 15, 32, 27], [0, 16, 35, 25, 7], [0, 10, 11, 12, 22, 23, 28, 2, 33], [0, 14, 6, 36, 29, 24], [0, 18, 17, 34, 1, 3, 5, 8, 20], [0, 31, 19, 9, 21, 26, 4]]


#################

init = 1091.787
res = 951.85
gap = -782.912

solution = [[0, 13, 30, 15, 32, 27], [0, 7, 25, 35, 16], [0, 10, 11, 12, 22, 23, 28, 2, 33], [0, 14, 6, 36, 29, 24], [0, 34, 31, 1, 3, 5, 8, 20], [0, 4, 26, 21, 9, 19, 17, 18]]
Aretes fixées après apprentissage pour cette exécution
Fixed edges = [[0, 29, 36, 0], [0, 10, 11, 12, 22, 23, 0], [0, 33, 9, 2, 28, 21, 0], [0, 1, 3, 5, 8, 0], [0, 27, 35, 25, 0], [0, 30, 15, 32, 0], [0, 31, 34, 0], [0, 4, 0], [0, 6, 0], [0, 7, 0], [0, 13, 0], [0, 14, 0], [0, 16, 0], [0, 17, 0], [0, 18, 0], [0, 19, 0], [0, 20, 0], [0, 24, 0], [0, 26, 0]]
Time = 0.8859269618988037


#################

init = 1084.594
res = 969.493

solution = [[0, 16, 25, 35, 27], [0, 32, 15, 30, 13, 4], [0, 7, 10, 11, 12, 22, 23, 28, 2], [0, 31, 19, 26, 21, 9, 33], [0, 14, 6, 36, 29, 24], [0, 20, 8, 5, 3, 1, 34, 17, 18]]


#################

init = 1171.218
res = 950.852

solution = [[0, 16, 35, 25, 7], [0, 13, 30, 15, 32, 27], [0, 10, 11, 12, 22, 23, 28, 2, 33], [0, 14, 6, 36, 29, 24], [0, 20, 8, 5, 3, 1, 34, 17, 18], [0, 31, 19, 9, 21, 26, 4]]


#################

init = 1134.891
res = 955.39

solution = [[0, 7, 25, 35, 16], [0, 13, 30, 15, 32, 27], [0, 10, 11, 12, 22, 23, 28, 2, 33, 20], [0, 24, 29, 36, 6, 14], [0, 8, 5, 3, 1, 34, 17, 4, 18], [0, 31, 19, 9, 21, 26]]


#################

init = 1114.625
res = 952.083

solution = [[0, 16, 35, 25, 7], [0, 13, 30, 15, 32, 27], [0, 14, 6, 36, 29, 24], [0, 10, 11, 12, 22, 23, 28, 2, 33, 20], [0, 8, 5, 3, 1, 34, 17, 18], [0, 31, 19, 9, 21, 26, 4]]


#################

init = 1114.625
res = 950.852

solution = [[0, 7, 25, 35, 16], [0, 13, 30, 15, 32, 27], [0, 10, 11, 12, 22, 23, 28, 2, 33], [0, 14, 6, 36, 29, 24], [0, 20, 8, 5, 3, 1, 34, 17, 18], [0, 31, 19, 9, 21, 26, 4]]


#################

init = 1085.24
res = 952.083

solution = [[0, 13, 30, 15, 32, 27], [0, 10, 11, 12, 22, 23, 28, 2, 33, 20], [0, 7, 25, 35, 16], [0, 14, 6, 36, 29, 24], [0, 8, 5, 3, 1, 34, 17, 18], [0, 31, 19, 9, 21, 26, 4]]


#################

init = 1131.894
res = 952.083

solution = [[0, 13, 30, 15, 32, 27], [0, 16, 35, 25, 7], [0, 10, 11, 12, 22, 23, 28, 2, 33, 20], [0, 24, 29, 36, 6, 14], [0, 31, 19, 9, 21, 26, 4], [0, 8, 5, 3, 1, 34, 17, 18]]


#################

init = 1131.894
res = 950.852

solution = [[0, 13, 30, 15, 32, 27], [0, 7, 25, 35, 16], [0, 10, 11, 12, 22, 23, 28, 2, 33], [0, 31, 19, 9, 21, 26, 4], [0, 24, 29, 36, 6, 14], [0, 18, 17, 34, 1, 3, 5, 8, 20]]


#################

init = 1131.894
res = 952.083

solution = [[0, 13, 30, 15, 32, 27], [0, 7, 25, 35, 16], [0, 10, 11, 12, 22, 23, 28, 2, 33, 20], [0, 24, 29, 36, 6, 14], [0, 8, 5, 3, 1, 34, 17, 18], [0, 31, 19, 9, 21, 26, 4]]


#################

init = 1131.894
res = 950.852

solution = [[0, 24, 29, 36, 6, 14], [0, 13, 30, 15, 32, 27], [0, 7, 25, 35, 16], [0, 31, 19, 9, 21, 26, 4], [0, 20, 8, 5, 3, 1, 34, 17, 18], [0, 10, 11, 12, 22, 23, 28, 2, 33]]


#################

init = 1005.084
res = 950.852

solution = [[0, 27, 32, 15, 30, 13], [0, 16, 35, 25, 7], [0, 10, 11, 12, 22, 23, 28, 2, 33], [0, 31, 19, 9, 21, 26, 4], [0, 14, 6, 36, 29, 24], [0, 20, 8, 5, 3, 1, 34, 17, 18]]


#################

init = 1019.906
res = 951.85

solution = [[0, 27, 32, 15, 30, 13], [0, 10, 11, 12, 22, 23, 28, 2, 33], [0, 7, 25, 35, 16], [0, 14, 6, 36, 29, 24], [0, 4, 26, 21, 9, 19, 17, 18], [0, 20, 8, 5, 3, 1, 31, 34]]


#################

init = 1045.142
res = 951.72

solution = [[0, 27, 32, 15, 30, 13], [0, 20, 8, 5, 3, 1, 34, 17, 18], [0, 16, 35, 25, 7], [0, 14, 6, 36, 29, 24], [0, 31, 19, 9, 21, 26], [0, 33, 2, 28, 23, 22, 12, 11, 10, 4]]


#################

init = 1045.142
res = 950.852

solution = [[0, 27, 32, 15, 30, 13], [0, 31, 19, 9, 21, 26, 4], [0, 20, 8, 5, 3, 1, 34, 17, 18], [0, 10, 11, 12, 22, 23, 28, 2, 33], [0, 16, 35, 25, 7], [0, 14, 6, 36, 29, 24]]


#################

init = 1045.142
res = 950.852

solution = [[0, 27, 32, 15, 30, 13], [0, 31, 19, 9, 21, 26, 4], [0, 20, 8, 5, 3, 1, 34, 17, 18], [0, 10, 11, 12, 22, 23, 28, 2, 33], [0, 16, 35, 25, 7], [0, 14, 6, 36, 29, 24]]


#################

init = 1009.543
res = 971.651

solution = [[0, 10, 11, 12, 22, 23, 28, 2, 33, 20], [0, 18, 34, 31, 1, 3, 5, 8], [0, 6, 19, 9, 21, 26, 17], [0, 36, 29], [0, 32, 15, 30, 13, 4], [0, 16, 7, 14], [0, 25, 35, 27, 24]]


#################

init = 1015.396
res = 961.765

solution = [[0, 7, 25, 35, 16], [0, 27, 32, 15, 30, 13], [0, 24, 6, 36, 29], [0, 14, 18, 31, 9, 21, 26], [0, 10, 11, 12, 22, 23, 28, 2, 33, 20], [0, 4, 17, 34, 19, 1, 3, 5, 8]]


#################

init = 1001.646
res = 952.083

solution = [[0, 27, 32, 15, 30, 13], [0, 7, 25, 35, 16], [0, 14, 6, 36, 29, 24], [0, 10, 11, 12, 22, 23, 28, 2, 33, 20], [0, 18, 17, 34, 1, 3, 5, 8], [0, 31, 19, 9, 21, 26, 4]]


#################

init = 1001.646
res = 952.083

solution = [[0, 27, 32, 15, 30, 13], [0, 10, 11, 12, 22, 23, 28, 2, 33, 20], [0, 16, 35, 25, 7], [0, 4, 26, 21, 9, 19, 31], [0, 14, 6, 36, 29, 24], [0, 18, 17, 34, 1, 3, 5, 8]]


#################

init = 1001.646
res = 952.083

solution = [[0, 27, 32, 15, 30, 13], [0, 7, 25, 35, 16], [0, 10, 11, 12, 22, 23, 28, 2, 33, 20], [0, 31, 19, 9, 21, 26, 4], [0, 8, 5, 3, 1, 34, 17, 18], [0, 14, 6, 36, 29, 24]]


#################

init = 1006.783
res = 952.083

solution = [[0, 7, 25, 35, 16], [0, 10, 11, 12, 22, 23, 28, 2, 33, 20], [0, 13, 30, 15, 32, 27], [0, 31, 19, 9, 21, 26, 4], [0, 8, 5, 3, 1, 34, 17, 18], [0, 24, 29, 36, 6, 14]]


#################

init = 1022.789
res = 950.852

solution = [[0, 7, 25, 35, 16], [0, 10, 11, 12, 22, 23, 28, 2, 33], [0, 13, 30, 15, 32, 27], [0, 31, 19, 9, 21, 26, 4], [0, 24, 29, 36, 6, 14], [0, 20, 8, 5, 3, 1, 34, 17, 18]]


#################

init = 1022.789
res = 956.754

solution = [[0, 7, 25, 35, 16], [0, 13, 30, 15, 32, 27], [0, 24, 29, 36, 6, 14], [0, 10, 11, 12, 22, 23, 28, 2, 33], [0, 31, 19, 9, 21, 26, 4], [0, 8, 5, 3, 1, 20, 34, 17, 18]]


#################

init = 1022.789
res = 950.852

solution = [[0, 7, 25, 35, 16], [0, 10, 11, 12, 22, 23, 28, 2, 33], [0, 13, 30, 15, 32, 27], [0, 31, 19, 9, 21, 26, 4], [0, 24, 29, 36, 6, 14], [0, 18, 17, 34, 1, 3, 5, 8, 20]]


#################

init = 1022.789
res = 952.083

solution = [[0, 7, 25, 35, 16], [0, 13, 30, 15, 32, 27], [0, 24, 29, 36, 6, 14], [0, 10, 11, 12, 22, 23, 28, 2, 33, 20], [0, 31, 19, 9, 21, 26, 4], [0, 8, 5, 3, 1, 34, 17, 18]]
Execution = 353.9396164417267
Aretes fixées après apprentissage pour cette exécution
Fixed edges = [[0, 19, 31, 34, 17, 0], [0, 21, 28, 2, 9, 33, 0], [0, 6, 8, 5, 3, 1, 20, 0], [0, 32, 15, 30, 13, 0], [0, 25, 35, 27, 0], [0, 10, 11, 12, 22, 23, 0], [0, 29, 36, 0], [0, 16, 24, 0], [0, 18, 26, 0], [0, 4, 0], [0, 7, 0], [0, 14, 0]]
Time = 0.8723084926605225


#################

init = 1113.686
res = 976.983

solution = [[0, 36, 29], [0, 18, 17, 1, 3, 5, 8, 20, 6], [0, 33, 2, 9, 19, 31, 34], [0, 32, 15, 30, 13, 4], [0, 25, 35, 27, 24], [0, 26, 10, 11, 12, 22, 23, 28, 21], [0, 16, 7, 14]]


#################

init = 1111.07
res = 957.03

solution = [[0, 15, 30, 11, 10, 26], [0, 27, 32, 35, 25], [0, 0, 7, 16, 24, 29, 36], [0, 13, 19, 31, 34, 17, 18], [0, 6, 8, 5, 3, 1, 20, 14], [0, 33, 9, 21, 2, 28, 23, 22, 12, 4]]


#################

init = 1102.563
res = 956.807

solution = [[0, 7, 25, 35, 16], [0, 10, 11, 12, 22, 23, 28, 2, 33], [0, 20, 8, 5, 3, 1, 9, 21], [0, 27, 32, 15, 30, 13], [0, 4, 26, 19, 31, 34, 17, 18], [0, 14, 6, 36, 29, 24]]


#################

init = 1113.601
res = 987.095

solution = [[0, 12, 22, 23, 28, 2, 21, 9, 33, 20], [0, 36, 29], [0, 11, 10, 26, 19, 31, 17], [0, 18, 34, 1, 3, 5, 8, 6], [0, 32, 15, 30, 13, 4], [0, 14, 25, 35, 27], [0, 24, 16, 7]]


#################

init = 1120.709
res = 1001.93

solution = [[0, 13, 30, 15, 32, 27], [0, 33, 9, 21, 2, 28, 23, 22, 12], [0, 24, 35, 25, 7], [0, 18, 4, 17, 26, 10, 11, 16], [0, 34, 19, 31, 36, 29], [0, 6, 8, 5, 3, 1, 20, 14]]


#################

init = 979.593
res = 938.163

solution = [[0, 32, 15, 30, 10, 11, 12, 22, 23], [0, 18, 17, 34, 31, 19, 13], [0, 16, 24, 29, 36], [0, 7, 25, 35, 27], [0, 6, 8, 5, 3, 1, 20, 14], [0, 33, 9, 2, 28, 21, 26, 4]]


#################

init = 1324.293
res = 965.056

solution = [[0, 35, 25, 13], [0, 20, 1, 33, 2, 28, 23, 22, 12, 11, 10], [0, 27, 32, 15, 30, 26], [0, 29, 36], [0, 7, 16, 24], [0, 14, 18, 4, 17, 34, 31, 6], [0, 8, 3, 5, 9, 21, 19]]


#################

init = 1175.619
res = 986.456

solution = [[0, 27, 35, 13], [0, 22, 12, 11, 30, 15, 32, 25], [0, 29, 36], [0, 6, 8, 5, 3, 1, 20, 14], [0, 7, 16, 24], [0, 18, 17, 34, 31, 19, 26, 4], [0, 10, 23, 28, 2, 21, 9, 33]]
Aretes fixées après apprentissage pour cette exécution
Fixed edges = [[0, 29, 36, 0], [0, 10, 11, 12, 22, 23, 0], [0, 2, 28, 21, 0], [0, 1, 3, 5, 8, 0], [0, 27, 35, 25, 0], [0, 30, 15, 32, 0], [0, 9, 33, 0], [0, 31, 34, 0], [0, 4, 0], [0, 6, 0], [0, 7, 0], [0, 13, 0], [0, 14, 0], [0, 16, 0], [0, 17, 0], [0, 18, 0], [0, 19, 0], [0, 20, 0], [0, 24, 0], [0, 26, 0]]
Time = 0.8565201759338379
