

#################
lambda = 0.5
mu = 0.0
nu = 0.0
execute = 50

[988.38, 976.91, 994.848, 995.007, 988.093, 983.383, 983.957, 982.297, 987.905, 976.572, 987.705, 975.068, 1009.668, 988.378, 994.399, 977.052, 978.386, 984.73, 975.068, 975.068, 1012.052, 986.053, 991.094, 1008.644, 957.03, 998.056, 994.514, 979.889, 988.093, 994.601, 978.386, 1009.668, 983.811, 991.247, 988.378, 982.843, 995.204, 978.894, 993.594, 975.068, 984.283, 988.378, 998.435, 975.068, 1009.96, 986.094, 982.297, 985.457, 993.806, 978.67]

det = 982
mean = 987.449
min = 957.03

[[0, 15, 30, 11, 10, 26], [0, 27, 32, 35, 25], [0, 7, 16, 24, 29, 36], [0, 13, 19, 31, 34, 17, 18], [0, 4, 12, 22, 23, 28, 2, 21, 9, 33], [0, 14, 20, 1, 3, 5, 8, 6]]


#################
lambda = 0.5
mu = 0.0
nu = 0.30000000000000004
execute = 50

[983.845, 975.068, 990.774, 977.052, 983.957, 979.075, 976.319, 991.261, 1009.125, 975.068, 1003.729, 979.889, 975.068, 978.386, 987.441, 1000.893, 988.378, 975.068, 985.985, 971.777, 983.337, 983.337, 975.068, 1009.668, 997.367, 986.246, 975.068, 990.283, 979.758, 1012.008, 991.964, 984.879, 977.899, 978.386, 978.386, 971.112, 976.948, 978.386, 1002.252, 979.758, 984.021, 996.152, 990.774, 979.889, 1001.878, 984.974, 988.093, 990.219, 994.645, 975.068]

mean = 985.72
min = 971.112

[[0, 27, 32, 35, 25], [0, 36, 29, 24, 16, 7], [0, 15, 30, 11, 10, 26], [0, 17, 34, 31, 19, 13], [0, 12, 22, 23, 28, 2, 21, 9, 33], [0, 4, 18, 20, 1, 3, 5, 8, 6, 14]]


#################
lambda = 0.5
mu = 0.0
nu = 0.6000000000000001
execute = 50

[1030.768, 992.218, 1070.412, 1060.377, 1069.609, 1046.093, 1070.412, 1070.412, 1049.988, 1049.988, 1070.412, 1042.846, 1005.956, 997.504, 990.761, 1006.637, 1053.861, 1049.988, 1003.301, 1062.963, 1049.988, 1070.412, 979.31, 1070.412, 1035.219, 1030.946, 1070.412, 1008.269, 1040.202, 1055.43, 1001.697, 1049.988, 1034.705, 1070.412, 995.324, 1070.412, 1018.17, 1070.412, 1020.636, 1070.412, 1067.387, 1070.412, 1049.988, 1013.019, 1070.412, 997.563, 1004.642, 1036.979, 1052.477, 1064.293]

mean = 1040.689
min = 979.31

[[0, 14, 7, 16, 24, 29, 36], [0, 35, 25, 13], [0, 10, 30, 15, 32, 27], [0, 4, 17, 34, 19, 31, 6], [0, 8, 1, 3, 5, 33, 21, 26], [0, 20, 9, 2, 28, 23, 22, 12, 11, 18]]


#################
lambda = 0.5
mu = 0.0
nu = 0.9
execute = 50

[1001.955, 1079.395, 1031.026, 1079.395, 1072.937, 1024.044, 1008.392, 997.474, 984.56, 1001.941, 1056.93, 1073.698, 1077.382, 1059.327, 1066.315, 1070.352, 1006.383, 1052.311, 1040.593, 1066.315, 1051.848, 1014.127, 968.5, 1035.977, 1079.395, 1037.36, 1073.018, 1064.917, 1060.786, 1003.047, 998.656, 997.301, 1079.395, 989.644, 1003.809, 985.588, 1009.487, 1045.152, 989.442, 1079.395, 1028.451, 1027.346, 1079.395, 990.987, 1041.557, 1079.395, 1054.276, 1071.228, 1062.977, 1053.956]

mean = 1038.143
min = 968.5

[[0, 20, 33, 2, 28, 23, 22, 12, 11, 10], [0, 27, 35, 25, 16], [0, 8, 5, 3, 1, 9, 21, 19], [0, 14, 6, 36, 29, 24], [0, 18, 4, 26, 30, 15, 32], [0, 17, 34, 31, 13, 7]]

test pour times = 300
#################
lambda = 0.0
mu = 0.0
nu = 0.0
execute = 25

[1075.93, 1081.928, 1031.817, 1116.03, 1042.285, 1076.825, 965.768, 1070.908, 1203.469, 1118.085, 1016.722, 1203.469, 1138.275, 1109.765, 1203.469, 1089.904, 1047.353, 1145.652, 1076.93, 1071.268, 1114.129, 1041.143, 1060.266, 1191.645, 1117.7]

mean = 1096.429
min = 965.768
gap = 1.736234789307578

[[0, 36, 29, 24, 16, 7], [0, 6, 20, 8, 3, 1, 34, 17], [0, 31, 19, 9, 21, 26, 4], [0, 5, 33, 2, 28, 23, 22, 12, 11, 10], [0, 27, 35, 25, 14], [0, 18, 13, 30, 15, 32]]


#################
lambda = 0.0
mu = 0.0
nu = 0.30000000000000004
execute = 25

[1142.544, 1127.567, 1114.516, 1009.034, 1088.168, 1103.153, 1028.399, 1087.552, 1098.243, 1203.469, 1057.565, 1090.302, 1013.546, 1183.169, 1068.784, 1056.441, 1131.723, 1138.295, 1149.153, 1203.469, 1096.731, 1068.522, 1111.276, 1066.465, 1203.469]

mean = 1105.662
min = 1009.034
gap = 5.949650854183308

[[0, 36, 29, 24, 16, 7, 14], [0, 6, 20, 19, 31, 34, 17, 18], [0, 8, 5, 3, 1, 9, 26, 4], [0, 10, 12, 22, 23, 28, 2, 21, 33], [0, 13, 25, 35], [0, 27, 32, 11, 30, 15]]


#################
lambda = 0.0
mu = 0.0
nu = 0.6000000000000001
execute = 25

[1162.609, 1089.202, 1203.469, 1190.022, 1053.292, 1092.105, 1108.338, 1037.429, 1017.673, 1098.59, 1199.464, 1096.143, 1074.591, 1056.125, 1075.433, 1159.579, 1203.469, 1093.359, 1026.425, 1191.645, 1203.469, 1141.566, 1203.469, 1043.162, 1069.582]

mean = 1115.608
min = 1017.673
gap = 6.748041856274067

[[0, 6, 3, 8, 36, 29], [0, 10, 30, 15, 32, 7], [0, 25, 35, 27, 24], [0, 16, 13, 19, 31, 4, 18, 14], [0, 26, 21, 9, 34, 17], [0, 20, 1, 5, 33, 2, 28, 23, 22, 12, 11]]


#################
lambda = 0.0
mu = 0.0
nu = 0.9
execute = 25

[1168.05, 1168.05, 1168.05, 1168.05, 979.99, 1168.05, 1168.05, 1046.016, 1018.622, 1054.529, 1161.016, 1094.21, 1080.968, 1031.067, 1168.05, 1168.05, 1028.772, 984.488, 1022.672, 1137.347, 1121.201, 1077.168, 1070.956, 1116.287, 1075.962]

mean = 1097.827
min = 979.99
gap = 3.16227716609353

[[0, 36, 29, 24, 16, 7], [0, 14, 18, 27, 35, 25], [0, 4, 13, 30, 32, 15], [0, 20, 1, 33, 2, 28, 23, 22, 12, 11, 10], [0, 17, 19, 3, 5, 8, 6], [0, 26, 21, 9, 31, 34]]


#################
lambda = 0.0
mu = 0.2
nu = 0.0
execute = 25

[1051.411, 1142.428, 1203.469, 1203.469, 1182.247, 1203.469, 1074.927, 1149.688, 1063.792, 1168.931, 1207.025, 1203.469, 1034.716, 1078.182, 1123.382, 1132.729, 1054.995, 1079.875, 1029.053, 1010.938, 1100.834, 1100.489, 1067.487, 1083.283, 1108.047]

mean = 1114.333
min = 1010.938
gap = 6.126785223228326

[[0, 36, 29, 24, 16, 7, 14], [0, 18, 4, 25, 35, 27], [0, 32, 15, 30, 13], [0, 34, 9, 21, 11, 26], [0, 17, 19, 33, 2, 28, 23, 22, 12, 10], [0, 31, 1, 3, 5, 8, 20, 6]]


#################
lambda = 0.0
mu = 0.2
nu = 0.30000000000000004
execute = 25

[1194.202, 1014.608, 1075.966, 1203.469, 1131.913, 1094.068, 1025.452, 1050.198, 1203.469, 1037.731, 1077.065, 1135.259, 1043.413, 1089.981, 1176.915, 1134.063, 1207.025, 1120.249, 1060.993, 1078.724, 1102.292, 1100.338, 1190.762, 1188.18, 1081.773]

mean = 1112.724
min = 1014.608
gap = 6.466339709523283

[[0, 5, 33, 2, 28, 23, 22, 12, 10, 11], [0, 24, 27, 32, 15, 30], [0, 7, 25, 35, 16], [0, 18, 9, 21, 26, 13], [0, 20, 8, 3, 1, 19, 31, 17, 4], [0, 14, 34, 6, 36, 29]]


#################
lambda = 0.0
mu = 0.2
nu = 0.6000000000000001
execute = 25

[1188.18, 1203.469, 1050.881, 1118.835, 1050.978, 1063.952, 1066.349, 1078.134, 1127.617, 1098.814, 1067.646, 1049.199, 1097.272, 1127.393, 1134.2, 1145.791, 1038.174, 1101.704, 1107.937, 1161.085, 1000.65, 1183.169, 1049.989, 1007.077, 1086.784]

mean = 1096.211
min = 1000.65
gap = 5.161644930794984

[[0, 8, 5, 2, 28, 23, 22, 12, 11], [0, 20, 1, 3, 33, 9, 21, 26], [0, 19, 10, 30, 32, 15], [0, 4, 13, 31, 34, 17, 18], [0, 16, 7, 14, 6, 36, 29], [0, 24, 27, 35, 25]]


#################
lambda = 0.0
mu = 0.2
nu = 0.9
execute = 25

[1077.598, 1168.05, 1168.05, 1058.025, 1016.815, 1119.562, 1100.718, 1107.029, 1168.05, 1125.883, 1075.553, 1096.848, 1168.05, 1091.735, 1168.05, 1046.891, 1135.552, 1035.342, 995.954, 1086.589, 1092.343, 1168.05, 1168.05, 1168.05, 1041.04]

mean = 1105.915
min = 995.954
gap = 4.71447476489878

[[0, 7, 25, 35, 16], [0, 24, 27, 32, 15, 30], [0, 29, 36, 8, 5, 3, 1, 20], [0, 21, 28, 23, 22, 12, 11, 10, 26], [0, 14, 31, 19, 34, 17, 18], [0, 4, 13, 9, 2, 33, 6]]
