

#################
lambda = 0.0
mu = 0.5
nu = 0.0
execute = 25

[988.487, 1009.228, 1115.737, 1010.18, 1026.702, 1101.095, 1082.768, 1021.506, 1060.341, 1074.203, 1025.505, 1033.932, 1076.543, 993.615, 1038.272, 1024.724, 1048.225, 1001.375, 1042.626, 1062.022, 1082.872, 1023.104, 998.168, 1057.411, 994.083]

mean = 1039.709
min = 988.487
gap = 3.995

[[0, 26, 10, 11, 30, 15], [0, 27, 32, 12, 22, 23, 28, 2, 9], [0, 18, 17, 34, 31, 13, 7], [0, 4, 19, 21, 33, 5, 3, 1, 8, 20], [0, 14, 6, 36, 29, 24], [0, 16, 35, 25]]


#################
lambda = 0.0
mu = 0.5
nu = 0.1
execute = 25

[1034.785, 1016.195, 1019.155, 1113.796, 1072.681, 1088.24, 1008.017, 1088.212, 1007.084, 1017.788, 1083.837, 1090.281, 981.779, 1007.411, 964.75, 1088.356, 1024.51, 991.663, 1056.138, 1008.587, 1089.635, 990.946, 1011.094, 1071.361, 1085.906]

mean = 1040.488
min = 964.75
gap = 1.633

[[0, 14, 6, 36, 29, 24], [0, 18, 17, 34, 31, 19, 13], [0, 20, 8, 5, 3, 1, 9, 21], [0, 27, 35, 25, 16], [0, 7, 32, 15, 30, 26], [0, 33, 2, 28, 23, 22, 12, 11, 10, 4]]


#################
lambda = 0.0
mu = 0.5
nu = 0.2
execute = 25

[1034.788, 1051.392, 1061.914, 1045.67, 1036.495, 1044.786, 1089.964, 1021.923, 1103.454, 1028.114, 1030.173, 984.536, 1041.443, 1000.585, 1070.169, 989.426, 987.526, 1024.246, 1027.305, 1107.507, 1015.972, 1016.267, 1051.04, 979.746, 1011.541]

mean = 1034.239
min = 979.746
gap = 3.138

[[0, 14, 18, 4, 35, 25], [0, 36, 29, 7, 16, 24], [0, 31, 19, 3, 5, 8, 6], [0, 10, 11, 12, 22, 23, 28, 2, 17], [0, 13, 30, 15, 32, 27], [0, 34, 26, 21, 9, 33, 1, 20]]


#################
lambda = 0.0
mu = 0.5
nu = 0.30000000000000004
execute = 25

[1136.535, 1054.436, 1000.655, 1016.14, 1003.497, 1015.77, 1008.949, 1058.722, 1034.951, 995.117, 1001.021, 1029.814, 993.135, 1098.19, 1045.134, 991.055, 982.059, 1007.769, 1043.994, 1036.409, 1030.101, 1063.794, 1041.108, 1068.19, 1007.822]

mean = 1030.575
min = 982.059
gap = 3.366

[[0, 27, 35, 25, 16], [0, 32, 15, 30, 13], [0, 10, 11, 12, 22, 23, 28, 2, 19], [0, 1, 3, 5, 33, 9, 21, 26], [0, 24, 7, 14, 6, 36, 29], [0, 18, 4, 17, 34, 31, 20, 8]]


#################
lambda = 0.0
mu = 0.5
nu = 0.4
execute = 25

[990.992, 1082.154, 1011.841, 1057.84, 1039.07, 1051.73, 1088.406, 1005.947, 996.595, 1010.838, 1090.225, 1053.255, 1020.304, 1060.274, 991.149, 1051.154, 1057.525, 1022.319, 1010.385, 1016.142, 1029.992, 1049.856, 1053.782, 985.73, 1045.453]

mean = 1034.918
min = 985.73
gap = 3.726

[[0, 18, 4, 25, 35, 27], [0, 20, 1, 33, 2, 28, 23, 22, 12, 11, 10], [0, 8, 3, 5, 9, 21, 19], [0, 17, 26, 30, 15, 32], [0, 7, 16, 24, 36, 29], [0, 13, 34, 31, 6, 14]]


#################
lambda = 0.0
mu = 0.5
nu = 0.5
execute = 25

[994.2, 1168.05, 1000.257, 1123.612, 1053.122, 997.339, 1060.988, 1071.613, 973.823, 1057.015, 1007.631, 958.667, 988.557, 1013.74, 1037.866, 993.67, 1035.668, 1068.921, 1039.389, 1000.801, 1067.772, 1048.262, 979.87, 1040.204, 996.721]

mean = 1031.11
min = 958.667
gap = 1.008

[[0, 4, 26, 30, 15, 32, 27], [0, 13, 25, 35], [0, 6, 31, 19, 34, 17, 14], [0, 36, 29, 24, 16, 7], [0, 20, 1, 2, 28, 23, 22, 12, 11, 10, 18], [0, 8, 3, 5, 33, 9, 21]]


#################
lambda = 0.0
mu = 0.5
nu = 0.6000000000000001
execute = 25

[1026.737, 983.495, 1026.384, 1009.256, 1046.929, 986.358, 1168.05, 967.584, 1023.643, 983.866, 973.379, 1054.404, 1045.898, 1046.129, 970.889, 1056.13, 1040.078, 1014.838, 1103.338, 1035.06, 1064.273, 1003.518, 991.511, 1046.036, 1017.0]

mean = 1027.391
min = 967.584
gap = 1.921

[[0, 5, 33, 2, 28, 23, 22, 12, 11, 10], [0, 36, 29, 24, 16, 7], [0, 27, 35, 25, 14], [0, 4, 13, 30, 15, 32], [0, 18, 17, 34, 9, 21, 26], [0, 6, 20, 8, 3, 1, 31, 19]]


#################
lambda = 0.0
mu = 0.5
nu = 0.7000000000000001
execute = 25

[988.304, 1061.492, 975.412, 998.396, 1027.964, 1065.821, 990.51, 1088.02, 1036.377, 998.529, 974.964, 1023.885, 1076.709, 995.79, 1079.388, 1168.05, 1036.643, 1050.228, 1046.273, 1049.556, 997.332, 985.013, 1003.303, 1083.997, 1063.082]

mean = 1034.602
min = 974.964
gap = 2.663

[[0, 27, 35, 25, 16], [0, 24, 7, 14, 6, 36, 29], [0, 10, 11, 12, 22, 23, 28, 2, 33], [0, 32, 15, 30, 13], [0, 4, 17, 34, 1, 3, 5, 8, 20], [0, 18, 31, 19, 26, 21, 9]]


#################
lambda = 0.0
mu = 0.5
nu = 0.8
execute = 25

[1004.551, 987.757, 1168.05, 986.348, 984.249, 987.251, 1024.133, 1056.252, 997.689, 992.188, 1015.115, 1091.1, 1045.543, 989.338, 1004.832, 971.849, 1000.88, 996.028, 1042.039, 1028.256, 1039.107, 991.792, 998.18, 1077.175, 986.3]

mean = 1018.64
min = 971.849
gap = 2.351

[[0, 18, 17, 34, 19, 1, 3, 8, 20], [0, 14, 6, 36, 29, 24], [0, 27, 32, 15, 30, 13], [0, 5, 33, 2, 28, 23, 22, 12, 11, 10], [0, 7, 26, 21, 9, 31, 4], [0, 16, 35, 25]]


#################
lambda = 0.0
mu = 0.5
nu = 0.9
execute = 25

[983.926, 1007.259, 1044.845, 1028.504, 1033.534, 1168.05, 1059.978, 995.229, 1080.433, 1019.864, 1034.588, 1074.969, 1020.641, 1002.394, 1022.776, 1008.219, 1004.056, 1070.429, 1024.989, 1066.532, 1078.978, 1062.393, 986.623, 1038.773, 1088.091]

mean = 1040.243
min = 983.926
gap = 3.55

[[0, 7, 25, 35, 16], [0, 24, 29, 36, 6, 14], [0, 8, 5, 3, 1, 31, 34, 18], [0, 4, 10, 30, 15, 32, 27], [0, 20, 33, 9, 21, 26, 13], [0, 11, 12, 22, 23, 28, 2, 19, 17]]


#################
lambda = 0.0
mu = 0.5
nu = 1.0
execute = 25

[984.445, 999.718, 1057.457, 1006.041, 1038.994, 968.485, 1091.923, 1064.083, 1074.093, 1034.299, 1020.769, 1042.899, 1088.621, 1003.457, 997.212, 967.704, 1031.871, 983.196, 1013.64, 1010.094, 1039.21, 993.78, 1010.606, 991.956, 1007.85]

mean = 1020.896
min = 967.704
gap = 1.933

[[0, 26, 30, 15, 32, 25, 27], [0, 8, 5, 3, 1, 9, 21, 18], [0, 20, 33, 2, 28, 23, 22, 12, 11, 10], [0, 4, 13, 35], [0, 36, 29, 24, 7, 16], [0, 6, 31, 19, 34, 17, 14]]


#################
lambda = 0.0
mu = 0.5
nu = 1.1
execute = 25

[964.352, 1050.689, 1047.503, 1095.326, 1168.05, 1070.486, 998.619, 1033.941, 1004.568, 1010.913, 1093.16, 1016.464, 1033.596, 1005.743, 1082.173, 1131.043, 1062.722, 976.802, 1025.264, 1051.643, 1054.449, 1042.862, 1015.657, 1065.473, 1059.434]

mean = 1046.437
min = 964.352
gap = 1.592

[[0, 2, 28, 23, 22, 12, 11, 10, 7], [0, 27, 35, 25, 16], [0, 18, 17, 31, 1, 3, 5, 8, 20], [0, 34, 19, 33, 9, 21, 26, 4], [0, 14, 6, 36, 29, 24], [0, 32, 15, 30, 13]]


#################
lambda = 0.0
mu = 0.5
nu = 1.2000000000000002
execute = 25

[1019.668, 991.959, 999.32, 1020.923, 1030.821, 1013.743, 1051.966, 1015.376, 1076.082, 1001.578, 1013.913, 998.061, 1032.056, 1028.283, 957.598, 1031.078, 1004.414, 981.836, 1004.838, 1022.252, 993.694, 999.178, 971.92, 984.135, 1028.15]

mean = 1010.914
min = 957.598
gap = 0.898

[[0, 20, 8, 5, 3, 1, 9, 21, 4], [0, 10, 11, 12, 22, 23, 28, 2, 33], [0, 13, 30, 15, 32, 27], [0, 7, 25, 35, 16], [0, 14, 6, 36, 29, 24], [0, 26, 19, 31, 34, 17, 18]]


#################
lambda = 0.0
mu = 0.5
nu = 1.3
execute = 25

[991.505, 1010.544, 1070.897, 1071.889, 1022.033, 1009.517, 1070.993, 1028.598, 975.108, 995.406, 1033.69, 981.824, 976.809, 1064.715, 1016.401, 1039.246, 1047.98, 1016.512, 1076.862, 1016.109, 1028.714, 990.777, 1135.293, 984.666, 1021.887]

mean = 1027.119
min = 975.108
gap = 2.677

[[0, 5, 33, 2, 28, 23, 22, 12, 11, 10], [0, 20, 8, 3, 1, 9, 21, 19], [0, 6, 31, 34, 17, 18], [0, 36, 29, 24, 16, 7, 14], [0, 4, 26, 30, 15, 32, 27], [0, 13, 25, 35]]


#################
lambda = 0.0
mu = 0.5
nu = 1.4000000000000001
execute = 25

[1073.393, 1056.905, 1028.557, 1031.311, 1135.293, 1076.151, 978.226, 1031.161, 1043.334, 1025.805, 1029.945, 984.858, 1034.28, 1013.314, 1036.017, 1005.664, 1011.279, 1014.287, 1135.293, 1097.3, 1016.186, 1063.03, 1017.329, 1014.706, 1039.249]

mean = 1039.715
min = 978.226
gap = 2.988

[[0, 18, 4, 17, 34, 19, 31, 6], [0, 24, 16, 7, 14, 36, 29], [0, 27, 35, 13], [0, 10, 30, 15, 32, 25], [0, 21, 9, 5, 3, 8], [0, 26, 11, 12, 22, 23, 28, 2, 33, 1, 20]]


#################
lambda = 0.0
mu = 0.5
nu = 1.5
execute = 25

[1038.317, 1010.947, 1022.771, 1030.979, 1133.151, 995.43, 1070.615, 1021.219, 1007.211, 992.358, 1036.028, 953.164, 1022.404, 990.724, 972.751, 1030.046, 1050.566, 1000.343, 1063.276, 1006.14, 1018.753, 1028.664, 1107.818, 965.636, 1051.871]

mean = 1024.847
min = 953.164
gap = 0.437

[[0, 7, 25, 35, 16], [0, 27, 32, 15, 30, 13], [0, 14, 6, 36, 29, 24], [0, 17, 31, 1, 3, 5, 8, 20], [0, 33, 2, 28, 23, 22, 12, 11, 10, 4], [0, 26, 21, 9, 19, 34, 18]]


#################
lambda = 0.0
mu = 0.5
nu = 1.6
execute = 25

[1054.46, 987.273, 1024.209, 1058.867, 1055.12, 1001.402, 987.221, 976.95, 1000.839, 1040.789, 1067.813, 1070.398, 981.869, 1020.789, 1135.293, 1003.041, 1022.837, 1063.148, 1036.427, 1079.495, 998.088, 1133.77, 1038.968, 988.681, 1032.202]

mean = 1034.398
min = 976.95
gap = 2.861

[[0, 27, 25, 32, 15, 30, 10], [0, 8, 5, 33, 2, 28, 23, 22, 12, 11], [0, 26, 21, 9, 3, 1, 20, 14], [0, 36, 29, 7, 16, 24], [0, 18, 17, 34, 19, 31, 6], [0, 4, 13, 35]]


#################
lambda = 0.0
mu = 0.5
nu = 1.7000000000000002
execute = 25

[1031.293, 1044.467, 994.281, 1089.13, 1080.806, 1032.647, 995.747, 1020.371, 1023.237, 977.799, 1141.042, 1044.515, 1042.403, 1007.027, 1000.828, 1141.042, 980.942, 1000.173, 1141.042, 1023.087, 1005.336, 988.042, 1091.06, 1015.921, 1021.975]

mean = 1037.369
min = 977.799
gap = 2.945

[[0, 1, 5, 33, 2, 28, 23, 22, 12, 11, 10], [0, 18, 4, 19, 26, 21, 9, 20, 14], [0, 7, 25, 35, 16], [0, 27, 32, 15, 30, 13], [0, 24, 29, 36, 6], [0, 17, 34, 31, 3, 8]]


#################
lambda = 0.0
mu = 0.5
nu = 1.8
execute = 25

[1103.122, 1027.306, 998.598, 1026.657, 1011.264, 1130.187, 1060.733, 1113.323, 1041.315, 981.588, 1058.991, 1036.322, 1025.583, 1039.273, 1059.85, 1025.516, 1001.151, 1020.181, 990.999, 1013.226, 1097.74, 1156.481, 1012.995, 1012.784, 1077.309]

mean = 1044.9
min = 981.588
gap = 3.32

[[0, 25, 35, 32, 27], [0, 36, 29, 24, 16, 7, 14], [0, 6, 31, 19, 34, 17, 18], [0, 20, 8, 5, 3, 1, 9, 21], [0, 4, 26, 30, 15, 13], [0, 33, 2, 28, 23, 22, 12, 11, 10]]

######### Guided results (best results for the deterministic) #############################



#################
lambda = 1.1
mu = 0.8
nu = 0.9
execute = 50

[1008.158, 981.085, 1005.881, 989.526, 998.851, 1004.435, 985.432, 1004.707, 1023.047, 1001.998, 1018.427, 996.564, 984.324, 1005.683, 973.485, 990.278, 994.987, 978.592, 1023.75, 1024.718, 1048.9, 981.068, 1008.951, 997.897, 1021.585, 988.173, 996.304, 980.572, 1024.683, 1010.782, 1018.178, 1000.609, 1031.752, 1007.438, 1027.481, 971.408, 997.069, 985.189, 1018.744, 1005.777, 1025.94, 977.466, 1001.514, 1000.384, 978.946, 1045.565, 1013.018, 1008.344, 1002.041, 998.362]

mean = 1003.361
min = 971.408
gap = 2.307

[[0, 25, 32, 15, 30, 13], [0, 27, 35, 16], [0, 10, 11, 12, 22, 23, 28, 2, 33], [0, 24, 7, 14, 6, 36, 29], [0, 18, 17, 31, 1, 3, 5, 8, 20], [0, 4, 26, 21, 9, 19, 34]]


#################
lambda = 1.3
mu = 0.0
nu = 1.0
execute = 50

[1021.474, 986.214, 1021.474, 1021.474, 1012.426, 1021.474, 1021.474, 1021.474, 1020.294, 1039.881, 1023.187, 1021.474, 1021.474, 1021.474, 1002.514, 1022.596, 1038.008, 1021.474, 1021.474, 1021.474, 1021.474, 988.478, 960.462, 1018.286, 1021.474, 1021.474, 997.318, 1039.881, 1039.881, 997.069, 1021.474, 1021.474, 976.3, 1039.881, 1039.881, 1041.475, 1039.881, 1001.837, 1021.474, 1021.474, 1038.392, 1031.49, 1039.881, 1021.474, 1021.474, 1021.474, 1021.474, 1039.881, 1021.844, 1038.392]

mean = 1020.591
min = 960.462
gap = 1.193

[[0, 7, 25, 35, 16], [0, 13, 30, 15, 32, 27], [0, 10, 11, 12, 22, 23, 28, 2, 33, 1, 20], [0, 14, 18, 4, 17, 34, 31, 26], [0, 19, 21, 9, 5, 3, 8], [0, 24, 29, 36, 6]]
