Aretes fixées après apprentissage pour cette exécution
Fixed edges = [[0, 23, 6, 19, 11, 18, 29, 16, 12, 27, 10, 22, 2, 24, 28, 23, 4, 5, 25, 30, 17, 16, 23, 22, 15, 17, 9, 3, 29, 31, 18, 28, 11, 0], [0, 22, 24, 6, 2, 4, 26, 5, 12, 4, 20, 2, 0], [0, 3, 16, 15, 0], [0, 5, 27, 25, 0], [0, 26, 7, 8, 13, 20, 0], [0, 10, 30, 0], [0, 31, 19, 14, 21, 31, 0], [0, 28, 29, 0], [0, 1, 0], [0, 32, 0]]


#################
lambda = 0.1
mu = 0.1
nu = 0.1

init = 1014.216
res = 663.826
gap = -18.103

solution = [[0, 29, 16, 3, 9, 17, 15], [0, 10, 30, 25, 27, 5, 4], [0, 2, 20, 32, 13, 8, 7, 26, 12], [0, 11, 31, 1, 21, 14, 19, 6, 24], [0, 23, 18, 28, 22]]


#################
lambda = 0.1
mu = 0.1
nu = 1.0

init = 1023.37
res = 734.46
gap = -6.745

solution = [[0, 22], [0, 2], [0, 11, 19, 14, 21, 1, 29, 3, 16, 15], [0, 23, 28, 18, 31, 6, 24], [0, 9, 17, 10, 30, 25], [0, 12, 27, 5, 26, 7, 8, 13, 32], [0, 20, 4]]


#################
lambda = 0.1
mu = 0.1
nu = 1.8

init = 1017.305
res = 671.309
gap = -16.787

solution = [[0, 2, 20, 4, 25, 30, 10], [0, 32, 13, 8, 7, 26, 5, 27, 12], [0, 15, 17, 9, 3, 16, 29], [0, 24, 6, 19, 14, 21, 1, 31, 11], [0, 23, 18, 28, 22]]


#################
lambda = 0.1
mu = 0.30000000000000004
nu = 0.1

init = 1032.7
res = 668.656
gap = -17.25

solution = [[0, 15, 12, 30, 25, 27, 5, 20], [0, 4, 26, 7, 8, 13, 32, 2], [0, 10, 17, 9, 3, 16, 29], [0, 11, 31, 1, 21, 14, 19, 6, 24], [0, 23, 18, 28, 22]]


#################
lambda = 0.1
mu = 0.30000000000000004
nu = 0.7000000000000001

init = 1015.366
res = 684.904
gap = -14.469

solution = [[0, 16, 3, 9, 17, 15], [0, 2, 24, 6, 19, 14, 21, 1, 29], [0, 11, 31, 18, 28, 23], [0, 10, 30, 25, 27, 5, 12], [0, 20, 32, 13, 8, 7, 26, 4, 22]]


#################
lambda = 0.1
mu = 0.4
nu = 0.1

init = 956.711
res = 684.578
gap = -14.523

solution = [[0, 12, 10, 30, 25, 27, 4], [0, 2, 20, 32, 13, 8, 7, 26, 5], [0, 16, 3, 9, 17, 15], [0, 24, 6, 18, 28, 23], [0, 11, 19, 14, 21, 1, 31, 29, 22]]


#################
lambda = 0.1
mu = 0.4
nu = 0.7000000000000001

init = 969.127
res = 675.701
gap = -16.028

solution = [[0, 26, 5, 27, 25, 30, 10, 12], [0, 29, 16, 3, 9, 17, 15], [0, 20, 4, 7, 8, 13, 32, 2], [0, 11, 31, 1, 21, 14, 19, 6, 24], [0, 23, 18, 28, 22]]


#################
lambda = 0.1
mu = 0.5
nu = 1.3

init = 1044.757
res = 666.303
gap = -17.664

solution = [[0, 31, 1, 21, 14, 19, 6, 24], [0, 20, 4, 27, 25, 30, 10], [0, 2, 32, 13, 8, 7, 26, 5, 12], [0, 29, 16, 3, 9, 17, 15], [0, 11, 18, 28, 23, 22]]


#################
lambda = 0.1
mu = 0.6000000000000001
nu = 1.9000000000000001

init = 996.135
res = 680.099
gap = -15.277

solution = [[0, 24, 6, 19, 14, 21, 1, 31], [0, 12, 30, 25, 27, 5, 4], [0, 2, 32, 13, 8, 7, 26, 20], [0, 22, 15, 28, 18, 11, 23], [0, 10, 17, 9, 3, 16, 29]]


#################
lambda = 0.1
mu = 0.7000000000000001
nu = 0.1

init = 950.926
res = 739.069
gap = -6.079

solution = [[0, 15, 22], [0, 2, 32, 13, 8, 7, 26], [0, 23, 28, 18], [0, 6, 24], [0, 11, 19, 14, 21, 1, 31, 29], [0, 16, 3, 9, 17, 10], [0, 4, 12, 30, 25, 27, 5, 20]]


#################
lambda = 0.1
mu = 0.7000000000000001
nu = 0.6000000000000001

init = 919.342
res = 669.809
gap = -17.048

solution = [[0, 12, 26, 7, 8, 13, 32, 20, 2], [0, 10, 30, 25, 27, 5, 4], [0, 24, 6, 19, 14, 21, 1, 31], [0, 29, 16, 3, 9, 17, 15], [0, 22, 28, 18, 11, 23]]


#################
lambda = 0.1
mu = 0.8
nu = 0.1

init = 892.829
res = 663.826
gap = -18.103

solution = [[0, 12, 26, 7, 8, 13, 32, 20, 2], [0, 29, 16, 3, 9, 17, 15], [0, 10, 30, 25, 27, 5, 4], [0, 11, 31, 1, 21, 14, 19, 6, 24], [0, 22, 28, 18, 23]]


#################
lambda = 0.1
mu = 0.8
nu = 0.30000000000000004

init = 928.713
res = 663.826
gap = -18.103

solution = [[0, 2, 20, 32, 13, 8, 7, 26, 12], [0, 4, 5, 27, 25, 30, 10], [0, 29, 16, 3, 9, 17, 15], [0, 11, 31, 1, 21, 14, 19, 6, 24], [0, 23, 18, 28, 22]]


#################
lambda = 0.1
mu = 0.8
nu = 0.7000000000000001

init = 881.937
res = 684.904
gap = -14.469

solution = [[0, 16, 3, 9, 17, 15], [0, 29, 1, 21, 14, 19, 6, 24, 2], [0, 11, 31, 18, 28, 23], [0, 10, 30, 25, 27, 5, 12], [0, 22, 4, 26, 7, 8, 13, 32, 20]]


#################
lambda = 0.1
mu = 0.8
nu = 0.8

init = 933.651
res = 684.578
gap = -14.523

solution = [[0, 12, 10, 30, 25, 27, 4], [0, 2, 20, 32, 13, 8, 7, 26, 5], [0, 16, 3, 9, 17, 15], [0, 24, 6, 18, 28, 23], [0, 11, 19, 14, 21, 1, 31, 29, 22]]


#################
lambda = 0.1
mu = 0.8
nu = 1.1

init = 947.091
res = 680.446
gap = -15.219

solution = [[0, 28, 18, 31, 1, 21, 14, 19, 11], [0, 12, 10, 30, 25, 27, 4], [0, 2, 20, 32, 13, 8, 7, 26, 5], [0, 29, 3, 9, 17, 16, 15], [0, 24, 6, 23, 22]]


#################
lambda = 0.1
mu = 0.8
nu = 1.9000000000000001

init = 873.433
res = 688.02
gap = -13.95

solution = [[0, 2, 24, 6, 18, 28, 23], [0, 22, 29, 31, 1, 21, 14, 19, 11], [0, 16, 3, 9, 17, 15], [0, 20, 32, 13, 8, 7, 26, 4], [0, 10, 30, 25, 27, 5, 12]]


#################
lambda = 0.1
mu = 0.9
nu = 0.1

init = 902.341
res = 696.946
gap = -12.491

solution = [[0, 29, 16, 3, 9, 17, 10], [0, 12, 30, 25, 27, 5, 4], [0, 2, 32, 13, 8, 7, 26, 20], [0, 15, 22], [0, 24, 6, 23], [0, 11, 19, 14, 21, 1, 31, 18, 28]]


#################
lambda = 0.1
mu = 0.9
nu = 0.30000000000000004

init = 849.393
res = 678.165
gap = -15.606

solution = [[0, 2, 24, 6, 11, 23], [0, 28, 18, 31, 1, 21, 14, 19], [0, 29, 16, 3, 9, 17, 15], [0, 20, 32, 13, 8, 7, 26, 4, 22], [0, 10, 30, 25, 27, 5, 12]]


#################
lambda = 0.1
mu = 0.9
nu = 0.6000000000000001

init = 859.994
res = 696.493
gap = -12.564

solution = [[0, 29, 16, 3, 9, 17, 2], [0, 24, 6, 19, 14, 21, 1, 31], [0, 22, 15, 28, 18, 11, 23], [0, 20, 32, 13, 8, 7, 26, 4], [0, 10, 30, 25, 27, 5, 12]]


#################
lambda = 0.1
mu = 0.9
nu = 1.1

init = 854.332
res = 679.895
gap = -15.312

solution = [[0, 26, 5, 27, 25, 30, 10, 12], [0, 20, 4, 7, 8, 13, 32, 2], [0, 24, 6, 19, 14, 21, 1, 31], [0, 29, 16, 3, 9, 17, 15], [0, 22, 23, 28, 18, 11]]


#################
lambda = 0.1
mu = 0.9
nu = 1.2000000000000002

init = 867.772
res = 693.205
gap = -13.098

solution = [[0, 2, 24, 6, 11, 23, 22], [0, 16, 3, 9, 17, 15], [0, 28, 18, 31, 19, 14, 21, 1, 29], [0, 20, 32, 13, 8, 7, 26, 4], [0, 10, 30, 25, 27, 5, 12]]


#################
lambda = 0.1
mu = 1.0
nu = 0.1

init = 862.258
res = 671.83
gap = -16.696

solution = [[0, 29, 16, 3, 9, 17, 15], [0, 2, 20, 32, 13, 8, 7, 26, 5], [0, 24, 6, 19, 14, 21, 1, 31], [0, 11, 18, 28, 23, 22], [0, 4, 12, 27, 25, 30, 10]]


#################
lambda = 0.1
mu = 1.0
nu = 0.30000000000000004

init = 895.26
res = 714.382
gap = -9.745

solution = [[0, 16, 3, 9, 17, 10, 12], [0, 15, 22], [0, 24, 6, 19, 14, 21, 1, 29], [0, 11, 31, 18, 28, 23], [0, 2, 32, 13, 8, 7, 26], [0, 20, 4, 5, 27, 25, 30]]


#################
lambda = 0.1
mu = 1.0
nu = 0.6000000000000001

init = 881.383
res = 678.165
gap = -15.606

solution = [[0, 29, 16, 3, 9, 17, 15], [0, 28, 18, 31, 1, 21, 14, 19], [0, 23, 11, 6, 24, 2], [0, 20, 32, 13, 8, 7, 26, 4, 22], [0, 10, 30, 25, 27, 5, 12]]


#################
lambda = 0.1
mu = 1.0
nu = 1.0

init = 872.251
res = 684.285
gap = -14.572

solution = [[0, 24, 6, 19, 14, 21, 1, 31], [0, 17, 9, 3, 16, 29, 23], [0, 22, 15, 28, 18, 11], [0, 2, 32, 13, 8, 7, 26, 5, 20], [0, 4, 12, 27, 25, 30, 10]]


#################
lambda = 0.1
mu = 1.0
nu = 1.2000000000000002

init = 899.222
res = 663.826
gap = -18.103

solution = [[0, 29, 16, 3, 9, 17, 15], [0, 10, 30, 25, 27, 5, 4], [0, 12, 26, 7, 8, 13, 32, 20, 2], [0, 11, 31, 1, 21, 14, 19, 6, 24], [0, 23, 18, 28, 22]]


#################
lambda = 0.1
mu = 1.0
nu = 1.3

init = 913.388
res = 711.979
gap = -10.116

solution = [[0, 16, 3, 9, 17, 10, 12], [0, 15, 22], [0, 28, 18, 31, 19, 14, 21, 1, 29], [0, 24, 6, 11, 23], [0, 20, 26, 7, 8, 13, 32, 2], [0, 4, 5, 27, 25, 30]]


#################
lambda = 0.1
mu = 1.0
nu = 1.4000000000000001

init = 913.196
res = 682.326
gap = -14.901

solution = [[0, 15, 17, 9, 3, 16, 29], [0, 22, 23, 11, 6, 24, 2], [0, 28, 18, 31, 1, 21, 14, 19], [0, 20, 32, 13, 8, 7, 26, 4], [0, 10, 30, 25, 27, 5, 12]]


#################
lambda = 0.1
mu = 1.0
nu = 1.5

init = 910.834
res = 666.592
gap = -17.613

solution = [[0, 10, 30, 25, 27, 12, 4], [0, 29, 16, 3, 9, 17, 15], [0, 24, 6, 19, 14, 21, 1, 31], [0, 20, 5, 26, 7, 8, 13, 32, 2], [0, 22, 23, 28, 18, 11]]


#################
lambda = 0.1
mu = 1.0
nu = 1.9000000000000001

init = 936.539
res = 667.636
gap = -17.429

solution = [[0, 2, 20, 32, 13, 8, 7, 26, 5], [0, 4, 12, 27, 25, 30, 10], [0, 29, 16, 3, 9, 17, 15], [0, 11, 31, 1, 21, 14, 19, 6, 24], [0, 23, 18, 28, 22]]


#################
lambda = 0.1
mu = 1.1
nu = 0.1

init = 936.874
res = 680.282
gap = -15.246

solution = [[0, 29, 16, 3, 9, 17, 15], [0, 20, 32, 13, 8, 7, 26, 4, 22], [0, 12, 5, 27, 25, 30, 10], [0, 11, 31, 1, 21, 14, 19, 6, 24], [0, 2, 18, 28, 23]]


#################
lambda = 0.1
mu = 1.1
nu = 0.30000000000000004

init = 951.504
res = 696.946
gap = -12.491

solution = [[0, 24, 6, 23], [0, 29, 16, 3, 9, 17, 10], [0, 15, 22], [0, 28, 18, 31, 1, 21, 14, 19, 11], [0, 4, 5, 27, 25, 30, 12], [0, 20, 26, 7, 8, 13, 32, 2]]


#################
lambda = 0.1
mu = 1.1
nu = 0.4

init = 960.476
res = 684.462
gap = -14.543

solution = [[0, 15, 17, 9, 3, 16, 29], [0, 31, 1, 21, 14, 19, 6, 24], [0, 11, 18, 28, 23, 22, 2], [0, 4, 26, 7, 8, 13, 32, 20], [0, 12, 5, 27, 25, 30, 10]]


#################
lambda = 0.1
mu = 1.1
nu = 0.5

init = 965.036
res = 718.778
gap = -9.074

solution = [[0, 12, 27, 5, 26, 7, 8, 13, 32], [0, 6, 24], [0, 22, 15, 16, 3, 29, 28, 23], [0, 11, 19, 14, 21, 1, 31, 18], [0, 9, 17, 10, 30, 25], [0, 4, 20, 2]]


#################
lambda = 0.1
mu = 1.1
nu = 0.6000000000000001

init = 976.527
res = 688.189
gap = -13.922

solution = [[0, 29, 16, 3, 9, 17, 15], [0, 2, 32, 20, 25, 30, 10, 12], [0, 13, 8, 7, 26, 5, 27, 4], [0, 11, 31, 1, 21, 14, 19, 6, 24], [0, 23, 18, 28, 22]]


#################
lambda = 0.1
mu = 1.1
nu = 1.0

init = 1203.699
res = 676.88
gap = -15.826

solution = [[0, 10, 30, 25, 27, 5, 4], [0, 12, 26, 7, 8, 13, 32, 20, 2], [0, 24, 6, 19, 14, 21, 1, 29, 22], [0, 16, 3, 9, 17, 15], [0, 11, 31, 18, 28, 23]]


#################
lambda = 0.1
mu = 1.1
nu = 1.4000000000000001

init = 1183.879
res = 709.501
gap = -10.5

solution = [[0, 22], [0, 28, 23], [0, 18, 31, 29, 1, 21, 14, 19, 11], [0, 20, 5, 26, 7, 8, 13, 32, 2], [0, 12, 10, 30, 25, 27, 4], [0, 16, 3, 9, 17, 15], [0, 6, 24]]


#################
lambda = 0.1
mu = 1.1
nu = 1.6

init = 1135.44
res = 690.118
gap = -13.604

solution = [[0, 2, 20, 32, 13, 8, 7, 26], [0, 22, 29, 31, 1, 21, 14, 19], [0, 24, 6, 11, 18, 28, 23], [0, 16, 3, 9, 17, 10, 12], [0, 4, 5, 27, 25, 30, 15]]


#################
lambda = 0.1
mu = 1.1
nu = 1.7000000000000002

init = 1162.918
res = 700.556
gap = -11.911

solution = [[0, 4, 12, 30, 25, 27, 5, 20], [0, 29, 16, 3, 9, 17, 10], [0, 11, 18, 28, 23], [0, 24, 6, 19, 14, 21, 1, 31], [0, 2, 32, 13, 8, 7, 26], [0, 15, 22]]


#################
lambda = 0.1
mu = 1.1
nu = 1.8

init = 1105.198
res = 677.976
gap = -15.638

solution = [[0, 20, 26, 7, 8, 13, 32, 2], [0, 11, 31, 18, 28, 23, 22], [0, 24, 6, 19, 14, 21, 1, 29], [0, 15, 16, 3, 9, 17, 12], [0, 10, 30, 25, 27, 5, 4]]


#################
lambda = 0.1
mu = 1.2000000000000002
nu = 0.1

init = 1132.144
res = 678.165
gap = -15.606

solution = [[0, 29, 16, 3, 9, 17, 15], [0, 23, 11, 6, 24, 2], [0, 28, 18, 31, 1, 21, 14, 19], [0, 20, 32, 13, 8, 7, 26, 4, 22], [0, 10, 30, 25, 27, 5, 12]]


#################
lambda = 0.1
mu = 1.2000000000000002
nu = 0.30000000000000004

init = 1293.188
res = 680.446
gap = -15.219

solution = [[0, 28, 18, 31, 1, 21, 14, 19, 11], [0, 12, 10, 30, 25, 27, 4], [0, 2, 20, 32, 13, 8, 7, 26, 5], [0, 29, 3, 9, 17, 16, 15], [0, 24, 6, 23, 22]]


#################
lambda = 0.1
mu = 1.2000000000000002
nu = 0.5

init = 1328.412
res = 662.399
gap = -18.358

solution = [[0, 4, 12, 27, 25, 30, 10], [0, 20, 5, 26, 7, 8, 13, 32, 2], [0, 29, 16, 3, 9, 17, 15], [0, 11, 31, 1, 21, 14, 19, 6, 24], [0, 23, 18, 28, 22]]


#################
lambda = 0.1
mu = 1.2000000000000002
nu = 1.1

init = 1254.124
res = 700.556
gap = -11.911

solution = [[0, 4, 12, 30, 25, 27, 5, 20], [0, 29, 16, 3, 9, 17, 10], [0, 11, 18, 28, 23], [0, 24, 6, 19, 14, 21, 1, 31], [0, 2, 32, 13, 8, 7, 26], [0, 15, 22]]


#################
lambda = 0.1
mu = 1.2000000000000002
nu = 1.4000000000000001

init = 1254.168
res = 671.432
gap = -16.765

solution = [[0, 15, 17, 9, 3, 16, 29], [0, 20, 4, 27, 25, 30, 10], [0, 2, 32, 13, 8, 7, 26, 5, 12], [0, 24, 6, 23, 22], [0, 11, 19, 14, 21, 1, 31, 18, 28]]


#################
lambda = 0.1
mu = 1.2000000000000002
nu = 1.6

init = 1258.718
res = 680.268
gap = -15.249

solution = [[0, 29, 16, 3, 9, 17, 15], [0, 23, 18, 28, 22, 2], [0, 24, 6, 19, 14, 21, 1, 31, 11], [0, 20, 32, 13, 8, 7, 26, 4], [0, 10, 30, 25, 27, 5, 12]]


#################
lambda = 0.1
mu = 1.2000000000000002
nu = 1.8

init = 1250.13
res = 663.826
gap = -18.103

solution = [[0, 29, 16, 3, 9, 17, 15], [0, 10, 30, 25, 27, 5, 4], [0, 12, 26, 7, 8, 13, 32, 20, 2], [0, 11, 31, 1, 21, 14, 19, 6, 24], [0, 23, 18, 28, 22]]


#################
lambda = 0.1
mu = 1.3
nu = 0.1

init = 1292.144
res = 678.165
gap = -15.606

solution = [[0, 28, 18, 31, 1, 21, 14, 19], [0, 23, 11, 6, 24, 2], [0, 29, 16, 3, 9, 17, 15], [0, 20, 32, 13, 8, 7, 26, 4, 22], [0, 10, 30, 25, 27, 5, 12]]


#################
lambda = 0.1
mu = 1.3
nu = 0.30000000000000004

init = 1344.361
res = 682.326
gap = -14.901

solution = [[0, 29, 16, 3, 9, 17, 15], [0, 22, 23, 11, 6, 24, 2], [0, 28, 18, 31, 1, 21, 14, 19], [0, 20, 32, 13, 8, 7, 26, 4], [0, 10, 30, 25, 27, 5, 12]]


#################
lambda = 0.1
mu = 1.3
nu = 0.7000000000000001

init = 1348.68
res = 668.656
gap = -17.25

solution = [[0, 29, 16, 3, 9, 17, 10], [0, 24, 6, 19, 14, 21, 1, 31, 11], [0, 23, 18, 28, 22], [0, 2, 32, 13, 8, 7, 26, 4], [0, 15, 12, 30, 25, 27, 5, 20]]


#################
lambda = 0.1
mu = 1.3
nu = 0.9

init = 1282.628
res = 668.019
gap = -17.362

solution = [[0, 2, 20, 32, 13, 8, 7, 26, 12], [0, 10, 30, 25, 27, 5, 4], [0, 24, 6, 19, 14, 21, 1, 31], [0, 29, 16, 3, 9, 17, 15], [0, 22, 23, 28, 18, 11]]


#################
lambda = 0.1
mu = 1.3
nu = 1.8

init = 1299.786
res = 751.974
gap = -4.259

solution = [[0, 12, 27, 5, 26, 7, 8, 13, 32], [0, 19, 14, 21, 1, 31, 29, 3, 16], [0, 24, 6], [0, 23, 28, 18, 11], [0, 15, 22], [0, 9, 17, 10, 30, 25], [0, 4, 20, 2]]


#################
lambda = 0.1
mu = 1.3
nu = 1.9000000000000001

init = 1311.624
res = 675.701
gap = -16.028

solution = [[0, 26, 5, 27, 25, 30, 10, 12], [0, 29, 16, 3, 9, 17, 15], [0, 20, 4, 7, 8, 13, 32, 2], [0, 11, 31, 1, 21, 14, 19, 6, 24], [0, 23, 18, 28, 22]]


#################
lambda = 0.1
mu = 1.4000000000000001
nu = 0.1

init = 1219.544
res = 671.695
gap = -16.72

solution = [[0, 12, 10, 30, 25, 27, 4], [0, 2, 20, 32, 13, 8, 7, 26, 5], [0, 29, 16, 3, 9, 17, 15], [0, 11, 18, 28, 23, 22], [0, 31, 1, 21, 14, 19, 6, 24]]


#################
lambda = 0.1
mu = 1.4000000000000001
nu = 0.30000000000000004

init = 1316.225
res = 671.309
gap = -16.787

solution = [[0, 2, 20, 4, 25, 30, 10], [0, 32, 13, 8, 7, 26, 5, 27, 12], [0, 29, 16, 3, 9, 17, 15], [0, 11, 31, 1, 21, 14, 19, 6, 24], [0, 23, 18, 28, 22]]


#################
lambda = 0.1
mu = 1.4000000000000001
nu = 0.9

init = 1350.32
res = 668.247
gap = -17.322

solution = [[0, 15, 17, 9, 3, 16, 29], [0, 31, 1, 21, 14, 19, 6, 24], [0, 23, 11, 18, 28, 22], [0, 2, 32, 13, 8, 7, 26, 5, 20], [0, 12, 10, 30, 25, 27, 4]]


#################
lambda = 0.1
mu = 1.4000000000000001
nu = 1.3

init = 1374.91
res = 669.809
gap = -17.048

solution = [[0, 24, 6, 19, 14, 21, 1, 31], [0, 29, 16, 3, 9, 17, 15], [0, 23, 11, 18, 28, 22], [0, 12, 26, 7, 8, 13, 32, 20, 2], [0, 10, 30, 25, 27, 5, 4]]


#################
lambda = 0.1
mu = 1.4000000000000001
nu = 1.5

init = 1238.743
res = 678.571
gap = -15.537

solution = [[0, 20, 4, 27, 25, 30, 10], [0, 2, 32, 13, 8, 7, 26, 5, 12], [0, 16, 3, 9, 17, 15], [0, 24, 6, 19, 14, 21, 1, 11], [0, 23, 28, 18, 31, 29, 22]]


#################
lambda = 0.1
mu = 1.4000000000000001
nu = 1.8

init = 1191.49
res = 662.264
gap = -18.382

solution = [[0, 15, 17, 9, 3, 16, 29], [0, 2, 32, 13, 8, 7, 26, 5, 20], [0, 4, 27, 25, 30, 10, 12], [0, 24, 6, 19, 14, 21, 1, 31, 11], [0, 23, 18, 28, 22]]


#################
lambda = 0.1
mu = 1.5
nu = 0.1

init = 1223.856
res = 671.037
gap = -16.834

solution = [[0, 12, 5, 26, 7, 8, 13, 32, 2], [0, 20, 4, 10, 30, 25, 27], [0, 15, 17, 9, 3, 16, 29], [0, 11, 18, 28, 23, 22], [0, 24, 6, 19, 14, 21, 1, 31]]


#################
lambda = 0.1
mu = 1.5
nu = 0.2

init = 1239.746
res = 678.165
gap = -15.606

solution = [[0, 15, 17, 9, 3, 16, 29], [0, 20, 32, 13, 8, 7, 26, 4, 22], [0, 10, 30, 25, 27, 5, 12], [0, 23, 11, 6, 24, 2], [0, 28, 18, 31, 1, 21, 14, 19]]


#################
lambda = 0.1
mu = 1.5
nu = 0.5

init = 1310.262
res = 684.66
gap = -14.509

solution = [[0, 16, 3, 9, 17, 15], [0, 22, 23, 11, 6, 24], [0, 28, 18, 31, 19, 14, 21, 1, 29], [0, 20, 5, 26, 7, 8, 13, 32, 2], [0, 4, 12, 27, 25, 30, 10]]


#################
lambda = 0.1
mu = 1.5
nu = 1.6

init = 1333.501
res = 678.165
gap = -15.606

solution = [[0, 10, 30, 25, 27, 5, 12], [0, 20, 32, 13, 8, 7, 26, 4, 22], [0, 29, 16, 3, 9, 17, 15], [0, 23, 11, 6, 24, 2], [0, 19, 14, 21, 1, 31, 18, 28]]


#################
lambda = 0.1
mu = 1.5
nu = 1.9000000000000001

init = 1290.822
res = 666.592
gap = -17.613

solution = [[0, 20, 5, 26, 7, 8, 13, 32, 2], [0, 4, 12, 27, 25, 30, 10], [0, 24, 6, 19, 14, 21, 1, 31], [0, 11, 18, 28, 23, 22], [0, 29, 16, 3, 9, 17, 15]]


#################
lambda = 0.1
mu = 1.7000000000000002
nu = 1.3

init = 1261.905
res = 688.484
gap = -13.873

solution = [[0, 12, 27, 5, 26, 7, 8, 13, 32], [0, 24, 6, 19, 14, 21, 1, 31, 11], [0, 23, 28, 18, 29, 3, 16, 15], [0, 2, 20, 4, 22], [0, 9, 17, 10, 30, 25]]


#################
lambda = 0.1
mu = 1.7000000000000002
nu = 1.7000000000000002

init = 1227.253
res = 688.713
gap = -13.835

solution = [[0, 10, 17, 9, 3, 16, 29], [0, 11, 31, 1, 21, 14, 19, 6, 24], [0, 20, 26, 7, 8, 13, 32, 2], [0, 12, 30, 25, 27, 5, 4], [0, 15, 22], [0, 18, 28, 23]]


#################
lambda = 0.1
mu = 1.8
nu = 0.1

init = 1235.141
res = 682.007
gap = -14.955

solution = [[0, 24, 6, 19, 14, 21, 1, 31], [0, 29, 16, 3, 9, 17, 15], [0, 2, 11, 18, 28, 23], [0, 20, 32, 13, 8, 7, 26, 4, 22], [0, 10, 30, 25, 27, 5, 12]]


#################
lambda = 0.2
mu = 0.1
nu = 0.1

init = 969.415
res = 688.595
gap = -13.855

solution = [[0, 28, 29, 16, 3, 9, 17], [0, 10, 30, 25, 27, 5, 12], [0, 11, 19, 14, 21, 1, 31, 18, 23], [0, 6, 24, 2, 22], [0, 20, 32, 13, 8, 7, 26, 4, 15]]


#################
lambda = 0.2
mu = 0.1
nu = 0.6000000000000001

init = 1027.961
res = 671.695
gap = -16.72

solution = [[0, 12, 10, 30, 25, 27, 4], [0, 2, 20, 32, 13, 8, 7, 26, 5], [0, 29, 16, 3, 9, 17, 15], [0, 31, 1, 21, 14, 19, 6, 24], [0, 11, 18, 28, 23, 22]]


#################
lambda = 0.2
mu = 0.1
nu = 0.9

init = 1078.5
res = 679.053
gap = -15.455

solution = [[0, 11, 18, 28, 23, 22], [0, 29, 16, 3, 9, 17, 10], [0, 24, 6, 19, 14, 21, 1, 31], [0, 2, 32, 13, 8, 7, 26, 15], [0, 12, 30, 25, 27, 5, 4, 20]]


#################
lambda = 0.2
mu = 0.30000000000000004
nu = 0.1

init = 1017.921
res = 680.259
gap = -15.25

solution = [[0, 16, 3, 9, 17, 15], [0, 22, 23, 11, 6, 24], [0, 28, 18, 31, 29, 1, 21, 14, 19], [0, 20, 5, 26, 7, 8, 13, 32, 2], [0, 4, 12, 27, 25, 30, 10]]


#################
lambda = 0.2
mu = 0.30000000000000004
nu = 1.9000000000000001

init = 1019.954
res = 685.023
gap = -14.449

solution = [[0, 12, 10, 30, 25, 27, 5, 26], [0, 20, 4, 7, 8, 13, 32, 2], [0, 24, 6, 23, 22], [0, 15, 17, 9, 3, 16, 29], [0, 11, 19, 14, 21, 1, 31, 18, 28]]


#################
lambda = 0.2
mu = 0.4
nu = 0.1

init = 930.982
res = 669.809
gap = -17.048

solution = [[0, 29, 16, 3, 9, 17, 15], [0, 31, 1, 21, 14, 19, 6, 24], [0, 23, 11, 18, 28, 22], [0, 12, 26, 7, 8, 13, 32, 20, 2], [0, 10, 30, 25, 27, 5, 4]]


#################
lambda = 0.2
mu = 0.4
nu = 0.2

init = 906.753
res = 688.713
gap = -13.835

solution = [[0, 29, 16, 3, 9, 17, 10], [0, 15, 22], [0, 12, 30, 25, 27, 5, 4], [0, 2, 32, 13, 8, 7, 26, 20], [0, 11, 31, 1, 21, 14, 19, 6, 24], [0, 18, 28, 23]]


#################
lambda = 0.2
mu = 0.4
nu = 1.1

init = 875.169
res = 673.147
gap = -16.468

solution = [[0, 29, 16, 3, 9, 17, 15], [0, 24, 6, 23, 22], [0, 28, 18, 31, 1, 21, 14, 19, 11], [0, 10, 30, 25, 27, 5, 4], [0, 12, 26, 7, 8, 13, 32, 20, 2]]


#################
lambda = 0.2
mu = 0.7000000000000001
nu = 1.6

init = 876.657
res = 680.268
gap = -15.249

solution = [[0, 11, 31, 1, 21, 14, 19, 6, 24], [0, 15, 17, 9, 3, 16, 29], [0, 23, 18, 28, 22, 2], [0, 4, 26, 7, 8, 13, 32, 20], [0, 10, 30, 25, 27, 5, 12]]


#################
lambda = 0.2
mu = 0.7000000000000001
nu = 1.8

init = 878.406
res = 673.147
gap = -16.468

solution = [[0, 29, 16, 3, 9, 17, 15], [0, 24, 6, 23, 22], [0, 28, 18, 31, 1, 21, 14, 19, 11], [0, 10, 30, 25, 27, 5, 4], [0, 12, 26, 7, 8, 13, 32, 20, 2]]


#################
lambda = 0.2
mu = 1.0
nu = 0.5

init = 887.334
res = 668.656
gap = -17.25

solution = [[0, 29, 16, 3, 9, 17, 10], [0, 24, 6, 19, 14, 21, 1, 31, 11], [0, 23, 18, 28, 22], [0, 2, 32, 13, 8, 7, 26, 4], [0, 15, 12, 30, 25, 27, 5, 20]]


#################
lambda = 0.2
mu = 1.0
nu = 1.9000000000000001

init = 902.285
res = 688.595
gap = -13.855

solution = [[0, 10, 30, 25, 27, 5, 12], [0, 11, 19, 14, 21, 1, 31, 18, 23], [0, 28, 29, 16, 3, 9, 17], [0, 6, 24, 2, 22], [0, 20, 32, 13, 8, 7, 26, 4, 15]]


#################
lambda = 0.2
mu = 1.1
nu = 0.1

init = 912.084
res = 676.104
gap = -15.958

solution = [[0, 15, 17, 9, 3, 16, 29], [0, 23, 6, 24, 2], [0, 28, 18, 31, 1, 21, 14, 19, 11], [0, 20, 32, 13, 8, 7, 26, 4, 22], [0, 10, 30, 25, 27, 5, 12]]


#################
lambda = 0.2
mu = 1.1
nu = 0.2

init = 904.552
res = 676.104
gap = -15.958

solution = [[0, 15, 17, 9, 3, 16, 29], [0, 23, 6, 24, 2], [0, 28, 18, 31, 1, 21, 14, 19, 11], [0, 20, 32, 13, 8, 7, 26, 4, 22], [0, 10, 30, 25, 27, 5, 12]]


#################
lambda = 0.2
mu = 1.1
nu = 0.5

init = 909.884
res = 680.265
gap = -15.249

solution = [[0, 22, 23, 6, 24, 2], [0, 28, 18, 31, 1, 21, 14, 19, 11], [0, 15, 17, 9, 3, 16, 29], [0, 20, 32, 13, 8, 7, 26, 4], [0, 10, 30, 25, 27, 5, 12]]


#################
lambda = 0.2
mu = 1.1
nu = 0.6000000000000001

init = 910.114
res = 673.619
gap = -16.386

solution = [[0, 29, 16, 3, 9, 17, 15], [0, 4, 12, 27, 25, 30, 10], [0, 2, 20, 32, 13, 8, 7, 26, 5], [0, 23, 11, 18, 28, 22], [0, 24, 6, 19, 14, 21, 1, 31]]


#################
lambda = 0.2
mu = 1.1
nu = 0.7000000000000001

init = 961.576
res = 676.104
gap = -15.958

solution = [[0, 11, 19, 14, 21, 1, 31, 18, 28], [0, 20, 32, 13, 8, 7, 26, 4, 22], [0, 10, 30, 25, 27, 5, 12], [0, 2, 24, 6, 23], [0, 29, 16, 3, 9, 17, 15]]


#################
lambda = 0.2
mu = 1.1
nu = 1.1

init = 967.296
res = 676.104
gap = -15.958

solution = [[0, 29, 16, 3, 9, 17, 15], [0, 11, 19, 14, 21, 1, 31, 18, 28], [0, 10, 30, 25, 27, 5, 12], [0, 23, 6, 24, 2], [0, 20, 32, 13, 8, 7, 26, 4, 22]]


#################
lambda = 0.2
mu = 1.1
nu = 1.3

init = 982.485
res = 694.771
gap = -12.843

solution = [[0, 24, 6, 19, 14, 21, 1, 31], [0, 29, 16, 3, 9, 17, 12], [0, 10, 30, 25, 27, 5, 4], [0, 2, 32, 13, 8, 7, 26, 20], [0, 23, 28, 18, 11], [0, 15, 22]]


#################
lambda = 0.2
mu = 1.1
nu = 1.4000000000000001

init = 981.143
res = 680.259
gap = -15.25

solution = [[0, 22, 23, 11, 6, 24], [0, 16, 3, 9, 17, 15], [0, 28, 18, 31, 29, 1, 21, 14, 19], [0, 20, 5, 26, 7, 8, 13, 32, 2], [0, 4, 12, 27, 25, 30, 10]]


#################
lambda = 0.2
mu = 1.1
nu = 1.9000000000000001

init = 989.27
res = 680.385
gap = -15.229

solution = [[0, 12, 10, 30, 25, 27, 4], [0, 2, 32, 13, 8, 7, 26, 5, 20], [0, 16, 3, 9, 17, 15], [0, 24, 6, 19, 14, 21, 1, 29], [0, 22, 23, 28, 18, 31, 11]]


#################
lambda = 0.2
mu = 1.2000000000000002
nu = 0.1

init = 873.419
res = 678.165
gap = -15.606

solution = [[0, 15, 17, 9, 3, 16, 29], [0, 10, 30, 25, 27, 5, 12], [0, 20, 32, 13, 8, 7, 26, 4, 22], [0, 23, 11, 6, 24, 2], [0, 19, 14, 21, 1, 31, 18, 28]]


#################
lambda = 0.2
mu = 1.2000000000000002
nu = 1.6

init = 975.402
res = 685.18
gap = -14.423

solution = [[0, 29, 16, 3, 9, 17, 15], [0, 12, 10, 30, 25, 27, 5, 26], [0, 2, 20, 32, 13, 8, 7, 4], [0, 24, 6, 19, 14, 21, 1, 31], [0, 23, 11, 18, 28, 22]]


#################
lambda = 0.2
mu = 1.2000000000000002
nu = 1.9000000000000001

init = 1173.894
res = 688.595
gap = -13.855

solution = [[0, 10, 30, 25, 27, 5, 12], [0, 28, 29, 16, 3, 9, 17], [0, 11, 19, 14, 21, 1, 31, 18, 23], [0, 20, 32, 13, 8, 7, 26, 4, 15], [0, 6, 24, 2, 22]]


#################
lambda = 0.2
mu = 1.3
nu = 0.1

init = 1145.768
res = 680.231
gap = -15.255

solution = [[0, 20, 4, 27, 25, 30, 10], [0, 12, 5, 26, 7, 8, 13, 32, 2], [0, 16, 3, 9, 17, 15], [0, 24, 6, 19, 14, 21, 1, 29], [0, 22, 23, 28, 18, 31, 11]]


#################
lambda = 0.2
mu = 1.3
nu = 0.2

init = 1146.447
res = 686.086
gap = -14.271

solution = [[0, 16, 3, 9, 17, 15], [0, 12, 26, 7, 8, 13, 32, 20, 2], [0, 10, 30, 25, 27, 5, 4], [0, 28, 18, 31, 19, 14, 21, 1, 29], [0, 24, 6, 11, 23, 22]]


#################
lambda = 0.2
mu = 1.3
nu = 0.4

init = 1182.182
res = 678.165
gap = -15.606

solution = [[0, 29, 16, 3, 9, 17, 15], [0, 22, 4, 26, 7, 8, 13, 32, 20], [0, 10, 30, 25, 27, 5, 12], [0, 2, 24, 6, 11, 23], [0, 28, 18, 31, 1, 21, 14, 19]]


#################
lambda = 0.2
mu = 1.3
nu = 0.5

init = 1200.195
res = 698.36
gap = -12.263

solution = [[0, 2, 32, 13, 8, 7, 26], [0, 15, 22], [0, 11, 18, 28, 23], [0, 24, 6, 19, 14, 21, 1, 31], [0, 29, 16, 3, 9, 17, 10], [0, 20, 4, 5, 27, 25, 30, 12]]


#################
lambda = 0.2
mu = 1.3
nu = 0.7000000000000001

init = 1119.941
res = 677.976
gap = -15.638

solution = [[0, 20, 26, 7, 8, 13, 32, 2], [0, 24, 6, 19, 14, 21, 1, 29], [0, 22, 23, 28, 18, 31, 11], [0, 15, 16, 3, 9, 17, 12], [0, 10, 30, 25, 27, 5, 4]]


#################
lambda = 0.2
mu = 1.3
nu = 1.0

init = 1112.017
res = 736.874
gap = -6.395

solution = [[0, 15, 22], [0, 16, 3, 9, 17, 10], [0, 6, 24], [0, 11, 19, 14, 21, 1, 31, 29], [0, 23, 28, 18], [0, 12, 30, 25, 27, 5, 4, 20], [0, 2, 32, 13, 8, 7, 26]]


#################
lambda = 0.2
mu = 1.3
nu = 1.5

init = 1090.674
res = 668.093
gap = -17.349

solution = [[0, 12, 5, 26, 7, 8, 13, 32, 2], [0, 20, 4, 27, 25, 30, 10], [0, 24, 6, 19, 14, 21, 1, 31], [0, 29, 16, 3, 9, 17, 15], [0, 23, 11, 18, 28, 22]]


#################
lambda = 0.2
mu = 1.4000000000000001
nu = 0.1

init = 1165.458
res = 676.104
gap = -15.958

solution = [[0, 15, 17, 9, 3, 16, 29], [0, 23, 6, 24, 2], [0, 11, 19, 14, 21, 1, 31, 18, 28], [0, 20, 32, 13, 8, 7, 26, 4, 22], [0, 12, 5, 27, 25, 30, 10]]


#################
lambda = 0.2
mu = 1.4000000000000001
nu = 0.5

init = 1292.808
res = 683.62
gap = -14.684

solution = [[0, 29, 16, 3, 9, 17, 15], [0, 18, 31, 28, 23], [0, 2, 24, 6, 19, 14, 21, 1, 11], [0, 22, 4, 26, 7, 8, 13, 32, 20], [0, 10, 30, 25, 27, 5, 12]]


#################
lambda = 0.2
mu = 1.4000000000000001
nu = 1.1

init = 1152.311
res = 675.207
gap = -16.112

solution = [[0, 28, 18, 31, 1, 21, 14, 19], [0, 22, 23, 11, 6, 24], [0, 29, 16, 3, 9, 17, 15], [0, 10, 30, 25, 27, 5, 4], [0, 2, 20, 32, 13, 8, 7, 26, 12]]


#################
lambda = 0.2
mu = 1.4000000000000001
nu = 1.9000000000000001

init = 1224.563
res = 693.205
gap = -13.098

solution = [[0, 22, 23, 11, 6, 24, 2], [0, 28, 18, 31, 19, 14, 21, 1, 29], [0, 16, 3, 9, 17, 15], [0, 20, 32, 13, 8, 7, 26, 4], [0, 10, 30, 25, 27, 5, 12]]


#################
lambda = 0.2
mu = 1.5
nu = 0.1

init = 1090.731
res = 673.147
gap = -16.468

solution = [[0, 29, 16, 3, 9, 17, 15], [0, 12, 26, 7, 8, 13, 32, 20, 2], [0, 10, 30, 25, 27, 5, 4], [0, 24, 6, 23, 22], [0, 11, 19, 14, 21, 1, 31, 18, 28]]


#################
lambda = 0.2
mu = 1.5
nu = 0.5

init = 1192.293
res = 686.504
gap = -14.202

solution = [[0, 20, 32, 13, 8, 7, 26, 4, 15], [0, 10, 30, 25, 27, 5, 12], [0, 22, 17, 9, 3, 16, 29], [0, 2, 24, 6, 11, 23], [0, 28, 18, 31, 1, 21, 14, 19]]


#################
lambda = 0.2
mu = 1.5
nu = 1.2000000000000002

init = 1220.391
res = 671.695
gap = -16.72

solution = [[0, 2, 20, 32, 13, 8, 7, 26, 5], [0, 12, 10, 30, 25, 27, 4], [0, 24, 6, 19, 14, 21, 1, 31], [0, 22, 23, 28, 18, 11], [0, 15, 17, 9, 3, 16, 29]]


#################
lambda = 0.2
mu = 1.6
nu = 0.1

init = 1218.38
res = 692.685
gap = -13.183

solution = [[0, 32, 13, 8, 7, 26, 5, 10, 12], [0, 24, 6, 19, 14, 21, 1, 31, 11], [0, 9, 17, 30, 25, 27], [0, 2, 20, 4, 22], [0, 23, 28, 18, 29, 3, 16, 15]]


#################
lambda = 0.2
mu = 1.6
nu = 0.6000000000000001

init = 1246.472
res = 684.904
gap = -14.469

solution = [[0, 16, 3, 9, 17, 15], [0, 2, 24, 6, 19, 14, 21, 1, 29], [0, 11, 31, 18, 28, 23], [0, 10, 30, 25, 27, 5, 12], [0, 20, 32, 13, 8, 7, 26, 4, 22]]


#################
lambda = 0.2
mu = 1.7000000000000002
nu = 0.6000000000000001

init = 1240.869
res = 692.675
gap = -13.184

solution = [[0, 29, 16, 3, 9, 17, 15], [0, 28, 18, 31, 1, 21, 14, 19, 11], [0, 6, 24, 2], [0, 23, 22], [0, 20, 32, 13, 8, 7, 26, 4], [0, 10, 30, 25, 27, 5, 12]]


#################
lambda = 0.2
mu = 1.8
nu = 0.9

init = 1298.474
res = 685.755
gap = -14.327

solution = [[0, 12, 10, 17, 9, 3, 16], [0, 28, 18, 31, 19, 14, 21, 1, 29], [0, 22, 23, 11, 6, 24], [0, 20, 26, 7, 8, 13, 32, 2], [0, 4, 5, 27, 25, 30, 15]]


#################
lambda = 0.30000000000000004
mu = 0.1
nu = 1.9000000000000001

init = 983.719
res = 688.637
gap = -13.848

solution = [[0, 10, 30, 25, 27, 5, 4], [0, 20, 32, 13, 8, 7, 26, 12, 15], [0, 23, 18, 31, 1, 21, 14, 19, 11], [0, 28, 29, 16, 3, 9, 17], [0, 22, 2, 24, 6]]


#################
lambda = 0.30000000000000004
mu = 0.9
nu = 1.4000000000000001

init = 878.749
res = 676.104
gap = -15.958

solution = [[0, 10, 30, 25, 27, 5, 12], [0, 15, 17, 9, 3, 16, 29], [0, 20, 32, 13, 8, 7, 26, 4, 22], [0, 2, 24, 6, 23], [0, 28, 18, 31, 1, 21, 14, 19, 11]]


#################
lambda = 0.30000000000000004
mu = 1.0
nu = 0.1

init = 871.125
res = 724.101
gap = -8.272

solution = [[0, 6, 24], [0, 12, 10, 30, 25, 27, 4], [0, 16, 3, 9, 17, 15], [0, 2, 20, 32, 13, 8, 7, 26, 5], [0, 22], [0, 28, 18, 31, 19, 14, 21, 1, 29], [0, 23, 11]]


#################
lambda = 0.30000000000000004
mu = 1.1
nu = 0.1

init = 949.149
res = 675.701
gap = -16.028

solution = [[0, 24, 6, 19, 14, 21, 1, 31, 11], [0, 20, 4, 7, 8, 13, 32, 2], [0, 26, 5, 27, 25, 30, 10, 12], [0, 29, 16, 3, 9, 17, 15], [0, 23, 18, 28, 22]]


#################
lambda = 0.30000000000000004
mu = 1.1
nu = 0.2

init = 947.807
res = 714.739
gap = -9.69

solution = [[0, 22], [0, 24, 6], [0, 16, 3, 9, 17, 15], [0, 2, 20, 32, 13, 8, 7, 26, 5], [0, 12, 10, 30, 25, 27, 4], [0, 18, 31, 29, 1, 21, 14, 19, 11], [0, 28, 23]]


#################
lambda = 0.30000000000000004
mu = 1.1
nu = 0.4

init = 955.438
res = 668.019
gap = -17.362

solution = [[0, 24, 6, 19, 14, 21, 1, 31], [0, 29, 16, 3, 9, 17, 15], [0, 22, 23, 28, 18, 11], [0, 4, 5, 27, 25, 30, 10], [0, 2, 20, 32, 13, 8, 7, 26, 12]]


#################
lambda = 0.30000000000000004
mu = 1.2000000000000002
nu = 0.1

init = 1017.805
res = 678.165
gap = -15.606

solution = [[0, 28, 18, 31, 1, 21, 14, 19], [0, 23, 11, 6, 24, 2], [0, 29, 16, 3, 9, 17, 15], [0, 20, 32, 13, 8, 7, 26, 4, 22], [0, 10, 30, 25, 27, 5, 12]]


#################
lambda = 0.30000000000000004
mu = 1.2000000000000002
nu = 0.5

init = 1005.699
res = 668.656
gap = -17.25

solution = [[0, 29, 16, 3, 9, 17, 10], [0, 24, 6, 19, 14, 21, 1, 31, 11], [0, 23, 18, 28, 22], [0, 2, 32, 13, 8, 7, 26, 4], [0, 15, 12, 30, 25, 27, 5, 20]]


#################
lambda = 0.30000000000000004
mu = 1.2000000000000002
nu = 1.7000000000000002

init = 971.835
res = 667.636
gap = -17.429

solution = [[0, 2, 20, 32, 13, 8, 7, 26, 5], [0, 29, 16, 3, 9, 17, 15], [0, 10, 30, 25, 27, 12, 4], [0, 11, 31, 1, 21, 14, 19, 6, 24], [0, 23, 18, 28, 22]]


#################
lambda = 0.30000000000000004
mu = 1.3
nu = 0.1

init = 885.415
res = 717.976
gap = -9.196

solution = [[0, 2], [0, 28, 23], [0, 11, 18, 29, 16, 3, 9, 17], [0, 15, 22], [0, 24, 6, 19, 14, 21, 1, 31], [0, 20, 32, 13, 8, 7, 26, 4], [0, 10, 30, 25, 27, 5, 12]]


#################
lambda = 0.30000000000000004
mu = 1.4000000000000001
nu = 0.1

init = 1143.661
res = 668.019
gap = -17.362

solution = [[0, 10, 30, 25, 27, 5, 4], [0, 2, 20, 32, 13, 8, 7, 26, 12], [0, 15, 17, 9, 3, 16, 29], [0, 11, 18, 28, 23, 22], [0, 31, 1, 21, 14, 19, 6, 24]]


#################
lambda = 0.30000000000000004
mu = 1.4000000000000001
nu = 1.1

init = 1135.928
res = 700.556
gap = -11.911

solution = [[0, 15, 22], [0, 2, 32, 13, 8, 7, 26], [0, 29, 16, 3, 9, 17, 10], [0, 4, 12, 30, 25, 27, 5, 20], [0, 11, 18, 28, 23], [0, 24, 6, 19, 14, 21, 1, 31]]


#################
lambda = 0.30000000000000004
mu = 1.5
nu = 0.1

init = 1120.85
res = 678.165
gap = -15.606

solution = [[0, 29, 16, 3, 9, 17, 15], [0, 10, 30, 25, 27, 5, 12], [0, 22, 4, 26, 7, 8, 13, 32, 20], [0, 23, 11, 6, 24, 2], [0, 28, 18, 31, 1, 21, 14, 19]]


#################
lambda = 0.30000000000000004
mu = 1.5
nu = 0.8

init = 1121.793
res = 675.164
gap = -16.12

solution = [[0, 2, 32, 13, 8, 7, 26, 5, 12], [0, 20, 4, 27, 25, 30, 10], [0, 24, 6, 19, 14, 21, 1, 29, 22], [0, 16, 3, 9, 17, 15], [0, 11, 31, 18, 28, 23]]


#################
lambda = 0.30000000000000004
mu = 1.5
nu = 0.9

init = 1064.051
res = 676.104
gap = -15.958

solution = [[0, 15, 17, 9, 3, 16, 29], [0, 23, 6, 24, 2], [0, 28, 18, 31, 1, 21, 14, 19, 11], [0, 20, 32, 13, 8, 7, 26, 4, 22], [0, 12, 5, 27, 25, 30, 10]]


#################
lambda = 0.30000000000000004
mu = 1.5
nu = 1.4000000000000001

init = 1078.31
res = 684.643
gap = -14.512

solution = [[0, 16, 3, 9, 17, 15], [0, 20, 32, 13, 8, 7, 26, 4, 22], [0, 10, 30, 25, 27, 5, 12], [0, 2, 24, 6, 11, 23], [0, 19, 14, 21, 1, 29, 31, 18, 28]]


#################
lambda = 0.30000000000000004
mu = 1.6
nu = 1.5

init = 1208.588
res = 681.098
gap = -15.108

solution = [[0, 12, 17, 9, 3, 16, 15], [0, 2, 32, 13, 8, 7, 26, 4], [0, 20, 5, 27, 25, 30, 10], [0, 24, 6, 19, 14, 21, 1, 11], [0, 23, 28, 18, 31, 29, 22]]


#################
lambda = 0.30000000000000004
mu = 1.6
nu = 1.7000000000000002

init = 1171.914
res = 722.748
gap = -8.475

solution = [[0, 2, 13, 8, 7, 26], [0, 32, 20, 4, 12, 30, 25, 27, 5], [0, 10, 17, 9, 3, 16, 29], [0, 15, 22], [0, 23, 28, 18, 11], [0, 24, 6, 19, 14, 21, 1, 31]]


#################
lambda = 0.30000000000000004
mu = 1.7000000000000002
nu = 0.1

init = 1155.618
res = 663.826
gap = -18.103

solution = [[0, 29, 16, 3, 9, 17, 15], [0, 10, 30, 25, 27, 5, 4], [0, 2, 20, 32, 13, 8, 7, 26, 12], [0, 11, 31, 1, 21, 14, 19, 6, 24], [0, 23, 18, 28, 22]]


#################
lambda = 0.30000000000000004
mu = 1.7000000000000002
nu = 1.6

init = 1206.696
res = 684.911
gap = -14.467

solution = [[0, 4, 12, 5, 26, 7, 8, 13, 32, 20], [0, 15, 10, 30, 25, 27], [0, 2, 24, 6, 23], [0, 28, 18, 31, 1, 21, 14, 19, 11], [0, 29, 16, 3, 9, 17, 22]]


#################
lambda = 0.30000000000000004
mu = 1.8
nu = 1.5

init = 1158.185
res = 676.104
gap = -15.958

solution = [[0, 15, 17, 9, 3, 16, 29], [0, 2, 24, 6, 23], [0, 11, 19, 14, 21, 1, 31, 18, 28], [0, 20, 32, 13, 8, 7, 26, 4, 22], [0, 10, 30, 25, 27, 5, 12]]


#################
lambda = 0.30000000000000004
mu = 1.9000000000000001
nu = 0.8

init = 1193.224
res = 676.104
gap = -15.958

solution = [[0, 12, 5, 27, 25, 30, 10], [0, 15, 17, 9, 3, 16, 29], [0, 11, 19, 14, 21, 1, 31, 18, 28], [0, 23, 6, 24, 2], [0, 20, 32, 13, 8, 7, 26, 4, 22]]


#################
lambda = 0.4
mu = 0.30000000000000004
nu = 0.1

init = 869.759
res = 676.104
gap = -15.958

solution = [[0, 15, 17, 9, 3, 16, 29], [0, 23, 6, 24, 2], [0, 11, 19, 14, 21, 1, 31, 18, 28], [0, 20, 32, 13, 8, 7, 26, 4, 22], [0, 10, 30, 25, 27, 5, 12]]


#################
lambda = 0.4
mu = 0.30000000000000004
nu = 1.6

init = 878.421
res = 679.895
gap = -15.312

solution = [[0, 26, 5, 27, 25, 30, 10, 12], [0, 20, 4, 7, 8, 13, 32, 2], [0, 24, 6, 19, 14, 21, 1, 31], [0, 29, 16, 3, 9, 17, 15], [0, 22, 23, 28, 18, 11]]


#################
lambda = 0.4
mu = 0.30000000000000004
nu = 1.8

init = 941.298
res = 688.114
gap = -13.935

solution = [[0, 23, 28, 18, 31, 11], [0, 16, 3, 9, 17, 15], [0, 29, 1, 21, 14, 19, 6, 24, 2], [0, 10, 30, 25, 27, 5, 4], [0, 22, 12, 26, 7, 8, 13, 32, 20]]


#################
lambda = 0.4
mu = 0.6000000000000001
nu = 1.7000000000000002

init = 877.703
res = 688.02
gap = -13.95

solution = [[0, 2, 24, 6, 18, 28, 23], [0, 15, 17, 9, 3, 16], [0, 22, 29, 31, 1, 21, 14, 19, 11], [0, 20, 32, 13, 8, 7, 26, 4], [0, 10, 30, 25, 27, 5, 12]]


#################
lambda = 0.4
mu = 0.8
nu = 1.3

init = 885.649
res = 691.818
gap = -13.325

solution = [[0, 2, 32, 13, 8, 7, 26, 20], [0, 12, 30, 25, 27, 5, 4], [0, 15, 22], [0, 10, 17, 9, 3, 16, 29], [0, 11, 18, 28, 23], [0, 24, 6, 19, 14, 21, 1, 31]]


#################
lambda = 0.4
mu = 0.9
nu = 0.1

init = 883.001
res = 680.265
gap = -15.249

solution = [[0, 22, 23, 6, 24, 2], [0, 11, 19, 14, 21, 1, 31, 18, 28], [0, 20, 32, 13, 8, 7, 26, 4], [0, 29, 16, 3, 9, 17, 15], [0, 10, 30, 25, 27, 5, 12]]


#################
lambda = 0.4
mu = 1.2000000000000002
nu = 0.1

init = 905.608
res = 695.274
gap = -12.761

solution = [[0, 20, 32, 13, 8, 7, 26, 12, 15], [0, 10, 30, 25, 27, 5, 4], [0, 2, 24, 6, 19, 14, 21, 1], [0, 29, 16, 3, 9, 17, 22], [0, 11, 31, 18, 28, 23]]


#################
lambda = 0.4
mu = 1.3
nu = 0.1

init = 1010.307
res = 671.83
gap = -16.696

solution = [[0, 2, 20, 32, 13, 8, 7, 26, 5], [0, 31, 1, 21, 14, 19, 6, 24], [0, 15, 17, 9, 3, 16, 29], [0, 11, 18, 28, 23, 22], [0, 4, 12, 27, 25, 30, 10]]


#################
lambda = 0.4
mu = 1.3
nu = 0.7000000000000001

init = 952.544
res = 692.675
gap = -13.184

solution = [[0, 29, 16, 3, 9, 17, 15], [0, 11, 19, 14, 21, 1, 31, 18, 28], [0, 22, 23], [0, 6, 24, 2], [0, 20, 32, 13, 8, 7, 26, 4], [0, 10, 30, 25, 27, 5, 12]]


#################
lambda = 0.4
mu = 1.4000000000000001
nu = 0.1

init = 919.013
res = 676.104
gap = -15.958

solution = [[0, 29, 16, 3, 9, 17, 15], [0, 11, 19, 14, 21, 1, 31, 18, 28], [0, 10, 30, 25, 27, 5, 12], [0, 23, 6, 24, 2], [0, 20, 32, 13, 8, 7, 26, 4, 22]]


#################
lambda = 0.4
mu = 1.4000000000000001
nu = 0.2

init = 965.857
res = 678.165
gap = -15.606

solution = [[0, 29, 16, 3, 9, 17, 15], [0, 28, 18, 31, 1, 21, 14, 19], [0, 23, 11, 6, 24, 2], [0, 20, 32, 13, 8, 7, 26, 4, 22], [0, 10, 30, 25, 27, 5, 12]]


#################
lambda = 0.4
mu = 1.4000000000000001
nu = 0.30000000000000004

init = 917.367
res = 668.093
gap = -17.349

solution = [[0, 2, 32, 13, 8, 7, 26, 5, 12], [0, 10, 30, 25, 27, 4, 20], [0, 29, 16, 3, 9, 17, 15], [0, 23, 11, 18, 28, 22], [0, 24, 6, 19, 14, 21, 1, 31]]


#################
lambda = 0.4
mu = 1.4000000000000001
nu = 0.4

init = 933.098
res = 679.895
gap = -15.312

solution = [[0, 26, 5, 27, 25, 30, 10, 12], [0, 20, 4, 7, 8, 13, 32, 2], [0, 24, 6, 19, 14, 21, 1, 31], [0, 29, 16, 3, 9, 17, 15], [0, 22, 23, 28, 18, 11]]


#################
lambda = 0.4
mu = 1.4000000000000001
nu = 1.0

init = 947.728
res = 684.418
gap = -14.55

solution = [[0, 29, 16, 3, 9, 17, 10], [0, 24, 6, 19, 14, 21, 1, 31], [0, 11, 18, 28, 23, 22, 15], [0, 12, 30, 25, 27, 5, 4], [0, 20, 26, 7, 8, 13, 32, 2]]


#################
lambda = 0.4
mu = 1.4000000000000001
nu = 1.4000000000000001

init = 956.699
res = 676.104
gap = -15.958

solution = [[0, 10, 30, 25, 27, 5, 12], [0, 20, 32, 13, 8, 7, 26, 4, 22], [0, 28, 18, 31, 1, 21, 14, 19, 11], [0, 23, 6, 24, 2], [0, 29, 16, 3, 9, 17, 15]]


#################
lambda = 0.4
mu = 1.4000000000000001
nu = 1.8

init = 961.26
res = 718.778
gap = -9.074

solution = [[0, 12, 27, 5, 26, 7, 8, 13, 32], [0, 6, 24], [0, 22, 15, 16, 3, 29, 28, 23], [0, 11, 19, 14, 21, 1, 31, 18], [0, 9, 17, 10, 30, 25], [0, 4, 20, 2]]


#################
lambda = 0.4
mu = 1.5
nu = 0.1

init = 1136.37
res = 676.104
gap = -15.958

solution = [[0, 20, 32, 13, 8, 7, 26, 4, 22], [0, 10, 30, 25, 27, 5, 12], [0, 29, 16, 3, 9, 17, 15], [0, 2, 24, 6, 23], [0, 28, 18, 31, 1, 21, 14, 19, 11]]


#################
lambda = 0.4
mu = 1.5
nu = 0.8

init = 1116.916
res = 668.247
gap = -17.322

solution = [[0, 12, 10, 30, 25, 27, 4], [0, 20, 5, 26, 7, 8, 13, 32, 2], [0, 15, 17, 9, 3, 16, 29], [0, 23, 11, 18, 28, 22], [0, 24, 6, 19, 14, 21, 1, 31]]


#################
lambda = 0.4
mu = 1.5
nu = 1.3

init = 1085.215
res = 676.104
gap = -15.958

solution = [[0, 28, 18, 31, 1, 21, 14, 19, 11], [0, 29, 16, 3, 9, 17, 15], [0, 10, 30, 25, 27, 5, 12], [0, 2, 24, 6, 23], [0, 20, 32, 13, 8, 7, 26, 4, 22]]


#################
lambda = 0.4
mu = 1.6
nu = 0.1

init = 1105.99
res = 666.592
gap = -17.613

solution = [[0, 24, 6, 19, 14, 21, 1, 31], [0, 4, 12, 27, 25, 30, 10], [0, 15, 17, 9, 3, 16, 29], [0, 2, 32, 13, 8, 7, 26, 5, 20], [0, 11, 18, 28, 23, 22]]


#################
lambda = 0.4
mu = 1.6
nu = 0.30000000000000004

init = 1070.956
res = 673.147
gap = -16.468

solution = [[0, 29, 16, 3, 9, 17, 15], [0, 12, 26, 7, 8, 13, 32, 20, 2], [0, 10, 30, 25, 27, 5, 4], [0, 24, 6, 23, 22], [0, 11, 19, 14, 21, 1, 31, 18, 28]]


#################
lambda = 0.4
mu = 1.6
nu = 1.2000000000000002

init = 1077.963
res = 676.104
gap = -15.958

solution = [[0, 20, 32, 13, 8, 7, 26, 4, 22], [0, 10, 30, 25, 27, 5, 12], [0, 15, 17, 9, 3, 16, 29], [0, 2, 24, 6, 23], [0, 28, 18, 31, 1, 21, 14, 19, 11]]


#################
lambda = 0.4
mu = 1.7000000000000002
nu = 1.1

init = 1180.393
res = 683.39
gap = -14.722

solution = [[0, 29, 16, 3, 9, 17, 15], [0, 4, 7, 8, 13, 32, 20, 2], [0, 26, 5, 27, 25, 30, 10, 12], [0, 24, 6, 19, 14, 21, 1, 31], [0, 11, 18, 28, 23, 22]]


#################
lambda = 0.4
mu = 1.8
nu = 1.1

init = 1081.305
res = 684.444
gap = -14.546

solution = [[0, 10, 30, 25, 27, 5, 12], [0, 28, 18, 31, 1, 21, 14, 19, 11], [0, 29, 16, 3, 9, 17, 22], [0, 2, 24, 6, 23], [0, 20, 32, 13, 8, 7, 26, 4, 15]]


#################
lambda = 0.4
mu = 1.9000000000000001
nu = 0.1

init = 1163.901
res = 700.556
gap = -11.911

solution = [[0, 2, 32, 13, 8, 7, 26], [0, 4, 12, 30, 25, 27, 5, 20], [0, 15, 22], [0, 10, 17, 9, 3, 16, 29], [0, 23, 28, 18, 11], [0, 24, 6, 19, 14, 21, 1, 31]]


#################
lambda = 0.4
mu = 1.9000000000000001
nu = 0.30000000000000004

init = 1200.575
res = 675.164
gap = -16.12

solution = [[0, 20, 4, 27, 25, 30, 10], [0, 24, 6, 19, 14, 21, 1, 29, 22], [0, 16, 3, 9, 17, 15], [0, 23, 28, 18, 31, 11], [0, 2, 32, 13, 8, 7, 26, 5, 12]]


#################
lambda = 0.5
mu = 0.1
nu = 0.1

init = 870.805
res = 678.165
gap = -15.606

solution = [[0, 15, 17, 9, 3, 16, 29], [0, 28, 18, 31, 1, 21, 14, 19], [0, 23, 11, 6, 24, 2], [0, 20, 32, 13, 8, 7, 26, 4, 22], [0, 12, 5, 27, 25, 30, 10]]


#################
lambda = 0.5
mu = 0.1
nu = 1.0

init = 876.215
res = 671.309
gap = -16.787

solution = [[0, 32, 13, 8, 7, 26, 5, 27, 12], [0, 2, 20, 4, 25, 30, 10], [0, 15, 17, 9, 3, 16, 29], [0, 11, 31, 1, 21, 14, 19, 6, 24], [0, 23, 18, 28, 22]]


#################
lambda = 0.5
mu = 0.1
nu = 1.9000000000000001

init = 920.217
res = 695.193
gap = -12.774

solution = [[0, 29, 16, 3, 9, 17, 15], [0, 22, 23, 11, 6, 24, 2], [0, 28, 18, 31, 19, 14, 21, 1], [0, 20, 32, 13, 8, 7, 26, 4], [0, 10, 30, 25, 27, 5, 12]]


#################
lambda = 0.5
mu = 1.2000000000000002
nu = 0.1

init = 961.345
res = 668.019
gap = -17.362

solution = [[0, 4, 5, 27, 25, 30, 10], [0, 24, 6, 19, 14, 21, 1, 31], [0, 29, 16, 3, 9, 17, 15], [0, 2, 20, 32, 13, 8, 7, 26, 12], [0, 11, 18, 28, 23, 22]]


#################
lambda = 0.5
mu = 1.2000000000000002
nu = 1.3

init = 956.78
res = 677.976
gap = -15.638

solution = [[0, 15, 16, 3, 9, 17, 12], [0, 20, 26, 7, 8, 13, 32, 2], [0, 4, 5, 27, 25, 30, 10], [0, 24, 6, 19, 14, 21, 1, 29], [0, 22, 23, 28, 18, 31, 11]]


#################
lambda = 0.5
mu = 1.3
nu = 1.0

init = 964.133
res = 684.578
gap = -14.523

solution = [[0, 12, 10, 30, 25, 27, 4], [0, 2, 20, 32, 13, 8, 7, 26, 5], [0, 16, 3, 9, 17, 15], [0, 24, 6, 18, 28, 23], [0, 11, 19, 14, 21, 1, 31, 29, 22]]


#################
lambda = 0.5
mu = 1.3
nu = 1.9000000000000001

init = 1001.471
res = 682.007
gap = -14.955

solution = [[0, 22, 4, 26, 7, 8, 13, 32, 20], [0, 10, 30, 25, 27, 5, 12], [0, 29, 16, 3, 9, 17, 15], [0, 24, 6, 19, 14, 21, 1, 31], [0, 2, 11, 18, 28, 23]]


#################
lambda = 0.5
mu = 1.4000000000000001
nu = 0.1

init = 947.316
res = 682.007
gap = -14.955

solution = [[0, 10, 30, 25, 27, 5, 12], [0, 22, 4, 26, 7, 8, 13, 32, 20], [0, 29, 16, 3, 9, 17, 15], [0, 24, 6, 19, 14, 21, 1, 31], [0, 2, 11, 18, 28, 23]]


#################
lambda = 0.5
mu = 1.4000000000000001
nu = 0.6000000000000001

init = 932.348
res = 663.826
gap = -18.103

solution = [[0, 2, 20, 32, 13, 8, 7, 26, 12], [0, 4, 5, 27, 25, 30, 10], [0, 29, 16, 3, 9, 17, 15], [0, 11, 31, 1, 21, 14, 19, 6, 24], [0, 23, 18, 28, 22]]


#################
lambda = 0.5
mu = 1.4000000000000001
nu = 1.9000000000000001

init = 910.637
res = 698.36
gap = -12.263

solution = [[0, 15, 22], [0, 2, 32, 13, 8, 7, 26], [0, 23, 28, 18, 11], [0, 24, 6, 19, 14, 21, 1, 31], [0, 29, 16, 3, 9, 17, 10], [0, 20, 4, 5, 27, 25, 30, 12]]


#################
lambda = 0.5
mu = 1.5
nu = 0.4

init = 915.833
res = 678.165
gap = -15.606

solution = [[0, 15, 17, 9, 3, 16, 29], [0, 10, 30, 25, 27, 5, 12], [0, 22, 4, 26, 7, 8, 13, 32, 20], [0, 23, 11, 6, 24, 2], [0, 19, 14, 21, 1, 31, 18, 28]]


#################
lambda = 0.5
mu = 1.6
nu = 0.1

init = 1180.115
res = 685.478
gap = -14.373

solution = [[0, 10, 30, 25, 27, 5, 4], [0, 2, 20, 32, 13, 8, 7, 26, 12], [0, 24, 6, 11, 18, 28, 23, 22], [0, 16, 3, 9, 17, 15], [0, 19, 14, 21, 1, 31, 29]]


#################
lambda = 0.5
mu = 1.6
nu = 0.2

init = 1095.696
res = 663.826
gap = -18.103

solution = [[0, 2, 20, 32, 13, 8, 7, 26, 12], [0, 4, 5, 27, 25, 30, 10], [0, 29, 16, 3, 9, 17, 15], [0, 11, 31, 1, 21, 14, 19, 6, 24], [0, 23, 18, 28, 22]]


#################
lambda = 0.5
mu = 1.6
nu = 0.5

init = 1109.955
res = 676.104
gap = -15.958

solution = [[0, 15, 17, 9, 3, 16, 29], [0, 23, 6, 24, 2], [0, 28, 18, 31, 1, 21, 14, 19, 11], [0, 20, 32, 13, 8, 7, 26, 4, 22], [0, 10, 30, 25, 27, 5, 12]]


#################
lambda = 0.5
mu = 1.6
nu = 0.9

init = 1107.99
res = 703.08
gap = -11.509

solution = [[0, 24, 6, 31, 18, 28, 23], [0, 11, 19, 14, 21, 1, 29, 3, 16, 15], [0, 32, 13, 8, 7, 26, 5, 30, 12], [0, 2, 20, 4, 22], [0, 9, 17, 10, 25, 27]]


#################
lambda = 0.5
mu = 1.6
nu = 1.1

init = 1086.71
res = 684.418
gap = -14.55

solution = [[0, 29, 16, 3, 9, 17, 10], [0, 31, 1, 21, 14, 19, 6, 24], [0, 11, 18, 28, 23, 22, 15], [0, 12, 30, 25, 27, 5, 4], [0, 2, 32, 13, 8, 7, 26, 20]]


#################
lambda = 0.5
mu = 1.6
nu = 1.2000000000000002

init = 1100.305
res = 667.448
gap = -17.462

solution = [[0, 12, 26, 7, 8, 13, 32, 20, 2], [0, 4, 5, 27, 25, 30, 10], [0, 15, 16, 17, 9, 3, 29], [0, 11, 31, 1, 21, 14, 19, 6, 24], [0, 23, 18, 28, 22]]


#################
lambda = 0.5
mu = 1.6
nu = 1.7000000000000002

init = 1088.302
res = 662.264
gap = -18.382

solution = [[0, 12, 10, 30, 25, 27, 4], [0, 2, 32, 13, 8, 7, 26, 5, 20], [0, 15, 17, 9, 3, 16, 29], [0, 11, 31, 1, 21, 14, 19, 6, 24], [0, 23, 18, 28, 22]]


#################
lambda = 0.5
mu = 1.6
nu = 1.8

init = 1087.388
res = 708.046
gap = -10.727

solution = [[0, 29, 16, 3, 9, 17], [0, 18, 28, 23], [0, 11, 31, 1, 21, 14, 19, 6, 24], [0, 15, 22], [0, 20, 4, 7, 8, 13, 32, 2], [0, 12, 10, 30, 25, 27, 5, 26]]


#################
lambda = 0.5
mu = 1.7000000000000002
nu = 0.6000000000000001

init = 1120.248
res = 680.079
gap = -15.281

solution = [[0, 16, 3, 9, 17, 10, 12], [0, 4, 5, 27, 25, 30, 15], [0, 20, 26, 7, 8, 13, 32, 2], [0, 22, 29, 31, 1, 21, 14, 19], [0, 24, 6, 11, 18, 28, 23]]


#################
lambda = 0.5
mu = 1.7000000000000002
nu = 0.7000000000000001

init = 1113.55
res = 675.502
gap = -16.062

solution = [[0, 2, 20, 4, 25, 30, 10], [0, 12, 27, 5, 26, 7, 8, 13, 32], [0, 24, 6, 19, 14, 21, 1, 31], [0, 29, 16, 3, 9, 17, 15], [0, 22, 23, 28, 18, 11]]


#################
lambda = 0.5
mu = 1.7000000000000002
nu = 0.9

init = 1094.368
res = 675.701
gap = -16.028

solution = [[0, 29, 16, 3, 9, 17, 15], [0, 26, 5, 27, 25, 30, 10, 12], [0, 11, 31, 1, 21, 14, 19, 6, 24], [0, 20, 4, 7, 8, 13, 32, 2], [0, 23, 18, 28, 22]]


#################
lambda = 0.5
mu = 1.7000000000000002
nu = 1.6

init = 1100.984
res = 668.247
gap = -17.322

solution = [[0, 20, 5, 26, 7, 8, 13, 32, 2], [0, 12, 10, 30, 25, 27, 4], [0, 15, 17, 9, 3, 16, 29], [0, 24, 6, 19, 14, 21, 1, 31], [0, 23, 11, 18, 28, 22]]


#################
lambda = 0.5
mu = 1.8
nu = 0.1

init = 1063.704
res = 718.778
gap = -9.074

solution = [[0, 9, 17, 10, 30, 25], [0, 6, 24], [0, 2, 20, 4], [0, 12, 27, 5, 26, 7, 8, 13, 32], [0, 11, 19, 14, 21, 1, 31, 18], [0, 23, 28, 29, 3, 16, 15, 22]]


#################
lambda = 0.5
mu = 1.9000000000000001
nu = 0.1

init = 1071.865
res = 678.165
gap = -15.606

solution = [[0, 15, 17, 9, 3, 16, 29], [0, 28, 18, 31, 1, 21, 14, 19], [0, 23, 11, 6, 24, 2], [0, 20, 32, 13, 8, 7, 26, 4, 22], [0, 10, 30, 25, 27, 5, 12]]


#################
lambda = 0.5
mu = 1.9000000000000001
nu = 0.5

init = 1080.428
res = 711.062
gap = -10.258

solution = [[0, 24, 6], [0, 10, 30, 25, 27, 5, 4], [0, 12, 26, 7, 8, 13, 32, 20, 2], [0, 18, 31, 29, 1, 21, 14, 19, 11], [0, 28, 23], [0, 22], [0, 16, 3, 9, 17, 15]]


#################
lambda = 0.6000000000000001
mu = 0.1
nu = 0.1

init = 888.343
res = 671.309
gap = -16.787

solution = [[0, 10, 30, 25, 4, 20, 2], [0, 12, 27, 5, 26, 7, 8, 13, 32], [0, 29, 16, 3, 9, 17, 15], [0, 24, 6, 19, 14, 21, 1, 31, 11], [0, 23, 18, 28, 22]]


#################
lambda = 0.6000000000000001
mu = 0.1
nu = 0.9

init = 868.695
res = 736.216
gap = -6.491

solution = [[0, 16, 3, 9, 17, 10], [0, 24, 6], [0, 15, 22], [0, 23, 28, 18, 11], [0, 29, 31, 1, 21, 14, 19], [0, 4, 5, 27, 25, 30, 12], [0, 2, 32, 13, 8, 7, 26, 20]]


#################
lambda = 0.6000000000000001
mu = 0.2
nu = 0.1

init = 902.476
res = 697.704
gap = -12.369

solution = [[0, 16, 3, 29, 31, 1, 21, 14, 19], [0, 24, 6, 11, 18, 28, 23], [0, 9, 17, 10, 30, 25], [0, 22, 15, 4, 20, 2], [0, 12, 27, 5, 26, 7, 8, 13, 32]]


#################
lambda = 0.6000000000000001
mu = 0.2
nu = 0.5

init = 895.129
res = 663.826
gap = -18.103

solution = [[0, 12, 26, 7, 8, 13, 32, 20, 2], [0, 10, 30, 25, 27, 5, 4], [0, 15, 17, 9, 3, 16, 29], [0, 11, 31, 1, 21, 14, 19, 6, 24], [0, 23, 18, 28, 22]]


#################
lambda = 0.6000000000000001
mu = 0.2
nu = 1.8

init = 882.829
res = 678.165
gap = -15.606

solution = [[0, 15, 17, 9, 3, 16, 29], [0, 28, 18, 31, 1, 21, 14, 19], [0, 23, 11, 6, 24, 2], [0, 20, 32, 13, 8, 7, 26, 4, 22], [0, 12, 5, 27, 25, 30, 10]]


#################
lambda = 0.6000000000000001
mu = 0.30000000000000004
nu = 0.6000000000000001

init = 877.702
res = 668.019
gap = -17.362

solution = [[0, 10, 30, 25, 27, 5, 4], [0, 12, 26, 7, 8, 13, 32, 20, 2], [0, 24, 6, 19, 14, 21, 1, 31], [0, 15, 17, 9, 3, 16, 29], [0, 22, 23, 28, 18, 11]]


#################
lambda = 0.6000000000000001
mu = 1.4000000000000001
nu = 0.1

init = 995.059
res = 689.546
gap = -13.698

solution = [[0, 29, 16, 3, 9, 17, 10], [0, 24, 6, 23, 22, 15], [0, 11, 19, 14, 21, 1, 31, 18, 28], [0, 12, 30, 25, 27, 5, 4], [0, 20, 26, 7, 8, 13, 32, 2]]


#################
lambda = 0.6000000000000001
mu = 1.5
nu = 0.1

init = 964.238
res = 680.079
gap = -15.281

solution = [[0, 20, 26, 7, 8, 13, 32, 2], [0, 22, 29, 31, 1, 21, 14, 19], [0, 23, 28, 18, 11, 6, 24], [0, 12, 10, 17, 9, 3, 16], [0, 15, 30, 25, 27, 5, 4]]


#################
lambda = 0.6000000000000001
mu = 1.5
nu = 1.8

init = 917.006
res = 676.104
gap = -15.958

solution = [[0, 29, 16, 3, 9, 17, 15], [0, 2, 24, 6, 23], [0, 28, 18, 31, 1, 21, 14, 19, 11], [0, 20, 32, 13, 8, 7, 26, 4, 22], [0, 10, 30, 25, 27, 5, 12]]


#################
lambda = 0.6000000000000001
mu = 1.6
nu = 0.1

init = 933.146
res = 699.275
gap = -12.116

solution = [[0, 23, 28, 18, 11], [0, 24, 6, 19, 14, 21, 1, 31], [0, 29, 16, 3, 9, 17], [0, 15, 22], [0, 10, 30, 25, 27, 5, 4], [0, 12, 26, 7, 8, 13, 32, 20, 2]]


#################
lambda = 0.6000000000000001
mu = 1.6
nu = 1.4000000000000001

init = 947.776
res = 684.578
gap = -14.523

solution = [[0, 16, 3, 9, 17, 15], [0, 2, 20, 32, 13, 8, 7, 26, 5], [0, 12, 10, 30, 25, 27, 4], [0, 24, 6, 18, 28, 23], [0, 11, 19, 14, 21, 1, 31, 29, 22]]


#################
lambda = 0.6000000000000001
mu = 1.7000000000000002
nu = 0.1

init = 1078.073
res = 692.675
gap = -13.184

solution = [[0, 6, 24, 2], [0, 11, 19, 14, 21, 1, 31, 18, 28], [0, 29, 16, 3, 9, 17, 15], [0, 23, 22], [0, 10, 30, 25, 27, 5, 12], [0, 4, 26, 7, 8, 13, 32, 20]]


#################
lambda = 0.6000000000000001
mu = 1.7000000000000002
nu = 0.30000000000000004

init = 1088.769
res = 681.726
gap = -15.002

solution = [[0, 12, 27, 5, 26, 7, 8, 13, 32], [0, 2, 20, 4, 10, 30, 25], [0, 15, 17, 9, 3, 16, 29], [0, 23, 11, 18, 28, 22], [0, 24, 6, 19, 14, 21, 1, 31]]


#################
lambda = 0.6000000000000001
mu = 1.7000000000000002
nu = 0.7000000000000001

init = 1069.089
res = 691.818
gap = -13.325

solution = [[0, 15, 22], [0, 10, 17, 9, 3, 16, 29], [0, 23, 28, 18, 11], [0, 24, 6, 19, 14, 21, 1, 31], [0, 12, 30, 25, 27, 5, 4], [0, 2, 32, 13, 8, 7, 26, 20]]


#################
lambda = 0.6000000000000001
mu = 1.7000000000000002
nu = 1.5

init = 1087.623
res = 688.343
gap = -13.897

solution = [[0, 16, 3, 9, 17, 15], [0, 28, 18, 19, 14, 21, 1, 31, 29], [0, 23, 11, 6, 24, 2], [0, 20, 32, 13, 8, 7, 26, 4, 22], [0, 12, 5, 27, 25, 30, 10]]


#################
lambda = 0.6000000000000001
mu = 1.8
nu = 0.1

init = 1068.075
res = 678.165
gap = -15.606

solution = [[0, 10, 30, 25, 27, 5, 12], [0, 20, 32, 13, 8, 7, 26, 4, 22], [0, 29, 16, 3, 9, 17, 15], [0, 2, 24, 6, 11, 23], [0, 28, 18, 31, 1, 21, 14, 19]]


#################
lambda = 0.6000000000000001
mu = 1.8
nu = 1.2000000000000002

init = 1096.174
res = 668.382
gap = -17.298

solution = [[0, 20, 5, 26, 7, 8, 13, 32, 2], [0, 4, 12, 27, 25, 30, 10], [0, 29, 16, 3, 9, 17, 15], [0, 23, 11, 18, 28, 22], [0, 24, 6, 19, 14, 21, 1, 31]]


#################
lambda = 0.6000000000000001
mu = 1.8
nu = 1.3

init = 1096.853
res = 681.108
gap = -15.107

solution = [[0, 11, 19, 14, 21, 1, 31, 18, 28], [0, 29, 16, 3, 9, 17, 15], [0, 24, 6, 23, 22], [0, 4, 26, 7, 8, 13, 20, 2], [0, 12, 10, 30, 25, 27, 5, 32]]


#################
lambda = 0.6000000000000001
mu = 1.8
nu = 1.6

init = 1077.695
res = 686.086
gap = -14.271

solution = [[0, 16, 3, 9, 17, 15], [0, 12, 26, 7, 8, 13, 32, 20, 2], [0, 10, 30, 25, 27, 5, 4], [0, 24, 6, 11, 23, 22], [0, 28, 18, 31, 19, 14, 21, 1, 29]]


#################
lambda = 0.6000000000000001
mu = 1.9000000000000001
nu = 0.5

init = 1068.754
res = 676.104
gap = -15.958

solution = [[0, 20, 32, 13, 8, 7, 26, 4, 22], [0, 10, 30, 25, 27, 5, 12], [0, 29, 16, 3, 9, 17, 15], [0, 2, 24, 6, 23], [0, 28, 18, 31, 1, 21, 14, 19, 11]]


#################
lambda = 0.6000000000000001
mu = 1.9000000000000001
nu = 0.7000000000000001

init = 1089.448
res = 668.019
gap = -17.362

solution = [[0, 10, 30, 25, 27, 5, 4], [0, 2, 20, 32, 13, 8, 7, 26, 12], [0, 24, 6, 19, 14, 21, 1, 31], [0, 29, 16, 3, 9, 17, 15], [0, 22, 23, 28, 18, 11]]


#################
lambda = 0.7000000000000001
mu = 0.1
nu = 0.1

init = 975.653
res = 678.165
gap = -15.606

solution = [[0, 29, 16, 3, 9, 17, 15], [0, 23, 11, 6, 24, 2], [0, 28, 18, 31, 1, 21, 14, 19], [0, 20, 32, 13, 8, 7, 26, 4, 22], [0, 10, 30, 25, 27, 5, 12]]


#################
lambda = 0.7000000000000001
mu = 0.1
nu = 0.30000000000000004

init = 844.33
res = 678.165
gap = -15.606

solution = [[0, 15, 17, 9, 3, 16, 29], [0, 28, 18, 31, 1, 21, 14, 19], [0, 23, 11, 6, 24, 2], [0, 20, 32, 13, 8, 7, 26, 4, 22], [0, 10, 30, 25, 27, 5, 12]]


#################
lambda = 0.7000000000000001
mu = 0.1
nu = 1.9000000000000001

init = 875.511
res = 676.104
gap = -15.958

solution = [[0, 15, 17, 9, 3, 16, 29], [0, 20, 32, 13, 8, 7, 26, 4, 22], [0, 10, 30, 25, 27, 5, 12], [0, 2, 24, 6, 23], [0, 28, 18, 31, 1, 21, 14, 19, 11]]


#################
lambda = 0.7000000000000001
mu = 0.2
nu = 0.1

init = 891.067
res = 701.809
gap = -11.711

solution = [[0, 9, 17, 30, 27, 25], [0, 2, 20, 4, 22], [0, 12, 10, 5, 26, 7, 8, 13, 32], [0, 31, 1, 21, 14, 19, 6, 24], [0, 15, 16, 3, 29, 28, 18, 11, 23]]


#################
lambda = 0.7000000000000001
mu = 0.6000000000000001
nu = 0.1

init = 886.694
res = 688.713
gap = -13.835

solution = [[0, 10, 17, 9, 3, 16, 29], [0, 2, 32, 13, 8, 7, 26, 20], [0, 12, 30, 25, 27, 5, 4], [0, 15, 22], [0, 11, 31, 1, 21, 14, 19, 6, 24], [0, 18, 28, 23]]


#################
lambda = 0.7000000000000001
mu = 0.6000000000000001
nu = 0.9

init = 871.814
res = 732.599
gap = -7.016

solution = [[0, 2], [0, 9, 17, 10, 30, 25], [0, 24, 6, 19, 14, 21, 1, 31], [0, 22], [0, 15, 16, 3, 29, 28, 18, 11, 23], [0, 20, 4], [0, 32, 13, 8, 7, 26, 5, 27, 12]]


#################
lambda = 0.7000000000000001
mu = 1.2000000000000002
nu = 0.1

init = 851.461
res = 698.36
gap = -12.263

solution = [[0, 15, 22], [0, 11, 18, 28, 23], [0, 24, 6, 19, 14, 21, 1, 31], [0, 29, 16, 3, 9, 17, 10], [0, 2, 32, 13, 8, 7, 26], [0, 12, 30, 25, 27, 5, 4, 20]]


#################
lambda = 0.7000000000000001
mu = 1.3
nu = 0.2

init = 894.577
res = 676.104
gap = -15.958

solution = [[0, 15, 17, 9, 3, 16, 29], [0, 23, 6, 24, 2], [0, 11, 19, 14, 21, 1, 31, 18, 28], [0, 20, 32, 13, 8, 7, 26, 4, 22], [0, 10, 30, 25, 27, 5, 12]]


#################
lambda = 0.7000000000000001
mu = 1.4000000000000001
nu = 1.9000000000000001

init = 912.377
res = 684.462
gap = -14.543

solution = [[0, 29, 16, 3, 9, 17, 15], [0, 24, 6, 19, 14, 21, 1, 31], [0, 2, 22, 23, 28, 18, 11], [0, 4, 26, 7, 8, 13, 32, 20], [0, 12, 5, 27, 25, 30, 10]]


#################
lambda = 0.7000000000000001
mu = 1.6
nu = 0.9

init = 937.34
res = 676.104
gap = -15.958

solution = [[0, 15, 17, 9, 3, 16, 29], [0, 22, 4, 26, 7, 8, 13, 32, 20], [0, 12, 5, 27, 25, 30, 10], [0, 2, 24, 6, 23], [0, 28, 18, 31, 1, 21, 14, 19, 11]]


#################
lambda = 0.7000000000000001
mu = 1.6
nu = 1.6

init = 919.074
res = 683.304
gap = -14.737

solution = [[0, 20, 4, 10, 30, 25, 27], [0, 16, 3, 9, 17, 15], [0, 23, 28, 18, 31, 29, 22], [0, 24, 6, 19, 14, 21, 1, 11], [0, 2, 32, 13, 8, 7, 26, 5, 12]]


#################
lambda = 0.7000000000000001
mu = 1.8
nu = 0.8

init = 1043.584
res = 667.636
gap = -17.429

solution = [[0, 2, 20, 32, 13, 8, 7, 26, 5], [0, 4, 12, 27, 25, 30, 10], [0, 29, 16, 3, 9, 17, 15], [0, 23, 18, 28, 22], [0, 11, 31, 1, 21, 14, 19, 6, 24]]


#################
lambda = 0.7000000000000001
mu = 1.9000000000000001
nu = 1.8

init = 1052.19
res = 718.778
gap = -9.074

solution = [[0, 25, 30, 10, 17, 9], [0, 12, 27, 5, 26, 7, 8, 13, 32], [0, 4, 20, 2], [0, 23, 28, 29, 3, 16, 15, 22], [0, 6, 24], [0, 18, 31, 1, 21, 14, 19, 11]]


#################
lambda = 0.8
mu = 0.1
nu = 0.1

init = 896.674
res = 680.265
gap = -15.249

solution = [[0, 11, 19, 14, 21, 1, 31, 18, 28], [0, 22, 23, 6, 24, 2], [0, 29, 16, 3, 9, 17, 15], [0, 20, 32, 13, 8, 7, 26, 4], [0, 12, 5, 27, 25, 30, 10]]


#################
lambda = 0.8
mu = 0.1
nu = 1.2000000000000002

init = 877.456
res = 692.675
gap = -13.184

solution = [[0, 11, 19, 14, 21, 1, 31, 18, 28], [0, 2, 24, 6], [0, 4, 26, 7, 8, 13, 32, 20], [0, 10, 30, 25, 27, 5, 12], [0, 29, 16, 3, 9, 17, 15], [0, 22, 23]]


#################
lambda = 0.8
mu = 0.2
nu = 0.1

init = 869.823
res = 682.007
gap = -14.955

solution = [[0, 29, 16, 3, 9, 17, 15], [0, 20, 32, 13, 8, 7, 26, 4, 22], [0, 10, 30, 25, 27, 5, 12], [0, 31, 1, 21, 14, 19, 6, 24], [0, 23, 28, 18, 11, 2]]


#################
lambda = 0.8
mu = 0.6000000000000001
nu = 0.1

init = 903.1
res = 702.495
gap = -11.602

solution = [[0, 29, 16, 3, 9, 17, 10], [0, 15, 22], [0, 23, 28, 18, 11], [0, 24, 6, 19, 14, 21, 1, 31], [0, 20, 4, 12, 5, 27, 25, 30], [0, 2, 32, 13, 8, 7, 26]]


#################
lambda = 0.8
mu = 0.7000000000000001
nu = 1.1

init = 902.044
res = 676.104
gap = -15.958

solution = [[0, 28, 18, 31, 1, 21, 14, 19, 11], [0, 29, 16, 3, 9, 17, 15], [0, 2, 24, 6, 23], [0, 20, 32, 13, 8, 7, 26, 4, 22], [0, 10, 30, 25, 27, 5, 12]]


#################
lambda = 0.8
mu = 0.8
nu = 0.1

init = 862.062
res = 676.104
gap = -15.958

solution = [[0, 29, 16, 3, 9, 17, 15], [0, 11, 19, 14, 21, 1, 31, 18, 28], [0, 2, 24, 6, 23], [0, 20, 32, 13, 8, 7, 26, 4, 22], [0, 12, 5, 27, 25, 30, 10]]


#################
lambda = 0.8
mu = 0.8
nu = 1.2000000000000002

init = 855.377
res = 668.656
gap = -17.25

solution = [[0, 29, 16, 3, 9, 17, 10], [0, 24, 6, 19, 14, 21, 1, 31, 11], [0, 23, 18, 28, 22], [0, 2, 32, 13, 8, 7, 26, 4], [0, 15, 12, 30, 25, 27, 5, 20]]


#################
lambda = 0.8
mu = 1.3
nu = 1.4000000000000001

init = 963.593
res = 685.755
gap = -14.327

solution = [[0, 12, 10, 17, 9, 3, 16], [0, 28, 18, 31, 19, 14, 21, 1, 29], [0, 22, 23, 11, 6, 24], [0, 20, 26, 7, 8, 13, 32, 2], [0, 4, 5, 27, 25, 30, 15]]


#################
lambda = 0.8
mu = 1.3
nu = 1.7000000000000002

init = 962.251
res = 682.007
gap = -14.955

solution = [[0, 22, 4, 26, 7, 8, 13, 32, 20], [0, 10, 30, 25, 27, 5, 12], [0, 2, 11, 18, 28, 23], [0, 24, 6, 19, 14, 21, 1, 31], [0, 29, 16, 3, 9, 17, 15]]


#################
lambda = 0.8
mu = 1.4000000000000001
nu = 0.1

init = 916.129
res = 668.019
gap = -17.362

solution = [[0, 10, 30, 25, 27, 5, 4], [0, 12, 26, 7, 8, 13, 32, 20, 2], [0, 31, 1, 21, 14, 19, 6, 24], [0, 11, 18, 28, 23, 22], [0, 29, 16, 3, 9, 17, 15]]


#################
lambda = 0.8
mu = 1.4000000000000001
nu = 1.1

init = 915.073
res = 668.019
gap = -17.362

solution = [[0, 12, 26, 7, 8, 13, 32, 20, 2], [0, 10, 30, 25, 27, 5, 4], [0, 15, 17, 9, 3, 16, 29], [0, 24, 6, 19, 14, 21, 1, 31], [0, 11, 18, 28, 23, 22]]


#################
lambda = 0.8
mu = 1.5
nu = 0.9

init = 968.361
res = 688.713
gap = -13.835

solution = [[0, 15, 22], [0, 29, 16, 3, 9, 17, 10], [0, 11, 31, 1, 21, 14, 19, 6, 24], [0, 18, 28, 23], [0, 20, 26, 7, 8, 13, 32, 2], [0, 12, 30, 25, 27, 5, 4]]


#################
lambda = 0.8
mu = 1.6
nu = 0.1

init = 998.574
res = 700.556
gap = -11.911

solution = [[0, 2, 32, 13, 8, 7, 26], [0, 15, 22], [0, 29, 16, 3, 9, 17, 10], [0, 4, 12, 30, 25, 27, 5, 20], [0, 11, 18, 28, 23], [0, 24, 6, 19, 14, 21, 1, 31]]


#################
lambda = 0.8
mu = 1.6
nu = 1.3

init = 938.53
res = 668.019
gap = -17.362

solution = [[0, 31, 1, 21, 14, 19, 6, 24], [0, 12, 26, 7, 8, 13, 32, 20, 2], [0, 10, 30, 25, 27, 5, 4], [0, 22, 23, 28, 18, 11], [0, 29, 16, 3, 9, 17, 15]]


#################
lambda = 0.8
mu = 1.7000000000000002
nu = 1.5

init = 920.516
res = 673.147
gap = -16.468

solution = [[0, 29, 16, 3, 9, 17, 15], [0, 10, 30, 25, 27, 5, 4], [0, 12, 26, 7, 8, 13, 32, 20, 2], [0, 24, 6, 23, 22], [0, 11, 19, 14, 21, 1, 31, 18, 28]]


#################
lambda = 0.8
mu = 1.8
nu = 0.1

init = 934.589
res = 730.331
gap = -7.349

solution = [[0, 15, 22], [0, 6, 24], [0, 11, 19, 14, 21, 1, 31, 29], [0, 18, 28, 23], [0, 16, 3, 9, 17, 10], [0, 4, 5, 27, 25, 30, 12], [0, 20, 26, 7, 8, 13, 32, 2]]


#################
lambda = 0.8
mu = 1.9000000000000001
nu = 0.1

init = 1081.23
res = 667.502
gap = -17.453

solution = [[0, 24, 6, 19, 14, 21, 1, 31, 11], [0, 2, 20, 32, 13, 8, 7, 26, 5], [0, 12, 10, 30, 25, 27, 4], [0, 23, 18, 28, 22], [0, 15, 17, 9, 3, 16, 29]]


#################
lambda = 0.8
mu = 1.9000000000000001
nu = 1.2000000000000002

init = 950.13
res = 668.656
gap = -17.25

solution = [[0, 29, 16, 3, 9, 17, 10], [0, 24, 6, 19, 14, 21, 1, 31, 11], [0, 23, 18, 28, 22], [0, 2, 32, 13, 8, 7, 26, 4], [0, 15, 12, 30, 25, 27, 5, 20]]


#################
lambda = 0.8
mu = 1.9000000000000001
nu = 1.9000000000000001

init = 941.158
res = 683.43
gap = -14.716

solution = [[0, 20, 4, 10, 30, 25, 27], [0, 16, 3, 9, 17, 15], [0, 2, 32, 13, 8, 7, 26, 5, 12], [0, 19, 14, 21, 1, 31, 29, 22], [0, 24, 6, 11, 18, 28, 23]]


#################
lambda = 0.9
mu = 0.1
nu = 0.1

init = 872.86
res = 668.247
gap = -17.322

solution = [[0, 12, 10, 30, 25, 27, 4], [0, 15, 17, 9, 3, 16, 29], [0, 20, 5, 26, 7, 8, 13, 32, 2], [0, 24, 6, 19, 14, 21, 1, 31], [0, 23, 11, 18, 28, 22]]


#################
lambda = 0.9
mu = 0.1
nu = 1.0

init = 828.774
res = 667.502
gap = -17.453

solution = [[0, 12, 10, 30, 25, 27, 4], [0, 2, 20, 32, 13, 8, 7, 26, 5], [0, 15, 17, 9, 3, 16, 29], [0, 11, 31, 1, 21, 14, 19, 6, 24], [0, 23, 18, 28, 22]]


#################
lambda = 0.9
mu = 0.1
nu = 1.3

init = 813.539
res = 684.977
gap = -14.456

solution = [[0, 29, 16, 3, 9, 17, 10], [0, 24, 6, 19, 14, 21, 1, 31], [0, 23, 11, 18, 28, 22], [0, 15, 26, 7, 8, 13, 32, 2], [0, 20, 4, 12, 5, 27, 25, 30]]


#################
lambda = 0.9
mu = 0.2
nu = 0.1

init = 859.088
res = 666.303
gap = -17.664

solution = [[0, 29, 16, 3, 9, 17, 15], [0, 24, 6, 19, 14, 21, 1, 31], [0, 11, 18, 28, 23, 22], [0, 20, 4, 27, 25, 30, 10], [0, 2, 32, 13, 8, 7, 26, 5, 12]]


#################
lambda = 0.9
mu = 0.30000000000000004
nu = 0.1

init = 872.114
res = 676.44
gap = -15.901

solution = [[0, 20, 26, 7, 8, 13, 32, 2], [0, 15, 16, 3, 9, 17, 12], [0, 22, 29, 31, 1, 21, 14, 19], [0, 4, 5, 27, 25, 30, 10], [0, 23, 28, 18, 11, 6, 24]]


#################
lambda = 0.9
mu = 0.6000000000000001
nu = 0.1

init = 899.038
res = 673.147
gap = -16.468

solution = [[0, 15, 17, 9, 3, 16, 29], [0, 12, 26, 7, 8, 13, 32, 20, 2], [0, 10, 30, 25, 27, 5, 4], [0, 22, 23, 6, 24], [0, 28, 18, 31, 1, 21, 14, 19, 11]]


#################
lambda = 0.9
mu = 0.6000000000000001
nu = 1.3

init = 897.981
res = 676.104
gap = -15.958

solution = [[0, 29, 16, 3, 9, 17, 15], [0, 10, 30, 25, 27, 5, 12], [0, 20, 32, 13, 8, 7, 26, 4, 22], [0, 28, 18, 31, 1, 21, 14, 19, 11], [0, 2, 24, 6, 23]]


#################
lambda = 0.9
mu = 1.3
nu = 0.2

init = 889.781
res = 714.859
gap = -9.672

solution = [[0, 4, 26, 7, 8, 13, 32, 20], [0, 10, 30, 25, 27, 5, 12], [0, 31, 29, 16, 3, 9, 17], [0, 15, 22], [0, 1, 21, 14, 19, 6, 24, 2], [0, 23, 28, 18, 11]]


#################
lambda = 0.9
mu = 1.3
nu = 0.4

init = 948.918
res = 676.104
gap = -15.958

solution = [[0, 10, 30, 25, 27, 5, 12], [0, 29, 16, 3, 9, 17, 15], [0, 20, 32, 13, 8, 7, 26, 4, 22], [0, 2, 24, 6, 23], [0, 11, 19, 14, 21, 1, 31, 18, 28]]


#################
lambda = 0.9
mu = 1.4000000000000001
nu = 1.3

init = 968.158
res = 732.49
gap = -7.032

solution = [[0, 13, 8, 7, 26, 5, 27, 25], [0, 6, 24], [0, 22], [0, 16, 3, 9, 17, 15], [0, 2, 32, 20, 4, 12, 30, 10], [0, 28, 23], [0, 18, 31, 29, 1, 21, 14, 19, 11]]


#################
lambda = 0.9
mu = 1.5
nu = 1.9000000000000001

init = 921.842
res = 701.906
gap = -11.696

solution = [[0, 27, 25, 30, 17, 9], [0, 16, 3, 29, 31, 1, 21, 14, 19], [0, 24, 6, 11, 18, 28, 23], [0, 32, 13, 8, 7, 26, 5, 10, 12], [0, 2, 20, 4, 15, 22]]


#################
lambda = 0.9
mu = 1.7000000000000002
nu = 0.1

init = 1008.425
res = 689.065
gap = -13.777

solution = [[0, 16, 3, 9, 17, 15], [0, 2, 24, 6, 19, 14, 21, 1, 29], [0, 22, 23, 28, 18, 31, 11], [0, 20, 32, 13, 8, 7, 26, 4], [0, 10, 30, 25, 27, 5, 12]]


#################
lambda = 0.9
mu = 1.8
nu = 0.1

init = 971.982
res = 709.356
gap = -10.523

solution = [[0, 23], [0, 6, 24], [0, 11, 19, 14, 21, 1, 31, 18, 28], [0, 2, 32, 13, 8, 7, 26, 20], [0, 12, 30, 25, 27, 5, 4], [0, 29, 16, 3, 9, 17, 10], [0, 15, 22]]


#################
lambda = 0.9
mu = 1.8
nu = 0.30000000000000004

init = 967.753
res = 679.667
gap = -15.351

solution = [[0, 10, 30, 25, 27, 5, 12], [0, 15, 17, 9, 3, 16, 29], [0, 22, 20, 4, 26, 7, 8, 13, 32], [0, 2, 24, 6, 23], [0, 28, 18, 31, 1, 21, 14, 19, 11]]


#################
lambda = 0.9
mu = 1.8
nu = 1.3

init = 899.597
res = 736.874
gap = -6.395

solution = [[0, 15, 22], [0, 2, 32, 13, 8, 7, 26], [0, 23, 28, 18], [0, 11, 19, 14, 21, 1, 31, 29], [0, 24, 6], [0, 16, 3, 9, 17, 10], [0, 12, 30, 25, 27, 5, 4, 20]]


#################
lambda = 1.0
mu = 0.1
nu = 0.1

init = 817.161
res = 700.556
gap = -11.911

solution = [[0, 15, 22], [0, 31, 1, 21, 14, 19, 6, 24], [0, 29, 16, 3, 9, 17, 10], [0, 23, 28, 18, 11], [0, 2, 32, 13, 8, 7, 26], [0, 4, 12, 30, 25, 27, 5, 20]]


#################
lambda = 1.0
mu = 0.30000000000000004
nu = 0.1

init = 831.065
res = 676.104
gap = -15.958

solution = [[0, 20, 32, 13, 8, 7, 26, 4, 22], [0, 10, 30, 25, 27, 5, 12], [0, 15, 17, 9, 3, 16, 29], [0, 2, 24, 6, 23], [0, 28, 18, 31, 1, 21, 14, 19, 11]]


#################
lambda = 1.0
mu = 0.4
nu = 1.1

init = 843.064
res = 697.432
gap = -12.412

solution = [[0, 11, 19, 14, 21, 1, 31, 18, 28], [0, 24, 6], [0, 29, 16, 3, 9, 17, 15], [0, 23, 22], [0, 20, 4, 7, 8, 13, 32, 2], [0, 26, 5, 27, 25, 30, 10, 12]]


#################
lambda = 1.0
mu = 0.4
nu = 1.7000000000000002

init = 860.276
res = 676.104
gap = -15.958

solution = [[0, 29, 16, 3, 9, 17, 15], [0, 2, 24, 6, 23], [0, 28, 18, 31, 1, 21, 14, 19, 11], [0, 20, 32, 13, 8, 7, 26, 4, 22], [0, 10, 30, 25, 27, 5, 12]]


#################
lambda = 1.0
mu = 0.5
nu = 0.1

init = 884.712
res = 668.019
gap = -17.362

solution = [[0, 29, 16, 3, 9, 17, 15], [0, 4, 5, 27, 25, 30, 10], [0, 2, 20, 32, 13, 8, 7, 26, 12], [0, 31, 1, 21, 14, 19, 6, 24], [0, 11, 18, 28, 23, 22]]


#################
lambda = 1.0
mu = 0.6000000000000001
nu = 0.1

init = 855.767
res = 684.444
gap = -14.546

solution = [[0, 10, 30, 25, 27, 5, 12], [0, 20, 32, 13, 8, 7, 26, 4, 15], [0, 28, 18, 31, 1, 21, 14, 19, 11], [0, 2, 24, 6, 23], [0, 29, 16, 3, 9, 17, 22]]


#################
lambda = 1.0
mu = 0.6000000000000001
nu = 1.5

init = 852.722
res = 680.286
gap = -15.246

solution = [[0, 2, 20, 32, 13, 8, 7, 26, 12], [0, 4, 5, 27, 25, 30, 10], [0, 16, 3, 9, 17, 15], [0, 24, 6, 19, 14, 21, 1, 11], [0, 22, 29, 31, 18, 28, 23]]


#################
lambda = 1.0
mu = 1.0
nu = 0.1

init = 883.344
res = 684.643
gap = -14.512

solution = [[0, 20, 32, 13, 8, 7, 26, 4, 22], [0, 10, 30, 25, 27, 5, 12], [0, 19, 14, 21, 1, 29, 31, 18, 28], [0, 23, 11, 6, 24, 2], [0, 16, 3, 9, 17, 15]]


#################
lambda = 1.0
mu = 1.0
nu = 1.4000000000000001

init = 882.288
res = 666.303
gap = -17.664

solution = [[0, 20, 4, 27, 25, 30, 10], [0, 12, 5, 26, 7, 8, 13, 32, 2], [0, 29, 16, 3, 9, 17, 15], [0, 31, 1, 21, 14, 19, 6, 24], [0, 11, 18, 28, 23, 22]]


#################
lambda = 1.0
mu = 1.3
nu = 0.1

init = 852.506
res = 706.014
gap = -11.046

solution = [[0, 13, 8, 7, 26, 5, 25, 27], [0, 24, 6, 19, 14, 21, 1, 31], [0, 10, 30, 12, 4, 20, 32, 2], [0, 22, 15, 28, 23], [0, 11, 18, 29, 16, 3, 9, 17]]


#################
lambda = 1.0
mu = 1.4000000000000001
nu = 1.7000000000000002

init = 894.808
res = 700.038
gap = -11.994

solution = [[0, 16, 3, 9, 17, 15], [0, 2, 32, 13, 8, 7, 26, 5, 20], [0, 10, 30, 25, 27, 12, 4], [0, 24, 6], [0, 23, 28, 18], [0, 22, 29, 31, 1, 21, 14, 19, 11]]


#################
lambda = 1.1
mu = 0.7000000000000001
nu = 0.5

init = 859.389
res = 668.019
gap = -17.362

solution = [[0, 10, 30, 25, 27, 5, 4], [0, 2, 20, 32, 13, 8, 7, 26, 12], [0, 31, 1, 21, 14, 19, 6, 24], [0, 11, 18, 28, 23, 22], [0, 29, 16, 3, 9, 17, 15]]


#################
lambda = 1.1
mu = 0.7000000000000001
nu = 1.6

init = 856.344
res = 662.399
gap = -18.358

solution = [[0, 20, 5, 26, 7, 8, 13, 32, 2], [0, 15, 17, 9, 3, 16, 29], [0, 4, 12, 27, 25, 30, 10], [0, 11, 31, 1, 21, 14, 19, 6, 24], [0, 23, 18, 28, 22]]


#################
lambda = 1.1
mu = 0.9
nu = 0.1

init = 892.177
res = 662.399
gap = -18.358

solution = [[0, 4, 12, 27, 25, 30, 10], [0, 11, 31, 1, 21, 14, 19, 6, 24], [0, 29, 16, 3, 9, 17, 15], [0, 20, 5, 26, 7, 8, 13, 32, 2], [0, 23, 18, 28, 22]]


#################
lambda = 1.1
mu = 1.3
nu = 0.1

init = 916.36
res = 668.019
gap = -17.362

solution = [[0, 12, 26, 7, 8, 13, 32, 20, 2], [0, 10, 30, 25, 27, 5, 4], [0, 29, 16, 3, 9, 17, 15], [0, 31, 1, 21, 14, 19, 6, 24], [0, 11, 18, 28, 23, 22]]


#################
lambda = 1.1
mu = 1.3
nu = 1.5

init = 915.304
res = 680.556
gap = -15.2

solution = [[0, 12, 10, 30, 25, 27, 4], [0, 16, 3, 9, 17, 15], [0, 2, 20, 32, 13, 8, 7, 26, 5], [0, 24, 6, 19, 14, 21, 1, 29, 22], [0, 11, 31, 18, 28, 23]]


#################
lambda = 1.1
mu = 1.4000000000000001
nu = 1.3

init = 892.058
res = 686.299
gap = -14.236

solution = [[0, 13, 8, 7, 26, 5, 25, 27], [0, 23, 18, 28, 22], [0, 24, 6, 19, 14, 21, 1, 31, 11], [0, 29, 16, 3, 9, 17, 15], [0, 2, 32, 20, 4, 12, 30, 10]]


#################
lambda = 1.1
mu = 1.4000000000000001
nu = 1.5

init = 868.577
res = 683.767
gap = -14.659

solution = [[0, 32, 13, 8, 7, 26, 5, 27, 12], [0, 11, 31, 1, 21, 14, 19, 6, 24], [0, 29, 16, 3, 9, 17, 10], [0, 15, 30, 25, 4, 20, 2], [0, 22, 28, 18, 23]]


#################
lambda = 1.1
mu = 1.7000000000000002
nu = 0.6000000000000001

init = 962.211
res = 700.866
gap = -11.862

solution = [[0, 27, 25, 30, 17, 9], [0, 24, 6, 19, 14, 21, 1, 31], [0, 2, 20, 4, 22], [0, 12, 10, 5, 26, 7, 8, 13, 32], [0, 15, 16, 3, 29, 28, 18, 11, 23]]


#################
lambda = 1.1
mu = 1.7000000000000002
nu = 1.1

init = 960.795
res = 696.946
gap = -12.491

solution = [[0, 29, 16, 3, 9, 17, 10], [0, 15, 22], [0, 23, 6, 24], [0, 11, 19, 14, 21, 1, 31, 18, 28], [0, 20, 26, 7, 8, 13, 32, 2], [0, 12, 30, 25, 27, 5, 4]]


#################
lambda = 1.1
mu = 1.9000000000000001
nu = 0.1

init = 969.423
res = 676.104
gap = -15.958

solution = [[0, 15, 17, 9, 3, 16, 29], [0, 10, 30, 25, 27, 5, 12], [0, 20, 32, 13, 8, 7, 26, 4, 22], [0, 2, 24, 6, 23], [0, 28, 18, 31, 1, 21, 14, 19, 11]]


#################
lambda = 1.1
mu = 1.9000000000000001
nu = 0.4

init = 967.123
res = 680.282
gap = -15.246

solution = [[0, 29, 16, 3, 9, 17, 15], [0, 10, 30, 25, 27, 5, 12], [0, 11, 31, 1, 21, 14, 19, 6, 24], [0, 2, 18, 28, 23], [0, 20, 32, 13, 8, 7, 26, 4, 22]]


#################
lambda = 1.2000000000000002
mu = 0.7000000000000001
nu = 0.1

init = 832.396
res = 680.411
gap = -15.224

solution = [[0, 12, 26, 7, 8, 13, 32, 20, 2], [0, 10, 30, 25, 27, 5, 4], [0, 19, 14, 21, 1, 31, 29, 22], [0, 23, 28, 18, 11, 6, 24], [0, 16, 3, 9, 17, 15]]


#################
lambda = 1.2000000000000002
mu = 0.7000000000000001
nu = 0.2

init = 872.345
res = 684.643
gap = -14.512

solution = [[0, 28, 18, 31, 29, 1, 21, 14, 19], [0, 20, 32, 13, 8, 7, 26, 4, 22], [0, 10, 30, 25, 27, 5, 12], [0, 16, 3, 9, 17, 15], [0, 23, 11, 6, 24, 2]]


#################
lambda = 1.2000000000000002
mu = 0.8
nu = 0.1

init = 888.334
res = 666.592
gap = -17.613

solution = [[0, 15, 17, 9, 3, 16, 29], [0, 24, 6, 19, 14, 21, 1, 31], [0, 11, 18, 28, 23, 22], [0, 2, 32, 13, 8, 7, 26, 5, 20], [0, 10, 30, 25, 27, 12, 4]]


#################
lambda = 1.2000000000000002
mu = 0.9
nu = 0.1

init = 852.529
res = 663.826
gap = -18.103

solution = [[0, 10, 30, 25, 27, 5, 4], [0, 12, 26, 7, 8, 13, 32, 20, 2], [0, 29, 16, 3, 9, 17, 15], [0, 23, 18, 28, 22], [0, 11, 31, 1, 21, 14, 19, 6, 24]]


#################
lambda = 1.2000000000000002
mu = 1.0
nu = 1.7000000000000002

init = 891.121
res = 714.014
gap = -9.802

solution = [[0, 23], [0, 11, 19, 14, 21, 1, 31, 28, 18], [0, 6, 24], [0, 12, 30, 25, 27, 5, 4], [0, 2, 32, 13, 8, 7, 26, 20], [0, 10, 17, 9, 3, 16, 29], [0, 15, 22]]


#################
lambda = 1.2000000000000002
mu = 1.3
nu = 0.6000000000000001

init = 882.141
res = 684.904
gap = -14.469

solution = [[0, 2, 24, 6, 19, 14, 21, 1, 29], [0, 22, 4, 26, 7, 8, 13, 32, 20], [0, 11, 31, 18, 28, 23], [0, 16, 3, 9, 17, 15], [0, 10, 30, 25, 27, 5, 12]]


#################
lambda = 1.2000000000000002
mu = 1.4000000000000001
nu = 1.7000000000000002

init = 881.084
res = 678.165
gap = -15.606

solution = [[0, 15, 17, 9, 3, 16, 29], [0, 20, 32, 13, 8, 7, 26, 4, 22], [0, 10, 30, 25, 27, 5, 12], [0, 23, 11, 6, 24, 2], [0, 19, 14, 21, 1, 31, 18, 28]]


#################
lambda = 1.2000000000000002
mu = 1.7000000000000002
nu = 1.6

init = 922.898
res = 691.818
gap = -13.325

solution = [[0, 29, 16, 3, 9, 17, 10], [0, 31, 1, 21, 14, 19, 6, 24], [0, 12, 30, 25, 27, 5, 4], [0, 2, 32, 13, 8, 7, 26, 20], [0, 15, 22], [0, 23, 28, 18, 11]]


#################
lambda = 1.2000000000000002
mu = 1.8
nu = 0.1

init = 1002.339
res = 675.207
gap = -16.112

solution = [[0, 22, 23, 11, 6, 24], [0, 28, 18, 31, 1, 21, 14, 19], [0, 2, 20, 32, 13, 8, 7, 26, 12], [0, 29, 16, 3, 9, 17, 15], [0, 10, 30, 25, 27, 5, 4]]


#################
lambda = 1.3
mu = 0.8
nu = 1.6

init = 846.687
res = 689.065
gap = -13.777

solution = [[0, 16, 3, 9, 17, 15], [0, 2, 24, 6, 19, 14, 21, 1, 29], [0, 11, 31, 18, 28, 23, 22], [0, 20, 32, 13, 8, 7, 26, 4], [0, 10, 30, 25, 27, 5, 12]]


#################
lambda = 1.3
mu = 0.9
nu = 0.9

init = 864.948
res = 678.165
gap = -15.606

solution = [[0, 29, 16, 3, 9, 17, 15], [0, 20, 32, 13, 8, 7, 26, 4, 22], [0, 10, 30, 25, 27, 5, 12], [0, 28, 18, 31, 1, 21, 14, 19], [0, 23, 11, 6, 24, 2]]


#################
lambda = 1.3
mu = 1.0
nu = 0.5

init = 870.282
res = 679.207
gap = -15.429

solution = [[0, 15, 16, 3, 9, 17, 4], [0, 12, 5, 27, 25, 30, 10], [0, 20, 26, 7, 8, 13, 32, 2], [0, 11, 31, 1, 21, 14, 19, 6, 24], [0, 23, 28, 18, 29, 22]]


#################
lambda = 1.3
mu = 1.0
nu = 1.9000000000000001

init = 878.537
res = 684.904
gap = -14.469

solution = [[0, 16, 3, 9, 17, 15], [0, 11, 31, 18, 28, 23], [0, 2, 24, 6, 19, 14, 21, 1, 29], [0, 10, 30, 25, 27, 5, 12], [0, 20, 32, 13, 8, 7, 26, 4, 22]]


#################
lambda = 1.3
mu = 1.1
nu = 1.9000000000000001

init = 849.483
res = 684.418
gap = -14.55

solution = [[0, 29, 16, 3, 9, 17, 10], [0, 11, 18, 28, 23, 22, 15], [0, 24, 6, 19, 14, 21, 1, 31], [0, 12, 30, 25, 27, 5, 4], [0, 2, 32, 13, 8, 7, 26, 20]]


#################
lambda = 1.3
mu = 1.5
nu = 0.1

init = 892.815
res = 683.962
gap = -14.626

solution = [[0, 12, 10, 30, 25, 27, 4], [0, 2, 20, 32, 13, 8, 7, 26, 5], [0, 24, 6, 19, 14, 21, 1, 11], [0, 23, 28, 18, 31, 29, 22], [0, 16, 3, 9, 17, 15]]


#################
lambda = 1.3
mu = 1.5
nu = 1.8

init = 891.759
res = 672.827
gap = -16.523

solution = [[0, 20, 4, 10, 30, 25, 27], [0, 24, 6, 19, 14, 21, 1, 31], [0, 23, 11, 18, 28, 22], [0, 29, 16, 3, 9, 17, 15], [0, 2, 32, 13, 8, 7, 26, 5, 12]]


#################
lambda = 1.3
mu = 1.8
nu = 1.9000000000000001

init = 951.759
res = 700.556
gap = -11.911

solution = [[0, 15, 22], [0, 29, 16, 3, 9, 17, 10], [0, 23, 28, 18, 11], [0, 31, 1, 21, 14, 19, 6, 24], [0, 2, 32, 13, 8, 7, 26], [0, 4, 12, 30, 25, 27, 5, 20]]


#################
lambda = 1.4000000000000001
mu = 1.0
nu = 0.1

init = 852.021
res = 668.019
gap = -17.362

solution = [[0, 10, 30, 25, 27, 5, 4], [0, 2, 20, 32, 13, 8, 7, 26, 12], [0, 15, 17, 9, 3, 16, 29], [0, 11, 18, 28, 23, 22], [0, 31, 1, 21, 14, 19, 6, 24]]


#################
lambda = 1.4000000000000001
mu = 1.4000000000000001
nu = 1.7000000000000002

init = 885.012
res = 663.826
gap = -18.103

solution = [[0, 12, 26, 7, 8, 13, 32, 20, 2], [0, 10, 30, 25, 27, 5, 4], [0, 29, 16, 3, 9, 17, 15], [0, 11, 31, 1, 21, 14, 19, 6, 24], [0, 23, 18, 28, 22]]


#################
lambda = 1.4000000000000001
mu = 1.8
nu = 0.1

init = 894.472
res = 668.656
gap = -17.25

solution = [[0, 29, 16, 3, 9, 17, 10], [0, 24, 6, 19, 14, 21, 1, 31, 11], [0, 23, 18, 28, 22], [0, 2, 32, 13, 8, 7, 26, 4], [0, 15, 12, 30, 25, 27, 5, 20]]


#################
lambda = 1.4000000000000001
mu = 1.8
nu = 0.8

init = 891.601
res = 668.019
gap = -17.362

solution = [[0, 29, 16, 3, 9, 17, 15], [0, 11, 18, 28, 23, 22], [0, 31, 1, 21, 14, 19, 6, 24], [0, 10, 30, 25, 27, 5, 4], [0, 12, 26, 7, 8, 13, 32, 20, 2]]


#################
lambda = 1.4000000000000001
mu = 1.8
nu = 1.6

init = 906.091
res = 663.826
gap = -18.103

solution = [[0, 2, 20, 32, 13, 8, 7, 26, 12], [0, 4, 5, 27, 25, 30, 10], [0, 29, 16, 3, 9, 17, 15], [0, 11, 31, 1, 21, 14, 19, 6, 24], [0, 23, 18, 28, 22]]


#################
lambda = 1.4000000000000001
mu = 1.9000000000000001
nu = 0.1

init = 965.976
res = 674.772
gap = -16.187

solution = [[0, 2, 32, 13, 8, 7, 26, 20], [0, 15, 16, 3, 9, 17, 12], [0, 10, 30, 25, 27, 5, 4], [0, 11, 31, 1, 21, 14, 19, 6, 24], [0, 23, 28, 18, 29, 22]]


#################
lambda = 1.5
mu = 0.1
nu = 1.9000000000000001

init = 821.831
res = 700.556
gap = -11.911

solution = [[0, 15, 22], [0, 31, 1, 21, 14, 19, 6, 24], [0, 29, 16, 3, 9, 17, 10], [0, 23, 28, 18, 11], [0, 2, 32, 13, 8, 7, 26], [0, 4, 12, 30, 25, 27, 5, 20]]


#################
lambda = 1.5
mu = 0.6000000000000001
nu = 1.5

init = 827.096
res = 691.666
gap = -13.349

solution = [[0, 29, 16, 3, 9, 17, 12], [0, 15, 22], [0, 20, 26, 7, 8, 13, 32, 2], [0, 10, 30, 25, 27, 5, 4], [0, 24, 6, 19, 14, 21, 1, 31, 11], [0, 23, 28, 18]]


#################
lambda = 1.5
mu = 0.6000000000000001
nu = 1.6

init = 825.7
res = 663.826
gap = -18.103

solution = [[0, 29, 16, 3, 9, 17, 15], [0, 10, 30, 25, 27, 5, 4], [0, 12, 26, 7, 8, 13, 32, 20, 2], [0, 11, 31, 1, 21, 14, 19, 6, 24], [0, 23, 18, 28, 22]]


#################
lambda = 1.5
mu = 0.8
nu = 0.1

init = 841.096
res = 663.826
gap = -18.103

solution = [[0, 4, 5, 27, 25, 30, 10], [0, 2, 20, 32, 13, 8, 7, 26, 12], [0, 29, 16, 3, 9, 17, 15], [0, 11, 31, 1, 21, 14, 19, 6, 24], [0, 23, 18, 28, 22]]


#################
lambda = 1.5
mu = 1.8
nu = 0.1

init = 895.686
res = 671.83
gap = -16.696

solution = [[0, 2, 20, 32, 13, 8, 7, 26, 5], [0, 4, 12, 27, 25, 30, 10], [0, 24, 6, 19, 14, 21, 1, 31], [0, 29, 16, 3, 9, 17, 15], [0, 11, 18, 28, 23, 22]]


#################
lambda = 1.5
mu = 1.8
nu = 1.9000000000000001

init = 907.305
res = 686.584
gap = -14.189

solution = [[0, 29, 16, 3, 9, 17, 15], [0, 22, 18, 31, 1, 21, 14, 19], [0, 23, 28, 11, 6, 24, 2], [0, 20, 32, 13, 8, 7, 26, 4], [0, 12, 5, 27, 25, 30, 10]]


#################
lambda = 1.6
mu = 0.1
nu = 0.1

init = 824.407
res = 711.979
gap = -10.116

solution = [[0, 15, 22], [0, 12, 10, 17, 9, 3, 16], [0, 20, 26, 7, 8, 13, 32, 2], [0, 4, 5, 27, 25, 30], [0, 28, 18, 31, 19, 14, 21, 1, 29], [0, 24, 6, 11, 23]]


#################
lambda = 1.6
mu = 0.1
nu = 1.4000000000000001

init = 829.077
res = 700.344
gap = -11.945

solution = [[0, 10, 17, 9, 3, 16, 29], [0, 28, 18, 31, 1, 21, 14, 19], [0, 24, 6, 11, 23, 22, 15], [0, 2, 32, 13, 8, 7, 26], [0, 4, 12, 30, 25, 27, 5, 20]]


#################
lambda = 1.6
mu = 0.4
nu = 1.8

init = 821.88
res = 700.556
gap = -11.911

solution = [[0, 15, 22], [0, 31, 1, 21, 14, 19, 6, 24], [0, 29, 16, 3, 9, 17, 10], [0, 23, 28, 18, 11], [0, 2, 32, 13, 8, 7, 26], [0, 4, 12, 30, 25, 27, 5, 20]]


#################
lambda = 1.6
mu = 1.0
nu = 1.9000000000000001

init = 843.067
res = 676.104
gap = -15.958

solution = [[0, 15, 17, 9, 3, 16, 29], [0, 23, 6, 24, 2], [0, 28, 18, 31, 1, 21, 14, 19, 11], [0, 20, 32, 13, 8, 7, 26, 4, 22], [0, 12, 5, 27, 25, 30, 10]]


#################
lambda = 1.6
mu = 1.6
nu = 0.1

init = 863.203
res = 678.165
gap = -15.606

solution = [[0, 28, 18, 31, 1, 21, 14, 19], [0, 2, 24, 6, 11, 23], [0, 29, 16, 3, 9, 17, 15], [0, 20, 32, 13, 8, 7, 26, 4, 22], [0, 10, 30, 25, 27, 5, 12]]


#################
lambda = 1.7000000000000002
mu = 0.1
nu = 0.1

init = 841.69
res = 666.592
gap = -17.613

solution = [[0, 4, 12, 27, 25, 30, 10], [0, 24, 6, 19, 14, 21, 1, 31], [0, 15, 17, 9, 3, 16, 29], [0, 2, 32, 13, 8, 7, 26, 5, 20], [0, 11, 18, 28, 23, 22]]


#################
lambda = 1.7000000000000002
mu = 0.1
nu = 0.30000000000000004

init = 834.29
res = 671.83
gap = -16.696

solution = [[0, 29, 16, 3, 9, 17, 15], [0, 24, 6, 19, 14, 21, 1, 31], [0, 2, 20, 32, 13, 8, 7, 26, 5], [0, 11, 18, 28, 23, 22], [0, 4, 12, 27, 25, 30, 10]]


#################
lambda = 1.7000000000000002
mu = 0.1
nu = 0.8

init = 834.241
res = 685.018
gap = -14.45

solution = [[0, 16, 3, 9, 17, 10, 12], [0, 4, 5, 27, 25, 30, 22], [0, 20, 26, 7, 8, 13, 32, 2], [0, 24, 6, 19, 14, 21, 1, 11], [0, 23, 28, 18, 31, 29, 15]]


#################
lambda = 1.7000000000000002
mu = 0.2
nu = 0.1

init = 836.971
res = 676.104
gap = -15.958

solution = [[0, 12, 5, 27, 25, 30, 10], [0, 20, 32, 13, 8, 7, 26, 4, 22], [0, 29, 16, 3, 9, 17, 15], [0, 2, 24, 6, 23], [0, 11, 19, 14, 21, 1, 31, 18, 28]]


#################
lambda = 1.7000000000000002
mu = 0.2
nu = 0.2

init = 829.571
res = 678.165
gap = -15.606

solution = [[0, 23, 11, 6, 24, 2], [0, 28, 18, 31, 1, 21, 14, 19], [0, 29, 16, 3, 9, 17, 15], [0, 20, 32, 13, 8, 7, 26, 4, 22], [0, 10, 30, 25, 27, 5, 12]]


#################
lambda = 1.7000000000000002
mu = 1.8
nu = 0.1

init = 849.545
res = 668.019
gap = -17.362

solution = [[0, 29, 16, 3, 9, 17, 15], [0, 4, 5, 27, 25, 30, 10], [0, 12, 26, 7, 8, 13, 32, 20, 2], [0, 24, 6, 19, 14, 21, 1, 31], [0, 22, 23, 28, 18, 11]]


#################
lambda = 1.8
mu = 0.1
nu = 0.30000000000000004

init = 846.36
res = 684.444
gap = -14.546

solution = [[0, 10, 30, 25, 27, 5, 12], [0, 20, 32, 13, 8, 7, 26, 4, 15], [0, 28, 18, 31, 1, 21, 14, 19, 11], [0, 2, 24, 6, 23], [0, 29, 16, 3, 9, 17, 22]]


#################
lambda = 1.8
mu = 0.1
nu = 0.7000000000000001

init = 838.96
res = 700.119
gap = -11.981

solution = [[0, 2], [0, 15, 17, 9, 3, 16], [0, 24, 6, 11, 18, 28, 23], [0, 22, 29, 31, 1, 21, 14, 19], [0, 20, 32, 13, 8, 7, 26, 4], [0, 10, 30, 25, 27, 5, 12]]


#################
lambda = 1.8
mu = 0.2
nu = 1.6

init = 833.796
res = 676.104
gap = -15.958

solution = [[0, 10, 30, 25, 27, 5, 12], [0, 15, 17, 9, 3, 16, 29], [0, 11, 19, 14, 21, 1, 31, 18, 28], [0, 23, 6, 24, 2], [0, 20, 32, 13, 8, 7, 26, 4, 22]]


#################
lambda = 1.8
mu = 0.30000000000000004
nu = 0.7000000000000001

init = 829.126
res = 679.197
gap = -15.43

solution = [[0, 12, 10, 30, 25, 27, 5, 26], [0, 15, 17, 9, 3, 16, 29], [0, 4, 7, 8, 13, 32, 20, 2], [0, 24, 6, 19, 14, 21, 1, 31, 11], [0, 23, 18, 28, 22]]


#################
lambda = 1.8
mu = 0.4
nu = 0.2

init = 829.28
res = 668.382
gap = -17.298

solution = [[0, 4, 12, 27, 25, 30, 10], [0, 24, 6, 19, 14, 21, 1, 31], [0, 20, 5, 26, 7, 8, 13, 32, 2], [0, 29, 16, 3, 9, 17, 15], [0, 23, 11, 18, 28, 22]]


#################
lambda = 1.8
mu = 1.2000000000000002
nu = 1.3

init = 843.419
res = 672.909
gap = -16.509

solution = [[0, 12, 17, 9, 3, 16, 15], [0, 2, 32, 13, 8, 7, 26, 20], [0, 10, 30, 25, 27, 5, 4], [0, 11, 31, 18, 28, 23], [0, 24, 6, 19, 14, 21, 1, 29, 22]]


#################
lambda = 1.8
mu = 1.2000000000000002
nu = 1.4000000000000001

init = 840.154
res = 712.562
gap = -10.026

solution = [[0, 23, 18, 28, 22], [0, 10, 30, 25, 27, 5, 12], [0, 4, 26, 7, 8, 13, 32, 20], [0, 16, 3, 9, 17, 15], [0, 6, 24, 2], [0, 29, 31, 1, 21, 14, 19, 11]]


#################
lambda = 1.8
mu = 1.3
nu = 0.9

init = 846.333
res = 685.755
gap = -14.327

solution = [[0, 28, 18, 31, 19, 14, 21, 1, 29], [0, 16, 3, 9, 17, 10, 12], [0, 22, 23, 11, 6, 24], [0, 4, 5, 27, 25, 30, 15], [0, 2, 32, 13, 8, 7, 26, 20]]


#################
lambda = 1.8
mu = 1.4000000000000001
nu = 0.5

init = 849.952
res = 684.643
gap = -14.512

solution = [[0, 20, 32, 13, 8, 7, 26, 4, 22], [0, 10, 30, 25, 27, 5, 12], [0, 28, 18, 31, 29, 1, 21, 14, 19], [0, 23, 11, 6, 24, 2], [0, 16, 3, 9, 17, 15]]


#################
lambda = 1.9000000000000001
mu = 1.8
nu = 1.5

init = 847.556
res = 676.104
gap = -15.958

solution = [[0, 15, 17, 9, 3, 16, 29], [0, 12, 5, 27, 25, 30, 10], [0, 2, 24, 6, 23], [0, 28, 18, 31, 1, 21, 14, 19, 11], [0, 20, 32, 13, 8, 7, 26, 4, 22]]


#################
lambda = 1.9000000000000001
mu = 1.8
nu = 1.6

init = 842.221
res = 666.592
gap = -17.613

solution = [[0, 10, 30, 25, 27, 12, 4], [0, 20, 5, 26, 7, 8, 13, 32, 2], [0, 24, 6, 19, 14, 21, 1, 31], [0, 15, 17, 9, 3, 16, 29], [0, 11, 18, 28, 23, 22]]


#################
lambda = 1.9000000000000001
mu = 1.9000000000000001
nu = 0.1

init = 883.154
res = 683.763
gap = -14.66

solution = [[0, 2, 32, 13, 8, 7, 26, 5, 12], [0, 10, 30, 25, 27, 4, 20], [0, 24, 6, 11, 18, 28, 23, 22], [0, 16, 3, 9, 17, 15], [0, 19, 14, 21, 1, 31, 29]]

execution : 1890 s
