Aretes fixées après apprentissage pour cette exécution
Fixed edges = [[0, 238, 232, 239, 245, 249, 252, 254, 255, 253, 250, 247, 251, 0], [0, 64, 76, 88, 102, 89, 103, 90, 104, 119, 135, 150, 164, 177, 189, 200, 210, 199, 0], [0, 3, 6, 10, 15, 21, 28, 36, 45, 55, 66, 78, 91, 105, 120, 136, 151, 165, 178, 190, 0], [0, 5, 9, 14, 20, 27, 35, 44, 54, 65, 77, 0], [0, 236, 242, 246, 241, 236, 0], [0, 152, 166, 179, 191, 201, 211, 220, 228, 235, 0], [0, 198, 209, 219, 227, 234, 240, 233, 225, 0], [0, 63, 75, 87, 100, 114, 130, 115, 0], [0, 139, 153, 138, 123, 108, 124, 140, 155, 168, 180, 167, 154, 0], [0, 195, 206, 216, 207, 197, 208, 217, 226, 218, 0], [0, 175, 187, 174, 186, 173, 160, 0], [0, 127, 143, 0], [0, 81, 95, 110, 125, 141, 0], [0, 57, 69, 58, 70, 82, 96, 83, 97, 0], [0, 243, 248, 0], [0, 214, 223, 215, 224, 231, 237, 230, 222, 229, 0], [0, 213, 221, 212, 203, 193, 204, 0], [0, 121, 106, 122, 137, 121, 0], [0, 149, 133, 118, 134, 149, 0], [0, 84, 72, 85, 99, 86, 74, 0], [0, 67, 79, 93, 80, 94, 109, 0], [0, 172, 185, 196, 184, 171, 0], [0, 163, 176, 188, 0], [0, 156, 169, 182, 170, 157, 142, 126, 0], [0, 128, 144, 159, 0], [0, 117, 132, 0], [0, 98, 113, 129, 0], [0, 40, 50, 61, 0], [0, 92, 107, 0], [0, 19, 26, 0], [0, 194, 205, 0], [0, 148, 162, 0], [0, 147, 161, 0], [0, 116, 131, 146, 0], [0, 59, 71, 0], [0, 56, 68, 0], [0, 29, 37, 46, 0], [0, 24, 32, 0], [0, 12, 18, 0], [0, 2, 4, 0], [0, 192, 202, 0], [0, 23, 30, 38, 0], [0, 43, 52, 0], [0, 42, 51, 0], [0, 11, 16, 22, 0], [0, 62, 73, 0], [0, 1, 0], [0, 7, 0], [0, 8, 0], [0, 13, 0], [0, 17, 0], [0, 25, 0], [0, 31, 0], [0, 33, 0], [0, 34, 0], [0, 39, 0], [0, 41, 0], [0, 47, 0], [0, 48, 0], [0, 49, 0], [0, 53, 0], [0, 60, 0], [0, 101, 0], [0, 111, 0], [0, 112, 0], [0, 145, 0], [0, 158, 0], [0, 181, 0], [0, 183, 0], [0, 244, 0]]
Time = 57.362008810043335


#################

init = 854.734
res = 620.445
gap = 6.519

solution = [[0, 1, 4, 2], [0, 7, 12, 8, 13, 9, 5], [0, 10, 15, 21, 28, 36, 45, 55, 66, 78, 91, 105, 120, 136, 151, 122, 107, 93, 80, 68, 57, 47], [0, 22, 29, 37, 46, 56, 67, 79, 92, 106, 121, 121, 137, 152, 165, 178, 166, 153, 138, 123, 108, 94, 81, 69], [0, 43, 75, 88, 102, 116, 132, 148, 133, 117, 103, 118, 134, 149, 149, 163, 176, 188, 161, 174, 173, 160, 146, 130, 115, 100, 74], [0, 26, 34, 76, 89, 77, 90, 104, 119, 135, 150, 164, 177, 189, 200, 210, 199, 187, 175, 162, 147, 131, 101, 87, 19], [0, 14, 20, 27, 35, 44, 54, 65, 64, 53, 63, 52, 51, 42, 33, 25], [0, 39, 83, 142, 157, 170, 182, 192, 203, 213, 222, 236, 236, 229, 221, 212, 202, 191, 180, 168, 155, 139, 124, 109, 95, 58], [0, 125, 140, 154, 167, 179, 190, 201, 211, 220, 228, 235, 241, 246, 250, 253, 248, 243, 238, 232, 224, 231, 214, 204, 193, 181, 169, 156, 141, 126], [0, 128, 144, 184, 215, 223, 230, 237, 242, 247, 251, 255, 254, 252, 249, 244, 239, 233, 245, 240, 234, 227, 219, 209, 198, 186, 145, 114, 73], [0, 40, 49, 59, 70, 82, 96, 110, 111, 112, 97, 84, 98, 85, 99, 86, 62], [0, 72, 113, 129, 159, 172, 185, 197, 208, 218, 226, 217, 225, 216, 207, 196, 206, 195, 205, 194, 183, 171, 158, 143, 127], [0, 18, 32, 41, 50, 61, 60, 71, 48, 38, 30, 11], [0, 3, 6, 16, 23, 31, 24, 17]]


#################

init = 854.734
res = 636.1
gap = 8.819

solution = [[0, 2, 5, 8, 13, 18], [0, 47, 57, 68, 80, 94, 108, 93, 107, 122, 137, 121, 121, 105, 106, 92, 79, 67, 56, 46, 37, 29, 22], [0, 11, 17, 12, 24, 31, 49, 40, 32], [0, 1, 3, 7, 4], [0, 34, 43, 53, 64, 75, 87, 101, 116, 132, 117, 118, 133, 161, 174, 160, 146, 130, 114, 99, 86, 74, 62], [0, 9, 14, 20, 26, 27, 35, 44, 54, 65, 77, 76, 63, 52, 33], [0, 88, 102, 89, 103, 90, 104, 119, 134, 135, 150, 164, 177, 189, 200, 210, 199, 187, 175, 188, 176, 163, 149, 149, 148, 162, 147, 131, 115, 100], [0, 126, 142, 157, 170, 182, 204, 214, 236, 236, 229, 221, 212, 202, 191, 179, 167, 180, 181, 169, 156, 141, 155, 125, 110, 58], [0, 16, 30, 38, 69, 82, 96, 97, 112, 98, 113, 85, 73, 61, 51, 42], [0, 19, 25, 41, 50, 60, 71, 83, 70, 59, 48, 39, 23], [0, 111, 127, 143, 158, 171, 183, 194, 205, 195, 206, 196, 207, 216, 225, 217, 226, 218, 208, 197, 185, 172, 159, 144, 84], [0, 129, 145, 173, 186, 198, 209, 219, 227, 234, 240, 233, 239, 245, 249, 244, 248, 252, 251, 254, 255, 253, 250, 247, 243, 238, 232, 184, 128, 72], [0, 6, 10, 15, 21, 28, 36, 45, 55, 66, 78, 91, 120, 136, 151, 165, 178, 166, 153, 139, 81], [0, 123, 138, 152, 190, 201, 211, 220, 228, 235, 241, 246, 242, 237, 231, 224, 215, 223, 230, 222, 213, 193, 203, 192, 168, 154, 140, 124, 109, 95]]


#################

init = 854.734
res = 641.294
gap = 9.558

solution = [[0, 8, 12, 17, 16, 11, 7], [0, 99, 129, 145, 160, 173, 186, 198, 209, 219, 227, 234, 240, 233, 239, 245, 249, 244, 252, 248, 251, 254, 255, 253, 250, 247, 243, 238, 232, 225, 184], [0, 5, 9, 13, 19, 14, 20, 27, 35, 44, 54, 64], [0, 2], [0, 1, 3, 4], [0, 6, 10, 15, 21, 28, 36, 45, 55, 66, 78, 91, 105, 120, 136, 151, 165, 152, 124, 109, 95], [0, 113, 144, 159, 172, 185, 197, 208, 218, 226, 217, 216, 207, 196, 206, 195, 205, 194, 183, 171, 158, 143, 127, 84], [0, 47, 57, 81, 68, 80, 94, 108, 93, 107, 122, 137, 121, 121, 106, 92, 79, 67, 56, 46, 37, 29, 22], [0, 65, 76, 101, 116, 131, 147, 133, 118, 134, 164, 177, 189, 200, 210, 199, 188, 175, 187, 174, 161, 146, 130, 114, 86, 72, 61], [0, 110, 125, 141, 155, 168, 154, 139, 123, 138, 153, 166, 178, 190, 179, 167, 180, 202, 192, 193, 182, 170, 157, 142, 126, 111, 83], [0, 156, 169, 181, 203, 212, 221, 213, 204, 214, 222, 230, 223, 215, 224, 231, 237, 242, 246, 241, 236, 236, 229, 235, 228, 220, 211, 201, 191, 140], [0, 42, 52, 74, 87, 75, 88, 102, 117, 103, 89, 77, 90, 104, 119, 135, 150, 149, 149, 163, 176, 162, 148, 132, 115, 100], [0, 26, 34, 43, 53, 63, 62, 51, 41, 33, 25, 18], [0, 24, 31, 40, 49, 60, 71, 70, 59, 39, 23], [0, 30, 38, 48, 58, 69, 82, 96, 97, 112, 128, 98, 85, 73, 50, 32]]


#################

init = 854.734
res = 621.213
gap = 6.634

solution = [[0, 54, 64, 76, 65, 77, 89, 103, 90, 104, 119, 135, 150, 164, 177, 189, 200, 210, 199, 187, 175, 188, 176, 163, 148, 162, 147, 131, 115], [0, 62, 74, 87, 101, 116, 132, 133, 149, 149, 134, 118, 117, 102, 88, 75, 63, 53, 44, 35, 27, 20], [0, 85, 113, 129, 159, 172, 185, 197, 208, 218, 226, 217, 225, 216, 206, 196, 184, 195, 205, 194, 183, 171, 158, 143, 127], [0, 38, 47, 58, 69, 81, 68, 80, 93, 107, 122, 137, 121, 121, 106, 92, 79, 67, 56, 46, 37, 29], [0, 9, 14, 19, 26, 34, 43, 52, 42, 33, 25, 13], [0, 2, 5, 4], [0, 12, 7, 6, 3, 1], [0, 11, 16, 23, 22, 30, 31, 32, 18, 8], [0, 17, 24, 39, 59, 70, 83, 96, 111, 97, 84, 72, 61, 50], [0, 99, 114, 173, 207, 232, 238, 231, 237, 242, 250, 253, 255, 254, 252, 248, 244, 249, 245, 239, 233, 240, 234, 227, 219, 209, 198, 186, 174, 161, 146], [0, 40, 49, 60, 71, 98, 112, 128, 144, 145, 160, 130, 100, 86, 73, 51, 41], [0, 10, 15, 21, 28, 36, 45, 55, 66, 78, 91, 105, 120, 136, 151, 165, 178, 166, 152, 138, 123, 108, 94, 57], [0, 141, 156, 169, 204, 213, 222, 230, 214, 223, 215, 224, 243, 251, 247, 246, 241, 236, 236, 229, 235, 228, 221, 202, 191, 180, 168, 155, 125, 95], [0, 48, 82, 110, 126, 142, 157, 170, 182, 193, 181, 192, 203, 212, 220, 211, 201, 190, 179, 167, 153, 139, 154, 140, 124, 109]]


#################

init = 854.734
res = 615.769
gap = 5.809

solution = [[0, 19, 26, 33, 42, 52, 63, 75, 88, 65, 54, 44, 35, 27, 20, 14], [0, 2, 5, 8, 4], [0, 34, 43, 53, 64, 76, 89, 77, 90, 104, 119, 135, 150, 164, 177, 189, 200, 210, 199, 187, 175, 188, 176, 163, 148, 132, 131, 115], [0, 9, 13, 12, 7, 1], [0, 113, 129, 144, 159, 172, 185, 197, 208, 218, 226, 217, 225, 216, 207, 196, 206, 195, 205, 194, 183, 171, 158, 128, 98], [0, 51, 62, 74, 87, 101, 116, 102, 117, 103, 118, 134, 149, 149, 133, 162, 147, 161, 174, 160, 146, 130, 100, 41], [0, 86, 99, 114, 145, 173, 186, 198, 209, 219, 227, 234, 240, 233, 239, 245, 249, 252, 254, 255, 253, 250, 251, 248, 244, 238, 232, 224, 215, 184], [0, 38, 47, 57, 68, 80, 93, 107, 122, 137, 121, 121, 106, 92, 79, 67, 56, 46, 37, 29, 22], [0, 25, 32, 40, 49, 60, 71, 83, 70, 59, 39, 17], [0, 3, 6, 11, 16, 23, 31, 24, 18], [0, 50, 61, 73, 85, 72, 84, 97, 112, 127, 111, 126, 110, 82, 58, 48, 30], [0, 96, 142, 156, 169, 193, 203, 212, 221, 229, 235, 228, 220, 211, 201, 190, 179, 180, 192, 181, 168, 154, 140, 155, 141, 125, 109, 95], [0, 143, 157, 170, 182, 204, 214, 223, 231, 237, 243, 247, 242, 246, 241, 236, 236, 230, 222, 213, 202, 191, 167, 153, 139, 124, 81], [0, 10, 15, 21, 28, 36, 45, 55, 66, 78, 91, 105, 120, 136, 151, 165, 178, 166, 152, 138, 123, 108, 94, 69]]


#################

init = 816.227
res = 614.317
gap = 5.586

solution = [[0, 11, 17, 24, 32, 41, 25, 18, 12], [0, 4, 7, 3, 1], [0, 113, 159, 173, 185, 197, 208, 218, 226, 217, 225, 216, 207, 196, 206, 205, 214, 204, 194, 182, 170, 171, 184, 172, 128, 98], [0, 161, 174, 186, 198, 209, 219, 227, 234, 240, 233, 239, 245, 249, 252, 254, 255, 253, 251, 248, 243, 238, 244, 232, 224, 215, 195, 183, 157, 97], [0, 142, 156, 193, 213, 222, 229, 236, 236, 230, 223, 231, 237, 242, 247, 250, 246, 241, 235, 228, 220, 211, 201, 191, 180, 168, 154, 140, 109, 95], [0, 8, 13, 9, 5, 2], [0, 51, 61, 72, 85, 73, 86, 100, 115, 130, 145, 160, 146, 131, 116, 101, 87, 74, 63, 52], [0, 26, 33, 42, 62, 99, 114, 129, 144, 158, 143, 127, 112, 84, 71, 60, 50], [0, 23, 31, 40, 49, 39, 48, 38, 29, 22, 16, 6], [0, 14, 20, 27, 35, 44, 54, 65, 77, 89, 76, 64, 53, 43, 34, 19], [0, 103, 90, 104, 119, 135, 150, 164, 177, 189, 200, 210, 199, 187, 175, 188, 176, 163, 149, 149, 134, 118, 133, 148, 162, 147, 132, 117, 102, 88, 75], [0, 10, 15, 21, 28, 36, 45, 67, 79, 92, 106, 121, 121, 137, 122, 107, 93, 80, 68, 57, 47], [0, 70, 82, 110, 125, 124, 139, 153, 167, 202, 212, 221, 203, 192, 181, 169, 155, 141, 126, 111, 96, 83, 59], [0, 37, 46, 56, 55, 66, 78, 91, 105, 120, 136, 151, 165, 178, 190, 179, 166, 152, 138, 123, 108, 94, 81, 69, 58, 30]]
Aretes fixées après apprentissage pour cette exécution
Fixed edges = [[0, 1, 3, 6, 10, 15, 21, 28, 36, 45, 55, 66, 78, 91, 105, 120, 136, 0], [0, 245, 249, 252, 254, 255, 253, 250, 246, 241, 236, 229, 222, 230, 237, 231, 224, 215, 223, 0], [0, 5, 9, 14, 20, 27, 35, 44, 54, 65, 77, 90, 104, 119, 135, 150, 164, 149, 134, 118, 133, 117, 103, 0], [0, 177, 189, 200, 210, 219, 227, 234, 240, 233, 225, 216, 0], [0, 92, 107, 122, 106, 121, 137, 151, 165, 178, 166, 179, 190, 201, 211, 220, 228, 235, 0], [0, 197, 207, 217, 226, 218, 208, 198, 209, 199, 187, 175, 0], [0, 191, 180, 168, 181, 169, 182, 194, 205, 214, 0], [0, 193, 204, 213, 221, 0], [0, 144, 128, 143, 158, 171, 157, 142, 127, 112, 98, 113, 129, 145, 159, 172, 184, 195, 206, 196, 185, 173, 186, 174, 160, 0], [0, 68, 56, 67, 79, 93, 80, 94, 109, 125, 0], [0, 153, 167, 154, 139, 124, 140, 155, 141, 156, 170, 183, 0], [0, 62, 74, 87, 100, 114, 0], [0, 97, 84, 72, 85, 99, 86, 73, 61, 51, 41, 32, 24, 31, 39, 49, 40, 50, 60, 0], [0, 243, 248, 251, 247, 242, 0], [0, 244, 238, 232, 239, 244, 0], [0, 75, 64, 76, 89, 102, 88, 101, 115, 130, 0], [0, 70, 58, 69, 81, 95, 110, 126, 111, 96, 82, 70, 0], [0, 212, 202, 192, 203, 212, 0], [0, 108, 123, 138, 152, 0], [0, 53, 63, 52, 43, 34, 42, 33, 25, 18, 12, 0], [0, 46, 57, 47, 37, 29, 38, 30, 0], [0, 161, 146, 131, 116, 132, 147, 162, 148, 163, 176, 188, 0], [0, 7, 11, 16, 0], [0, 8, 13, 19, 26, 0], [0, 48, 59, 71, 83, 0], [0, 17, 23, 0], [0, 2, 4, 0], [0, 22, 0]]
Time = 112.73801493644714


#################

init = 790.852
res = 647.419
gap = -768.526

solution = [[0, 3, 6, 10, 15, 21, 28, 36, 45, 55, 66, 78, 91, 105, 120, 136, 151], [0, 5, 9, 14, 20, 27, 35, 44, 54, 65, 77, 90, 104, 119, 135, 150, 164, 149, 134, 118, 133, 117, 103], [0, 98, 112, 127, 142, 157, 171, 158, 143, 128, 144, 129, 145, 159, 172, 184, 195, 206, 196, 185, 173, 186, 174, 160], [0, 32, 41, 51, 61, 73, 86, 85, 72, 60, 50, 40, 39, 31, 24], [0, 2, 1], [0, 7, 11, 17, 12, 4], [0, 13, 19, 26, 34, 52, 42, 33, 25, 18, 8], [0, 16, 22, 29, 37, 46, 56, 67, 79, 93, 80, 68, 57, 47, 38, 30, 23], [0, 62, 74, 100, 87, 101, 131, 147, 162, 176, 188, 187, 198, 209, 199, 210, 219, 227, 234, 240, 233, 225, 216, 207, 217, 226, 218, 208, 197], [0, 43, 53, 63, 64, 75, 88, 76, 89, 102, 116, 132, 148, 163, 177, 189, 200, 175, 161, 146, 130, 115, 114, 99, 113], [0, 71, 83, 84, 97, 111, 126, 141, 155, 169, 182, 181, 168, 180, 167, 139, 124, 109, 95, 82], [0, 49, 59, 70, 70, 96, 110, 125, 140, 154, 153, 138, 122, 107, 123, 108, 94, 81, 69, 58, 48], [0, 92, 106, 121, 137, 152, 165, 178, 166, 179, 190, 201, 191, 211, 220, 212, 212, 202, 192, 203, 193, 204, 213, 222, 230, 223, 214, 194, 183, 170, 156], [0, 205, 215, 224, 231, 237, 242, 236, 229, 221, 228, 235, 241, 246, 250, 253, 255, 254, 251, 247, 243, 248, 252, 249, 245, 239, 232, 238, 244, 244]]


#################

init = 790.852
res = 649.261
gap = -766.061

solution = [[0, 3, 6, 10, 15, 21, 28, 36, 45, 55, 66, 78, 91, 105, 120, 136, 151], [0, 5, 9, 14, 20, 27, 35, 44, 54, 65, 77, 90, 104, 119, 135, 150, 164, 149, 134, 118, 133, 117, 103], [0, 98, 112, 127, 142, 157, 171, 158, 143, 128, 144, 113, 129, 145, 159, 172, 184, 195, 206, 196, 185, 173, 186, 174, 160], [0, 32, 41, 51, 61, 73, 86, 99, 85, 72, 60, 50, 40, 49, 39, 31, 24], [0, 215, 223, 230, 231, 237, 242, 236, 229, 222, 213, 221, 228, 235, 241, 246, 250, 253, 255, 254, 251, 247, 243, 248, 252, 249, 245, 239, 232, 238, 244, 244], [0, 34, 43, 53, 64, 75, 88, 76, 89, 102, 132, 148, 163, 177, 176, 162, 175, 161, 147, 131, 146, 130, 115, 100, 114], [0, 62, 74, 63, 87, 101, 116, 187, 198, 209, 199, 188, 189, 200, 210, 219, 227, 234, 240, 233, 225, 224, 216, 207, 217, 226, 218, 208, 197], [0, 13, 19, 26, 52, 42, 33, 25, 18, 12], [0, 80, 107, 122, 106, 121, 137, 152, 165, 178, 166, 179, 190, 201, 211, 220, 212, 212, 202, 192, 181, 169, 155, 141, 126, 111, 97, 84], [0, 57, 68, 81, 94, 109, 139, 123, 138, 153, 154, 167, 191, 180, 168, 203, 193, 204, 182, 194, 214, 205, 183, 170, 156, 96], [0, 4, 8, 7, 1], [0, 2], [0, 17, 23, 59, 71, 83, 70, 70, 58, 48, 38, 30, 11], [0, 22, 29, 37, 46, 56, 67, 79, 92, 93, 108, 124, 140, 125, 110, 95, 82, 69, 47, 16]]


#################

init = 790.852
res = 657.769
gap = -754.86

solution = [[0, 3, 6, 10, 15, 21, 28, 36, 45, 55, 66, 78, 91, 105, 120, 136, 151], [0, 5, 9, 14, 20, 27, 35, 44, 54, 65, 77, 90, 104, 119, 135, 150, 164, 149, 134, 118, 133, 117, 103], [0, 98, 112, 127, 142, 157, 171, 158, 143, 128, 144, 113, 129, 145, 159, 172, 184, 195, 206, 196, 185, 173, 186, 174, 160], [0, 205, 215, 223, 224, 231, 237, 230, 222, 229, 221, 235, 236, 241, 246, 250, 253, 255, 254, 251, 247, 242, 243, 238, 232, 239, 245, 249, 252, 248, 244, 244], [0, 109, 125, 154, 139, 123, 107, 92, 106, 122, 121, 137, 152, 165, 178, 166, 179, 190, 201, 211, 220, 228, 212, 212, 202, 192, 203, 213, 182, 169, 156], [0, 17, 31, 39, 48, 47, 57, 46, 37, 38, 30, 23, 11], [0, 4, 1], [0, 7, 12, 8, 2], [0, 59, 83, 97, 111, 170, 183, 194, 214, 204, 193, 181, 168, 180, 191, 167, 153, 138, 80, 29, 22, 16], [0, 70, 70, 82, 95, 110, 96, 126, 141, 155, 140, 124, 108, 94, 93, 79, 67, 56, 68, 81, 69, 58], [0, 73, 85, 99, 86, 100, 114, 130, 115, 131, 146, 161, 175, 176, 162, 147, 132, 102, 88, 89, 76, 64, 75, 63], [0, 62, 74, 87, 101, 116, 148, 163, 177, 189, 188, 187, 198, 209, 199, 200, 210, 219, 227, 234, 240, 233, 225, 216, 207, 217, 226, 218, 208, 197], [0, 32, 41, 51, 61, 72, 84, 71, 60, 50, 49, 40, 24], [0, 18, 25, 33, 42, 52, 53, 43, 34, 26, 19, 13]]


#################

init = 790.852
res = 655.14
gap = -758.29

solution = [[0, 1, 3, 6, 10, 15, 21, 28, 36, 45, 55, 66, 78, 91, 105, 120, 136], [0, 5, 9, 14, 20, 27, 35, 44, 54, 65, 77, 90, 104, 119, 135, 150, 164, 149, 134, 118, 133, 117, 103], [0, 98, 112, 127, 142, 157, 171, 158, 143, 128, 144, 113, 129, 145, 159, 172, 184, 195, 206, 196, 185, 173, 186, 174, 160], [0, 2, 4], [0, 62, 74, 100, 146, 161, 175, 187, 198, 209, 199, 188, 176, 177, 189, 200, 210, 219, 227, 234, 240, 233, 225, 216, 207, 217, 226, 218, 208, 197], [0, 41, 51, 73, 86, 99, 114, 130, 115, 101, 116, 131, 147, 162, 163, 148, 132, 102, 89, 76, 88, 75, 87], [0, 84, 97, 111, 156, 170, 183, 205, 223, 214, 222, 213, 204, 193, 203, 180, 167, 153, 139, 154, 168, 155, 140, 125, 110], [0, 182, 194, 215, 224, 231, 237, 230, 236, 229, 235, 241, 242, 246, 250, 253, 255, 254, 251, 247, 243, 248, 252, 249, 245, 239, 232, 238, 244, 244], [0, 109, 124, 108, 123, 138, 122, 106, 121, 137, 152, 151, 165, 178, 166, 179, 191, 190, 201, 211, 220, 228, 221, 212, 212, 202, 192, 181, 169, 141, 126], [0, 69, 82, 96, 95, 81, 94, 80, 93, 107, 92, 79, 67, 56, 68, 57, 46, 37, 29, 22], [0, 23, 30, 38, 47, 58, 70, 70, 83, 59, 48, 39, 31, 24], [0, 26, 34, 43, 53, 64, 63, 52, 42, 33, 25, 18, 12], [0, 49, 60, 71, 72, 85, 61, 50, 40, 32, 19, 13], [0, 8, 17, 16, 11, 7]]


#################

init = 790.852
res = 647.932
gap = -767.838

solution = [[0, 1, 3, 6, 10, 15, 21, 28, 36, 45, 55, 66, 78, 91, 105, 120, 136], [0, 5, 9, 14, 20, 27, 35, 44, 54, 65, 77, 90, 104, 119, 135, 150, 164, 149, 134, 118, 133, 117, 103], [0, 98, 112, 127, 142, 157, 171, 158, 143, 128, 144, 113, 129, 145, 159, 172, 184, 195, 206, 196, 185, 173, 186, 174, 160], [0, 4], [0, 62, 74, 87, 101, 131, 147, 162, 175, 176, 163, 177, 189, 200, 210, 219, 227, 234, 240, 233, 225, 216, 207, 217, 226, 218, 209, 198, 208, 197], [0, 86, 99, 114, 100, 115, 130, 146, 161, 187, 199, 188, 148, 132, 116, 102, 89, 76, 88, 75, 64, 53, 43, 34], [0, 183, 215, 224, 231, 237, 230, 242, 236, 229, 222, 221, 228, 235, 241, 246, 250, 253, 255, 254, 251, 247, 243, 248, 252, 249, 245, 239, 232, 238, 244, 244], [0, 7, 11, 12, 8, 2], [0, 16, 22, 29, 37, 46, 57, 47, 58, 59, 48, 38, 30, 23], [0, 95, 109, 108, 93, 107, 123, 138, 122, 137, 152, 166, 201, 211, 220, 212, 212, 203, 192, 181, 169, 155, 141, 126, 96, 83, 71], [0, 69, 81, 94, 124, 154, 168, 193, 213, 204, 214, 223, 205, 194, 182, 170, 156, 111, 97, 84, 60, 40], [0, 56, 68, 80, 67, 79, 92, 106, 121, 151, 165, 178, 190, 179, 191, 202, 180, 167, 153, 139, 140, 125, 110, 82, 70, 70], [0, 18, 25, 41, 51, 63, 52, 42, 33, 26, 19, 13], [0, 17, 31, 39, 49, 72, 85, 73, 61, 50, 32, 24]]


#################

init = 740.252
res = 660.691
gap = -751.078

solution = [[0, 13, 19, 26, 34, 43, 53, 64, 75, 88, 76, 89, 102, 132, 148, 163, 177, 189, 200, 210, 219, 227, 234, 240, 233, 225, 216, 207, 217, 226, 218, 208, 197], [0, 98, 113, 129, 145, 160, 174, 186, 173, 185, 196, 206, 195, 184, 172, 159, 144, 128, 143, 158, 171, 157, 142, 127, 112], [0, 5, 9, 14, 20, 27, 35, 44, 54, 65, 77, 90, 104, 119, 135, 150, 164, 149, 134, 118, 133, 117, 103], [0, 3, 6, 10, 15, 21, 28, 36, 45, 55, 66, 78, 91, 105, 120, 136, 151], [0, 1, 4, 2], [0, 52, 63, 74, 87, 101, 116, 131, 147, 162, 176, 175, 161, 146, 130, 115], [0, 12, 24, 32, 25, 18, 8, 8], [0, 41, 51, 61, 72, 84, 85, 99, 114, 100, 86, 73, 62, 42, 33], [0, 94, 124, 139, 154, 191, 179, 166, 152, 122, 106, 121, 137, 165, 178, 190, 201, 211, 220, 228, 221, 229, 236, 222, 213, 204, 193, 203, 192, 202, 212, 212], [0, 46, 56, 67, 79, 92, 107, 123, 138, 153, 167, 180, 168, 181, 169, 155, 140, 108, 93, 80, 81, 69, 68, 57, 47], [0, 97, 111, 235, 241, 246, 250, 253, 255, 254, 251, 247, 243, 248, 252, 249, 244, 244, 238, 232, 239, 245, 209, 198, 187, 199, 188, 188], [0, 83, 96, 110, 126, 156, 170, 183, 205, 215, 224, 231, 237, 242, 230, 223, 214, 194, 182, 182, 141, 125, 109, 95, 82], [0, 40, 50, 60, 71, 59, 70, 70, 58, 48, 30, 23, 17], [0, 11, 16, 22, 29, 37, 38, 39, 49, 31, 7]]


#################

init = 740.252
res = 655.356
gap = -758.006

solution = [[0, 13, 19, 26, 34, 43, 53, 64, 75, 88, 76, 89, 102, 132, 148, 163, 177, 189, 200, 210, 219, 227, 234, 240, 233, 225, 216, 207, 217, 226, 218, 208, 197], [0, 98, 113, 129, 145, 160, 174, 186, 173, 185, 196, 206, 195, 184, 172, 159, 144, 128, 143, 158, 171, 157, 142, 127, 112], [0, 5, 9, 14, 20, 27, 35, 44, 54, 65, 77, 90, 104, 119, 135, 150, 164, 149, 134, 118, 133, 117, 103], [0, 3, 6, 10, 15, 21, 28, 36, 45, 55, 66, 78, 91, 105, 120, 136, 151], [0, 11, 16, 22, 29, 37, 46, 38, 30, 23, 17, 7], [0, 2], [0, 1, 4, 8, 8], [0, 94, 124, 139, 154, 191, 179, 166, 152, 122, 106, 121, 137, 165, 178, 190, 201, 211, 220, 228, 229, 236, 242, 222, 213, 204, 193, 203, 192, 202, 212, 212], [0, 47, 57, 68, 56, 67, 80, 108, 93, 79, 92, 107, 123, 138, 153, 167, 180, 168, 169, 156, 126, 81, 69, 58], [0, 83, 82, 96, 110, 95, 109, 125, 141, 182, 182, 194, 214, 223, 230, 237, 231, 224, 215, 205, 183, 170, 111, 71], [0, 24, 31, 40, 50, 72, 60, 49, 59, 70, 70, 48, 39], [0, 140, 155, 181, 221, 235, 241, 246, 250, 253, 255, 254, 251, 247, 243, 248, 252, 249, 244, 244, 238, 232, 239, 245, 209, 199, 188, 188, 176, 162, 146, 130], [0, 12, 32, 84, 97, 85, 99, 114, 86, 74, 73, 61, 51, 41], [0, 42, 52, 63, 87, 101, 116, 147, 175, 187, 198, 161, 131, 115, 100, 62, 33, 25, 18]]


#################

init = 740.252
res = 668.049
gap = -741.705

solution = [[0, 13, 19, 26, 34, 43, 53, 64, 75, 88, 76, 89, 132, 148, 163, 177, 189, 200, 210, 219, 227, 234, 240, 233, 225, 216, 207, 217, 226, 218, 208, 197], [0, 98, 113, 129, 145, 160, 174, 186, 173, 185, 196, 206, 195, 184, 172, 159, 144, 128, 143, 158, 171, 157, 142, 127, 112], [0, 5, 9, 14, 20, 27, 35, 44, 54, 65, 77, 90, 104, 119, 135, 150, 164, 149, 134, 118, 133, 117, 103], [0, 3, 6, 10, 15, 21, 28, 36, 45, 55, 66, 78, 91, 105, 120, 136, 151], [0, 235, 241, 246, 250, 253, 255, 254, 251, 247, 243, 248, 252, 249, 244, 244, 238, 232, 239, 245, 209, 198, 187, 199, 188, 188], [0, 1, 4, 2], [0, 97, 111, 96, 82, 95, 109, 110, 126, 156, 170, 183, 205, 215, 224, 231, 237, 242, 230, 223, 214, 194, 182, 182, 140], [0, 94, 124, 139, 154, 191, 179, 166, 152, 122, 106, 121, 137, 165, 178, 190, 201, 211, 220, 228, 221, 229, 236, 222, 213, 204, 193, 203, 192, 202, 212, 212], [0, 69, 81, 80, 93, 108, 125, 141, 169, 181, 155, 168, 180, 167, 153, 138, 123, 107, 92, 79, 67, 56, 68, 57, 47], [0, 52, 63, 74, 87, 101, 102, 116, 131, 147, 162, 176, 175, 161, 146, 130, 115, 100, 114, 99, 86, 62, 51], [0, 11, 16, 22, 29, 37, 46, 38, 30, 23, 7], [0, 31, 39, 48, 58, 70, 70, 83, 84, 72, 85, 73, 61, 50, 41], [0, 12, 17, 18, 8, 8], [0, 25, 33, 42, 60, 71, 59, 49, 40, 32, 24]]


#################

init = 740.252
res = 651.89
gap = -762.568

solution = [[0, 13, 19, 26, 34, 43, 53, 64, 75, 88, 76, 89, 102, 132, 148, 163, 177, 189, 200, 210, 219, 227, 234, 240, 233, 225, 216, 207, 217, 226, 218, 208, 197], [0, 98, 113, 129, 145, 160, 174, 186, 173, 185, 196, 206, 195, 184, 172, 159, 144, 128, 143, 158, 171, 157, 142, 127, 112], [0, 5, 9, 14, 20, 27, 35, 44, 54, 65, 77, 90, 104, 119, 135, 150, 164, 149, 134, 118, 133, 117, 103], [0, 3, 6, 10, 15, 21, 28, 36, 45, 55, 66, 78, 91, 105, 120, 136, 151], [0, 11, 16, 22, 29, 37, 46, 38, 30, 23, 7], [0, 94, 124, 139, 154, 191, 179, 166, 152, 122, 106, 121, 137, 165, 178, 190, 201, 211, 220, 228, 229, 236, 222, 213, 204, 193, 203, 192, 202, 212, 221, 212], [0, 69, 81, 80, 93, 108, 140, 141, 155, 169, 181, 168, 180, 167, 153, 138, 123, 107, 92, 79, 67, 56, 68, 57, 47], [0, 82, 95, 109, 125, 182, 182, 194, 214, 223, 230, 237, 231, 224, 215, 205, 183, 170, 156, 126, 110, 96, 83, 71], [0, 49, 97, 111, 235, 241, 246, 242, 250, 253, 255, 254, 251, 247, 243, 248, 252, 249, 244, 244, 238, 232, 239, 245, 209, 198, 187, 199, 188, 188], [0, 40, 60, 72, 84, 59, 70, 70, 58, 48, 39, 31, 17], [0, 2, 1], [0, 4, 12, 8, 8], [0, 24, 50, 61, 73, 86, 62, 51, 41, 33, 25, 18], [0, 42, 52, 63, 74, 87, 100, 115, 101, 116, 131, 147, 162, 176, 175, 161, 146, 130, 114, 99, 85, 32]]


#################

init = 740.252
res = 650.796
gap = -764.019

solution = [[0, 13, 19, 26, 34, 43, 53, 64, 75, 88, 76, 89, 102, 132, 148, 163, 177, 189, 200, 210, 219, 227, 234, 240, 233, 225, 216, 207, 217, 226, 218, 208, 197], [0, 98, 113, 129, 145, 160, 174, 186, 173, 185, 196, 206, 195, 184, 172, 159, 144, 128, 143, 158, 171, 157, 142, 127, 112], [0, 5, 9, 14, 20, 27, 35, 44, 54, 65, 77, 90, 104, 119, 135, 150, 164, 149, 134, 118, 133, 117, 103], [0, 3, 6, 10, 15, 21, 28, 36, 45, 55, 66, 78, 91, 105, 120, 136, 151], [0, 51, 62, 73, 86, 100, 115, 130, 146, 161, 175, 176, 162, 147, 131, 116, 101, 87, 74, 63, 52, 42], [0, 25, 33, 41, 50, 61, 114, 99, 85, 72, 84, 60, 32], [0, 17, 31, 39, 48, 58, 70, 70, 59, 49, 40, 12], [0, 11, 16, 22, 29, 37, 46, 38, 30, 23, 24, 18], [0, 4, 2], [0, 1, 7, 8, 8], [0, 47, 57, 68, 56, 67, 79, 92, 107, 123, 138, 153, 191, 180, 181, 168, 155, 140, 108, 93, 80, 81, 69], [0, 94, 124, 139, 154, 167, 179, 166, 152, 122, 106, 121, 137, 165, 178, 190, 201, 211, 220, 228, 235, 229, 222, 213, 204, 193, 203, 192, 202, 212, 221, 212], [0, 97, 111, 126, 194, 236, 241, 246, 242, 250, 253, 255, 254, 251, 247, 243, 248, 252, 249, 244, 244, 238, 232, 239, 245, 209, 198, 187, 199, 188, 188], [0, 82, 95, 109, 125, 169, 182, 182, 214, 223, 230, 237, 231, 224, 215, 205, 183, 170, 156, 141, 110, 96, 83, 71]]


#################

init = 745.678
res = 649.866
gap = -765.255

solution = [[0, 13, 19, 26, 34, 43, 53, 64, 75, 88, 76, 89, 102, 132, 148, 163, 177, 189, 200, 210, 219, 227, 234, 240, 233, 225, 216, 207, 217, 226, 218, 208, 197], [0, 98, 113, 129, 145, 160, 174, 186, 173, 185, 196, 206, 195, 184, 172, 159, 144, 128, 143, 158, 171, 157, 142, 127, 112], [0, 5, 9, 14, 20, 27, 35, 44, 54, 65, 77, 90, 104, 119, 135, 150, 164, 149, 134, 118, 133, 117, 103], [0, 3, 6, 10, 15, 21, 28, 36, 45, 55, 66, 78, 91, 105, 120, 136, 151], [0, 47, 57, 46, 56, 67, 68, 80, 94, 108, 93, 79, 92, 107, 123, 138, 153, 192, 203, 181, 169, 111, 97, 71], [0, 82, 95, 110, 125, 140, 155, 182, 182, 194, 204, 214, 223, 230, 237, 231, 224, 215, 205, 183, 170, 156, 126, 96, 83], [0, 11, 16, 23, 30, 22, 29, 37, 38, 48, 39, 31], [0, 18, 25, 32, 40, 24, 17, 7], [0, 33, 42, 52, 63, 101, 116, 131, 147, 162, 176, 175, 161, 146, 115, 87, 74, 62, 51, 41], [0, 50, 61, 73, 86, 100, 130, 114, 99, 85, 84, 72, 60, 49, 59, 70, 70], [0, 58, 69, 81, 139, 167, 191, 202, 212, 228, 235, 241, 246, 250, 247, 251, 253, 255, 254, 252, 249, 244, 244, 248, 243, 242, 222, 213, 193, 141], [0, 109, 124, 154, 168, 180, 179, 166, 152, 122, 106, 121, 137, 165, 178, 190, 201, 211, 220, 221, 229, 236, 238, 232, 239, 245, 209, 198, 187, 199, 188, 188], [0, 2, 1], [0, 4, 12, 8, 8]]


#################

init = 745.678
res = 652.178
gap = -762.189

solution = [[0, 13, 19, 26, 34, 43, 53, 64, 75, 88, 76, 89, 102, 132, 148, 163, 177, 189, 200, 210, 219, 227, 234, 240, 233, 225, 216, 207, 217, 226, 218, 208, 197], [0, 98, 113, 129, 145, 160, 174, 186, 173, 185, 196, 206, 195, 184, 172, 159, 144, 128, 143, 158, 171, 157, 142, 127, 112], [0, 5, 9, 14, 20, 27, 35, 44, 54, 65, 77, 90, 104, 119, 135, 150, 164, 149, 134, 118, 133, 117, 103], [0, 18, 25, 32, 24, 31, 39, 48, 59, 49, 40], [0, 41, 51, 62, 74, 115, 130, 146, 161, 175, 176, 162, 147, 131, 116, 101, 87, 63, 52, 42, 33], [0, 50, 60, 61, 73, 86, 100, 114, 99, 85, 72, 84, 97, 70, 70], [0, 11, 16, 22, 29, 37, 46, 30, 23, 17, 12], [0, 38, 47, 58, 69, 57, 68, 56, 67, 80, 94, 124, 108, 93, 79, 92, 107, 123, 138, 153, 167, 180, 168, 155], [0, 82, 95, 110, 125, 141, 156, 182, 182, 194, 204, 213, 222, 214, 223, 237, 243, 238, 224, 215, 205, 183, 170, 111, 83], [0, 109, 140, 181, 192, 202, 212, 221, 229, 241, 246, 250, 253, 255, 254, 252, 249, 244, 244, 248, 251, 247, 242, 203, 193, 169, 126, 96, 71], [0, 81, 139, 154, 191, 179, 166, 152, 122, 137, 136, 151, 165, 178, 190, 201, 211, 220, 228, 235, 236, 230, 231, 232, 239, 245, 209, 198, 187, 199, 188, 188], [0, 3, 6, 10, 15, 21, 28, 36, 45, 55, 66, 78, 91, 105, 120, 121, 106], [0, 8, 8, 2], [0, 4, 7, 1]]


#################

init = 745.678
res = 639.916
gap = -778.709

solution = [[0, 13, 19, 26, 34, 43, 53, 64, 75, 88, 76, 89, 102, 132, 148, 163, 177, 189, 200, 210, 219, 227, 234, 240, 233, 225, 216, 207, 217, 226, 218, 208, 197], [0, 98, 113, 129, 145, 160, 174, 186, 173, 185, 196, 206, 195, 184, 172, 159, 144, 128, 143, 158, 171, 157, 142, 127, 112], [0, 5, 9, 14, 20, 27, 35, 44, 54, 65, 77, 90, 104, 119, 135, 150, 164, 149, 134, 118, 133, 117, 103], [0, 1], [0, 4, 8, 8, 2], [0, 47, 57, 46, 56, 67, 79, 92, 107, 123, 138, 153, 167, 180, 168, 181, 169, 155, 140, 124, 93, 80, 68, 69, 58], [0, 3, 6, 10, 15, 21, 28, 36, 45, 55, 66, 78, 91, 105, 121, 106, 122], [0, 18, 25, 32, 41, 51, 62, 73, 85, 72, 71, 59, 70, 70], [0, 42, 52, 63, 74, 87, 100, 115, 101, 116, 131, 147, 162, 176, 175, 161, 146, 130, 114, 99, 86, 33], [0, 192, 191, 202, 212, 221, 235, 241, 246, 250, 253, 255, 254, 252, 249, 245, 239, 244, 244, 248, 251, 247, 242, 213, 203, 193, 156, 111, 97, 84], [0, 81, 94, 108, 139, 154, 179, 166, 152, 137, 120, 136, 151, 165, 178, 190, 201, 211, 220, 228, 229, 236, 223, 231, 232, 209, 198, 187, 199, 188, 188], [0, 82, 95, 109, 125, 141, 182, 182, 194, 204, 214, 222, 230, 237, 243, 238, 224, 215, 205, 183, 170, 126, 110, 96, 83], [0, 31, 39, 48, 49, 60, 61, 50, 40, 24, 12], [0, 11, 16, 22, 29, 37, 38, 30, 23, 17, 7]]


#################

init = 745.678
res = 652.244
gap = -762.101

solution = [[0, 94, 124, 139, 154, 191, 179, 166, 152, 122, 106, 121, 137, 165, 178, 190, 201, 211, 220, 228, 229, 238, 232, 209, 198, 187, 199, 188, 188], [0, 13, 19, 26, 34, 43, 53, 64, 75, 88, 76, 89, 102, 132, 148, 163, 177, 189, 200, 210, 219, 227, 234, 240, 233, 225, 216, 207, 217, 226, 218, 208, 197], [0, 82, 95, 109, 125, 141, 182, 182, 194, 204, 214, 223, 230, 237, 231, 224, 215, 205, 183, 170, 126, 110, 96, 83], [0, 98, 113, 129, 145, 160, 174, 186, 173, 185, 196, 206, 195, 184, 172, 159, 144, 128, 143, 158, 171, 157, 142, 127, 112], [0, 47, 57, 68, 56, 67, 79, 92, 107, 123, 138, 153, 167, 180, 168, 181, 169, 155, 140, 108, 93, 80, 81, 69, 58], [0, 5, 9, 14, 20, 27, 35, 44, 54, 65, 77, 90, 104, 119, 135, 150, 164, 149, 134, 118, 133, 117, 103], [0, 3, 6, 10, 15, 21, 28, 36, 45, 55, 66, 78, 91, 105, 120, 136, 151], [0, 2, 4, 1], [0, 192, 202, 212, 221, 235, 241, 246, 250, 253, 255, 254, 252, 249, 245, 239, 244, 244, 248, 243, 251, 247, 242, 236, 222, 213, 203, 193, 156, 111, 97], [0, 24, 31, 39, 40, 32, 41, 33, 25, 18], [0, 11, 16, 22, 29, 37, 46, 38, 48, 30, 23, 17], [0, 8, 8, 12, 7], [0, 42, 52, 63, 74, 87, 101, 116, 131, 147, 162, 176, 175, 161, 146, 130, 115, 114, 100, 62, 51], [0, 50, 61, 73, 86, 99, 85, 84, 72, 60, 49, 59, 71, 70, 70]]


#################

init = 745.678
res = 648.295
gap = -767.352

solution = [[0, 13, 19, 26, 34, 43, 53, 64, 75, 88, 76, 89, 102, 132, 148, 163, 177, 189, 200, 210, 219, 227, 234, 240, 233, 225, 216, 207, 217, 226, 218, 208, 197], [0, 98, 113, 129, 145, 160, 174, 186, 173, 185, 196, 206, 195, 184, 172, 159, 144, 128, 143, 158, 171, 157, 142, 127, 112], [0, 5, 9, 14, 20, 27, 35, 44, 54, 65, 77, 90, 104, 119, 135, 150, 164, 149, 134, 118, 133, 117, 103], [0, 3, 6, 10, 15, 21, 28, 36, 45, 55, 66, 78, 91, 105, 120, 136, 151], [0, 41, 51, 62, 74, 115, 130, 146, 161, 175, 176, 162, 147, 131, 116, 101, 87, 63, 52, 42, 33], [0, 50, 61, 73, 86, 100, 114, 99, 85, 84, 72, 60, 49, 59, 70, 70], [0, 18, 25, 32, 40, 39, 31, 24, 12], [0, 11, 16, 22, 29, 37, 46, 38, 48, 30, 23, 17], [0, 82, 95, 109, 125, 141, 194, 204, 214, 223, 230, 236, 242, 237, 231, 224, 215, 205, 183, 170, 156, 126, 111, 97, 83], [0, 96, 110, 180, 192, 202, 212, 228, 235, 241, 246, 250, 247, 251, 253, 255, 254, 252, 249, 244, 244, 248, 243, 222, 213, 203, 193, 182, 182, 71], [0, 47, 57, 68, 56, 67, 79, 92, 107, 123, 138, 153, 168, 181, 169, 155, 140, 108, 93, 80, 81, 69, 58], [0, 94, 124, 139, 154, 167, 191, 179, 166, 152, 122, 106, 121, 137, 165, 178, 190, 201, 211, 220, 221, 229, 238, 232, 239, 245, 209, 198, 187, 199, 188, 188], [0, 8, 8, 2], [0, 4, 7, 1]]


#################

init = 745.292
res = 648.773
gap = -766.713

solution = [[0, 13, 19, 26, 34, 43, 53, 64, 75, 88, 76, 89, 102, 132, 148, 163, 177, 189, 200, 210, 219, 227, 234, 240, 233, 225, 216, 207, 217, 226, 218, 208, 197], [0, 98, 113, 129, 145, 160, 174, 186, 173, 185, 196, 206, 195, 184, 172, 159, 144, 128, 143, 158, 171, 157, 142, 127, 112], [0, 5, 9, 14, 20, 27, 35, 44, 54, 65, 77, 90, 104, 119, 135, 150, 164, 149, 134, 118, 133, 117, 103], [0, 3, 6, 10, 15, 21, 28, 36, 45, 55, 66, 78, 91, 105, 120, 136, 151], [0, 191, 179, 166, 152, 122, 106, 121, 137, 165, 178, 190, 201, 211, 220, 228, 235, 241, 246, 250, 253, 255, 254, 252, 249, 244, 244, 248, 243, 251, 247, 242, 236, 213], [0, 41, 51, 62, 74, 87, 115, 131, 146, 161, 175, 176, 162, 147, 116, 101, 63, 52, 42, 33], [0, 50, 61, 73, 86, 100, 130, 114, 99, 85, 84, 72, 60, 49, 59, 70, 70], [0, 1, 2], [0, 8, 8, 7, 4], [0, 82, 95, 94, 109, 125, 140, 155, 182, 182, 194, 204, 214, 223, 230, 237, 231, 224, 215, 205, 183, 170, 156, 111, 97], [0, 37, 46, 56, 67, 79, 92, 107, 93, 123, 138, 153, 167, 168, 181, 203, 193, 169, 141, 126, 110, 96, 83, 71], [0, 188, 188, 199, 187, 198, 209, 245, 239, 232, 238, 222, 229, 221, 212, 202, 192, 180, 154, 139, 124, 108, 80, 68, 81, 69, 57, 47], [0, 17, 23, 30, 39, 48, 58, 38, 29, 22, 16, 11], [0, 18, 25, 32, 40, 31, 24, 12]]
Aretes fixées après apprentissage pour cette exécution
Fixed edges = [[0, 252, 254, 255, 253, 250, 246, 242, 247, 251, 248, 243, 238, 244, 249, 245, 240, 234, 227, 219, 210, 200, 189, 177, 164, 150, 135, 119, 104, 118, 103, 117, 133, 149, 134, 0], [0, 3, 6, 10, 15, 21, 28, 36, 45, 55, 66, 78, 91, 106, 122, 137, 121, 105, 120, 136, 151, 165, 178, 190, 201, 211, 220, 228, 235, 241, 236, 0], [0, 65, 77, 90, 0], [0, 27, 35, 44, 54, 64, 76, 88, 0], [0, 233, 225, 232, 239, 233, 0], [0, 108, 123, 138, 152, 166, 179, 0], [0, 72, 85, 99, 114, 130, 115, 131, 146, 0], [0, 5, 9, 14, 20, 26, 19, 0], [0, 229, 222, 230, 237, 0], [0, 153, 167, 180, 192, 203, 213, 221, 212, 0], [0, 182, 194, 205, 0], [0, 161, 174, 187, 175, 162, 148, 163, 176, 188, 0], [0, 40, 50, 0], [0, 226, 217, 207, 216, 0], [0, 169, 181, 193, 204, 214, 0], [0, 171, 158, 144, 129, 145, 159, 172, 184, 195, 0], [0, 39, 48, 59, 71, 83, 0], [0, 198, 208, 218, 0], [0, 185, 196, 206, 215, 223, 231, 224, 0], [0, 128, 143, 157, 142, 0], [0, 62, 74, 86, 73, 0], [0, 56, 68, 57, 46, 0], [0, 23, 30, 38, 0], [0, 160, 173, 186, 197, 0], [0, 170, 183, 0], [0, 94, 109, 125, 140, 124, 139, 0], [0, 102, 116, 132, 0], [0, 96, 110, 0], [0, 58, 70, 82, 0], [0, 51, 61, 0], [0, 43, 52, 0], [0, 25, 33, 0], [0, 24, 32, 41, 0], [0, 191, 202, 0], [0, 81, 95, 0], [0, 107, 92, 79, 93, 0], [0, 199, 209, 0], [0, 111, 126, 0], [0, 11, 16, 0], [0, 154, 168, 0], [0, 98, 113, 0], [0, 97, 112, 0], [0, 67, 80, 0], [0, 141, 156, 0], [0, 87, 100, 0], [0, 1, 0], [0, 2, 0], [0, 4, 0], [0, 7, 0], [0, 8, 0], [0, 12, 0], [0, 13, 0], [0, 17, 0], [0, 18, 0], [0, 22, 0], [0, 29, 0], [0, 31, 0], [0, 34, 0], [0, 37, 0], [0, 42, 0], [0, 47, 0], [0, 49, 0], [0, 53, 0], [0, 60, 0], [0, 63, 0], [0, 69, 0], [0, 75, 0], [0, 84, 0], [0, 89, 0], [0, 101, 0], [0, 127, 0], [0, 147, 0], [0, 155, 0]]
Time = 56.26803660392761


#################

init = 813.025
res = 643.603
gap = -773.675

solution = [[0, 238, 243, 248, 251, 247, 242, 246, 250, 253, 255, 254, 252, 244, 249, 245, 240, 234, 227, 219, 210, 200, 189, 177, 164, 150, 135, 119, 104, 118, 103, 117, 133, 149, 134], [0, 3, 6, 10, 15, 21, 28, 36, 45, 55, 66, 78, 91, 106, 122, 137, 121, 105, 120, 136, 151, 165, 178, 190, 201, 211, 220, 228, 235, 241, 236], [0, 72, 85, 99, 114, 130, 115, 131, 147, 146, 161, 174, 187, 188, 175, 162, 176, 163, 148, 132, 116, 102, 101, 87, 100], [0, 1], [0, 11, 16, 22, 38, 58, 69, 81, 82, 70, 48, 30, 7], [0, 23, 39, 49, 60, 71, 84, 83, 96, 95, 109, 94, 80, 56, 46, 37, 29], [0, 47, 57, 68, 67, 79, 92, 107, 93, 108, 123, 138, 152, 166, 153, 139, 124, 140, 155, 125, 110, 59, 31], [0, 34, 43, 42, 51, 61, 50, 41, 32, 40, 24, 17], [0, 73, 86, 113, 98, 112, 97, 111, 142, 127, 143, 157, 171, 184, 196, 207, 172, 159, 144, 158, 128], [0, 4, 8, 5, 2], [0, 129, 145, 160, 173, 185, 197, 186, 198, 199, 209, 218, 208, 217, 226, 233, 233, 239, 232, 225, 216, 224, 231, 237, 223, 215, 206, 195, 183], [0, 141, 169, 181, 192, 180, 168, 154, 167, 179, 191, 202, 212, 203, 213, 221, 229, 222, 230, 214, 204, 193, 182, 194, 205, 170, 156, 126], [0, 13, 9, 14, 19, 33, 25, 18, 12], [0, 20, 27, 35, 44, 54, 65, 77, 90, 89, 76, 88, 75, 64, 53, 63, 74, 62, 52, 26]]


#################

init = 813.025
res = 647.708
gap = -768.138

solution = [[0, 238, 243, 248, 251, 247, 242, 246, 250, 253, 255, 254, 252, 244, 249, 245, 240, 234, 227, 219, 210, 200, 189, 177, 164, 150, 135, 119, 104, 118, 103, 117, 133, 149, 134], [0, 3, 6, 10, 15, 21, 28, 36, 45, 55, 66, 78, 91, 106, 122, 137, 121, 105, 120, 136, 151, 165, 178, 190, 201, 211, 220, 228, 235, 241, 236], [0, 145, 159, 173, 185, 207, 197, 186, 198, 199, 209, 218, 208, 217, 226, 233, 233, 239, 232, 225, 216, 206, 195, 205, 215, 214, 223, 231, 224], [0, 5, 8, 4, 1], [0, 16, 22, 29, 38, 47, 37, 46, 57, 69, 81, 95, 82, 70, 59, 49], [0, 48, 58, 96, 110, 125, 140, 124, 109, 94, 80, 68, 56, 67, 79, 92, 107, 93, 108, 139, 123, 138, 152, 166, 153], [0, 2], [0, 7, 11, 17, 24, 31, 40, 32, 18], [0, 9, 14, 20, 26, 25, 19, 13, 12], [0, 97, 127, 157, 194, 204, 222, 230, 237, 229, 221, 213, 203, 212, 202, 191, 179, 167, 154, 168, 180, 192, 181, 193, 182, 169, 155, 141], [0, 50, 60, 84, 98, 128, 144, 129, 113, 99, 86, 73, 62, 63, 52, 42, 33], [0, 23, 30, 39, 83, 111, 126, 142, 156, 170, 183, 171, 184, 196, 172, 158, 143, 112, 71], [0, 61, 72, 85, 114, 130, 146, 160, 161, 174, 187, 188, 175, 162, 176, 163, 148, 132, 147, 101, 88, 75, 43, 34], [0, 41, 51, 74, 87, 100, 115, 131, 116, 102, 89, 90, 77, 65, 76, 64, 54, 44, 53, 35, 27]]


#################

init = 813.025
res = 645.405
gap = -771.235

solution = [[0, 238, 243, 248, 251, 247, 242, 246, 250, 253, 255, 254, 252, 244, 249, 245, 240, 234, 227, 219, 210, 200, 189, 177, 164, 150, 135, 119, 104, 118, 103, 117, 133, 149, 134], [0, 3, 6, 10, 15, 21, 28, 36, 45, 55, 66, 78, 91, 106, 122, 137, 121, 105, 120, 136, 151, 165, 178, 190, 201, 211, 220, 228, 235, 241, 236], [0, 141, 155, 169, 181, 192, 180, 168, 154, 167, 179, 191, 202, 212, 203, 213, 221, 229, 237, 230, 222, 204, 193, 182, 194, 205, 183, 170, 156], [0, 20, 27, 34, 43, 35, 44, 53, 63, 75, 64, 54, 65, 77, 90, 89, 76, 88, 102, 131, 115], [0, 100, 160, 186, 197, 198, 199, 209, 218, 208, 217, 226, 233, 233, 239, 232, 225, 207, 216, 224, 231, 223, 214, 215, 206, 195, 196, 185, 173], [0, 98, 113, 128, 144, 129, 145, 159, 172, 184, 171, 158, 143, 157, 142, 126, 111, 96, 97, 112, 127], [0, 8, 13, 19, 26, 14, 9, 5], [0, 42, 52, 74, 87, 101, 116, 132, 148, 163, 176, 188, 175, 187, 174, 161, 162, 147, 146, 130, 114, 99, 85, 61], [0, 2], [0, 4, 12, 7, 1], [0, 24, 40, 49, 59, 83, 71, 84, 72, 73, 86, 62, 51, 33], [0, 18, 25, 32, 31, 39, 48, 38, 30, 23, 17], [0, 47, 57, 81, 94, 80, 67, 79, 92, 93, 107, 138, 152, 166, 153, 139, 123, 108, 124, 140, 109, 125, 110, 95, 58], [0, 41, 50, 60, 70, 82, 69, 68, 56, 46, 37, 29, 22, 16, 11]]


#################

init = 813.025
res = 636.445
gap = -783.502

solution = [[0, 238, 243, 248, 251, 247, 242, 246, 250, 253, 255, 254, 252, 244, 249, 245, 240, 234, 227, 219, 210, 200, 189, 177, 164, 150, 135, 119, 104, 118, 103, 117, 133, 149, 134], [0, 3, 6, 10, 15, 21, 28, 36, 45, 55, 66, 78, 91, 106, 122, 137, 121, 105, 120, 136, 151, 165, 178, 190, 201, 211, 220, 228, 235, 241, 236], [0, 39, 48, 59, 49, 60, 71, 84, 83, 82, 69, 81, 68, 56, 46, 57, 47], [0, 11, 16, 22, 29, 37, 38, 30, 23, 17, 7], [0, 58, 95, 109, 94, 80, 67, 79, 92, 107, 93, 108, 123, 138, 152, 166, 153, 139, 124, 140, 155, 125, 110, 96, 70], [0, 141, 169, 181, 192, 180, 168, 154, 167, 179, 191, 202, 212, 203, 213, 221, 229, 222, 230, 223, 214, 204, 193, 182, 194, 205, 183, 170, 156], [0, 27, 35, 44, 54, 65, 77, 90, 89, 102, 116, 131, 115, 101, 76, 64, 53, 63, 52, 42, 33], [0, 1], [0, 2, 8, 12, 4], [0, 5, 9, 14, 20, 43, 34, 26, 19, 13], [0, 24, 31, 40, 50, 61, 73, 41, 32, 25, 18], [0, 72, 85, 99, 114, 130, 145, 160, 161, 147, 162, 175, 188, 176, 163, 148, 132, 88, 75, 87, 74, 62, 51], [0, 98, 113, 129, 144, 159, 173, 186, 198, 197, 207, 196, 185, 171, 157, 142, 126, 111, 97, 112, 143, 127], [0, 86, 100, 146, 174, 187, 199, 209, 218, 208, 217, 226, 233, 233, 239, 232, 225, 216, 224, 231, 237, 215, 206, 195, 184, 172, 158, 128]]
