Aretes fixées après apprentissage pour cette exécution
Fixed edges = [[0, 5, 9, 14, 20, 27, 35, 44, 54, 65, 77, 90, 103, 117, 133, 118, 104, 119, 135, 150, 164, 177, 189, 200, 210, 219, 227, 234, 240, 245, 249, 252, 254, 255, 253, 250, 246, 241, 236, 229, 222, 230, 236, 0], [0, 3, 6, 10, 15, 21, 28, 36, 45, 55, 66, 78, 91, 105, 120, 136, 151, 165, 178, 190, 201, 211, 220, 228, 235, 241, 0], [0, 249, 244, 239, 232, 225, 233, 240, 0], [0, 215, 223, 231, 224, 232, 238, 244, 0], [0, 147, 132, 148, 162, 175, 187, 198, 208, 217, 226, 218, 227, 0], [0, 156, 141, 126, 111, 127, 142, 157, 143, 158, 171, 184, 195, 206, 196, 185, 173, 186, 197, 207, 216, 0], [0, 155, 169, 181, 193, 204, 213, 221, 228, 0], [0, 252, 248, 251, 247, 250, 0], [0, 121, 137, 152, 166, 179, 191, 201, 0], [0, 59, 71, 0], [0, 89, 102, 116, 131, 146, 161, 174, 187, 199, 210, 0], [0, 211, 202, 192, 203, 213, 0], [0, 134, 149, 164, 0], [0, 127, 112, 128, 144, 129, 0], [0, 108, 123, 138, 153, 167, 179, 190, 0], [0, 91, 106, 122, 0], [0, 80, 67, 56, 68, 81, 95, 110, 125, 109, 94, 0], [0, 37, 29, 38, 47, 37, 46, 57, 68, 0], [0, 7, 11, 16, 22, 0], [0, 242, 246, 0], [0, 193, 182, 194, 205, 0], [0, 192, 181, 168, 180, 192, 0], [0, 170, 183, 194, 0], [0, 149, 163, 176, 188, 200, 0], [0, 115, 130, 145, 159, 0], [0, 90, 104, 0], [0, 78, 92, 107, 123, 0], [0, 52, 42, 34, 43, 52, 0], [0, 229, 235, 0], [0, 203, 212, 220, 0], [0, 88, 76, 64, 75, 87, 100, 114, 99, 0], [0, 2, 4, 0], [0, 233, 239, 245, 0], [0, 226, 234, 0], [0, 160, 173, 0], [0, 50, 60, 72, 84, 97, 111, 0], [0, 53, 63, 0], [0, 61, 51, 62, 0], [0, 199, 209, 0], [0, 139, 154, 168, 0], [0, 98, 113, 0], [0, 74, 86, 0], [0, 251, 253, 0], [0, 23, 30, 0], [0, 96, 110, 0], [0, 70, 82, 0], [0, 207, 217, 0], [0, 174, 186, 0], [0, 124, 140, 125, 0], [0, 185, 197, 0], [0, 79, 93, 0], [0, 167, 180, 0], [0, 137, 151, 0], [0, 73, 85, 72, 0], [0, 48, 58, 0], [0, 130, 146, 0], [0, 184, 196, 0], [0, 169, 182, 0], [0, 117, 132, 0], [0, 47, 57, 0], [0, 33, 42, 0], [0, 231, 237, 243, 0], [0, 214, 222, 0], [0, 1, 0], [0, 8, 0], [0, 12, 0], [0, 13, 0], [0, 17, 0], [0, 18, 0], [0, 19, 0], [0, 24, 0], [0, 25, 0], [0, 26, 0], [0, 31, 0], [0, 32, 0], [0, 39, 0], [0, 40, 0], [0, 41, 0], [0, 49, 0], [0, 69, 0], [0, 83, 0], [0, 101, 0], [0, 172, 0]]
Time = 69.7257468700409


#################

init = 829.087
res = 612.088
gap = 5.242

solution = [[0, 64, 76, 89, 117, 133, 163, 176, 188, 199, 210, 200, 189, 177, 149, 164, 150, 135, 119, 134, 118, 103, 104, 90, 77, 65, 54, 44, 35], [0, 100, 130, 146, 160, 174, 175, 187, 209, 219, 227, 234, 240, 239, 232, 225, 217, 233, 226, 218, 208, 198, 186, 173, 185, 172, 159, 145, 114], [0, 34, 43, 53, 63, 75, 88, 102, 116, 132, 148, 162, 147, 161, 131, 115, 101, 87, 74, 62, 52, 42], [0, 128, 171, 184, 196, 197, 207, 216, 206, 215, 224, 231, 223, 214, 205, 195, 183, 194, 204, 182, 170, 156, 126, 111, 83], [0, 58, 69, 82, 95, 109, 124, 140, 154, 139, 123, 138, 153, 167, 180, 192, 181, 169, 141, 125, 110, 96, 70, 48], [0, 193, 213, 222, 230, 237, 238, 243, 247, 251, 248, 244, 245, 249, 252, 254, 255, 253, 250, 246, 242, 236, 241, 235, 229, 221, 228, 220, 211, 212, 203, 168, 155], [0, 81, 94, 108, 107, 122, 137, 152, 166, 179, 191, 202, 201, 190, 178, 165, 151, 136, 120, 105, 121, 106, 91, 78, 66, 55, 45, 36, 28], [0, 1], [0, 2, 4], [0, 41, 51, 73, 86, 99, 113, 129, 144, 158, 143, 157, 142, 127, 112, 97, 71, 59], [0, 17, 31, 39, 49, 60, 84, 98, 85, 72, 61, 50, 40], [0, 5, 9, 14, 20, 27, 26, 19, 13], [0, 8, 18, 25, 33, 32, 24, 12], [0, 3, 6, 10, 22, 16, 11, 7], [0, 15, 21, 29, 37, 46, 56, 67, 79, 92, 93, 80, 68, 57, 47, 38, 30, 23]]


#################

init = 829.087
res = 612.064
gap = 5.239

solution = [[0, 13, 19, 25, 32, 33, 26, 27, 20, 14, 9], [0, 64, 76, 89, 103, 117, 133, 149, 163, 176, 188, 199, 210, 200, 189, 177, 164, 150, 135, 119, 134, 118, 104, 90, 77, 65, 54, 44, 35], [0, 70, 83, 96, 111, 126, 141, 155, 168, 180, 167, 153, 138, 123, 108, 139, 154, 140, 124, 109, 125, 110, 82, 58], [0, 2, 5, 4], [0, 1, 3, 6, 11, 7], [0, 12, 17, 23, 31, 24, 18, 8], [0, 142, 170, 182, 193, 203, 221, 229, 242, 246, 250, 247, 251, 253, 255, 254, 252, 249, 245, 244, 248, 243, 238, 237, 230, 214, 205, 183, 171, 157], [0, 128, 158, 172, 184, 196, 207, 216, 224, 231, 223, 215, 206, 195, 194, 204, 213, 222, 236, 241, 235, 228, 220, 212, 192, 181, 169, 156], [0, 34, 43, 53, 63, 75, 88, 102, 116, 132, 148, 162, 175, 161, 147, 131, 101, 87, 74, 62, 52, 42], [0, 100, 115, 130, 146, 160, 174, 187, 198, 209, 219, 227, 218, 226, 234, 240, 233, 239, 232, 225, 217, 208, 197, 186, 173, 185, 159, 145, 99], [0, 68, 93, 107, 122, 152, 166, 179, 191, 202, 211, 201, 190, 178, 165, 137, 151, 136, 120, 105, 121, 106, 91, 78, 92, 79, 66, 55, 45, 28], [0, 38, 47, 57, 69, 81, 95, 94, 80, 67, 56, 46, 36, 37, 29, 21, 15, 10], [0, 40, 49, 60, 97, 112, 127, 143, 144, 129, 114, 86, 73, 61, 51, 41], [0, 16, 22, 30, 39, 48, 59, 71, 84, 98, 113, 85, 72, 50]]


#################

init = 829.087
res = 615.712
gap = 5.8

solution = [[0, 64, 76, 102, 89, 103, 133, 118, 134, 149, 163, 176, 188, 199, 210, 200, 189, 177, 164, 150, 135, 119, 104, 90, 77, 65, 54, 44, 35], [0, 181, 192, 202, 212, 211, 220, 228, 235, 241, 246, 250, 253, 255, 254, 252, 249, 244, 248, 251, 247, 243, 238, 237, 230, 242, 236, 229, 221, 213, 203, 193, 169], [0, 157, 171, 158, 184, 196, 197, 207, 216, 224, 232, 231, 223, 222, 214, 205, 215, 206, 195, 183, 194, 204, 182, 170, 156, 142], [0, 100, 130, 146, 160, 174, 175, 187, 209, 219, 227, 234, 240, 245, 239, 233, 225, 217, 226, 218, 208, 198, 186, 173, 185, 172, 159, 145, 114], [0, 34, 43, 53, 63, 75, 88, 117, 132, 148, 162, 161, 147, 131, 116, 101, 115, 87, 74, 62, 52, 42], [0, 1], [0, 40, 49, 60, 85, 98, 112, 127, 143, 128, 144, 129, 113, 99, 86, 73, 51], [0, 32, 41, 50, 61, 72, 84, 71, 59, 48, 39, 31, 24], [0, 70, 83, 97, 111, 126, 141, 155, 168, 180, 191, 201, 190, 179, 167, 153, 124, 109, 94, 81, 47, 38, 30], [0, 8, 12, 7, 4], [0, 5, 2], [0, 9, 13, 19, 14, 20, 27, 26, 33, 25, 18], [0, 57, 68, 80, 93, 108, 138, 152, 166, 178, 165, 151, 137, 122, 106, 121, 136, 120, 105, 91, 78, 66, 55, 45, 36, 28, 21], [0, 3, 6, 10, 15, 22, 23, 17, 11], [0, 58, 69, 82, 95, 96, 110, 125, 140, 154, 139, 123, 107, 92, 79, 67, 56, 46, 37, 29, 16]]


#################

init = 829.087
res = 607.452
gap = 4.519

solution = [[0, 1], [0, 13, 19, 25, 26, 34, 44, 35, 27, 20, 14, 9], [0, 54, 65, 77, 90, 104, 119, 135, 150, 164, 177, 189, 200, 210, 199, 188, 176, 163, 148, 133, 149, 134, 118, 103, 89, 76, 64, 53, 43], [0, 33, 42, 51, 62, 74, 87, 101, 116, 131, 146, 161, 175, 162, 147, 132, 117, 102, 88, 75, 63, 52], [0, 59, 83, 97, 111, 96, 110, 126, 141, 140, 154, 168, 180, 167, 153, 139, 124, 109, 95, 82, 70, 48], [0, 169, 193, 203, 213, 222, 229, 236, 242, 247, 251, 248, 244, 249, 252, 254, 255, 253, 250, 246, 241, 235, 228, 221, 212, 220, 211, 202, 192, 181, 155, 125], [0, 172, 184, 196, 207, 216, 225, 232, 238, 243, 237, 231, 223, 230, 214, 205, 215, 224, 206, 195, 183, 194, 204, 182, 156, 142, 127], [0, 4, 2], [0, 61, 72, 84, 98, 112, 128, 143, 157, 170, 171, 158, 144, 129, 114, 99, 86, 73, 41], [0, 100, 115, 130, 160, 174, 187, 209, 219, 227, 234, 240, 245, 239, 233, 217, 226, 218, 208, 198, 186, 197, 185, 173, 159, 145, 113, 85], [0, 29, 37, 28, 36, 45, 55, 66, 78, 91, 105, 120, 136, 151, 165, 178, 190, 201, 191, 179, 166, 152, 122, 107, 93, 80, 68], [0, 18, 32, 40, 50, 60, 71, 49, 39, 31, 24], [0, 30, 38, 47, 57, 46, 56, 67, 79, 92, 106, 121, 137, 138, 123, 108, 94, 81, 69, 58, 23], [0, 3, 6, 10, 15, 21, 22, 16, 11], [0, 7, 17, 12, 8, 5]]


#################

init = 829.087
res = 618.283
gap = 6.192

solution = [[0, 64, 76, 102, 89, 103, 133, 163, 176, 188, 199, 210, 200, 189, 177, 149, 164, 150, 135, 119, 134, 118, 104, 90, 77, 65, 54, 44, 35], [0, 34, 43, 53, 63, 75, 88, 117, 132, 148, 162, 161, 147, 131, 116, 101, 115, 87, 74, 62, 52, 42], [0, 13, 19, 25, 32, 33, 26, 27, 20, 14, 9], [0, 31, 39, 48, 59, 70, 83, 97, 84, 98, 85, 61, 50, 24], [0, 40, 49, 60, 72, 112, 127, 142, 157, 158, 144, 129, 114, 86, 73, 51, 41], [0, 1, 3, 7, 4], [0, 181, 192, 202, 212, 220, 228, 235, 241, 246, 250, 247, 251, 253, 255, 254, 252, 249, 245, 244, 248, 243, 238, 237, 242, 236, 230, 222, 229, 221, 213, 203, 169], [0, 156, 170, 183, 182, 193, 204, 194, 205, 214, 223, 231, 224, 215, 206, 216, 207, 197, 196, 184, 195, 171, 143, 128, 113], [0, 100, 130, 146, 160, 174, 175, 187, 209, 219, 227, 234, 240, 233, 239, 232, 225, 217, 226, 218, 208, 198, 186, 173, 185, 172, 159, 145, 99], [0, 6, 10, 15, 21, 37, 46, 57, 68, 81, 94, 109, 95, 69, 47, 38], [0, 71, 111, 126, 141, 155, 168, 180, 191, 211, 201, 190, 179, 166, 138, 153, 167, 154, 139, 124, 140, 125, 110, 96, 82, 58], [0, 28, 36, 45, 55, 66, 79, 92, 78, 91, 106, 121, 105, 120, 136, 151, 165, 178, 152, 137, 122, 107, 123, 108, 93, 80, 67, 56], [0, 8, 5, 2], [0, 11, 16, 22, 29, 30, 23, 17, 12, 18]]
