Aretes fixées après apprentissage pour cette exécution
Fixed edges = [[0, 29, 32, 28, 31, 26, 18, 35, 0], [0, 8, 27, 11, 0], [0, 33, 5, 6, 10, 0], [0, 9, 24, 0], [0, 2, 19, 20, 0], [0, 4, 7, 0], [0, 1, 0], [0, 3, 0], [0, 12, 0], [0, 13, 0], [0, 14, 0], [0, 15, 0], [0, 16, 0], [0, 17, 0], [0, 21, 0], [0, 22, 0], [0, 23, 0], [0, 25, 0], [0, 30, 0], [0, 34, 0], [0, 36, 0]]


#################
lambda = 0.5
mu = 0.1
nu = 0.1

init = 768.311
res = 696.869
gap = 3.856

solution = [[0, 36, 34, 15], [0, 23, 14, 2, 19, 20, 11, 27, 8, 9, 24, 3], [0, 30, 25, 35, 18, 26, 31, 28, 32, 29], [0, 21, 16, 22, 13, 1], [0, 7, 4, 33, 5, 6, 10, 12, 17]]


#################
lambda = 0.5
mu = 0.4
nu = 0.1

init = 773.23
res = 699.335
gap = 4.195

solution = [[0, 15, 34, 36], [0, 2, 19, 20, 11, 27, 8, 9, 24, 3], [0, 7, 4, 33, 5, 6, 10, 12, 17, 14, 23], [0, 21, 16, 22, 13, 1], [0, 29, 32, 28, 31, 26, 18, 35, 25, 30]]


#################
lambda = 0.5
mu = 0.7000000000000001
nu = 0.1

init = 772.766
res = 699.335
gap = 4.195

solution = [[0, 2, 19, 20, 11, 27, 8, 9, 24, 3], [0, 30, 25, 35, 18, 26, 31, 28, 32, 29], [0, 36, 34, 15], [0, 7, 4, 33, 5, 6, 10, 12, 17, 14, 23], [0, 21, 16, 22, 13, 1]]


#################
lambda = 0.5
mu = 0.8
nu = 0.1

init = 842.484
res = 682.333
gap = 1.808

solution = [[0, 3, 8, 27, 11, 9, 24, 23, 17, 1, 21], [0, 12, 10, 6, 2, 19, 20, 14], [0, 16, 22, 13, 5, 33, 4, 7], [0, 36, 34, 15], [0, 30, 25, 35, 18, 26, 31, 28, 32, 29]]


#################
lambda = 0.5
mu = 1.2000000000000002
nu = 0.1

init = 796.892
res = 704.735
gap = 4.929

solution = [[0, 7, 4, 33, 5, 13, 22, 16], [0, 15, 34, 36, 21], [0, 30, 35, 18, 26, 31, 28, 32, 29], [0, 10, 6, 2, 19, 20, 14, 17, 3], [0, 1, 12, 23, 24, 9, 11, 27, 8, 25]]


#################
lambda = 0.5
mu = 1.3
nu = 0.1

init = 799.7
res = 692.23
gap = 3.211

solution = [[0, 16, 22, 13, 5, 33, 4, 7], [0, 20, 19, 2, 6, 10, 12], [0, 29, 32, 28, 31, 26, 30, 18, 35, 25], [0, 3, 8, 27, 11, 9, 24, 23, 14, 17, 1, 21], [0, 36, 34, 15]]


#################
lambda = 0.5
mu = 1.4000000000000001
nu = 0.1

init = 805.183
res = 682.333
gap = 1.808

solution = [[0, 29, 32, 28, 31, 26, 18, 35, 25, 30], [0, 36, 34, 15], [0, 7, 4, 33, 5, 13, 22, 16], [0, 21, 1, 17, 23, 24, 9, 11, 27, 8, 3], [0, 12, 10, 6, 2, 19, 20, 14]]


#################
lambda = 0.5
mu = 1.4000000000000001
nu = 1.6

init = 808.105
res = 723.41
gap = 7.383

solution = [[0, 29, 32, 28, 31, 26, 30, 18, 35, 25], [0, 7, 4, 33, 5, 6, 13, 22], [0, 21, 16], [0, 15, 34, 36], [0, 1, 12, 10, 2, 19, 20, 14], [0, 17, 23, 24, 9, 11, 27, 8, 3]]


#################
lambda = 0.5
mu = 1.5
nu = 0.4

init = 810.03
res = 712.671
gap = 5.987

solution = [[0, 29, 32, 28, 31, 26, 30, 18, 35, 25], [0, 22, 13, 10, 6, 5, 33, 4, 7], [0, 17, 14, 23, 20, 19, 2, 12, 1], [0, 3, 8, 27, 11, 9, 24], [0, 16, 21], [0, 36, 34, 15]]


#################
lambda = 0.5
mu = 1.6
nu = 0.30000000000000004

init = 809.12
res = 689.566
gap = 2.837

solution = [[0, 12, 10, 6, 2, 19, 20, 14], [0, 7, 4, 33, 5, 13, 22, 16], [0, 3, 8, 27, 11, 9, 24, 23, 17, 1, 21], [0, 29, 32, 28, 31, 26, 30, 18, 35, 25], [0, 15, 34, 36]]


#################
lambda = 0.5
mu = 1.6
nu = 0.9

init = 809.016
res = 704.047
gap = 4.836

solution = [[0, 36, 34, 15], [0, 30, 35, 18, 26, 31, 28, 32, 29], [0, 7, 4, 33, 5, 6, 10, 13, 22], [0, 16, 21], [0, 3, 24, 9, 11, 27, 8, 25], [0, 17, 14, 23, 20, 19, 2, 12, 1]]


#################
lambda = 0.5
mu = 1.6
nu = 1.8

init = 862.359
res = 684.998
gap = 2.189

solution = [[0, 30, 25, 35, 18, 26, 31, 28, 32, 29], [0, 20, 19, 2, 6, 10, 12], [0, 16, 22, 13, 5, 33, 4, 7], [0, 21, 1, 17, 14, 23, 24, 9, 11, 27, 8, 3], [0, 36, 34, 15]]


#################
lambda = 0.5
mu = 1.6
nu = 1.9000000000000001

init = 871.893
res = 704.047
gap = 4.836

solution = [[0, 22, 13, 10, 6, 5, 33, 4, 7], [0, 36, 34, 15], [0, 21, 16], [0, 1, 12, 2, 19, 20, 23, 14, 17], [0, 3, 24, 9, 11, 27, 8, 25], [0, 30, 35, 18, 26, 31, 28, 32, 29]]


#################
lambda = 0.5
mu = 1.7000000000000002
nu = 0.1

init = 862.492
res = 693.606
gap = 3.403

solution = [[0, 7, 4, 33, 13, 16, 21], [0, 22, 5, 6, 10, 2, 19, 20, 14], [0, 1, 12, 17, 23, 24, 9, 11, 27, 8, 3], [0, 15, 34, 36], [0, 30, 25, 35, 18, 26, 31, 28, 32, 29]]


#################
lambda = 0.5
mu = 1.9000000000000001
nu = 0.1

init = 843.97
res = 705.438
gap = 5.024

solution = [[0, 22, 13, 10, 6, 5, 33, 4, 7], [0, 36, 34, 15], [0, 29, 32, 28, 31, 26, 18, 35, 25, 30], [0, 16, 21], [0, 17, 14, 23, 20, 19, 2, 12, 1], [0, 3, 8, 27, 11, 9, 24]]


#################
lambda = 0.5
mu = 1.9000000000000001
nu = 1.5

init = 984.369
res = 733.86
gap = 8.702

solution = [[0, 17, 14, 23, 20, 19, 2, 10, 6, 5, 33], [0, 16, 21], [0, 1, 12, 13, 22, 7, 4], [0, 29, 32, 28, 31, 26, 30, 18, 35, 25], [0, 3, 8, 27, 11, 9, 24], [0, 15, 34, 36]]


#################
lambda = 0.6000000000000001
mu = 0.8
nu = 0.1

init = 816.383
res = 711.223
gap = 5.796

solution = [[0, 17, 14, 19, 20, 23, 24, 9, 11, 27, 8, 25], [0, 16, 10, 6, 2, 12, 1], [0, 21, 22, 13, 5, 33, 4, 7], [0, 29, 32, 28, 31, 26, 18, 35, 30, 3], [0, 15, 34, 36]]


#################
lambda = 0.6000000000000001
mu = 0.8
nu = 1.9000000000000001

init = 812.876
res = 705.438
gap = 5.024

solution = [[0, 36, 34, 15], [0, 30, 25, 35, 18, 26, 31, 28, 32, 29], [0, 16, 21], [0, 22, 13, 10, 6, 5, 33, 4, 7], [0, 17, 14, 23, 20, 19, 2, 12, 1], [0, 3, 8, 27, 11, 9, 24]]


#################
lambda = 0.7000000000000001
mu = 1.3
nu = 0.4

init = 770.792
res = 678.934
gap = 1.316

solution = [[0, 1, 12, 2, 19, 20, 23, 14, 17, 3], [0, 18, 35, 25, 8, 27, 11, 9, 24], [0, 30, 26, 31, 28, 32, 29, 36, 34, 15], [0, 7, 4, 33, 5, 6, 10, 13, 22], [0, 21, 16]]


#################
lambda = 0.7000000000000001
mu = 1.7000000000000002
nu = 0.1

init = 802.265
res = 695.917
gap = 3.724

solution = [[0, 7, 4, 33, 5, 13, 22, 16], [0, 29, 32, 28, 31, 26, 30, 18, 35, 25], [0, 36, 34, 15], [0, 14, 20, 19, 2, 6, 10, 21], [0, 1, 12, 17, 23, 24, 9, 11, 27, 8, 3]]


#################
lambda = 0.7000000000000001
mu = 1.8
nu = 0.1

init = 799.343
res = 714.365
gap = 6.21

solution = [[0, 16, 21], [0, 7, 4, 33, 5, 6, 13, 22], [0, 36, 34, 15], [0, 30, 25, 35, 18, 26, 31, 28, 32, 29], [0, 1, 12, 10, 2, 19, 20, 14, 17], [0, 3, 8, 27, 11, 9, 24, 23]]


#################
lambda = 0.7000000000000001
mu = 1.9000000000000001
nu = 0.1

init = 803.342
res = 732.072
gap = 8.479

solution = [[0, 7, 4, 33, 5, 6, 13, 22], [0, 10, 2, 19, 20, 23, 24, 9, 11, 27, 8], [0, 36, 34, 15], [0, 25, 35, 18, 30, 26, 31, 28, 32, 29], [0, 1, 12, 14, 17, 3], [0, 16, 21]]


#################
lambda = 0.7000000000000001
mu = 1.9000000000000001
nu = 0.30000000000000004

init = 806.264
res = 684.993
gap = 2.189

solution = [[0, 15, 34, 36, 29, 32, 28, 31, 30], [0, 17, 14, 20, 19, 2, 10, 12, 1], [0, 3, 23, 24, 9, 11, 27, 8, 25, 35, 18, 26], [0, 16, 21], [0, 7, 4, 33, 5, 6, 13, 22]]


#################
lambda = 0.8
mu = 0.9
nu = 1.6

init = 822.315
res = 698.821
gap = 4.124

solution = [[0, 36, 34], [0, 30, 25, 35, 18, 26, 31, 28, 32, 29], [0, 15, 21], [0, 7, 4, 33, 5, 13, 22, 16], [0, 3, 8, 27, 11, 9, 24, 23, 17, 1], [0, 14, 20, 19, 2, 6, 10, 12]]


#################
lambda = 0.8
mu = 0.9
nu = 1.8

init = 762.537
res = 682.333
gap = 1.808

solution = [[0, 30, 25, 35, 18, 26, 31, 28, 32, 29], [0, 12, 10, 6, 2, 19, 20, 14], [0, 21, 1, 17, 23, 24, 9, 11, 27, 8, 3], [0, 15, 34, 36], [0, 7, 4, 33, 5, 13, 22, 16]]


#################
lambda = 0.8
mu = 1.5
nu = 0.1

init = 778.103
res = 682.333
gap = 1.808

solution = [[0, 16, 22, 13, 5, 33, 4, 7], [0, 3, 8, 27, 11, 9, 24, 23, 17, 1, 21], [0, 14, 20, 19, 2, 6, 10, 12], [0, 30, 25, 35, 18, 26, 31, 28, 32, 29], [0, 36, 34, 15]]


#################
lambda = 0.8
mu = 1.6
nu = 0.7000000000000001

init = 788.268
res = 712.671
gap = 5.987

solution = [[0, 15, 34, 36], [0, 16, 21], [0, 29, 32, 28, 31, 26, 30, 18, 35, 25], [0, 22, 13, 10, 6, 5, 33, 4, 7], [0, 1, 12, 2, 19, 20, 23, 14, 17], [0, 3, 8, 27, 11, 9, 24]]


#################
lambda = 0.8
mu = 1.7000000000000002
nu = 0.1

init = 803.176
res = 698.581
gap = 4.091

solution = [[0, 16, 22, 13, 5, 33, 4, 7], [0, 29, 32, 28, 31, 26, 30, 18, 35, 25], [0, 15, 34, 36], [0, 20, 19, 2, 6, 10, 21], [0, 1, 12, 17, 14, 23, 24, 9, 11, 27, 8, 3]]


#################
lambda = 0.8
mu = 1.7000000000000002
nu = 0.8

init = 789.179
res = 678.934
gap = 1.316

solution = [[0, 22, 13, 10, 6, 5, 33, 4, 7], [0, 1, 12, 2, 19, 20, 23, 14, 17, 3], [0, 18, 35, 25, 8, 27, 11, 9, 24], [0, 16, 21], [0, 30, 26, 31, 28, 32, 29, 36, 34, 15]]


#################
lambda = 0.8
mu = 1.7000000000000002
nu = 1.6

init = 803.279
res = 682.333
gap = 1.808

solution = [[0, 12, 10, 6, 2, 19, 20, 14], [0, 3, 8, 27, 11, 9, 24, 23, 17, 1, 21], [0, 16, 22, 13, 5, 33, 4, 7], [0, 29, 32, 28, 31, 26, 18, 35, 25, 30], [0, 36, 34, 15]]


#################
lambda = 0.8
mu = 1.8
nu = 0.6000000000000001

init = 804.19
res = 721.597
gap = 7.15

solution = [[0, 21, 16], [0, 15, 34, 36], [0, 29, 32, 28, 31, 26, 30, 18, 35, 25], [0, 7, 4, 33, 5, 6, 13, 22], [0, 3, 8, 27, 11, 9, 24, 23], [0, 17, 14, 20, 19, 2, 10, 12, 1]]


#################
lambda = 0.8
mu = 1.8
nu = 1.4000000000000001

init = 785.346
res = 710.241
gap = 5.666

solution = [[0, 1, 12, 2, 19, 20, 23, 14, 17, 3], [0, 24, 9, 11, 27, 8, 25], [0, 22, 13, 10, 6, 5, 33, 4, 7], [0, 29, 32, 28, 31, 26, 18, 35, 30], [0, 15, 34, 36], [0, 16, 21]]


#################
lambda = 0.9
mu = 0.1
nu = 0.1

init = 785.249
res = 692.532
gap = 3.254

solution = [[0, 29, 32, 28, 31, 26, 18, 35, 25, 30], [0, 7, 4, 13, 22, 16, 21], [0, 36, 34, 15], [0, 17, 14, 20, 19, 2, 10, 6, 5, 33], [0, 1, 12, 23, 24, 9, 11, 27, 8, 3]]


#################
lambda = 0.9
mu = 0.30000000000000004
nu = 0.30000000000000004

init = 752.378
res = 692.667
gap = 3.272

solution = [[0, 36, 34, 15], [0, 30, 25, 35, 18, 26, 31, 28, 32, 29], [0, 21, 16, 22, 13, 4, 7], [0, 1, 12, 14, 23, 24, 9, 11, 27, 8, 3], [0, 33, 5, 6, 10, 2, 19, 20, 17]]


#################
lambda = 0.9
mu = 1.3
nu = 1.6

init = 817.535
res = 731.497
gap = 8.407

solution = [[0, 22, 13, 10, 6, 5, 33, 4, 7], [0, 21, 16], [0, 15, 34, 36], [0, 29, 32, 28, 31, 26, 30, 18, 35, 25], [0, 1, 12, 17, 3], [0, 23, 14, 2, 19, 20, 11, 27, 8, 9, 24]]


#################
lambda = 0.9
mu = 1.6
nu = 0.1

init = 772.263
res = 682.333
gap = 1.808

solution = [[0, 16, 22, 13, 5, 33, 4, 7], [0, 3, 8, 27, 11, 9, 24, 23, 17, 1, 21], [0, 14, 20, 19, 2, 6, 10, 12], [0, 30, 25, 35, 18, 26, 31, 28, 32, 29], [0, 36, 34, 15]]


#################
lambda = 1.0
mu = 0.1
nu = 0.1

init = 749.333
res = 697.534
gap = 3.947

solution = [[0, 2, 19, 20, 11, 27, 8, 9, 24, 3], [0, 30, 25, 35, 18, 26, 31, 28, 32, 29], [0, 17, 23, 14, 12, 10, 6, 5, 33, 4, 7], [0, 15, 34, 36], [0, 1, 13, 22, 16, 21]]


#################
lambda = 1.0
mu = 0.1
nu = 0.6000000000000001

init = 746.982
res = 692.667
gap = 3.272

solution = [[0, 36, 34, 15], [0, 30, 25, 35, 18, 26, 31, 28, 32, 29], [0, 21, 16, 22, 13, 4, 7], [0, 1, 12, 14, 23, 24, 9, 11, 27, 8, 3], [0, 33, 5, 6, 10, 2, 19, 20, 17]]


#################
lambda = 1.0
mu = 1.4000000000000001
nu = 0.1

init = 773.725
res = 701.061
gap = 4.431

solution = [[0, 7, 4, 33, 5, 13, 22, 16], [0, 12, 19, 2, 6, 10], [0, 1, 17, 14, 23, 20, 11, 27, 8, 9, 24, 3], [0, 30, 25, 35, 18, 26, 31, 28, 32, 29], [0, 21, 36, 34, 15]]


#################
lambda = 1.0
mu = 1.6
nu = 1.9000000000000001

init = 758.266
res = 682.406
gap = 1.818

solution = [[0, 22, 13, 10, 6, 5, 33, 4, 7], [0, 21, 16], [0, 1, 12, 2, 19, 20, 23, 14, 17, 3], [0, 24, 9, 11, 27, 8, 25, 30], [0, 15, 26, 35, 18, 31, 28, 32, 29, 36, 34]]


#################
lambda = 1.1
mu = 0.1
nu = 0.1

init = 744.878
res = 701.919
gap = 4.547

solution = [[0, 30, 25, 35, 18, 26, 31, 28, 32, 29], [0, 22, 13, 10, 6, 5, 33, 4, 7], [0, 2, 19, 20, 23, 24, 9, 11, 27, 8, 3], [0, 21, 16, 12, 14, 17, 1], [0, 36, 34, 15]]


#################
lambda = 1.1
mu = 0.1
nu = 0.4

init = 786.65
res = 688.685
gap = 2.713

solution = [[0, 36, 34, 15], [0, 30, 25, 35, 18, 26, 31, 28, 32, 29], [0, 1, 12, 17, 23, 24, 9, 11, 27, 8, 3], [0, 14, 20, 19, 2, 6, 10, 21], [0, 7, 4, 33, 5, 13, 22, 16]]


#################
lambda = 1.1
mu = 0.1
nu = 1.0

init = 750.586
res = 704.101
gap = 4.843

solution = [[0, 23, 14, 2, 19, 20, 11, 27, 8, 9, 24, 3], [0, 7, 4, 33, 5, 6, 10, 12, 17], [0, 1, 13, 22, 16, 21], [0, 25, 35, 18, 30, 26, 31, 28, 32, 29], [0, 36, 34, 15]]


#################
lambda = 1.1
mu = 0.1
nu = 1.1

init = 758.814
res = 714.365
gap = 6.21

solution = [[0, 7, 4, 33, 5, 6, 13, 22], [0, 36, 34, 15], [0, 16, 21], [0, 30, 25, 35, 18, 26, 31, 28, 32, 29], [0, 1, 12, 10, 2, 19, 20, 14, 17], [0, 23, 24, 9, 11, 27, 8, 3]]


#################
lambda = 1.1
mu = 0.1
nu = 1.9000000000000001

init = 765.212
res = 692.667
gap = 3.272

solution = [[0, 36, 34, 15], [0, 30, 25, 35, 18, 26, 31, 28, 32, 29], [0, 7, 4, 13, 22, 16, 21], [0, 33, 5, 6, 10, 2, 19, 20, 17], [0, 1, 12, 14, 23, 24, 9, 11, 27, 8, 3]]


#################
lambda = 1.1
mu = 0.2
nu = 0.5

init = 791.105
res = 682.333
gap = 1.808

solution = [[0, 36, 34, 15], [0, 30, 25, 35, 18, 26, 31, 28, 32, 29], [0, 3, 8, 27, 11, 9, 24, 23, 17, 1, 21], [0, 12, 10, 6, 2, 19, 20, 14], [0, 7, 4, 33, 5, 13, 22, 16]]


#################
lambda = 1.2000000000000002
mu = 0.1
nu = 0.1

init = 768.683
res = 718.071
gap = 6.694

solution = [[0, 23, 14, 2, 19, 20, 11, 27, 8, 9, 24, 3], [0, 7, 4, 33, 5, 6, 10, 13, 22], [0, 36, 34, 15], [0, 30, 25, 35, 18, 26, 31, 28, 32, 29], [0, 17, 12, 1], [0, 16, 21]]


#################
lambda = 1.2000000000000002
mu = 0.1
nu = 0.7000000000000001

init = 764.966
res = 699.216
gap = 4.178

solution = [[0, 17, 14, 23, 19, 20, 11, 27, 8, 9, 24, 3], [0, 30, 25, 35, 18, 26, 31, 28, 32, 29], [0, 1, 12, 2, 6, 10, 16], [0, 7, 4, 33, 5, 13, 22, 21], [0, 36, 34, 15]]


#################
lambda = 1.2000000000000002
mu = 0.30000000000000004
nu = 0.1

init = 792.693
res = 696.869
gap = 3.856

solution = [[0, 36, 34, 15], [0, 30, 25, 35, 18, 26, 31, 28, 32, 29], [0, 1, 13, 22, 16, 21], [0, 23, 14, 2, 19, 20, 11, 27, 8, 9, 24, 3], [0, 17, 12, 10, 6, 5, 33, 4, 7]]


#################
lambda = 1.2000000000000002
mu = 1.0
nu = 1.8

init = 798.756
res = 719.763
gap = 6.914

solution = [[0, 22, 13, 10, 6, 5, 33, 4, 7], [0, 24, 9, 11, 27, 8], [0, 1, 12, 2, 19, 20, 23, 14, 17, 3], [0, 16, 21], [0, 29, 32, 28, 31, 26, 30, 18, 35, 25], [0, 15, 34, 36]]


#################
lambda = 1.3
mu = 0.2
nu = 0.1

init = 790.05
res = 682.333
gap = 1.808

solution = [[0, 30, 25, 35, 18, 26, 31, 28, 32, 29], [0, 36, 34, 15], [0, 7, 4, 33, 5, 13, 22, 16], [0, 14, 20, 19, 2, 6, 10, 12], [0, 3, 8, 27, 11, 9, 24, 23, 17, 1, 21]]


#################
lambda = 1.3
mu = 1.1
nu = 1.9000000000000001

init = 763.494
res = 689.566
gap = 2.837

solution = [[0, 16, 22, 13, 5, 33, 4, 7], [0, 25, 35, 18, 30, 26, 31, 28, 32, 29], [0, 12, 10, 6, 2, 19, 20, 14], [0, 21, 1, 17, 23, 24, 9, 11, 27, 8, 3], [0, 36, 34, 15]]


#################
lambda = 1.3
mu = 1.2000000000000002
nu = 0.4

init = 757.811
res = 705.438
gap = 5.024

solution = [[0, 30, 25, 35, 18, 26, 31, 28, 32, 29], [0, 22, 13, 10, 6, 5, 33, 4, 7], [0, 16, 21], [0, 36, 34, 15], [0, 1, 12, 2, 19, 20, 23, 14, 17], [0, 3, 8, 27, 11, 9, 24]]


#################
lambda = 1.4000000000000001
mu = 1.2000000000000002
nu = 1.9000000000000001

init = 748.035
res = 682.333
gap = 1.808

solution = [[0, 30, 25, 35, 18, 26, 31, 28, 32, 29], [0, 14, 20, 19, 2, 6, 10, 12], [0, 16, 22, 13, 5, 33, 4, 7], [0, 3, 8, 27, 11, 9, 24, 23, 17, 1, 21], [0, 36, 34, 15]]


#################
lambda = 1.4000000000000001
mu = 1.3
nu = 0.9

init = 758.769
res = 682.333
gap = 1.808

solution = [[0, 30, 25, 35, 18, 26, 31, 28, 32, 29], [0, 14, 20, 19, 2, 6, 10, 12], [0, 16, 22, 13, 5, 33, 4, 7], [0, 3, 8, 27, 11, 9, 24, 23, 17, 1, 21], [0, 36, 34, 15]]

EXECUTION : 405 S
Aretes fixées après apprentissage pour cette exécution
Fixed edges = [[0, 18, 35, 0], [0, 8, 27, 11, 0], [0, 29, 32, 28, 31, 26, 0], [0, 33, 5, 6, 10, 0], [0, 9, 24, 0], [0, 2, 19, 0], [0, 4, 7, 0], [0, 1, 0], [0, 3, 0], [0, 12, 0], [0, 13, 0], [0, 14, 0], [0, 15, 0], [0, 16, 0], [0, 17, 0], [0, 20, 0], [0, 21, 0], [0, 22, 0], [0, 23, 0], [0, 25, 0], [0, 30, 0], [0, 34, 0], [0, 36, 0]]


#################
lambda = 0.5
mu = 0.1
nu = 0.1

init = 768.311
res = 696.869
gap = 3.856

solution = [[0, 36, 34, 15], [0, 23, 14, 2, 19, 20, 11, 27, 8, 9, 24, 3], [0, 30, 25, 35, 18, 26, 31, 28, 32, 29], [0, 21, 16, 22, 13, 1], [0, 7, 4, 33, 5, 6, 10, 12, 17]]


#################
lambda = 0.5
mu = 0.1
nu = 0.6000000000000001

init = 779.78
res = 705.438
gap = 5.024

solution = [[0, 30, 25, 35, 18, 26, 31, 28, 32, 29], [0, 22, 13, 10, 6, 5, 33, 4, 7], [0, 16, 21], [0, 15, 34, 36], [0, 3, 8, 27, 11, 9, 24], [0, 1, 12, 2, 19, 20, 23, 14, 17]]


#################
lambda = 0.5
mu = 0.5
nu = 0.1

init = 780.462
res = 704.101
gap = 4.843

solution = [[0, 36, 34, 15], [0, 23, 14, 2, 19, 20, 11, 27, 8, 9, 24, 3], [0, 25, 35, 18, 30, 26, 31, 28, 32, 29], [0, 21, 16, 22, 13, 1], [0, 7, 4, 33, 5, 6, 10, 12, 17]]


#################
lambda = 0.5
mu = 0.5
nu = 0.6000000000000001

init = 787.012
res = 705.438
gap = 5.024

solution = [[0, 36, 34, 15], [0, 16, 21], [0, 29, 32, 28, 31, 26, 18, 35, 25, 30], [0, 22, 13, 10, 6, 5, 33, 4, 7], [0, 3, 8, 27, 11, 9, 24], [0, 17, 14, 23, 20, 19, 2, 12, 1]]


#################
lambda = 0.5
mu = 0.7000000000000001
nu = 0.1

init = 775.544
res = 704.101
gap = 4.843

solution = [[0, 23, 14, 2, 19, 20, 11, 27, 8, 9, 24, 3], [0, 1, 13, 22, 16, 21], [0, 7, 4, 33, 5, 6, 10, 12, 17], [0, 29, 32, 28, 31, 26, 30, 18, 35, 25], [0, 15, 34, 36]]


#################
lambda = 0.5
mu = 0.8
nu = 0.1

init = 749.389
res = 698.237
gap = 4.044

solution = [[0, 20, 19, 2, 10, 6, 5, 13], [0, 29, 32, 28, 31, 26, 30, 18, 35, 25], [0, 21, 16, 22, 33, 4, 7], [0, 1, 12, 17, 14, 23, 24, 9, 11, 27, 8, 3], [0, 36, 34, 15]]


#################
lambda = 0.5
mu = 1.0
nu = 0.1

init = 759.402
res = 715.784
gap = 6.396

solution = [[0, 12, 17, 14, 23, 20, 11, 27, 8, 9, 24, 3], [0, 19, 2, 10, 6, 5, 33, 4], [0, 36, 34, 15], [0, 30, 25, 35, 18, 26, 31, 28, 32, 29], [0, 21, 16, 1, 13, 22, 7]]


#################
lambda = 0.5
mu = 1.1
nu = 0.1

init = 764.76
res = 694.919
gap = 3.586

solution = [[0, 12, 10, 6, 2, 19, 20, 14], [0, 21, 15], [0, 7, 4, 33, 5, 13, 22, 16], [0, 34, 36, 29, 32, 28, 31, 26, 18, 35, 25], [0, 1, 17, 23, 24, 9, 11, 27, 8, 3, 30]]


#################
lambda = 0.5
mu = 1.2000000000000002
nu = 0.1

init = 758.606
res = 715.364
gap = 6.341

solution = [[0, 36, 34, 15], [0, 30, 25, 35, 18, 26, 31, 28, 32, 29], [0, 19, 2, 6, 5, 33, 4, 7], [0, 21, 16, 22, 13, 10, 1], [0, 12, 17, 14, 23, 20, 11, 27, 8, 9, 24, 3]]


#################
lambda = 0.5
mu = 1.2000000000000002
nu = 0.8

init = 765.838
res = 687.179
gap = 2.5

solution = [[0, 16, 22, 13, 5, 33, 4, 7], [0, 1, 17, 23, 24, 9, 11, 27, 8, 30], [0, 34, 36, 29, 32, 28, 31, 26, 18, 35, 25], [0, 12, 10, 6, 2, 19, 20, 14, 3], [0, 21, 15]]


#################
lambda = 0.5
mu = 1.2000000000000002
nu = 1.2000000000000002

init = 788.747
res = 689.566
gap = 2.837

solution = [[0, 29, 32, 28, 31, 26, 30, 18, 35, 25], [0, 7, 4, 33, 5, 13, 22, 16], [0, 12, 10, 6, 2, 19, 20, 14], [0, 3, 8, 27, 11, 9, 24, 23, 17, 1, 21], [0, 36, 34, 15]]


#################
lambda = 0.5
mu = 1.3
nu = 0.1

init = 799.377
res = 710.241
gap = 5.666

solution = [[0, 1, 12, 2, 19, 20, 23, 14, 17, 3], [0, 24, 9, 11, 27, 8, 25], [0, 22, 13, 10, 6, 5, 33, 4, 7], [0, 29, 32, 28, 31, 26, 18, 35, 30], [0, 16, 21], [0, 36, 34, 15]]


#################
lambda = 0.5
mu = 1.3
nu = 0.30000000000000004

init = 801.913
res = 682.333
gap = 1.808

solution = [[0, 30, 25, 35, 18, 26, 31, 28, 32, 29], [0, 16, 22, 13, 5, 33, 4, 7], [0, 36, 34, 15], [0, 21, 1, 17, 23, 24, 9, 11, 27, 8, 3], [0, 12, 10, 6, 2, 19, 20, 14]]


#################
lambda = 0.5
mu = 1.3
nu = 0.5

init = 787.877
res = 728.69
gap = 8.054

solution = [[0, 15, 34, 36], [0, 29, 32, 28, 31, 26, 30, 18, 35, 25], [0, 1, 12, 10, 2, 19, 20, 14, 17, 3], [0, 7, 4, 33, 5, 6, 13, 22], [0, 23, 24, 9, 11, 27, 8], [0, 21, 16]]


#################
lambda = 0.5
mu = 1.3
nu = 1.2000000000000002

init = 799.544
res = 682.333
gap = 1.808

solution = [[0, 16, 22, 13, 5, 33, 4, 7], [0, 36, 34, 15], [0, 29, 32, 28, 31, 26, 18, 35, 25, 30], [0, 14, 20, 19, 2, 6, 10, 12], [0, 3, 8, 27, 11, 9, 24, 23, 17, 1, 21]]


#################
lambda = 0.5
mu = 1.4000000000000001
nu = 0.2

init = 785.341
res = 730.542
gap = 8.287

solution = [[0, 29, 32, 28, 31, 26, 30, 18, 35, 25], [0, 7, 4, 33, 5, 13, 22], [0, 3, 24, 9, 8, 27, 11, 23, 12, 1], [0, 17, 14, 20, 19, 2, 10, 6], [0, 15, 34, 36], [0, 21, 16]]


#################
lambda = 0.5
mu = 1.5
nu = 0.1

init = 800.336
res = 726.151
gap = 7.733

solution = [[0, 7, 4, 33, 5, 6, 10, 13, 22], [0, 29, 32, 28, 31, 26, 30, 18, 35, 25], [0, 2, 19, 20, 23, 24, 9, 11, 27, 8, 3], [0, 17, 14, 12, 1], [0, 16, 21], [0, 15, 34, 36]]


#################
lambda = 0.5
mu = 1.5
nu = 0.30000000000000004

init = 809.738
res = 689.566
gap = 2.837

solution = [[0, 29, 32, 28, 31, 26, 30, 18, 35, 25], [0, 3, 8, 27, 11, 9, 24, 23, 17, 1, 21], [0, 12, 10, 6, 2, 19, 20, 14], [0, 7, 4, 33, 5, 13, 22, 16], [0, 15, 34, 36]]


#################
lambda = 0.5
mu = 1.6
nu = 0.1

init = 791.54
res = 688.685
gap = 2.713

solution = [[0, 7, 4, 33, 5, 13, 22, 16], [0, 15, 34, 36], [0, 29, 32, 28, 31, 26, 18, 35, 25, 30], [0, 14, 20, 19, 2, 6, 10, 21], [0, 1, 12, 17, 23, 24, 9, 11, 27, 8, 3]]


#################
lambda = 0.5
mu = 1.6
nu = 0.30000000000000004

init = 795.477
res = 705.438
gap = 5.024

solution = [[0, 30, 25, 35, 18, 26, 31, 28, 32, 29], [0, 7, 4, 33, 5, 6, 10, 13, 22], [0, 3, 8, 27, 11, 9, 24], [0, 17, 14, 23, 20, 19, 2, 12, 1], [0, 16, 21], [0, 36, 34, 15]]


#################
lambda = 0.5
mu = 1.6
nu = 0.5

init = 794.463
res = 695.336
gap = 3.644

solution = [[0, 16, 22, 13, 5, 33, 4, 7], [0, 21, 1, 17, 23, 24, 9, 11, 27, 8], [0, 12, 10, 6, 2, 19, 20, 14], [0, 36, 34, 15], [0, 3, 30, 25, 35, 18, 26, 31, 28, 32, 29]]


#################
lambda = 0.5
mu = 1.6
nu = 0.9

init = 795.373
res = 712.671
gap = 5.987

solution = [[0, 22, 13, 10, 6, 5, 33, 4, 7], [0, 29, 32, 28, 31, 26, 30, 18, 35, 25], [0, 16, 21], [0, 36, 34, 15], [0, 1, 12, 2, 19, 20, 23, 14, 17], [0, 24, 9, 11, 27, 8, 3]]


#################
lambda = 0.5
mu = 1.6
nu = 1.8

init = 880.101
res = 705.438
gap = 5.024

solution = [[0, 22, 13, 10, 6, 5, 33, 4, 7], [0, 30, 25, 35, 18, 26, 31, 28, 32, 29], [0, 36, 34, 15], [0, 21, 16], [0, 1, 12, 2, 19, 20, 23, 14, 17], [0, 24, 9, 11, 27, 8, 3]]


#################
lambda = 0.5
mu = 1.6
nu = 1.9000000000000001

init = 889.636
res = 722.879
gap = 7.315

solution = [[0, 29, 32, 28, 31, 26, 30, 25, 35, 18], [0, 1, 12, 17, 14, 23, 24, 9, 11, 27, 8, 3], [0, 36, 34], [0, 15, 21], [0, 20, 19, 2, 10, 6, 5, 13], [0, 16, 22, 33, 4, 7]]


#################
lambda = 0.5
mu = 1.7000000000000002
nu = 0.1

init = 880.234
res = 721.597
gap = 7.15

solution = [[0, 15, 34, 36], [0, 29, 32, 28, 31, 26, 30, 18, 35, 25], [0, 21, 16], [0, 7, 4, 33, 5, 6, 13, 22], [0, 3, 8, 27, 11, 9, 24, 23], [0, 17, 14, 20, 19, 2, 10, 12, 1]]


#################
lambda = 0.5
mu = 1.8
nu = 0.1

init = 888.098
res = 705.438
gap = 5.024

solution = [[0, 36, 34, 15], [0, 29, 32, 28, 31, 26, 18, 35, 25, 30], [0, 21, 16], [0, 7, 4, 33, 5, 6, 10, 13, 22], [0, 17, 14, 23, 20, 19, 2, 12, 1], [0, 3, 8, 27, 11, 9, 24]]


#################
lambda = 0.5
mu = 1.9000000000000001
nu = 0.1

init = 857.355
res = 689.566
gap = 2.837

solution = [[0, 16, 22, 13, 5, 33, 4, 7], [0, 3, 8, 27, 11, 9, 24, 23, 17, 1, 21], [0, 12, 10, 6, 2, 19, 20, 14], [0, 29, 32, 28, 31, 26, 30, 18, 35, 25], [0, 15, 34, 36]]


#################
lambda = 0.5
mu = 1.9000000000000001
nu = 0.9

init = 829.867
res = 710.241
gap = 5.666

solution = [[0, 21, 16], [0, 22, 13, 10, 6, 5, 33, 4, 7], [0, 1, 12, 2, 19, 20, 23, 14, 17, 3], [0, 24, 9, 11, 27, 8, 25], [0, 15, 34, 36], [0, 30, 35, 18, 26, 31, 28, 32, 29]]


#################
lambda = 0.5
mu = 1.9000000000000001
nu = 1.6

init = 849.49
res = 689.566
gap = 2.837

solution = [[0, 16, 22, 13, 5, 33, 4, 7], [0, 29, 32, 28, 31, 26, 30, 18, 35, 25], [0, 36, 34, 15], [0, 12, 10, 6, 2, 19, 20, 14], [0, 21, 1, 17, 23, 24, 9, 11, 27, 8, 3]]


#################
lambda = 0.6000000000000001
mu = 0.8
nu = 1.9000000000000001

init = 808.422
res = 715.446
gap = 6.352

solution = [[0, 16, 22, 13, 5, 33, 4, 7], [0, 1, 17, 14, 23, 20, 11, 27, 8, 9, 24, 3], [0, 12, 19, 2, 10, 6], [0, 29, 32, 28, 31, 26, 30, 18, 35, 25], [0, 15, 34, 36, 21]]


#################
lambda = 0.6000000000000001
mu = 1.3
nu = 0.1

init = 780.986
res = 706.945
gap = 5.226

solution = [[0, 3, 1, 12, 10, 13, 22, 7], [0, 15, 34, 36, 29, 32, 28, 31, 30], [0, 26, 18, 35, 25, 8, 27, 11, 9, 24, 23, 17], [0, 21, 16], [0, 14, 20, 19, 2, 6, 5, 33, 4]]


#################
lambda = 0.6000000000000001
mu = 1.3
nu = 0.8

init = 766.95
res = 710.241
gap = 5.666

solution = [[0, 29, 32, 28, 31, 26, 30, 18, 35, 25], [0, 17, 14, 23, 19, 20, 11, 27, 8, 9, 24, 3], [0, 33, 5, 6, 10, 2, 12, 1], [0, 15, 34, 36], [0, 21, 16, 22, 13, 7, 4]]


#################
lambda = 0.6000000000000001
mu = 1.3
nu = 1.0

init = 761.198
res = 703.585
gap = 4.773

solution = [[0, 1, 12, 14, 23, 24, 9, 11, 27, 8, 3, 15], [0, 21, 16, 22, 13, 7, 4], [0, 33, 5, 6, 10, 2, 19, 20, 17], [0, 29, 32, 28, 31, 26, 30, 18, 35, 25], [0, 36, 34]]


#################
lambda = 0.6000000000000001
mu = 1.5
nu = 0.1

init = 823.774
res = 704.453
gap = 4.891

solution = [[0, 21, 22, 13, 5, 33, 4, 7], [0, 1, 12, 23, 24, 9, 11, 27, 8], [0, 3, 17, 14, 20, 19, 2, 6, 10, 16], [0, 29, 32, 28, 31, 26, 30, 18, 35, 25], [0, 36, 34, 15]]


#################
lambda = 0.6000000000000001
mu = 1.7000000000000002
nu = 1.1

init = 796.387
res = 699.764
gap = 4.253

solution = [[0, 36, 34, 15], [0, 29, 32, 28, 31, 26, 30, 18, 35, 25], [0, 21, 16, 22, 13, 4, 7], [0, 33, 5, 6, 10, 2, 19, 20, 14, 17], [0, 3, 8, 27, 11, 9, 24, 23, 12, 1]]


#################
lambda = 0.7000000000000001
mu = 0.8
nu = 1.2000000000000002

init = 768.925
res = 697.534
gap = 3.947

solution = [[0, 3, 24, 9, 8, 27, 11, 20, 19, 2], [0, 21, 16, 22, 13, 1], [0, 7, 4, 33, 5, 6, 10, 12, 14, 23, 17], [0, 29, 32, 28, 31, 26, 18, 35, 25, 30], [0, 36, 34, 15]]


#################
lambda = 0.7000000000000001
mu = 0.9
nu = 0.9

init = 783.78
res = 710.304
gap = 5.674

solution = [[0, 36, 34, 15], [0, 17, 14, 19, 20, 23, 24, 9, 11, 27, 8, 3], [0, 29, 32, 28, 31, 26, 18, 35, 25, 30], [0, 1, 13, 22, 7, 16, 21], [0, 12, 2, 10, 6, 5, 33, 4]]


#################
lambda = 0.7000000000000001
mu = 1.3
nu = 0.1

init = 759.718
res = 693.707
gap = 3.417

solution = [[0, 17, 14, 23, 20, 19, 2, 10, 6, 5, 33], [0, 21, 16], [0, 4, 7, 22, 13, 12, 1], [0, 30, 31, 28, 32, 29, 36, 34, 15], [0, 3, 24, 9, 11, 27, 8, 25, 35, 18, 26]]


#################
lambda = 0.7000000000000001
mu = 1.3
nu = 1.7000000000000002

init = 760.087
res = 705.438
gap = 5.024

solution = [[0, 1, 12, 2, 19, 20, 23, 14, 17], [0, 24, 9, 11, 27, 8, 3], [0, 36, 34, 15], [0, 30, 25, 35, 18, 26, 31, 28, 32, 29], [0, 7, 4, 33, 5, 6, 10, 13, 22], [0, 16, 21]]


#################
lambda = 0.7000000000000001
mu = 1.4000000000000001
nu = 0.1

init = 772.699
res = 698.237
gap = 4.044

solution = [[0, 1, 12, 17, 14, 23, 24, 9, 11, 27, 8, 3], [0, 29, 32, 28, 31, 26, 30, 18, 35, 25], [0, 36, 34, 15], [0, 13, 5, 6, 10, 2, 19, 20], [0, 21, 16, 22, 33, 4, 7]]


#################
lambda = 0.7000000000000001
mu = 1.4000000000000001
nu = 0.6000000000000001

init = 775.235
res = 687.179
gap = 2.5

solution = [[0, 12, 10, 6, 2, 19, 20, 14, 3], [0, 1, 17, 23, 24, 9, 11, 27, 8, 30], [0, 34, 36, 29, 32, 28, 31, 26, 18, 35, 25], [0, 21, 15], [0, 16, 22, 13, 5, 33, 4, 7]]


#################
lambda = 0.7000000000000001
mu = 1.6
nu = 0.1

init = 814.372
res = 714.365
gap = 6.21

solution = [[0, 7, 4, 33, 5, 6, 13, 22], [0, 16, 21], [0, 1, 12, 10, 2, 19, 20, 14, 17], [0, 3, 8, 27, 11, 9, 24, 23], [0, 36, 34, 15], [0, 29, 32, 28, 31, 26, 18, 35, 25, 30]]


#################
lambda = 0.7000000000000001
mu = 1.9000000000000001
nu = 0.1

init = 785.7
res = 682.333
gap = 1.808

solution = [[0, 29, 32, 28, 31, 26, 18, 35, 25, 30], [0, 21, 1, 17, 23, 24, 9, 11, 27, 8, 3], [0, 12, 10, 6, 2, 19, 20, 14], [0, 36, 34, 15], [0, 7, 4, 33, 5, 13, 22, 16]]


#################
lambda = 0.7000000000000001
mu = 1.9000000000000001
nu = 0.2

init = 827.339
res = 705.438
gap = 5.024

solution = [[0, 21, 16], [0, 22, 13, 10, 6, 5, 33, 4, 7], [0, 36, 34, 15], [0, 29, 32, 28, 31, 26, 18, 35, 25, 30], [0, 24, 9, 11, 27, 8, 3], [0, 17, 14, 23, 20, 19, 2, 12, 1]]


#################
lambda = 0.7000000000000001
mu = 1.9000000000000001
nu = 0.30000000000000004

init = 830.261
res = 682.333
gap = 1.808

solution = [[0, 7, 4, 33, 5, 13, 22, 16], [0, 29, 32, 28, 31, 26, 18, 35, 25, 30], [0, 36, 34, 15], [0, 3, 8, 27, 11, 9, 24, 23, 17, 1, 21], [0, 12, 10, 6, 2, 19, 20, 14]]


#################
lambda = 0.7000000000000001
mu = 1.9000000000000001
nu = 0.5

init = 862.715
res = 699.469
gap = 4.213

solution = [[0, 15, 34, 36, 26, 35, 18, 31, 28, 32, 29], [0, 1, 12, 20, 19, 2, 10], [0, 30, 25, 8, 27, 11, 9, 24, 23, 14, 17, 3], [0, 21, 16], [0, 7, 4, 33, 5, 6, 13, 22]]


#################
lambda = 0.8
mu = 0.8
nu = 1.6

init = 819.89
res = 705.633
gap = 5.05

solution = [[0, 29, 32, 28, 31, 26, 30, 18, 35, 25], [0, 3, 8, 27, 11, 9, 24, 23, 14, 20, 19, 2], [0, 7, 4, 33, 5, 6, 10, 12, 17], [0, 15, 34, 36], [0, 1, 13, 22, 16, 21]]


#################
lambda = 0.8
mu = 1.2000000000000002
nu = 1.3

init = 773.554
res = 692.532
gap = 3.254

solution = [[0, 36, 34, 15], [0, 29, 32, 28, 31, 26, 18, 35, 25, 30], [0, 21, 16, 22, 13, 4, 7], [0, 17, 14, 20, 19, 2, 10, 6, 5, 33], [0, 1, 12, 23, 24, 9, 11, 27, 8, 3]]


#################
lambda = 0.8
mu = 1.5
nu = 0.5

init = 792.512
res = 693.083
gap = 3.331

solution = [[0, 29, 32, 28, 31, 26, 18, 35, 25, 30], [0, 7, 4, 33, 5, 13, 22, 16], [0, 21, 36, 34, 15], [0, 3, 8, 27, 11, 9, 24, 23, 17, 1], [0, 14, 20, 19, 2, 6, 10, 12]]


#################
lambda = 0.8
mu = 1.5
nu = 0.8

init = 778.475
res = 712.671
gap = 5.987

solution = [[0, 22, 13, 10, 6, 5, 33, 4, 7], [0, 21, 16], [0, 15, 34, 36], [0, 29, 32, 28, 31, 26, 30, 18, 35, 25], [0, 24, 9, 11, 27, 8, 3], [0, 1, 12, 2, 19, 20, 23, 14, 17]]


#################
lambda = 0.9
mu = 1.3
nu = 0.1

init = 774.832
res = 695.917
gap = 3.724

solution = [[0, 29, 32, 28, 31, 26, 30, 18, 35, 25], [0, 36, 34, 15], [0, 3, 8, 27, 11, 9, 24, 23, 17, 12, 1], [0, 16, 22, 13, 5, 33, 4, 7], [0, 14, 20, 19, 2, 6, 10, 21]]


#################
lambda = 0.9
mu = 1.3
nu = 1.1

init = 782.74
res = 724.839
gap = 7.566

solution = [[0, 22, 13, 6, 5, 33, 4, 7], [0, 16, 21], [0, 1, 12, 14, 17, 3], [0, 10, 2, 19, 20, 23, 24, 9, 11, 27, 8], [0, 30, 25, 35, 18, 26, 31, 28, 32, 29], [0, 36, 34, 15]]


#################
lambda = 0.9
mu = 1.4000000000000001
nu = 0.9

init = 771.243
res = 714.575
gap = 6.238

solution = [[0, 17, 14, 23, 19, 20, 11, 9, 27, 8, 24, 3], [0, 1, 12, 2, 10, 16, 21], [0, 29, 32, 28, 31, 26, 18, 35, 25, 30], [0, 22, 13, 6, 5, 33, 4, 7], [0, 36, 34, 15]]


#################
lambda = 0.9
mu = 1.5
nu = 1.6

init = 780.7
res = 712.671
gap = 5.987

solution = [[0, 22, 13, 10, 6, 5, 33, 4, 7], [0, 1, 12, 2, 19, 20, 23, 14, 17], [0, 24, 9, 11, 27, 8, 3], [0, 16, 21], [0, 36, 34, 15], [0, 29, 32, 28, 31, 26, 30, 18, 35, 25]]


#################
lambda = 0.9
mu = 1.6
nu = 0.1

init = 789.976
res = 689.566
gap = 2.837

solution = [[0, 21, 1, 17, 23, 24, 9, 11, 27, 8, 3], [0, 36, 34, 15], [0, 29, 32, 28, 31, 26, 30, 18, 35, 25], [0, 12, 10, 6, 2, 19, 20, 14], [0, 7, 4, 33, 5, 13, 22, 16]]


#################
lambda = 1.0
mu = 0.1
nu = 0.1

init = 744.878
res = 701.919
gap = 4.547

solution = [[0, 30, 25, 35, 18, 26, 31, 28, 32, 29], [0, 22, 13, 10, 6, 5, 33, 4, 7], [0, 2, 19, 20, 23, 24, 9, 11, 27, 8, 3], [0, 21, 16, 12, 14, 17, 1], [0, 36, 34, 15]]


#################
lambda = 1.0
mu = 0.1
nu = 1.3

init = 786.65
res = 688.685
gap = 2.713

solution = [[0, 36, 34, 15], [0, 30, 25, 35, 18, 26, 31, 28, 32, 29], [0, 1, 12, 17, 23, 24, 9, 11, 27, 8, 3], [0, 14, 20, 19, 2, 6, 10, 21], [0, 7, 4, 33, 5, 13, 22, 16]]


#################
lambda = 1.0
mu = 0.4
nu = 1.7000000000000002

init = 793.883
res = 727.475
gap = 7.901

solution = [[0, 23, 14, 2, 19, 20, 11, 27, 8, 9, 24], [0, 30, 25, 35, 18, 26, 31, 28, 32, 29], [0, 3, 17, 12, 10, 6, 5, 33, 4, 7], [0, 22, 13, 1], [0, 16, 21], [0, 36, 34, 15]]


#################
lambda = 1.0
mu = 1.4000000000000001
nu = 1.4000000000000001

init = 772.94
res = 721.597
gap = 7.15

solution = [[0, 7, 4, 33, 5, 6, 13, 22], [0, 21, 16], [0, 29, 32, 28, 31, 26, 30, 18, 35, 25], [0, 36, 34, 15], [0, 3, 8, 27, 11, 9, 24, 23], [0, 1, 12, 10, 2, 19, 20, 14, 17]]


#################
lambda = 1.0
mu = 1.4000000000000001
nu = 1.6

init = 780.172
res = 714.031
gap = 6.167

solution = [[0, 7, 4, 33, 5, 13, 22, 16], [0, 25, 35, 18, 30, 26, 31, 28, 32, 29], [0, 36, 34], [0, 15, 21], [0, 12, 19, 2, 6, 10], [0, 1, 17, 14, 23, 20, 11, 27, 8, 9, 24, 3]]


#################
lambda = 1.0
mu = 1.8
nu = 0.4

init = 775.939
res = 682.333
gap = 1.808

solution = [[0, 30, 25, 35, 18, 26, 31, 28, 32, 29], [0, 36, 34, 15], [0, 3, 8, 27, 11, 9, 24, 23, 17, 1, 21], [0, 12, 10, 6, 2, 19, 20, 14], [0, 7, 4, 33, 5, 13, 22, 16]]


#################
lambda = 1.1
mu = 0.1
nu = 0.1

init = 746.875
res = 698.493
gap = 4.079

solution = [[0, 2, 19, 20, 14, 23, 24, 9, 11, 27, 8, 3], [0, 7, 4, 33, 5, 6, 10, 12, 17], [0, 21, 16, 22, 13, 1], [0, 36, 34], [0, 15, 30, 25, 35, 18, 26, 31, 28, 32, 29]]


#################
lambda = 1.1
mu = 0.1
nu = 0.4

init = 788.647
res = 708.932
gap = 5.492

solution = [[0, 15, 34, 36, 16, 22, 13, 1], [0, 17, 14, 12, 10, 6, 5, 33, 4, 7], [0, 2, 19, 20, 23, 24, 9, 11, 27, 8, 3], [0, 30, 25, 35, 18, 26, 31, 28, 32, 29], [0, 21]]


#################
lambda = 1.1
mu = 0.1
nu = 1.0

init = 752.582
res = 719.215
gap = 6.843

solution = [[0, 14, 2, 19, 20, 23, 24, 9, 11, 27, 8, 3], [0, 30, 25, 35, 18, 26, 31, 28, 32, 29], [0, 7, 4, 33, 22, 16], [0, 13, 5, 6, 10, 12, 17, 1], [0, 36, 34], [0, 21, 15]]


#################
lambda = 1.1
mu = 0.2
nu = 0.1

init = 752.111
res = 696.869
gap = 3.856

solution = [[0, 30, 25, 35, 18, 26, 31, 28, 32, 29], [0, 36, 34, 15], [0, 1, 13, 22, 16, 21], [0, 23, 14, 2, 19, 20, 11, 27, 8, 9, 24, 3], [0, 17, 12, 10, 6, 5, 33, 4, 7]]


#################
lambda = 1.1
mu = 1.0
nu = 1.1

init = 768.672
res = 678.711
gap = 1.283

solution = [[0, 22, 13, 10, 6, 5, 33, 4, 7], [0, 16, 21], [0, 1, 12, 2, 19, 20, 23, 14, 17, 3], [0, 30, 31, 28, 32, 29, 36, 34, 15], [0, 26, 18, 35, 25, 8, 27, 11, 9, 24]]


#################
lambda = 1.1
mu = 1.4000000000000001
nu = 0.1

init = 773.135
res = 692.532
gap = 3.254

solution = [[0, 36, 34, 15], [0, 29, 32, 28, 31, 26, 18, 35, 25, 30], [0, 21, 16, 22, 13, 4, 7], [0, 17, 14, 20, 19, 2, 10, 6, 5, 33], [0, 1, 12, 23, 24, 9, 11, 27, 8, 3]]


#################
lambda = 1.1
mu = 1.9000000000000001
nu = 0.1

init = 822.346
res = 682.333
gap = 1.808

solution = [[0, 16, 22, 13, 5, 33, 4, 7], [0, 30, 25, 35, 18, 26, 31, 28, 32, 29], [0, 14, 20, 19, 2, 6, 10, 12], [0, 36, 34, 15], [0, 21, 1, 17, 23, 24, 9, 11, 27, 8, 3]]


#################
lambda = 1.2000000000000002
mu = 0.1
nu = 0.1

init = 757.193
res = 706.84
gap = 5.212

solution = [[0, 2, 19, 20, 11, 27, 8, 9, 24, 23, 14], [0, 7, 4, 33, 5, 6, 10, 12, 17], [0, 21, 16, 22, 13, 1], [0, 3, 25, 35, 18, 30, 26, 31, 28, 32, 29], [0, 36, 34, 15]]


#################
lambda = 1.2000000000000002
mu = 0.1
nu = 1.5

init = 756.769
res = 705.438
gap = 5.024

solution = [[0, 22, 13, 10, 6, 5, 33, 4, 7], [0, 36, 34, 15], [0, 30, 25, 35, 18, 26, 31, 28, 32, 29], [0, 24, 9, 11, 27, 8, 3], [0, 21, 16], [0, 17, 14, 23, 20, 19, 2, 12, 1]]


#################
lambda = 1.2000000000000002
mu = 0.2
nu = 0.1

init = 795.879
res = 704.68
gap = 4.921

solution = [[0, 36, 34, 15], [0, 30, 25, 35, 18, 26, 31, 28, 32, 29], [0, 21, 16, 22, 13, 4], [0, 1, 17, 14, 12, 10, 6, 5, 33, 7], [0, 2, 19, 20, 23, 24, 9, 11, 27, 8, 3]]


#################
lambda = 1.2000000000000002
mu = 0.30000000000000004
nu = 0.1

init = 795.471
res = 704.101
gap = 4.843

solution = [[0, 23, 14, 2, 19, 20, 11, 27, 8, 9, 24, 3], [0, 17, 12, 10, 6, 5, 33, 4, 7], [0, 25, 35, 18, 30, 26, 31, 28, 32, 29], [0, 1, 13, 22, 16, 21], [0, 15, 34, 36]]


#################
lambda = 1.3
mu = 0.1
nu = 0.1

init = 760.485
res = 713.263
gap = 6.066

solution = [[0, 16, 22, 13, 33, 4, 7], [0, 1, 17, 14, 23, 20, 11, 27, 8, 9, 24, 3], [0, 12, 19, 2, 10, 6, 5], [0, 15, 34, 36, 21], [0, 29, 32, 28, 31, 26, 30, 18, 35, 25]]


#################
lambda = 1.3
mu = 0.2
nu = 0.1

init = 800.495
res = 711.037
gap = 5.771

solution = [[0, 36, 34, 15], [0, 2, 19, 20, 11, 27, 8, 9, 24, 23, 14], [0, 29, 32, 28, 31, 26, 18, 35, 25, 30], [0, 17, 12, 10, 6, 5, 33, 4, 7], [0, 21, 16, 22, 13, 1, 3]]


#################
lambda = 1.3
mu = 0.4
nu = 0.1

init = 797.467
res = 706.589
gap = 5.178

solution = [[0, 36, 34, 15], [0, 29, 32, 28, 31, 26, 30, 18, 35, 25], [0, 23, 14, 2, 19, 20, 11, 27, 8, 9, 24, 3], [0, 1, 17, 12, 10, 6, 5, 13], [0, 21, 16, 22, 33, 4, 7]]


#################
lambda = 1.3
mu = 1.2000000000000002
nu = 1.7000000000000002

init = 813.34
res = 697.534
gap = 3.947

solution = [[0, 36, 34, 15], [0, 2, 19, 20, 11, 27, 8, 9, 24, 3], [0, 30, 25, 35, 18, 26, 31, 28, 32, 29], [0, 21, 16, 22, 13, 1], [0, 17, 23, 14, 12, 10, 6, 5, 33, 4, 7]]


#################
lambda = 1.4000000000000001
mu = 0.4
nu = 0.1

init = 799.278
res = 721.317
gap = 7.114

solution = [[0, 21, 16, 22, 13, 1, 3], [0, 2, 19, 20, 14, 23, 24, 9, 11, 27, 8], [0, 17, 12, 10, 6, 5, 33, 4, 7], [0, 25, 35, 18, 30, 26, 31, 28, 32, 29], [0, 36, 34, 15]]


#################
lambda = 1.4000000000000001
mu = 1.2000000000000002
nu = 0.1

init = 812.876
res = 705.438
gap = 5.024

solution = [[0, 36, 34, 15], [0, 30, 25, 35, 18, 26, 31, 28, 32, 29], [0, 16, 21], [0, 22, 13, 10, 6, 5, 33, 4, 7], [0, 17, 14, 23, 20, 19, 2, 12, 1], [0, 3, 8, 27, 11, 9, 24]]


#################
lambda = 1.4000000000000001
mu = 1.2000000000000002
nu = 0.7000000000000001

init = 791.569
res = 713.892
gap = 6.148

solution = [[0, 2, 19, 20, 14, 23, 24, 9, 11, 27, 8], [0, 1, 17, 12, 10, 6, 5, 13], [0, 21, 16, 22, 33, 4, 7], [0, 3, 30, 25, 35, 18, 26, 31, 28, 32, 29], [0, 36, 34, 15]]


#################
lambda = 1.4000000000000001
mu = 1.5
nu = 0.1

init = 762.641
res = 692.019
gap = 3.182

solution = [[0, 1, 17, 23, 24, 9, 11, 27, 8, 3, 36], [0, 12, 10, 6, 2, 19, 20, 14], [0, 30, 25, 35, 18, 26, 31, 28, 32, 29, 34], [0, 21, 15], [0, 16, 22, 13, 5, 33, 4, 7]]


#################
lambda = 1.4000000000000001
mu = 1.6
nu = 0.1

init = 756.124
res = 705.438
gap = 5.024

solution = [[0, 21, 16], [0, 36, 34, 15], [0, 30, 25, 35, 18, 26, 31, 28, 32, 29], [0, 22, 13, 10, 6, 5, 33, 4, 7], [0, 3, 8, 27, 11, 9, 24], [0, 1, 12, 2, 19, 20, 23, 14, 17]]


#################
lambda = 1.4000000000000001
mu = 1.7000000000000002
nu = 0.1

init = 791.39
res = 725.005
gap = 7.587

solution = [[0, 36, 34, 15], [0, 29, 32, 28, 31, 26, 30, 18, 35, 25], [0, 7, 4, 33, 5, 6, 13, 22], [0, 17, 14, 23, 20, 19, 2, 10, 12], [0, 1, 24, 9, 11, 27, 8, 3], [0, 16, 21]]


#################
lambda = 1.4000000000000001
mu = 1.7000000000000002
nu = 0.4

init = 794.209
res = 678.711
gap = 1.283

solution = [[0, 22, 13, 10, 6, 5, 33, 4, 7], [0, 16, 21], [0, 1, 12, 2, 19, 20, 23, 14, 17, 3], [0, 30, 31, 28, 32, 29, 36, 34, 15], [0, 26, 18, 35, 25, 8, 27, 11, 9, 24]]
