Aretes fixées après apprentissage pour cette exécution
Fixed edges = [[0, 26, 31, 28, 32, 29, 0], [0, 18, 35, 0], [0, 24, 9, 11, 27, 8, 0], [0, 10, 6, 5, 33, 0], [0, 2, 19, 20, 23, 0], [0, 13, 22, 0], [0, 4, 7, 0], [0, 1, 0], [0, 3, 0], [0, 12, 0], [0, 14, 0], [0, 15, 0], [0, 16, 0], [0, 17, 0], [0, 21, 0], [0, 25, 0], [0, 30, 0], [0, 34, 0], [0, 36, 0]]
Time = 0.39902186393737793


#################

init = 854.906
res = 705.438
gap = -1091.316

solution = [[0, 24, 9, 11, 27, 8, 3], [0, 17, 14, 23, 20, 19, 2, 12, 1], [0, 16, 21], [0, 7, 4, 33, 5, 6, 10, 13, 22], [0, 29, 32, 28, 31, 26, 18, 35, 25, 30], [0, 36, 34, 15]]


#################

init = 854.906
res = 691.005
gap = -1116.2

solution = [[0, 21, 16, 22, 33, 4, 7], [0, 29, 32, 28, 31, 26, 18, 35, 25, 30], [0, 15, 34, 36], [0, 13, 5, 6, 10, 2, 19, 20], [0, 1, 12, 17, 14, 23, 24, 9, 11, 27, 8, 3]]


#################

init = 854.906
res = 672.741
gap = -1149.218

solution = [[0, 22, 13, 10, 6, 5, 33, 4, 7], [0, 30, 26, 31, 28, 32, 29, 36, 34, 15], [0, 18, 35, 25, 8, 27, 11, 9, 24, 3], [0, 16, 21], [0, 17, 14, 23, 20, 19, 2, 12, 1]]


#################

init = 854.906
res = 682.333
gap = -1131.656

solution = [[0, 14, 20, 19, 2, 6, 10, 12], [0, 7, 4, 33, 5, 13, 22, 16], [0, 3, 8, 27, 11, 9, 24, 23, 17, 1, 21], [0, 15, 34, 36], [0, 29, 32, 28, 31, 26, 18, 35, 25, 30]]


#################

init = 854.906
res = 672.741
gap = -1149.218

solution = [[0, 16, 21], [0, 22, 13, 10, 6, 5, 33, 4, 7], [0, 30, 26, 31, 28, 32, 29, 36, 34, 15], [0, 18, 35, 25, 8, 27, 11, 9, 24, 3], [0, 1, 12, 2, 19, 20, 23, 14, 17]]


#################

init = 843.014
res = 678.934
gap = -1137.822

solution = [[0, 1, 12, 2, 19, 20, 23, 14, 17, 3], [0, 18, 35, 25, 8, 27, 11, 9, 24], [0, 30, 26, 31, 28, 32, 29, 36, 34, 15], [0, 21, 16], [0, 7, 4, 33, 5, 6, 10, 13, 22]]


#################

init = 843.014
res = 678.934
gap = -1137.822

solution = [[0, 1, 12, 2, 19, 20, 23, 14, 17, 3], [0, 15, 34, 36, 29, 32, 28, 31, 26, 30], [0, 18, 35, 25, 8, 27, 11, 9, 24], [0, 21, 16], [0, 22, 13, 10, 6, 5, 33, 4, 7]]


#################

init = 843.014
res = 672.741
gap = -1149.218

solution = [[0, 1, 12, 2, 19, 20, 23, 14, 17], [0, 15, 34, 36, 29, 32, 28, 31, 26, 30], [0, 18, 35, 25, 8, 27, 11, 9, 24, 3], [0, 21, 16], [0, 7, 4, 33, 5, 6, 10, 13, 22]]


#################

init = 843.014
res = 678.934
gap = -1137.822

solution = [[0, 1, 12, 2, 19, 20, 23, 14, 17, 3], [0, 18, 35, 25, 8, 27, 11, 9, 24], [0, 30, 26, 31, 28, 32, 29, 36, 34, 15], [0, 16, 21], [0, 22, 13, 10, 6, 5, 33, 4, 7]]


#################

init = 843.014
res = 672.741
gap = -1149.218

solution = [[0, 30, 26, 31, 28, 32, 29, 36, 34, 15], [0, 17, 14, 23, 20, 19, 2, 12, 1], [0, 18, 35, 25, 8, 27, 11, 9, 24, 3], [0, 21, 16], [0, 7, 4, 33, 5, 6, 10, 13, 22]]


#################

init = 850.275
res = 678.711
gap = -1138.229

solution = [[0, 15, 34, 36, 29, 32, 28, 31, 30], [0, 1, 12, 2, 19, 20, 23, 14, 17, 3], [0, 26, 18, 35, 25, 8, 27, 11, 9, 24], [0, 21, 16], [0, 22, 13, 10, 6, 5, 33, 4, 7]]


#################

init = 850.275
res = 672.517
gap = -1149.633

solution = [[0, 1, 12, 2, 19, 20, 23, 14, 17], [0, 16, 21], [0, 7, 4, 33, 5, 6, 10, 13, 22], [0, 15, 34, 36, 29, 32, 28, 31, 30], [0, 26, 18, 35, 25, 8, 27, 11, 9, 24, 3]]


#################

init = 850.275
res = 678.934
gap = -1137.822

solution = [[0, 15, 34, 36, 29, 32, 28, 31, 26, 30], [0, 1, 12, 2, 19, 20, 23, 14, 17, 3], [0, 18, 35, 25, 8, 27, 11, 9, 24], [0, 21, 16], [0, 22, 13, 10, 6, 5, 33, 4, 7]]


#################

init = 850.275
res = 678.934
gap = -1137.822

solution = [[0, 15, 34, 36, 29, 32, 28, 31, 26, 30], [0, 1, 12, 2, 19, 20, 23, 14, 17, 3], [0, 18, 35, 25, 8, 27, 11, 9, 24], [0, 16, 21], [0, 7, 4, 33, 5, 6, 10, 13, 22]]
