Aretes fixées après apprentissage pour cette exécution
Fixed edges = [[0, 6, 3, 4, 19, 31, 12, 0], [0, 16, 11, 24, 27, 25, 5, 20, 0], [0, 9, 14, 34, 2, 8, 15, 26, 0], [0, 7, 10, 0], [0, 22, 32, 13, 17, 30, 29, 33, 18, 21, 0], [0, 1, 0], [0, 23, 0], [0, 28, 0], [0, 35, 0]]


#################
lambda = 0.1
mu = 0.1
nu = 0.1

init = 988.528
res = 822.125
gap = 2.813

solution = [[0, 16, 11, 24, 27, 25, 5, 20], [0, 21, 18, 33, 29, 30, 17, 13, 32, 22, 1], [0, 26, 7], [0, 10], [0, 12, 31, 19, 4, 3, 6, 9], [0, 28, 14, 34, 23, 2, 35, 8, 15]]


#################
lambda = 0.1
mu = 0.9
nu = 1.5

init = 998.31
res = 816.512
gap = 2.145

solution = [[0, 9, 12, 3, 6, 4, 19, 31], [0, 28, 14, 34, 23, 2, 35, 8, 15], [0, 1, 22, 32, 13, 17, 30, 29, 33, 18, 21], [0, 10, 7, 26, 20, 5], [0, 16, 11, 24, 27, 25]]


#################
lambda = 0.1
mu = 1.1
nu = 0.1

init = 1000.461
res = 815.693
gap = 2.046

solution = [[0, 10, 7, 26, 20, 5], [0, 9, 28, 34, 2, 35, 8, 15], [0, 21, 18, 33, 29, 30, 17, 13, 32, 22], [0, 12, 31, 19, 4, 3, 6, 23, 14], [0, 11, 25, 27, 24, 1, 16]]


#################
lambda = 0.1
mu = 1.4000000000000001
nu = 0.1

init = 985.459
res = 815.562
gap = 2.031

solution = [[0, 21, 18, 22, 32, 13, 17, 30, 29, 33], [0, 10, 7, 26, 20, 5], [0, 28, 14, 34, 23, 2, 35, 8, 15], [0, 12, 31, 19, 4, 3, 6, 9], [0, 16, 1, 24, 27, 25, 11]]


#################
lambda = 0.2
mu = 1.1
nu = 0.30000000000000004

init = 990.377
res = 828.418
gap = 3.551

solution = [[0, 5, 20, 26, 10, 7], [0, 15, 8, 35, 2, 23, 34, 14, 28], [0, 21, 18, 22, 32, 13, 17, 30, 29, 33], [0, 11, 25, 27, 24, 1, 16], [0, 9, 12, 3, 6, 4, 19, 31]]


#################
lambda = 0.5
mu = 1.3
nu = 0.1

init = 991.109
res = 810.071
gap = 1.367

solution = [[0, 28, 14, 34, 23, 2, 35, 8, 15], [0, 10, 7, 26, 20, 5], [0, 21, 18, 33, 29, 30, 17, 13, 32, 22, 1], [0, 12, 31, 19, 4, 3, 6, 9], [0, 25, 27, 24, 11, 16]]


#################
lambda = 0.6000000000000001
mu = 0.1
nu = 0.1

init = 1013.973
res = 816.512
gap = 2.145

solution = [[0, 10, 7, 26, 20, 5], [0, 28, 14, 34, 23, 2, 35, 8, 15], [0, 9, 12, 3, 6, 4, 19, 31], [0, 21, 18, 33, 29, 30, 17, 13, 32, 22, 1], [0, 16, 11, 24, 27, 25]]


#################
lambda = 0.6000000000000001
mu = 1.5
nu = 0.1

init = 983.892
res = 816.512
gap = 2.145

solution = [[0, 10, 7, 26, 20, 5], [0, 28, 14, 34, 23, 2, 35, 8, 15], [0, 9, 12, 3, 6, 4, 19, 31], [0, 21, 18, 33, 29, 30, 17, 13, 32, 22, 1], [0, 16, 11, 24, 27, 25]]


#################
lambda = 0.7000000000000001
mu = 1.5
nu = 0.1

init = 986.329
res = 849.323
gap = 5.925

solution = [[0, 33, 29, 31, 19, 4, 2, 35, 8, 15], [0, 14, 34, 23, 6, 3, 12, 28], [0, 27, 18, 30, 17, 13, 32, 22, 21, 24, 1], [0, 16, 11, 25, 9, 20, 5], [0, 10, 7, 26]]


#################
lambda = 0.8
mu = 1.2000000000000002
nu = 0.1

init = 1014.772
res = 815.562
gap = 2.031

solution = [[0, 15, 8, 35, 2, 23, 34, 14, 28], [0, 10, 7, 26, 20, 5], [0, 21, 18, 22, 32, 13, 17, 30, 29, 33], [0, 11, 25, 27, 24, 1, 16], [0, 12, 31, 19, 4, 3, 6, 9]]
