

#################
lambda = 0.1
mu = 0.1
nu = 0.1

init = 1188.66
res = 815.562
gap = 2.031

solution = [[0, 10, 7, 26, 20, 5], [0, 15, 8, 35, 2, 23, 34, 14, 28], [0, 21, 18, 22, 32, 13, 17, 30, 29, 33], [0, 11, 25, 27, 24, 1, 16], [0, 12, 31, 19, 4, 3, 6, 9]]


#################
lambda = 0.1
mu = 0.4
nu = 1.9000000000000001

init = 1186.31
res = 810.071
gap = 1.367

solution = [[0, 10, 7, 26, 20, 5], [0, 15, 8, 35, 2, 23, 34, 14, 28], [0, 21, 18, 33, 29, 30, 17, 13, 32, 22, 1], [0, 12, 31, 19, 4, 3, 6, 9], [0, 25, 27, 24, 11, 16]]


#################
lambda = 0.1
mu = 0.7000000000000001
nu = 0.1

init = 1171.409
res = 849.105
gap = 5.901

solution = [[0, 6, 3, 4, 19, 31, 33, 18, 27, 25], [0, 11, 24, 21, 22, 32, 17, 30, 29, 13, 1], [0, 9, 28, 14, 34, 23, 12], [0, 10, 7, 26], [0, 16, 5, 20, 2, 35, 8, 15]]


#################
lambda = 0.1
mu = 0.7000000000000001
nu = 1.0

init = 1169.059
res = 810.071
gap = 1.367

solution = [[0, 10, 7, 26, 20, 5], [0, 15, 8, 35, 2, 23, 34, 14, 28], [0, 21, 18, 33, 29, 30, 17, 13, 32, 22, 1], [0, 12, 31, 19, 4, 3, 6, 9], [0, 25, 27, 24, 11, 16]]


#################
lambda = 0.1
mu = 0.8
nu = 0.1

init = 1145.931
res = 837.983
gap = 4.652

solution = [[0, 10], [0, 7, 26], [0, 15, 8, 35, 2, 23, 34, 14, 28], [0, 12, 31, 19, 4, 3, 6, 9], [0, 16, 1, 21, 24, 25, 5, 20], [0, 11, 27, 18, 22, 32, 13, 17, 30, 29, 33]]


#################
lambda = 0.1
mu = 0.8
nu = 0.4

init = 1075.931
res = 817.483
gap = 2.261

solution = [[0, 28, 14, 34, 23, 2, 35, 8, 15], [0, 10, 7, 26, 20, 5], [0, 9, 12, 3, 6, 4, 19, 31], [0, 16, 1, 24, 27, 25, 11], [0, 21, 18, 33, 29, 30, 17, 13, 32, 22]]


#################
lambda = 0.1
mu = 0.9
nu = 0.1

init = 1050.453
res = 814.722
gap = 1.93

solution = [[0, 10, 7, 26, 20, 5], [0, 1, 22, 32, 13, 17, 30, 29, 33, 18, 21], [0, 12, 31, 19, 4, 3, 6, 23, 14], [0, 16, 11, 24, 27, 25], [0, 9, 28, 34, 2, 35, 8, 15]]


#################
lambda = 0.1
mu = 0.9
nu = 1.4000000000000001

init = 1131.23
res = 850.166
gap = 6.018

solution = [[0, 25, 27, 21, 24, 11], [0, 16, 1, 22, 18, 32, 13, 17, 30, 29, 33], [0, 7, 10], [0, 5, 20, 26], [0, 12, 31, 19, 4, 3, 6, 23, 14], [0, 15, 8, 35, 2, 34, 28, 9]]


#################
lambda = 0.1
mu = 1.0
nu = 0.1

init = 1092.08
res = 815.562
gap = 2.031

solution = [[0, 15, 8, 35, 2, 23, 34, 14, 28], [0, 21, 18, 22, 32, 13, 17, 30, 29, 33], [0, 10, 7, 26, 20, 5], [0, 11, 25, 27, 24, 1, 16], [0, 12, 31, 19, 4, 3, 6, 9]]


#################
lambda = 0.1
mu = 1.0
nu = 0.5

init = 1091.775
res = 815.562
gap = 2.031

solution = [[0, 10, 7, 26, 20, 5], [0, 15, 8, 35, 2, 23, 34, 14, 28], [0, 21, 18, 22, 32, 13, 17, 30, 29, 33], [0, 12, 31, 19, 4, 3, 6, 9], [0, 11, 25, 27, 24, 1, 16]]


#################
lambda = 0.1
mu = 1.0
nu = 0.7000000000000001

init = 1182.187
res = 810.071
gap = 1.367

solution = [[0, 10, 7, 26, 20, 5], [0, 1, 22, 32, 13, 17, 30, 29, 33, 18, 21], [0, 15, 8, 35, 2, 23, 34, 14, 28], [0, 12, 31, 19, 4, 3, 6, 9], [0, 25, 27, 24, 11, 16]]


#################
lambda = 0.1
mu = 1.0
nu = 1.0

init = 1171.131
res = 856.701
gap = 6.735

solution = [[0, 10], [0, 1, 24, 11, 25, 5, 20, 26], [0, 22, 32, 13, 17, 30, 29, 33, 18, 21], [0, 7], [0, 28, 14, 34, 23, 2, 35, 8, 15], [0, 9, 12, 3, 6, 4, 19, 31, 27], [0, 16]]


#################
lambda = 0.1
mu = 1.0
nu = 1.1

init = 1197.694
res = 822.384
gap = 2.843

solution = [[0, 10, 7, 26, 20, 5], [0, 21, 22, 32, 18, 33, 29, 30, 17, 13], [0, 15, 8, 35, 2, 34, 28, 9], [0, 11, 25, 27, 24, 1, 16], [0, 12, 31, 19, 4, 3, 6, 23, 14]]


#################
lambda = 0.1
mu = 1.0
nu = 1.3

init = 1258.927
res = 809.026
gap = 1.239

solution = [[0, 10, 7, 26], [0, 15, 8, 35, 2, 23, 34, 14, 28], [0, 1, 21, 18, 22, 32, 13, 17, 30, 29, 33], [0, 16, 11, 24, 27, 25, 5, 20], [0, 12, 31, 19, 4, 3, 6, 9]]


#################
lambda = 0.1
mu = 1.0
nu = 1.4000000000000001

init = 1232.364
res = 813.175
gap = 1.743

solution = [[0, 10, 7, 26, 20, 5], [0, 21, 22, 32, 18, 33, 29, 30, 17, 13, 1], [0, 16, 11, 24, 27, 25], [0, 12, 31, 19, 4, 3, 6, 9], [0, 15, 8, 35, 2, 23, 34, 14, 28]]


#################
lambda = 0.1
mu = 1.0
nu = 1.5

init = 1232.058
res = 815.562
gap = 2.031

solution = [[0, 15, 8, 35, 2, 23, 34, 14, 28], [0, 10, 7, 26, 20, 5], [0, 21, 18, 22, 32, 13, 17, 30, 29, 33], [0, 11, 25, 27, 24, 1, 16], [0, 12, 31, 19, 4, 3, 6, 9]]


#################
lambda = 0.1
mu = 1.0
nu = 1.9000000000000001

init = 1219.262
res = 827.303
gap = 3.421

solution = [[0, 10, 7, 26, 20, 5], [0, 14, 34, 23, 6, 3, 28, 9], [0, 22, 32, 13, 17, 30, 29, 33, 18, 21], [0, 11, 25, 27, 24, 1, 16], [0, 15, 8, 35, 2, 4, 19, 31, 12]]


#################
lambda = 0.1
mu = 1.1
nu = 0.1

init = 1341.772
res = 810.071
gap = 1.367

solution = [[0, 10, 7, 26, 20, 5], [0, 21, 18, 33, 29, 30, 17, 13, 32, 22, 1], [0, 16, 11, 24, 27, 25], [0, 12, 31, 19, 4, 3, 6, 9], [0, 15, 8, 35, 2, 23, 34, 14, 28]]


#################
lambda = 0.1
mu = 1.1
nu = 0.2

init = 1324.113
res = 817.483
gap = 2.261

solution = [[0, 5, 20, 26, 7, 10], [0, 28, 14, 34, 23, 2, 35, 8, 15], [0, 21, 18, 33, 29, 30, 17, 13, 32, 22], [0, 11, 25, 27, 24, 1, 16], [0, 9, 12, 3, 6, 4, 19, 31]]


#################
lambda = 0.1
mu = 1.1
nu = 0.4

init = 1342.784
res = 815.562
gap = 2.031

solution = [[0, 10, 7, 26, 20, 5], [0, 21, 18, 22, 32, 13, 17, 30, 29, 33], [0, 15, 8, 35, 2, 23, 34, 14, 28], [0, 12, 31, 19, 4, 3, 6, 9], [0, 16, 1, 24, 27, 25, 11]]


#################
lambda = 0.1
mu = 1.1
nu = 1.2000000000000002

init = 1258.887
res = 820.213
gap = 2.586

solution = [[0, 10, 7, 26, 20, 5], [0, 15, 8, 35, 2, 34, 28, 9], [0, 21, 18, 22, 32, 13, 17, 30, 29, 33], [0, 12, 31, 19, 4, 3, 6, 23, 14], [0, 11, 25, 27, 24, 1, 16]]


#################
lambda = 0.1
mu = 1.1
nu = 1.5

init = 1276.314
res = 830.741
gap = 3.821

solution = [[0, 10, 7, 26, 20, 5], [0, 21, 22, 32, 18, 33, 29, 30, 17, 13, 1], [0, 28, 12, 3, 6, 23, 4, 19, 31], [0, 25, 27, 24, 11, 16], [0, 15, 8, 35, 2, 34, 14, 9]]


#################
lambda = 0.1
mu = 1.1
nu = 1.9000000000000001

init = 1330.465
res = 847.244
gap = 5.694

solution = [[0, 15, 8, 35, 2, 34, 28, 9], [0, 12, 31, 19, 4, 3, 6, 23, 14], [0, 10, 7, 26], [0, 5, 20], [0, 21, 18, 22, 32, 13, 17, 30, 29, 33], [0, 16, 1, 24, 27, 25, 11]]


#################
lambda = 0.1
mu = 1.2000000000000002
nu = 0.1

init = 1453.434
res = 809.026
gap = 1.239

solution = [[0, 10, 7, 26], [0, 16, 11, 24, 27, 25, 5, 20], [0, 1, 21, 18, 22, 32, 13, 17, 30, 29, 33], [0, 12, 31, 19, 4, 3, 6, 9], [0, 15, 8, 35, 2, 23, 34, 14, 28]]


#################
lambda = 0.1
mu = 1.2000000000000002
nu = 0.2

init = 1428.603
res = 820.213
gap = 2.586

solution = [[0, 10, 7, 26, 20, 5], [0, 15, 8, 35, 2, 34, 28, 9], [0, 21, 18, 22, 32, 13, 17, 30, 29, 33], [0, 12, 31, 19, 4, 3, 6, 23, 14], [0, 11, 25, 27, 24, 1, 16]]


#################
lambda = 0.1
mu = 1.2000000000000002
nu = 0.6000000000000001

init = 1418.549
res = 809.026
gap = 1.239

solution = [[0, 10, 7, 26], [0, 15, 8, 35, 2, 23, 34, 14, 28], [0, 1, 21, 18, 22, 32, 13, 17, 30, 29, 33], [0, 16, 11, 24, 27, 25, 5, 20], [0, 12, 31, 19, 4, 3, 6, 9]]


#################
lambda = 0.1
mu = 1.2000000000000002
nu = 0.8

init = 1383.373
res = 827.637
gap = 3.46

solution = [[0, 1, 22, 32, 13, 17, 30, 29, 33, 18, 21], [0, 10, 7, 26, 20, 5], [0, 25, 27, 24, 11, 16], [0, 15, 8, 35, 2, 34, 14, 9], [0, 28, 12, 3, 6, 23, 4, 19, 31]]


#################
lambda = 0.1
mu = 1.2000000000000002
nu = 1.0

init = 1379.287
res = 828.608
gap = 3.573

solution = [[0, 10, 7, 26, 20, 5], [0, 21, 18, 33, 29, 30, 17, 13, 32, 22], [0, 11, 25, 27, 24, 1, 16], [0, 15, 8, 35, 2, 34, 14, 9], [0, 28, 12, 3, 6, 23, 4, 19, 31]]


#################
lambda = 0.1
mu = 1.2000000000000002
nu = 1.4000000000000001

init = 1402.46
res = 815.562
gap = 2.031

solution = [[0, 10, 7, 26, 20, 5], [0, 21, 18, 22, 32, 13, 17, 30, 29, 33], [0, 9, 6, 3, 4, 19, 31, 12], [0, 15, 8, 35, 2, 23, 34, 14, 28], [0, 11, 25, 27, 24, 1, 16]]


#################
lambda = 0.1
mu = 1.3
nu = 0.1

init = 1391.492
res = 822.982
gap = 2.914

solution = [[0, 10, 7, 26, 20, 5], [0, 11, 25, 27, 24, 1, 16], [0, 21, 22, 32, 18, 33, 29, 30, 17, 13], [0, 15, 8, 35, 2, 34, 14, 9], [0, 12, 31, 19, 4, 3, 6, 23, 28]]


#################
lambda = 0.2
mu = 0.9
nu = 0.1

init = 1055.415
res = 802.132
gap = 0.39

solution = [[0, 1, 22, 32, 13, 17, 30, 29, 33, 18, 21], [0, 20, 5, 25, 27, 24, 11, 16], [0, 10, 7, 26], [0, 28, 14, 34, 23, 2, 35, 8, 15], [0, 9, 6, 3, 4, 19, 31, 12]]


#################
lambda = 0.2
mu = 1.0
nu = 1.3

init = 1182.094
res = 802.132
gap = 0.39

solution = [[0, 21, 18, 33, 29, 30, 17, 13, 32, 22, 1], [0, 16, 11, 24, 27, 25, 5, 20], [0, 15, 8, 35, 2, 23, 34, 14, 28], [0, 12, 31, 19, 4, 3, 6, 9], [0, 10, 7, 26]]


#################
lambda = 0.2
mu = 1.1
nu = 0.1

init = 1183.32
res = 810.071
gap = 1.367

solution = [[0, 10, 7, 26, 20, 5], [0, 15, 8, 35, 2, 23, 34, 14, 28], [0, 21, 18, 33, 29, 30, 17, 13, 32, 22, 1], [0, 12, 31, 19, 4, 3, 6, 9], [0, 25, 27, 24, 11, 16]]


#################
lambda = 0.2
mu = 1.1
nu = 0.30000000000000004

init = 1193.823
res = 815.562
gap = 2.031

solution = [[0, 10, 7, 26, 20, 5], [0, 15, 8, 35, 2, 23, 34, 14, 28], [0, 21, 18, 22, 32, 13, 17, 30, 29, 33], [0, 12, 31, 19, 4, 3, 6, 9], [0, 16, 1, 24, 27, 25, 11]]


#################
lambda = 0.2
mu = 1.1
nu = 0.4

init = 1211.853
res = 815.562
gap = 2.031

solution = [[0, 10, 7, 26, 20, 5], [0, 15, 8, 35, 2, 23, 34, 14, 28], [0, 21, 18, 22, 32, 13, 17, 30, 29, 33], [0, 16, 1, 24, 27, 25, 11], [0, 12, 31, 19, 4, 3, 6, 9]]


#################
lambda = 0.2
mu = 1.1
nu = 0.7000000000000001

init = 1173.235
res = 810.071
gap = 1.367

solution = [[0, 10, 7, 26, 20, 5], [0, 15, 8, 35, 2, 23, 34, 14, 28], [0, 21, 18, 33, 29, 30, 17, 13, 32, 22, 1], [0, 12, 31, 19, 4, 3, 6, 9], [0, 25, 27, 24, 11, 16]]


#################
lambda = 0.2
mu = 1.1
nu = 0.8

init = 1177.097
res = 857.341
gap = 6.805

solution = [[0, 21, 22, 32, 18, 33, 29, 30, 17, 13], [0, 11, 25, 27, 24, 1, 16], [0, 15, 8, 35, 2, 4, 19, 31, 12], [0, 14, 34, 23, 6, 3, 28, 9], [0, 10, 7], [0, 5, 20, 26]]


#################
lambda = 0.2
mu = 1.1
nu = 1.1

init = 1173.739
res = 825.357
gap = 3.193

solution = [[0, 10, 7, 26, 20, 5], [0, 12, 31, 19, 4, 3, 6, 34], [0, 1, 21, 18, 22, 32, 13, 17, 30, 29, 33], [0, 25, 27, 24, 11, 16], [0, 9, 28, 14, 23, 2, 35, 8, 15]]


#################
lambda = 0.2
mu = 1.1
nu = 1.6

init = 1190.961
res = 810.071
gap = 1.367

solution = [[0, 10, 7, 26, 20, 5], [0, 15, 8, 35, 2, 23, 34, 14, 28], [0, 21, 18, 33, 29, 30, 17, 13, 32, 22, 1], [0, 12, 31, 19, 4, 3, 6, 9], [0, 25, 27, 24, 11, 16]]


#################
lambda = 0.2
mu = 1.2000000000000002
nu = 0.1

init = 1334.949
res = 810.071
gap = 1.367

solution = [[0, 10, 7, 26, 20, 5], [0, 21, 18, 33, 29, 30, 17, 13, 32, 22, 1], [0, 16, 11, 24, 27, 25], [0, 12, 31, 19, 4, 3, 6, 9], [0, 15, 8, 35, 2, 23, 34, 14, 28]]


#################
lambda = 0.2
mu = 1.2000000000000002
nu = 0.4

init = 1314.862
res = 810.071
gap = 1.367

solution = [[0, 10, 7, 26, 20, 5], [0, 15, 8, 35, 2, 23, 34, 14, 28], [0, 21, 18, 33, 29, 30, 17, 13, 32, 22, 1], [0, 12, 31, 19, 4, 3, 6, 9], [0, 25, 27, 24, 11, 16]]


#################
lambda = 0.2
mu = 1.3
nu = 0.1

init = 1428.86
res = 822.384
gap = 2.843

solution = [[0, 10, 7, 26, 20, 5], [0, 21, 22, 32, 18, 33, 29, 30, 17, 13], [0, 15, 8, 35, 2, 34, 28, 9], [0, 11, 25, 27, 24, 1, 16], [0, 12, 31, 19, 4, 3, 6, 23, 14]]


#################
lambda = 0.2
mu = 1.3
nu = 0.6000000000000001

init = 1428.061
res = 816.512
gap = 2.145

solution = [[0, 21, 18, 33, 29, 30, 17, 13, 32, 22, 1], [0, 10, 7, 26, 20, 5], [0, 16, 11, 24, 27, 25], [0, 15, 8, 35, 2, 23, 34, 14, 28], [0, 9, 12, 3, 6, 4, 19, 31]]


#################
lambda = 0.2
mu = 1.3
nu = 1.0

init = 1393.671
res = 810.071
gap = 1.367

solution = [[0, 10, 7, 26, 20, 5], [0, 15, 8, 35, 2, 23, 34, 14, 28], [0, 21, 18, 33, 29, 30, 17, 13, 32, 22, 1], [0, 12, 31, 19, 4, 3, 6, 9], [0, 25, 27, 24, 11, 16]]


#################
lambda = 0.2
mu = 1.4000000000000001
nu = 0.1

init = 1449.225
res = 809.026
gap = 1.239

solution = [[0, 1, 21, 18, 22, 32, 13, 17, 30, 29, 33], [0, 16, 11, 24, 27, 25, 5, 20], [0, 10, 7, 26], [0, 12, 31, 19, 4, 3, 6, 9], [0, 15, 8, 35, 2, 23, 34, 14, 28]]


#################
lambda = 0.2
mu = 1.4000000000000001
nu = 0.30000000000000004

init = 1387.283
res = 822.144
gap = 2.815

solution = [[0, 1, 21, 18, 22, 32, 13, 17, 30, 29, 33], [0, 15, 8, 35, 2, 34, 14, 9], [0, 12, 31, 19, 4, 3, 6, 23, 28], [0, 16, 11, 24, 27, 25, 5], [0, 26, 20, 7, 10]]


#################
lambda = 0.2
mu = 1.4000000000000001
nu = 0.4

init = 1424.394
res = 810.071
gap = 1.367

solution = [[0, 10, 7, 26, 20, 5], [0, 15, 8, 35, 2, 23, 34, 14, 28], [0, 21, 18, 33, 29, 30, 17, 13, 32, 22, 1], [0, 12, 31, 19, 4, 3, 6, 9], [0, 25, 27, 24, 11, 16]]


#################
lambda = 0.2
mu = 1.4000000000000001
nu = 1.2000000000000002

init = 1414.34
res = 840.45
gap = 4.932

solution = [[0, 10, 7, 26, 20, 5], [0, 15, 8, 35, 2, 34, 28, 12], [0, 21, 18, 22, 32, 13, 17, 30, 29, 33], [0, 9, 14, 23, 6, 3, 4, 19, 31], [0, 16, 1, 24, 27, 25, 11]]


#################
lambda = 0.2
mu = 1.4000000000000001
nu = 1.5

init = 1383.747
res = 835.57
gap = 4.377

solution = [[0, 10, 7, 26, 20, 5], [0, 1, 21, 18, 22, 32, 13, 17, 30, 29, 33], [0, 9, 12, 28, 14, 34], [0, 11, 25, 27, 24, 16], [0, 15, 8, 35, 2, 23, 6, 3, 4, 19, 31]]


#################
lambda = 0.2
mu = 1.5
nu = 0.1

init = 1386.247
res = 822.144
gap = 2.815

solution = [[0, 1, 21, 18, 22, 32, 13, 17, 30, 29, 33], [0, 15, 8, 35, 2, 34, 14, 9], [0, 12, 31, 19, 4, 3, 6, 23, 28], [0, 16, 11, 24, 27, 25, 5], [0, 26, 20, 7, 10]]


#################
lambda = 0.2
mu = 1.6
nu = 0.6000000000000001

init = 1413.304
res = 840.45
gap = 4.932

solution = [[0, 10, 7, 26, 20, 5], [0, 15, 8, 35, 2, 34, 28, 12], [0, 21, 18, 22, 32, 13, 17, 30, 29, 33], [0, 9, 14, 23, 6, 3, 4, 19, 31], [0, 16, 1, 24, 27, 25, 11]]


#################
lambda = 0.30000000000000004
mu = 0.1
nu = 0.1

init = 1136.112
res = 810.071
gap = 1.367

solution = [[0, 10, 7, 26, 20, 5], [0, 15, 8, 35, 2, 23, 34, 14, 28], [0, 21, 18, 33, 29, 30, 17, 13, 32, 22, 1], [0, 12, 31, 19, 4, 3, 6, 9], [0, 25, 27, 24, 11, 16]]


#################
lambda = 0.30000000000000004
mu = 0.1
nu = 0.30000000000000004

init = 1138.462
res = 822.002
gap = 2.798

solution = [[0, 15, 8, 35, 2, 23, 34, 14, 28], [0, 10, 7, 26, 20, 5], [0, 21, 18, 22, 32, 13, 17, 30, 29, 33], [0, 11, 25, 27, 24, 1, 16], [0, 9, 12, 3, 6, 4, 19, 31]]


#################
lambda = 0.30000000000000004
mu = 0.30000000000000004
nu = 0.1

init = 1143.581
res = 832.004
gap = 3.967

solution = [[0, 11, 25, 27, 24, 21, 18, 22, 1], [0, 10, 7, 26, 16], [0, 6, 3, 4, 19, 31, 33, 29, 30, 17, 13, 32], [0, 20, 9, 28, 12, 5], [0, 15, 8, 35, 2, 23, 34, 14]]


#################
lambda = 0.30000000000000004
mu = 0.5
nu = 0.1

init = 1050.85
res = 814.722
gap = 1.93

solution = [[0, 10, 7, 26, 20, 5], [0, 1, 22, 32, 13, 17, 30, 29, 33, 18, 21], [0, 12, 31, 19, 4, 3, 6, 23, 14], [0, 16, 11, 24, 27, 25], [0, 9, 28, 34, 2, 35, 8, 15]]


#################
lambda = 0.30000000000000004
mu = 0.9
nu = 1.9000000000000001

init = 1055.72
res = 875.183
gap = 8.705

solution = [[0, 26, 20, 2, 35, 8, 15, 7], [0, 5, 12, 4, 19, 31, 29, 33], [0, 14, 34, 23, 6, 3, 28, 9], [0, 10, 25, 11, 16], [0, 27, 24, 21, 18, 30, 17, 13, 32, 22, 1]]


#################
lambda = 0.30000000000000004
mu = 1.0
nu = 0.1

init = 1073.679
res = 809.026
gap = 1.239

solution = [[0, 1, 21, 18, 22, 32, 13, 17, 30, 29, 33], [0, 15, 8, 35, 2, 23, 34, 14, 28], [0, 20, 5, 25, 27, 24, 11, 16], [0, 12, 31, 19, 4, 3, 6, 9], [0, 10, 7, 26]]


#################
lambda = 0.30000000000000004
mu = 1.0
nu = 0.7000000000000001

init = 1073.985
res = 809.026
gap = 1.239

solution = [[0, 12, 31, 19, 4, 3, 6, 9], [0, 15, 8, 35, 2, 23, 34, 14, 28], [0, 1, 21, 18, 22, 32, 13, 17, 30, 29, 33], [0, 10, 7, 26], [0, 16, 11, 24, 27, 25, 5, 20]]


#################
lambda = 0.30000000000000004
mu = 1.1
nu = 0.5

init = 1077.542
res = 815.562
gap = 2.031

solution = [[0, 10, 7, 26, 20, 5], [0, 15, 8, 35, 2, 23, 34, 14, 28], [0, 21, 18, 22, 32, 13, 17, 30, 29, 33], [0, 11, 25, 27, 24, 1, 16], [0, 12, 31, 19, 4, 3, 6, 9]]


#################
lambda = 0.30000000000000004
mu = 1.1
nu = 1.0

init = 1144.706
res = 824.674
gap = 3.113

solution = [[0, 10, 7, 26, 20, 5], [0, 9, 6, 3, 4, 19, 31, 12], [0, 15, 8, 35, 2, 23, 34, 14, 28], [0, 16, 1, 22, 32, 13, 17, 30, 29, 33], [0, 11, 24, 21, 18, 27, 25]]


#################
lambda = 0.30000000000000004
mu = 1.1
nu = 1.1

init = 1140.843
res = 810.071
gap = 1.367

solution = [[0, 10, 7, 26, 20, 5], [0, 15, 8, 35, 2, 23, 34, 14, 28], [0, 21, 18, 33, 29, 30, 17, 13, 32, 22, 1], [0, 12, 31, 19, 4, 3, 6, 9], [0, 25, 27, 24, 11, 16]]


#################
lambda = 0.30000000000000004
mu = 1.1
nu = 1.2000000000000002

init = 1136.749
res = 810.071
gap = 1.367

solution = [[0, 10, 7, 26, 20, 5], [0, 21, 18, 33, 29, 30, 17, 13, 32, 22, 1], [0, 16, 11, 24, 27, 25], [0, 12, 31, 19, 4, 3, 6, 9], [0, 15, 8, 35, 2, 23, 34, 14, 28]]


#################
lambda = 0.30000000000000004
mu = 1.1
nu = 1.3

init = 1165.611
res = 834.602
gap = 4.266

solution = [[0, 10, 7, 26, 20, 5], [0, 9, 28, 14, 34, 23, 6, 3], [0, 21, 18, 33, 29, 30, 17, 13, 32, 22, 1], [0, 16, 11, 24, 27, 25], [0, 12, 31, 19, 4, 2, 35, 8, 15]]


#################
lambda = 0.30000000000000004
mu = 1.2000000000000002
nu = 0.1

init = 1196.815
res = 810.071
gap = 1.367

solution = [[0, 10, 7, 26, 20, 5], [0, 15, 8, 35, 2, 23, 34, 14, 28], [0, 21, 18, 33, 29, 30, 17, 13, 32, 22, 1], [0, 12, 31, 19, 4, 3, 6, 9], [0, 25, 27, 24, 11, 16]]


#################
lambda = 0.30000000000000004
mu = 1.2000000000000002
nu = 0.2

init = 1234.007
res = 810.071
gap = 1.367

solution = [[0, 10, 7, 26, 20, 5], [0, 1, 22, 32, 13, 17, 30, 29, 33, 18, 21], [0, 15, 8, 35, 2, 23, 34, 14, 28], [0, 12, 31, 19, 4, 3, 6, 9], [0, 25, 27, 24, 11, 16]]


#################
lambda = 0.30000000000000004
mu = 1.2000000000000002
nu = 0.30000000000000004

init = 1235.989
res = 820.213
gap = 2.586

solution = [[0, 10, 7, 26, 20, 5], [0, 15, 8, 35, 2, 34, 28, 9], [0, 21, 18, 22, 32, 13, 17, 30, 29, 33], [0, 12, 31, 19, 4, 3, 6, 23, 14], [0, 11, 25, 27, 24, 1, 16]]


#################
lambda = 0.30000000000000004
mu = 1.2000000000000002
nu = 1.1

init = 1273.436
res = 843.423
gap = 5.267

solution = [[0, 10, 7, 26], [0, 5, 14, 2, 35, 8, 15, 20], [0, 34, 23, 6, 3, 12, 28, 9], [0, 25, 27, 30, 17, 13, 32, 22, 24, 11], [0, 16, 1, 21, 18, 29, 33, 31, 19, 4]]


#################
lambda = 0.30000000000000004
mu = 1.2000000000000002
nu = 1.9000000000000001

init = 1241.929
res = 866.308
gap = 7.77

solution = [[0, 10, 7, 26, 16], [0, 5, 14, 2, 35, 8, 15, 20], [0, 34, 23, 6, 3, 4, 19, 31, 25], [0, 1, 24, 18, 22, 32, 13, 17, 30, 29, 33], [0, 9, 28, 12, 21, 27, 11]]


#################
lambda = 0.30000000000000004
mu = 1.3
nu = 0.6000000000000001

init = 1333.369
res = 811.042
gap = 1.485

solution = [[0, 21, 18, 33, 29, 30, 17, 13, 32, 22], [0, 10, 7, 26, 20, 5], [0, 15, 8, 35, 2, 23, 34, 14, 28], [0, 12, 31, 19, 4, 3, 6, 9], [0, 16, 1, 24, 27, 25, 11]]


#################
lambda = 0.30000000000000004
mu = 1.3
nu = 1.0

init = 1304.924
res = 815.693
gap = 2.046

solution = [[0, 21, 18, 33, 29, 30, 17, 13, 32, 22], [0, 10, 7, 26, 20, 5], [0, 15, 8, 35, 2, 34, 28, 9], [0, 12, 31, 19, 4, 3, 6, 23, 14], [0, 11, 25, 27, 24, 1, 16]]


#################
lambda = 0.30000000000000004
mu = 1.4000000000000001
nu = 0.1

init = 1383.387
res = 816.965
gap = 2.199

solution = [[0, 15, 8, 35, 2, 23, 34, 14, 28], [0, 1, 21, 18, 22, 32, 13, 17, 30, 29, 33], [0, 10, 7, 26, 20, 5], [0, 12, 31, 19, 4, 3, 6, 9], [0, 16, 11, 24, 27, 25]]


#################
lambda = 0.30000000000000004
mu = 1.4000000000000001
nu = 0.5

init = 1430.869
res = 810.071
gap = 1.367

solution = [[0, 10, 7, 26, 20, 5], [0, 15, 8, 35, 2, 23, 34, 14, 28], [0, 21, 18, 33, 29, 30, 17, 13, 32, 22, 1], [0, 12, 31, 19, 4, 3, 6, 9], [0, 25, 27, 24, 11, 16]]


#################
lambda = 0.30000000000000004
mu = 1.4000000000000001
nu = 1.6

init = 1418.235
res = 810.071
gap = 1.367

solution = [[0, 10, 7, 26, 20, 5], [0, 15, 8, 35, 2, 23, 34, 14, 28], [0, 21, 18, 33, 29, 30, 17, 13, 32, 22, 1], [0, 12, 31, 19, 4, 3, 6, 9], [0, 25, 27, 24, 11, 16]]


#################
lambda = 0.30000000000000004
mu = 1.4000000000000001
nu = 1.8

init = 1396.415
res = 821.378
gap = 2.724

solution = [[0, 21, 18, 22, 32, 13, 17, 30, 29, 33], [0, 10, 7, 26, 5, 20], [0, 12, 31, 19, 4, 3, 6, 9], [0, 15, 8, 35, 2, 23, 34, 14, 28], [0, 11, 25, 27, 24, 1, 16]]


#################
lambda = 0.30000000000000004
mu = 1.5
nu = 0.1

init = 1351.974
res = 821.575
gap = 2.748

solution = [[0, 21, 18, 33, 29, 30, 17, 13, 32, 22], [0, 28, 14, 34, 23, 2, 35, 8, 15], [0, 10, 7, 20, 5, 26], [0, 11, 25, 27, 24, 1, 16], [0, 9, 12, 3, 6, 4, 19, 31]]


#################
lambda = 0.30000000000000004
mu = 1.5
nu = 0.2

init = 1460.715
res = 810.071
gap = 1.367

solution = [[0, 10, 7, 26, 20, 5], [0, 15, 8, 35, 2, 23, 34, 14, 28], [0, 21, 18, 33, 29, 30, 17, 13, 32, 22, 1], [0, 12, 31, 19, 4, 3, 6, 9], [0, 25, 27, 24, 11, 16]]


#################
lambda = 0.30000000000000004
mu = 1.5
nu = 0.6000000000000001

init = 1455.681
res = 810.071
gap = 1.367

solution = [[0, 10, 7, 26, 20, 5], [0, 15, 8, 35, 2, 23, 34, 14, 28], [0, 21, 18, 33, 29, 30, 17, 13, 32, 22, 1], [0, 12, 31, 19, 4, 3, 6, 9], [0, 25, 27, 24, 11, 16]]


#################
lambda = 0.30000000000000004
mu = 1.6
nu = 0.1

init = 1423.133
res = 815.693
gap = 2.046

solution = [[0, 22, 32, 13, 17, 30, 29, 33, 18, 21], [0, 10, 7, 26, 20, 5], [0, 15, 8, 35, 2, 34, 28, 9], [0, 11, 25, 27, 24, 1, 16], [0, 12, 31, 19, 4, 3, 6, 23, 14]]


#################
lambda = 0.30000000000000004
mu = 1.6
nu = 0.5

init = 1361.191
res = 810.071
gap = 1.367

solution = [[0, 10, 7, 26, 20, 5], [0, 21, 18, 33, 29, 30, 17, 13, 32, 22, 1], [0, 16, 11, 24, 27, 25], [0, 12, 31, 19, 4, 3, 6, 9], [0, 15, 8, 35, 2, 23, 34, 14, 28]]


#################
lambda = 0.30000000000000004
mu = 1.6
nu = 0.6000000000000001

init = 1398.302
res = 810.071
gap = 1.367

solution = [[0, 1, 22, 32, 13, 17, 30, 29, 33, 18, 21], [0, 10, 7, 26, 20, 5], [0, 16, 11, 24, 27, 25], [0, 12, 31, 19, 4, 3, 6, 9], [0, 15, 8, 35, 2, 23, 34, 14, 28]]


#################
lambda = 0.30000000000000004
mu = 1.6
nu = 1.0

init = 1395.456
res = 829.019
gap = 3.621

solution = [[0, 10], [0, 1, 21, 18, 22, 32, 13, 17, 30, 29, 33], [0, 20, 5, 25, 27, 24, 11, 16], [0, 26, 7], [0, 12, 31, 19, 4, 3, 6, 9], [0, 15, 8, 35, 2, 23, 34, 14, 28]]


#################
lambda = 0.30000000000000004
mu = 1.6
nu = 1.2000000000000002

init = 1393.636
res = 843.908
gap = 5.321

solution = [[0, 9, 28, 14, 23, 2, 35, 8, 15], [0, 5, 20, 26], [0, 10, 7], [0, 12, 31, 19, 4, 3, 6, 34], [0, 21, 18, 33, 29, 30, 17, 13, 32, 22, 1], [0, 11, 25, 27, 24, 16]]


#################
lambda = 0.30000000000000004
mu = 1.6
nu = 1.8

init = 1383.582
res = 810.071
gap = 1.367

solution = [[0, 10, 7, 26, 20, 5], [0, 15, 8, 35, 2, 23, 34, 14, 28], [0, 21, 18, 33, 29, 30, 17, 13, 32, 22, 1], [0, 12, 31, 19, 4, 3, 6, 9], [0, 25, 27, 24, 11, 16]]


#################
lambda = 0.30000000000000004
mu = 1.7000000000000002
nu = 0.2

init = 1366.695
res = 815.562
gap = 2.031

solution = [[0, 10, 7, 26, 20, 5], [0, 21, 18, 22, 32, 13, 17, 30, 29, 33], [0, 15, 8, 35, 2, 23, 34, 14, 28], [0, 12, 31, 19, 4, 3, 6, 9], [0, 16, 1, 24, 27, 25, 11]]


#################
lambda = 0.30000000000000004
mu = 1.7000000000000002
nu = 1.0

init = 1358.346
res = 815.562
gap = 2.031

solution = [[0, 10, 7, 26, 20, 5], [0, 21, 18, 22, 32, 13, 17, 30, 29, 33], [0, 15, 8, 35, 2, 23, 34, 14, 28], [0, 12, 31, 19, 4, 3, 6, 9], [0, 16, 1, 24, 27, 25, 11]]


#################
lambda = 0.30000000000000004
mu = 1.7000000000000002
nu = 1.8

init = 1421.723
res = 810.071
gap = 1.367

solution = [[0, 10, 7, 26, 20, 5], [0, 1, 22, 32, 13, 17, 30, 29, 33, 18, 21], [0, 15, 8, 35, 2, 23, 34, 14, 28], [0, 12, 31, 19, 4, 3, 6, 9], [0, 25, 27, 24, 11, 16]]


#################
lambda = 0.30000000000000004
mu = 1.8
nu = 0.9

init = 1396.931
res = 815.562
gap = 2.031

solution = [[0, 10, 7, 26, 20, 5], [0, 15, 8, 35, 2, 23, 34, 14, 28], [0, 21, 18, 22, 32, 13, 17, 30, 29, 33], [0, 12, 31, 19, 4, 3, 6, 9], [0, 16, 1, 24, 27, 25, 11]]


#################
lambda = 0.30000000000000004
mu = 1.8
nu = 1.2000000000000002

init = 1385.402
res = 839.858
gap = 4.865

solution = [[0, 10, 7], [0, 26, 20, 5], [0, 15, 8, 35, 2, 23, 34, 14, 28], [0, 21, 18, 33, 29, 30, 17, 13, 32, 22, 1], [0, 9, 12, 3, 6, 4, 19, 31], [0, 25, 27, 24, 11, 16]]


#################
lambda = 0.30000000000000004
mu = 1.9000000000000001
nu = 0.9

init = 1393.751
res = 892.175
gap = 10.444

solution = [[0, 14, 34, 23, 6, 3, 4, 19, 31], [0, 21, 18, 22, 32, 13, 17, 30, 29, 33], [0, 25, 24, 27, 12, 28, 9], [0, 16, 1, 11], [0, 5, 20, 2, 35, 8, 15], [0, 10, 7, 26]]


#################
lambda = 0.4
mu = 0.1
nu = 0.1

init = 1162.746
res = 821.575
gap = 2.748

solution = [[0, 15, 8, 35, 2, 23, 34, 14, 28], [0, 21, 18, 33, 29, 30, 17, 13, 32, 22], [0, 26, 5, 20, 7, 10], [0, 11, 25, 27, 24, 1, 16], [0, 9, 12, 3, 6, 4, 19, 31]]


#################
lambda = 0.4
mu = 0.2
nu = 0.5

init = 1165.096
res = 815.562
gap = 2.031

solution = [[0, 10, 7, 26, 20, 5], [0, 15, 8, 35, 2, 23, 34, 14, 28], [0, 21, 18, 22, 32, 13, 17, 30, 29, 33], [0, 11, 25, 27, 24, 1, 16], [0, 12, 31, 19, 4, 3, 6, 9]]


#################
lambda = 0.4
mu = 0.2
nu = 1.6

init = 1069.618
res = 854.462
gap = 6.491

solution = [[0, 9, 12, 3, 6, 4, 19, 31], [0, 16, 1, 22, 32, 13, 17, 30, 29, 33], [0, 25, 27, 18, 21, 24, 11], [0, 15, 8, 35, 2, 23, 34, 14, 28], [0, 7, 10], [0, 5, 20, 26]]


#################
lambda = 0.4
mu = 0.30000000000000004
nu = 0.30000000000000004

init = 1070.015
res = 808.573
gap = 1.184

solution = [[0, 10, 7, 26], [0, 21, 18, 33, 29, 30, 17, 13, 32, 22, 1], [0, 20, 5, 25, 27, 24, 11, 16], [0, 9, 12, 3, 6, 4, 19, 31], [0, 15, 8, 35, 2, 23, 34, 14, 28]]


#################
lambda = 0.4
mu = 1.2000000000000002
nu = 0.1

init = 1081.401
res = 802.132
gap = 0.39

solution = [[0, 10, 7, 26], [0, 15, 8, 35, 2, 23, 34, 14, 28], [0, 12, 31, 19, 4, 3, 6, 9], [0, 21, 18, 33, 29, 30, 17, 13, 32, 22, 1], [0, 20, 5, 25, 27, 24, 11, 16]]


#################
lambda = 0.4
mu = 1.2000000000000002
nu = 0.2

init = 1116.156
res = 811.042
gap = 1.485

solution = [[0, 10, 7, 26, 20, 5], [0, 15, 8, 35, 2, 23, 34, 14, 28], [0, 21, 18, 33, 29, 30, 17, 13, 32, 22], [0, 11, 25, 27, 24, 1, 16], [0, 12, 31, 19, 4, 3, 6, 9]]


#################
lambda = 0.4
mu = 1.3
nu = 0.4

init = 1255.939
res = 815.562
gap = 2.031

solution = [[0, 10, 7, 26, 20, 5], [0, 21, 18, 22, 32, 13, 17, 30, 29, 33], [0, 15, 8, 35, 2, 23, 34, 14, 28], [0, 12, 31, 19, 4, 3, 6, 9], [0, 16, 1, 24, 27, 25, 11]]


#################
lambda = 0.4
mu = 1.5
nu = 0.1

init = 1440.43
res = 810.071
gap = 1.367

solution = [[0, 10, 7, 26, 20, 5], [0, 28, 14, 34, 23, 2, 35, 8, 15], [0, 21, 18, 33, 29, 30, 17, 13, 32, 22, 1], [0, 12, 31, 19, 4, 3, 6, 9], [0, 25, 27, 24, 11, 16]]


#################
lambda = 0.4
mu = 1.5
nu = 0.2

init = 1381.895
res = 809.026
gap = 1.239

solution = [[0, 1, 21, 18, 22, 32, 13, 17, 30, 29, 33], [0, 20, 5, 25, 27, 24, 11, 16], [0, 10, 7, 26], [0, 28, 14, 34, 23, 2, 35, 8, 15], [0, 12, 31, 19, 4, 3, 6, 9]]


#################
lambda = 0.4
mu = 1.6
nu = 0.1

init = 1413.196
res = 810.071
gap = 1.367

solution = [[0, 10, 7, 26, 20, 5], [0, 1, 22, 32, 13, 17, 30, 29, 33, 18, 21], [0, 15, 8, 35, 2, 23, 34, 14, 28], [0, 12, 31, 19, 4, 3, 6, 9], [0, 25, 27, 24, 11, 16]]


#################
lambda = 0.4
mu = 1.6
nu = 1.1

init = 1415.205
res = 815.562
gap = 2.031

solution = [[0, 10, 7, 26, 20, 5], [0, 21, 18, 22, 32, 13, 17, 30, 29, 33], [0, 15, 8, 35, 2, 23, 34, 14, 28], [0, 12, 31, 19, 4, 3, 6, 9], [0, 16, 1, 24, 27, 25, 11]]


#################
lambda = 0.4
mu = 1.6
nu = 1.8

init = 1380.051
res = 815.562
gap = 2.031

solution = [[0, 10, 7, 26, 20, 5], [0, 15, 8, 35, 2, 23, 34, 14, 28], [0, 21, 18, 22, 32, 13, 17, 30, 29, 33], [0, 11, 25, 27, 24, 1, 16], [0, 12, 31, 19, 4, 3, 6, 9]]


#################
lambda = 0.4
mu = 1.7000000000000002
nu = 0.1

init = 1423.204
res = 817.614
gap = 2.277

solution = [[0, 5, 20, 26, 7, 10], [0, 15, 8, 35, 2, 23, 34, 14, 28], [0, 12, 31, 19, 4, 3, 6, 9], [0, 11, 24, 21, 27, 25], [0, 16, 1, 22, 32, 13, 17, 30, 29, 33, 18]]


#################
lambda = 0.4
mu = 1.7000000000000002
nu = 1.3

init = 1400.617
res = 824.174
gap = 3.054

solution = [[0, 10, 7, 26, 20, 5], [0, 21, 22, 32, 18, 33, 29, 30, 17, 13], [0, 15, 8, 35, 2, 23, 34, 14, 28], [0, 11, 25, 27, 24, 1, 16], [0, 9, 12, 3, 6, 4, 19, 31]]


#################
lambda = 0.5
mu = 0.1
nu = 0.1

init = 1067.846
res = 835.514
gap = 4.37

solution = [[0, 15, 8, 35, 2, 23, 34, 14, 28], [0, 11, 25, 9, 5, 20, 26], [0, 10], [0, 7], [0, 12, 3, 6, 4, 19, 31, 29, 33, 27], [0, 24, 21, 18, 30, 17, 13, 32, 22, 1, 16]]


#################
lambda = 0.5
mu = 0.1
nu = 0.8

init = 1063.799
res = 810.071
gap = 1.367

solution = [[0, 10, 7, 26, 20, 5], [0, 21, 18, 33, 29, 30, 17, 13, 32, 22, 1], [0, 16, 11, 24, 27, 25], [0, 12, 31, 19, 4, 3, 6, 9], [0, 15, 8, 35, 2, 23, 34, 14, 28]]


#################
lambda = 0.5
mu = 1.2000000000000002
nu = 1.9000000000000001

init = 1168.97
res = 802.132
gap = 0.39

solution = [[0, 21, 18, 33, 29, 30, 17, 13, 32, 22, 1], [0, 16, 11, 24, 27, 25, 5, 20], [0, 15, 8, 35, 2, 23, 34, 14, 28], [0, 10, 7, 26], [0, 12, 31, 19, 4, 3, 6, 9]]


#################
lambda = 0.5
mu = 1.4000000000000001
nu = 0.1

init = 1238.443
res = 816.82
gap = 2.182

solution = [[0, 10, 7, 26, 20, 5], [0, 1, 22, 32, 13, 17, 30, 29, 33, 18, 21], [0, 11, 25, 27, 24, 16], [0, 12, 31, 19, 4, 3, 6, 23, 14], [0, 9, 28, 34, 2, 35, 8, 15]]


#################
lambda = 0.5
mu = 1.4000000000000001
nu = 0.6000000000000001

init = 1234.442
res = 810.071
gap = 1.367

solution = [[0, 10, 7, 26, 20, 5], [0, 15, 8, 35, 2, 23, 34, 14, 28], [0, 21, 18, 33, 29, 30, 17, 13, 32, 22, 1], [0, 12, 31, 19, 4, 3, 6, 9], [0, 25, 27, 24, 11, 16]]


#################
lambda = 0.5
mu = 1.4000000000000001
nu = 0.8

init = 1261.596
res = 816.512
gap = 2.145

solution = [[0, 15, 8, 35, 2, 23, 34, 14, 28], [0, 10, 7, 26, 20, 5], [0, 1, 22, 32, 13, 17, 30, 29, 33, 18, 21], [0, 9, 12, 3, 6, 4, 19, 31], [0, 25, 27, 24, 11, 16]]


#################
lambda = 0.5
mu = 1.4000000000000001
nu = 1.1

init = 1228.633
res = 820.81
gap = 2.657

solution = [[0, 12, 31, 19, 4, 3, 6, 23, 28], [0, 10, 7, 26, 20, 5], [0, 21, 18, 22, 32, 13, 17, 30, 29, 33], [0, 15, 8, 35, 2, 34, 14, 9], [0, 16, 1, 24, 27, 25, 11]]


#################
lambda = 0.5
mu = 1.4000000000000001
nu = 1.6

init = 1312.154
res = 810.071
gap = 1.367

solution = [[0, 10, 7, 26, 20, 5], [0, 15, 8, 35, 2, 23, 34, 14, 28], [0, 21, 18, 33, 29, 30, 17, 13, 32, 22, 1], [0, 12, 31, 19, 4, 3, 6, 9], [0, 25, 27, 24, 11, 16]]


#################
lambda = 0.5
mu = 1.5
nu = 0.1

init = 1329.709
res = 815.562
gap = 2.031

solution = [[0, 10, 7, 26, 20, 5], [0, 15, 8, 35, 2, 23, 34, 14, 28], [0, 21, 18, 22, 32, 13, 17, 30, 29, 33], [0, 11, 25, 27, 24, 1, 16], [0, 12, 31, 19, 4, 3, 6, 9]]


#################
lambda = 0.5
mu = 1.5
nu = 1.7000000000000002

init = 1270.861
res = 811.042
gap = 1.485

solution = [[0, 10, 7, 26, 20, 5], [0, 28, 14, 34, 23, 2, 35, 8, 15], [0, 22, 32, 13, 17, 30, 29, 33, 18, 21], [0, 12, 31, 19, 4, 3, 6, 9], [0, 16, 1, 24, 27, 25, 11]]


#################
lambda = 0.5
mu = 1.6
nu = 0.1

init = 1355.673
res = 815.562
gap = 2.031

solution = [[0, 10, 7, 26, 20, 5], [0, 21, 18, 22, 32, 13, 17, 30, 29, 33], [0, 9, 6, 3, 4, 19, 31, 12], [0, 15, 8, 35, 2, 23, 34, 14, 28], [0, 11, 25, 27, 24, 1, 16]]


#################
lambda = 0.5
mu = 1.6
nu = 1.0

init = 1347.853
res = 816.965
gap = 2.199

solution = [[0, 10, 7, 26, 20, 5], [0, 15, 8, 35, 2, 23, 34, 14, 28], [0, 1, 21, 18, 22, 32, 13, 17, 30, 29, 33], [0, 9, 6, 3, 4, 19, 31, 12], [0, 25, 27, 24, 11, 16]]


#################
lambda = 0.5
mu = 1.6
nu = 1.4000000000000001

init = 1362.194
res = 815.562
gap = 2.031

solution = [[0, 10, 7, 26, 20, 5], [0, 15, 8, 35, 2, 23, 34, 14, 28], [0, 21, 18, 22, 32, 13, 17, 30, 29, 33], [0, 12, 31, 19, 4, 3, 6, 9], [0, 11, 25, 27, 24, 1, 16]]


#################
lambda = 0.5
mu = 1.6
nu = 1.9000000000000001

init = 1321.287
res = 815.562
gap = 2.031

solution = [[0, 10, 7, 26, 20, 5], [0, 21, 18, 22, 32, 13, 17, 30, 29, 33], [0, 15, 8, 35, 2, 23, 34, 14, 28], [0, 12, 31, 19, 4, 3, 6, 9], [0, 16, 1, 24, 27, 25, 11]]


#################
lambda = 0.5
mu = 1.7000000000000002
nu = 0.1

init = 1384.278
res = 839.637
gap = 4.84

solution = [[0, 7, 10], [0, 21, 18, 33, 29, 30, 17, 13, 32, 22], [0, 26, 20, 5], [0, 15, 8, 35, 2, 34, 14, 9], [0, 12, 31, 19, 4, 3, 6, 23, 28], [0, 11, 25, 27, 24, 1, 16]]


#################
lambda = 0.5
mu = 1.7000000000000002
nu = 0.30000000000000004

init = 1353.592
res = 839.694
gap = 4.846

solution = [[0, 10, 7, 26, 20, 5], [0, 11, 24, 21, 18, 27, 25], [0, 16, 1, 22, 32, 13, 17, 30, 29, 33, 12], [0, 9, 28, 6, 3, 4, 19, 31], [0, 15, 8, 35, 2, 23, 34, 14]]


#################
lambda = 0.5
mu = 1.7000000000000002
nu = 1.1

init = 1410.035
res = 815.562
gap = 2.031

solution = [[0, 10, 7, 26, 20, 5], [0, 15, 8, 35, 2, 23, 34, 14, 28], [0, 21, 18, 22, 32, 13, 17, 30, 29, 33], [0, 11, 25, 27, 24, 1, 16], [0, 12, 31, 19, 4, 3, 6, 9]]


#################
lambda = 0.5
mu = 1.8
nu = 0.2

init = 1445.051
res = 815.562
gap = 2.031

solution = [[0, 10, 7, 26, 20, 5], [0, 15, 8, 35, 2, 23, 34, 14, 28], [0, 21, 18, 22, 32, 13, 17, 30, 29, 33], [0, 12, 31, 19, 4, 3, 6, 9], [0, 11, 25, 27, 24, 1, 16]]


#################
lambda = 0.5
mu = 1.8
nu = 1.2000000000000002

init = 1413.017
res = 815.562
gap = 2.031

solution = [[0, 10, 7, 26, 20, 5], [0, 21, 18, 22, 32, 13, 17, 30, 29, 33], [0, 15, 8, 35, 2, 23, 34, 14, 28], [0, 12, 31, 19, 4, 3, 6, 9], [0, 16, 1, 24, 27, 25, 11]]


#################
lambda = 0.5
mu = 1.8
nu = 1.6

init = 1440.018
res = 810.071
gap = 1.367

solution = [[0, 10, 7, 26, 20, 5], [0, 15, 8, 35, 2, 23, 34, 14, 28], [0, 21, 18, 33, 29, 30, 17, 13, 32, 22, 1], [0, 12, 31, 19, 4, 3, 6, 9], [0, 25, 27, 24, 11, 16]]


#################
lambda = 0.5
mu = 1.9000000000000001
nu = 0.1

init = 1338.539
res = 815.562
gap = 2.031

solution = [[0, 10, 7, 26, 20, 5], [0, 15, 8, 35, 2, 23, 34, 14, 28], [0, 21, 18, 22, 32, 13, 17, 30, 29, 33], [0, 11, 25, 27, 24, 1, 16], [0, 12, 31, 19, 4, 3, 6, 9]]


#################
lambda = 0.5
mu = 1.9000000000000001
nu = 0.6000000000000001

init = 1427.129
res = 815.562
gap = 2.031

solution = [[0, 10, 7, 26, 20, 5], [0, 15, 8, 35, 2, 23, 34, 14, 28], [0, 21, 18, 22, 32, 13, 17, 30, 29, 33], [0, 12, 31, 19, 4, 3, 6, 9], [0, 11, 25, 27, 24, 1, 16]]


#################
lambda = 0.5
mu = 1.9000000000000001
nu = 1.0

init = 1394.226
res = 849.406
gap = 5.934

solution = [[0, 15, 8, 35, 2, 23, 34, 14, 28], [0, 12, 3, 6, 4, 19, 31, 33, 29, 17, 13], [0, 7], [0, 5, 11, 25, 9, 20, 26], [0, 10], [0, 27, 18, 30, 32, 22, 21, 24, 1, 16]]


#################
lambda = 0.6000000000000001
mu = 0.1
nu = 0.1

init = 1035.182
res = 815.562
gap = 2.031

solution = [[0, 10, 7, 26, 20, 5], [0, 15, 8, 35, 2, 23, 34, 14, 28], [0, 21, 18, 22, 32, 13, 17, 30, 29, 33], [0, 11, 25, 27, 24, 1, 16], [0, 12, 31, 19, 4, 3, 6, 9]]


#################
lambda = 0.6000000000000001
mu = 0.1
nu = 1.9000000000000001

init = 1155.134
res = 815.562
gap = 2.031

solution = [[0, 10, 7, 26, 20, 5], [0, 15, 8, 35, 2, 23, 34, 14, 28], [0, 21, 18, 22, 32, 13, 17, 30, 29, 33], [0, 12, 31, 19, 4, 3, 6, 9], [0, 11, 25, 27, 24, 1, 16]]


#################
lambda = 0.6000000000000001
mu = 0.2
nu = 0.1

init = 1042.863
res = 836.557
gap = 4.489

solution = [[0, 11, 24, 21, 18, 30, 17, 13, 32, 22, 1], [0, 28, 6, 3, 4, 19, 31, 29, 33, 27], [0, 15, 8, 35, 2, 23, 34, 14, 16], [0, 26, 7, 10], [0, 25, 12, 9, 20, 5]]


#################
lambda = 0.6000000000000001
mu = 0.2
nu = 0.8

init = 1062.027
res = 809.026
gap = 1.239

solution = [[0, 10, 7, 26], [0, 16, 11, 24, 27, 25, 5, 20], [0, 1, 21, 18, 22, 32, 13, 17, 30, 29, 33], [0, 12, 31, 19, 4, 3, 6, 9], [0, 15, 8, 35, 2, 23, 34, 14, 28]]


#################
lambda = 0.6000000000000001
mu = 0.30000000000000004
nu = 0.1

init = 1048.681
res = 827.637
gap = 3.46

solution = [[0, 10, 7, 26, 20, 5], [0, 1, 22, 32, 13, 17, 30, 29, 33, 18, 21], [0, 25, 27, 24, 11, 16], [0, 15, 8, 35, 2, 34, 14, 9], [0, 28, 12, 3, 6, 23, 4, 19, 31]]


#################
lambda = 0.6000000000000001
mu = 1.1
nu = 0.7000000000000001

init = 1110.268
res = 816.965
gap = 2.199

solution = [[0, 1, 21, 18, 22, 32, 13, 17, 30, 29, 33], [0, 15, 8, 35, 2, 23, 34, 14, 28], [0, 10, 7, 26, 20, 5], [0, 12, 31, 19, 4, 3, 6, 9], [0, 16, 11, 24, 27, 25]]


#################
lambda = 0.6000000000000001
mu = 1.5
nu = 0.1

init = 1223.762
res = 816.512
gap = 2.145

solution = [[0, 10, 7, 26, 20, 5], [0, 28, 14, 34, 23, 2, 35, 8, 15], [0, 9, 12, 3, 6, 4, 19, 31], [0, 21, 18, 33, 29, 30, 17, 13, 32, 22, 1], [0, 16, 11, 24, 27, 25]]


#################
lambda = 0.6000000000000001
mu = 1.5
nu = 0.7000000000000001

init = 1227.08
res = 815.693
gap = 2.046

solution = [[0, 10, 7, 26, 20, 5], [0, 21, 18, 33, 29, 30, 17, 13, 32, 22], [0, 15, 8, 35, 2, 34, 28, 9], [0, 12, 31, 19, 4, 3, 6, 23, 14], [0, 11, 25, 27, 24, 1, 16]]


#################
lambda = 0.6000000000000001
mu = 1.5
nu = 1.2000000000000002

init = 1296.341
res = 811.042
gap = 1.485

solution = [[0, 28, 14, 34, 23, 2, 35, 8, 15], [0, 10, 7, 26, 20, 5], [0, 22, 32, 13, 17, 30, 29, 33, 18, 21], [0, 12, 31, 19, 4, 3, 6, 9], [0, 16, 1, 24, 27, 25, 11]]


#################
lambda = 0.6000000000000001
mu = 1.5
nu = 1.3

init = 1298.473
res = 816.895
gap = 2.191

solution = [[0, 1, 21, 18, 22, 32, 13, 17, 30, 29, 33], [0, 16, 11, 24, 27, 25, 5], [0, 26, 20, 7, 10], [0, 12, 31, 19, 4, 3, 6, 9], [0, 28, 14, 34, 23, 2, 35, 8, 15]]


#################
lambda = 0.6000000000000001
mu = 1.5
nu = 1.4000000000000001

init = 1321.481
res = 816.965
gap = 2.199

solution = [[0, 10, 7, 26, 20, 5], [0, 15, 8, 35, 2, 23, 34, 14, 28], [0, 1, 21, 18, 22, 32, 13, 17, 30, 29, 33], [0, 12, 31, 19, 4, 3, 6, 9], [0, 16, 11, 24, 27, 25]]


#################
lambda = 0.6000000000000001
mu = 1.5
nu = 1.8

init = 1340.447
res = 815.562
gap = 2.031

solution = [[0, 10, 7, 26, 20, 5], [0, 15, 8, 35, 2, 23, 34, 14, 28], [0, 21, 18, 22, 32, 13, 17, 30, 29, 33], [0, 12, 31, 19, 4, 3, 6, 9], [0, 16, 1, 24, 27, 25, 11]]


#################
lambda = 0.6000000000000001
mu = 1.6
nu = 0.1

init = 1313.262
res = 866.474
gap = 7.787

solution = [[0, 14, 34, 23, 6, 3, 4, 19, 31], [0, 9, 28, 12, 33, 29, 30, 17, 13], [0, 27, 24, 21, 18, 32, 22, 1, 16], [0, 7, 15, 8, 35, 2, 20], [0, 11, 25, 5, 26, 10]]


#################
lambda = 0.6000000000000001
mu = 1.6
nu = 0.2

init = 1318.501
res = 826.332
gap = 3.308

solution = [[0, 1, 22, 32, 13, 17, 30, 29, 33, 18, 21], [0, 14, 34, 23, 6, 3, 28, 9], [0, 12, 31, 19, 4, 2, 35, 8, 15], [0, 10, 7, 26, 20, 5], [0, 16, 11, 24, 27, 25]]


#################
lambda = 0.6000000000000001
mu = 1.6
nu = 0.4

init = 1336.131
res = 832.069
gap = 3.974

solution = [[0, 10, 7, 26, 20, 5], [0, 15, 8, 35, 2, 23, 6, 3, 4, 19, 31], [0, 21, 18, 22, 32, 13, 17, 30, 29, 33], [0, 16, 1, 24, 27, 25, 11], [0, 34, 14, 28, 12, 9]]


#################
lambda = 0.6000000000000001
mu = 1.7000000000000002
nu = 0.1

init = 1326.795
res = 815.693
gap = 2.046

solution = [[0, 10, 7, 26, 20, 5], [0, 21, 18, 33, 29, 30, 17, 13, 32, 22], [0, 11, 25, 27, 24, 1, 16], [0, 15, 8, 35, 2, 34, 28, 9], [0, 12, 31, 19, 4, 3, 6, 23, 14]]


#################
lambda = 0.6000000000000001
mu = 1.7000000000000002
nu = 0.30000000000000004

init = 1324.587
res = 811.042
gap = 1.485

solution = [[0, 10, 7, 26, 20, 5], [0, 15, 8, 35, 2, 23, 34, 14, 28], [0, 21, 18, 33, 29, 30, 17, 13, 32, 22], [0, 11, 25, 27, 24, 1, 16], [0, 12, 31, 19, 4, 3, 6, 9]]


#################
lambda = 0.6000000000000001
mu = 1.7000000000000002
nu = 0.5

init = 1327.241
res = 816.965
gap = 2.199

solution = [[0, 28, 14, 34, 23, 2, 35, 8, 15], [0, 10, 7, 26, 20, 5], [0, 1, 21, 18, 22, 32, 13, 17, 30, 29, 33], [0, 12, 31, 19, 4, 3, 6, 9], [0, 16, 11, 24, 27, 25]]


#################
lambda = 0.6000000000000001
mu = 1.7000000000000002
nu = 1.1

init = 1314.765
res = 828.608
gap = 3.573

solution = [[0, 10, 7, 26, 20, 5], [0, 15, 8, 35, 2, 34, 14, 9], [0, 21, 18, 33, 29, 30, 17, 13, 32, 22], [0, 28, 12, 3, 6, 23, 4, 19, 31], [0, 11, 25, 27, 24, 1, 16]]


#################
lambda = 0.6000000000000001
mu = 1.7000000000000002
nu = 1.3

init = 1306.946
res = 820.81
gap = 2.657

solution = [[0, 21, 18, 22, 32, 13, 17, 30, 29, 33], [0, 11, 25, 27, 24, 1, 16], [0, 10, 7, 26, 20, 5], [0, 15, 8, 35, 2, 34, 14, 9], [0, 28, 23, 6, 3, 4, 19, 31, 12]]


#################
lambda = 0.6000000000000001
mu = 1.8
nu = 0.1

init = 1338.806
res = 810.071
gap = 1.367

solution = [[0, 10, 7, 26, 20, 5], [0, 15, 8, 35, 2, 23, 34, 14, 28], [0, 21, 18, 33, 29, 30, 17, 13, 32, 22, 1], [0, 12, 31, 19, 4, 3, 6, 9], [0, 25, 27, 24, 11, 16]]


#################
lambda = 0.6000000000000001
mu = 1.8
nu = 0.2

init = 1319.053
res = 849.262
gap = 5.918

solution = [[0, 21, 18, 33, 29, 30, 17, 13, 32, 22, 1], [0, 10], [0, 15, 8, 35, 2, 23, 34, 12], [0, 9, 28, 14, 6, 3, 4, 19, 31], [0, 7, 26], [0, 20, 5, 25, 27, 24, 11, 16]]


#################
lambda = 0.6000000000000001
mu = 1.8
nu = 0.7000000000000001

init = 1364.526
res = 816.965
gap = 2.199

solution = [[0, 10, 7, 26, 20, 5], [0, 1, 21, 18, 22, 32, 13, 17, 30, 29, 33], [0, 15, 8, 35, 2, 23, 34, 14, 28], [0, 12, 31, 19, 4, 3, 6, 9], [0, 16, 11, 24, 27, 25]]


#################
lambda = 0.6000000000000001
mu = 1.8
nu = 1.0

init = 1363.283
res = 845.515
gap = 5.501

solution = [[0, 12, 31, 19, 4, 3, 6, 9], [0, 28, 14, 34, 23, 2, 35, 8, 15], [0, 25, 27, 21, 24, 11], [0, 16, 1, 22, 18, 32, 13, 17, 30, 29, 33], [0, 10, 7], [0, 5, 20, 26]]


#################
lambda = 0.6000000000000001
mu = 1.8
nu = 1.3

init = 1375.2
res = 815.134
gap = 1.979

solution = [[0, 15, 8, 35, 2, 23, 34, 14, 28], [0, 21, 18, 33, 29, 30, 17, 13, 32, 22], [0, 10, 7, 20, 5, 26], [0, 9, 6, 3, 4, 19, 31, 12], [0, 11, 25, 27, 24, 1, 16]]


#################
lambda = 0.6000000000000001
mu = 1.8
nu = 1.8

init = 1443.706
res = 822.002
gap = 2.798

solution = [[0, 28, 14, 34, 23, 2, 35, 8, 15], [0, 10, 7, 26, 20, 5], [0, 21, 18, 22, 32, 13, 17, 30, 29, 33], [0, 11, 25, 27, 24, 1, 16], [0, 9, 12, 3, 6, 4, 19, 31]]


#################
lambda = 0.6000000000000001
mu = 1.9000000000000001
nu = 0.9

init = 1400.244
res = 822.002
gap = 2.798

solution = [[0, 10, 7, 26, 20, 5], [0, 28, 14, 34, 23, 2, 35, 8, 15], [0, 21, 18, 22, 32, 13, 17, 30, 29, 33], [0, 11, 25, 27, 24, 1, 16], [0, 9, 12, 3, 6, 4, 19, 31]]


#################
lambda = 0.6000000000000001
mu = 1.9000000000000001
nu = 1.3

init = 1394.335
res = 827.549
gap = 3.45

solution = [[0, 5, 20, 26, 7, 10], [0, 15, 8, 35, 2, 23, 6, 3, 4, 19, 31], [0, 9, 12, 28, 14, 34], [0, 21, 18, 33, 29, 30, 17, 13, 32, 22], [0, 11, 25, 27, 24, 1, 16]]


#################
lambda = 0.6000000000000001
mu = 1.9000000000000001
nu = 1.7000000000000002

init = 1391.353
res = 827.637
gap = 3.46

solution = [[0, 10, 7, 26, 20, 5], [0, 15, 8, 35, 2, 34, 14, 9], [0, 1, 22, 32, 13, 17, 30, 29, 33, 18, 21], [0, 28, 12, 3, 6, 23, 4, 19, 31], [0, 25, 27, 24, 11, 16]]


#################
lambda = 0.7000000000000001
mu = 0.1
nu = 0.1

init = 1026.669
res = 810.071
gap = 1.367

solution = [[0, 10, 7, 26, 20, 5], [0, 15, 8, 35, 2, 23, 34, 14, 28], [0, 21, 18, 33, 29, 30, 17, 13, 32, 22, 1], [0, 12, 31, 19, 4, 3, 6, 9], [0, 25, 27, 24, 11, 16]]


#################
lambda = 0.7000000000000001
mu = 0.1
nu = 0.5

init = 1013.973
res = 810.071
gap = 1.367

solution = [[0, 21, 18, 33, 29, 30, 17, 13, 32, 22, 1], [0, 12, 31, 19, 4, 3, 6, 9], [0, 15, 8, 35, 2, 23, 34, 14, 28], [0, 16, 11, 24, 27, 25], [0, 5, 20, 26, 7, 10]]


#################
lambda = 0.7000000000000001
mu = 0.1
nu = 1.8

init = 1041.518
res = 822.195
gap = 2.821

solution = [[0, 10, 7, 26], [0, 15, 8, 35, 2, 23, 34, 14, 28], [0, 11, 27, 24, 21, 18, 22, 1, 16], [0, 32, 13, 17, 30, 29, 33, 31, 19, 4, 3, 6], [0, 25, 12, 9, 20, 5]]


#################
lambda = 0.7000000000000001
mu = 0.2
nu = 1.4000000000000001

init = 1046.473
res = 810.071
gap = 1.367

solution = [[0, 10, 7, 26, 20, 5], [0, 15, 8, 35, 2, 23, 34, 14, 28], [0, 21, 18, 33, 29, 30, 17, 13, 32, 22, 1], [0, 12, 31, 19, 4, 3, 6, 9], [0, 25, 27, 24, 11, 16]]


#################
lambda = 0.7000000000000001
mu = 0.2
nu = 1.5

init = 1065.638
res = 810.071
gap = 1.367

solution = [[0, 10, 7, 26, 20, 5], [0, 15, 8, 35, 2, 23, 34, 14, 28], [0, 21, 18, 33, 29, 30, 17, 13, 32, 22, 1], [0, 12, 31, 19, 4, 3, 6, 9], [0, 25, 27, 24, 11, 16]]


#################
lambda = 0.7000000000000001
mu = 0.2
nu = 1.8

init = 1034.842
res = 809.026
gap = 1.239

solution = [[0, 1, 21, 18, 22, 32, 13, 17, 30, 29, 33], [0, 16, 11, 24, 27, 25, 5, 20], [0, 15, 8, 35, 2, 23, 34, 14, 28], [0, 12, 31, 19, 4, 3, 6, 9], [0, 10, 7, 26]]


#################
lambda = 0.7000000000000001
mu = 0.30000000000000004
nu = 0.1

init = 1030.277
res = 816.965
gap = 2.199

solution = [[0, 5, 20, 26, 7, 10], [0, 28, 14, 34, 23, 2, 35, 8, 15], [0, 1, 21, 18, 22, 32, 13, 17, 30, 29, 33], [0, 25, 27, 24, 11, 16], [0, 12, 31, 19, 4, 3, 6, 9]]


#################
lambda = 0.7000000000000001
mu = 0.30000000000000004
nu = 0.9

init = 1057.481
res = 823.714
gap = 3.0

solution = [[0, 10, 7, 26, 20, 5], [0, 12, 31, 19, 4, 3, 6, 23, 14], [0, 15, 8, 35, 2, 34, 28, 9], [0, 1, 21, 18, 22, 32, 13, 17, 30, 29, 33], [0, 11, 25, 27, 24, 16]]


#################
lambda = 0.7000000000000001
mu = 1.1
nu = 1.8

init = 1110.574
res = 810.071
gap = 1.367

solution = [[0, 10, 7, 26, 20, 5], [0, 15, 8, 35, 2, 23, 34, 14, 28], [0, 21, 18, 33, 29, 30, 17, 13, 32, 22, 1], [0, 12, 31, 19, 4, 3, 6, 9], [0, 25, 27, 24, 11, 16]]


#################
lambda = 0.7000000000000001
mu = 1.2000000000000002
nu = 1.9000000000000001

init = 1114.13
res = 809.026
gap = 1.239

solution = [[0, 1, 21, 18, 22, 32, 13, 17, 30, 29, 33], [0, 20, 5, 25, 27, 24, 11, 16], [0, 10, 7, 26], [0, 12, 31, 19, 4, 3, 6, 9], [0, 15, 8, 35, 2, 23, 34, 14, 28]]


#################
lambda = 0.7000000000000001
mu = 1.3
nu = 0.1

init = 1095.637
res = 840.83
gap = 4.975

solution = [[0, 21, 18, 33, 29, 30, 17, 13, 32, 22], [0, 15, 8, 35, 2, 23, 34, 14, 28], [0, 26, 20, 5], [0, 7, 10], [0, 11, 25, 27, 24, 1, 16], [0, 9, 12, 3, 6, 4, 19, 31]]


#################
lambda = 0.7000000000000001
mu = 1.3
nu = 1.2000000000000002

init = 1130.392
res = 815.562
gap = 2.031

solution = [[0, 10, 7, 26, 20, 5], [0, 21, 18, 22, 32, 13, 17, 30, 29, 33], [0, 9, 6, 3, 4, 19, 31, 12], [0, 15, 8, 35, 2, 23, 34, 14, 28], [0, 11, 25, 27, 24, 1, 16]]


#################
lambda = 0.7000000000000001
mu = 1.4000000000000001
nu = 1.8

init = 1223.983
res = 810.071
gap = 1.367

solution = [[0, 10, 7, 26, 20, 5], [0, 21, 18, 33, 29, 30, 17, 13, 32, 22, 1], [0, 16, 11, 24, 27, 25], [0, 12, 31, 19, 4, 3, 6, 9], [0, 15, 8, 35, 2, 23, 34, 14, 28]]


#################
lambda = 0.7000000000000001
mu = 1.6
nu = 0.1

init = 1295.467
res = 816.965
gap = 2.199

solution = [[0, 10, 7, 26, 20, 5], [0, 15, 8, 35, 2, 23, 34, 14, 28], [0, 1, 21, 18, 22, 32, 13, 17, 30, 29, 33], [0, 12, 31, 19, 4, 3, 6, 9], [0, 16, 11, 24, 27, 25]]


#################
lambda = 0.7000000000000001
mu = 1.6
nu = 0.5

init = 1298.529
res = 823.405
gap = 2.964

solution = [[0, 10, 7, 26, 20, 5], [0, 28, 14, 34, 23, 2, 35, 8, 15], [0, 1, 21, 18, 22, 32, 13, 17, 30, 29, 33], [0, 16, 11, 24, 27, 25], [0, 9, 12, 3, 6, 4, 19, 31]]


#################
lambda = 0.7000000000000001
mu = 1.6
nu = 0.8

init = 1217.143
res = 815.562
gap = 2.031

solution = [[0, 10, 7, 26, 20, 5], [0, 15, 8, 35, 2, 23, 34, 14, 28], [0, 21, 18, 22, 32, 13, 17, 30, 29, 33], [0, 12, 31, 19, 4, 3, 6, 9], [0, 11, 25, 27, 24, 1, 16]]


#################
lambda = 0.7000000000000001
mu = 1.6
nu = 0.9

init = 1219.998
res = 827.637
gap = 3.46

solution = [[0, 10, 7, 26, 20, 5], [0, 1, 22, 32, 13, 17, 30, 29, 33, 18, 21], [0, 25, 27, 24, 11, 16], [0, 15, 8, 35, 2, 34, 14, 9], [0, 28, 12, 3, 6, 23, 4, 19, 31]]


#################
lambda = 0.7000000000000001
mu = 1.6
nu = 1.2000000000000002

init = 1222.13
res = 824.005
gap = 3.035

solution = [[0, 25, 27, 18, 22, 21, 24, 11], [0, 10, 7, 26], [0, 15, 8, 35, 2, 34, 14, 20], [0, 16, 1, 32, 13, 17, 30, 29, 33, 31, 19, 4], [0, 12, 3, 6, 23, 28, 9, 5]]


#################
lambda = 0.7000000000000001
mu = 1.6
nu = 1.7000000000000002

init = 1338.27
res = 815.562
gap = 2.031

solution = [[0, 10, 7, 26, 20, 5], [0, 15, 8, 35, 2, 23, 34, 14, 28], [0, 21, 18, 22, 32, 13, 17, 30, 29, 33], [0, 12, 31, 19, 4, 3, 6, 9], [0, 16, 1, 24, 27, 25, 11]]


#################
lambda = 0.7000000000000001
mu = 1.8
nu = 0.1

init = 1232.816
res = 822.002
gap = 2.798

solution = [[0, 10, 7, 26, 20, 5], [0, 9, 12, 3, 6, 4, 19, 31], [0, 15, 8, 35, 2, 23, 34, 14, 28], [0, 21, 18, 22, 32, 13, 17, 30, 29, 33], [0, 16, 1, 24, 27, 25, 11]]


#################
lambda = 0.7000000000000001
mu = 1.8
nu = 0.2

init = 1231.922
res = 822.002
gap = 2.798

solution = [[0, 15, 8, 35, 2, 23, 34, 14, 28], [0, 9, 12, 3, 6, 4, 19, 31], [0, 10, 7, 26, 20, 5], [0, 21, 18, 22, 32, 13, 17, 30, 29, 33], [0, 16, 1, 24, 27, 25, 11]]


#################
lambda = 0.7000000000000001
mu = 1.8
nu = 1.1

init = 1343.828
res = 823.405
gap = 2.964

solution = [[0, 9, 12, 3, 6, 4, 19, 31], [0, 28, 14, 34, 23, 2, 35, 8, 15], [0, 1, 21, 18, 22, 32, 13, 17, 30, 29, 33], [0, 16, 11, 24, 27, 25], [0, 5, 20, 26, 7, 10]]


#################
lambda = 0.7000000000000001
mu = 1.8
nu = 1.6

init = 1353.756
res = 820.213
gap = 2.586

solution = [[0, 10, 7, 26, 20, 5], [0, 21, 18, 22, 32, 13, 17, 30, 29, 33], [0, 15, 8, 35, 2, 34, 28, 9], [0, 11, 25, 27, 24, 1, 16], [0, 12, 31, 19, 4, 3, 6, 23, 14]]


#################
lambda = 0.7000000000000001
mu = 1.8
nu = 1.8

init = 1335.193
res = 811.042
gap = 1.485

solution = [[0, 10, 7, 26, 20, 5], [0, 21, 18, 33, 29, 30, 17, 13, 32, 22], [0, 15, 8, 35, 2, 23, 34, 14, 28], [0, 11, 25, 27, 24, 1, 16], [0, 12, 31, 19, 4, 3, 6, 9]]


#################
lambda = 0.7000000000000001
mu = 1.9000000000000001
nu = 0.1

init = 1379.537
res = 830.359
gap = 3.777

solution = [[0, 10, 7, 26, 5], [0, 6, 3, 4, 19, 31, 33, 29, 30, 17, 13, 32], [0, 11, 27, 24, 21, 18, 22, 1, 16], [0, 20, 9, 28, 12, 25], [0, 14, 34, 23, 2, 35, 8, 15]]


#################
lambda = 0.7000000000000001
mu = 1.9000000000000001
nu = 1.1

init = 1425.303
res = 822.213
gap = 2.823

solution = [[0, 10, 7, 26, 20, 5], [0, 12, 31, 19, 4, 3, 6, 23, 28], [0, 1, 21, 18, 22, 32, 13, 17, 30, 29, 33], [0, 9, 14, 34, 2, 35, 8, 15], [0, 25, 27, 24, 11, 16]]


#################
lambda = 0.7000000000000001
mu = 1.9000000000000001
nu = 1.8

init = 1314.48
res = 815.693
gap = 2.046

solution = [[0, 10, 7, 26, 20, 5], [0, 15, 8, 35, 2, 34, 28, 9], [0, 22, 32, 13, 17, 30, 29, 33, 18, 21], [0, 12, 31, 19, 4, 3, 6, 23, 14], [0, 16, 1, 24, 27, 25, 11]]


#################
lambda = 0.8
mu = 0.2
nu = 0.1

init = 1020.664
res = 816.512
gap = 2.145

solution = [[0, 10, 7, 26, 20, 5], [0, 28, 14, 34, 23, 2, 35, 8, 15], [0, 9, 12, 3, 6, 4, 19, 31], [0, 21, 18, 33, 29, 30, 17, 13, 32, 22, 1], [0, 16, 11, 24, 27, 25]]


#################
lambda = 0.8
mu = 0.5
nu = 0.1

init = 1040.579
res = 820.213
gap = 2.586

solution = [[0, 10, 7, 26, 20, 5], [0, 15, 8, 35, 2, 34, 28, 9], [0, 21, 18, 22, 32, 13, 17, 30, 29, 33], [0, 12, 31, 19, 4, 3, 6, 23, 14], [0, 11, 25, 27, 24, 1, 16]]


#################
lambda = 0.8
mu = 1.4000000000000001
nu = 0.1

init = 1095.634
res = 817.483
gap = 2.261

solution = [[0, 10, 7, 26, 20, 5], [0, 28, 14, 34, 23, 2, 35, 8, 15], [0, 21, 18, 33, 29, 30, 17, 13, 32, 22], [0, 11, 25, 27, 24, 1, 16], [0, 9, 12, 3, 6, 4, 19, 31]]


#################
lambda = 0.8
mu = 1.4000000000000001
nu = 0.2

init = 1099.496
res = 832.069
gap = 3.974

solution = [[0, 5, 20, 26, 7, 10], [0, 21, 18, 22, 32, 13, 17, 30, 29, 33], [0, 31, 19, 4, 3, 6, 23, 2, 35, 8, 15], [0, 11, 25, 27, 24, 1, 16], [0, 9, 12, 28, 14, 34]]


#################
lambda = 0.8
mu = 1.4000000000000001
nu = 0.4

init = 1134.251
res = 811.042
gap = 1.485

solution = [[0, 15, 8, 35, 2, 23, 34, 14, 28], [0, 21, 18, 33, 29, 30, 17, 13, 32, 22], [0, 5, 20, 26, 7, 10], [0, 12, 31, 19, 4, 3, 6, 9], [0, 11, 25, 27, 24, 1, 16]]


#################
lambda = 0.8
mu = 1.4000000000000001
nu = 0.9

init = 1199.524
res = 881.336
gap = 9.342

solution = [[0, 9, 28, 12, 27, 24, 11, 1, 16], [0, 14, 34, 23, 6, 3, 4, 19, 31], [0, 21, 18, 22, 32, 13, 17, 30, 29, 33], [0, 10], [0, 7, 26], [0, 25, 5, 20, 2, 35, 8, 15]]


#################
lambda = 0.8
mu = 1.6
nu = 0.30000000000000004

init = 1190.889
res = 802.132
gap = 0.39

solution = [[0, 28, 14, 34, 23, 2, 35, 8, 15], [0, 10, 7, 26], [0, 1, 22, 32, 13, 17, 30, 29, 33, 18, 21], [0, 12, 31, 19, 4, 3, 6, 9], [0, 16, 11, 24, 27, 25, 5, 20]]


#################
lambda = 0.8
mu = 1.7000000000000002
nu = 0.1

init = 1209.604
res = 863.081
gap = 7.425

solution = [[0, 9, 14, 34, 2, 35, 8, 15], [0, 28, 12, 3, 6, 23, 4, 19, 31], [0, 10, 7], [0, 5, 20, 26], [0, 25, 27, 21, 24, 11], [0, 16, 1, 22, 18, 32, 13, 17, 30, 29, 33]]


#################
lambda = 0.8
mu = 1.7000000000000002
nu = 0.2

init = 1204.617
res = 836.161
gap = 4.444

solution = [[0, 21, 18, 22, 32, 13, 17, 30, 29, 33], [0, 15, 8, 35, 2, 23, 6, 3, 4, 19, 31], [0, 26, 5, 20, 7, 10], [0, 11, 25, 27, 24, 1, 16], [0, 9, 12, 28, 14, 34]]


#################
lambda = 0.8
mu = 1.7000000000000002
nu = 0.7000000000000001

init = 1218.178
res = 815.562
gap = 2.031

solution = [[0, 21, 18, 22, 32, 13, 17, 30, 29, 33], [0, 5, 20, 26, 7, 10], [0, 15, 8, 35, 2, 23, 34, 14, 28], [0, 12, 31, 19, 4, 3, 6, 9], [0, 16, 1, 24, 27, 25, 11]]


#################
lambda = 0.9
mu = 0.1
nu = 0.1

init = 1040.611
res = 810.071
gap = 1.367

solution = [[0, 1, 22, 32, 13, 17, 30, 29, 33, 18, 21], [0, 10, 7, 26, 20, 5], [0, 28, 14, 34, 23, 2, 35, 8, 15], [0, 12, 31, 19, 4, 3, 6, 9], [0, 25, 27, 24, 11, 16]]


#################
lambda = 0.9
mu = 0.1
nu = 1.6

init = 1008.632
res = 819.435
gap = 2.494

solution = [[0, 10, 7, 26, 20, 5], [0, 21, 18, 33, 29, 30, 17, 13, 32, 22], [0, 12, 31, 19, 4, 3, 6, 34], [0, 11, 25, 27, 24, 1, 16], [0, 15, 8, 35, 2, 23, 14, 28, 9]]


#################
lambda = 0.9
mu = 1.0
nu = 0.1

init = 1058.844
res = 820.81
gap = 2.657

solution = [[0, 12, 31, 19, 4, 3, 6, 23, 28], [0, 10, 7, 26, 20, 5], [0, 21, 18, 22, 32, 13, 17, 30, 29, 33], [0, 15, 8, 35, 2, 34, 14, 9], [0, 16, 1, 24, 27, 25, 11]]


#################
lambda = 0.9
mu = 1.5
nu = 1.5

init = 1211.655
res = 815.562
gap = 2.031

solution = [[0, 10, 7, 26, 20, 5], [0, 21, 18, 22, 32, 13, 17, 30, 29, 33], [0, 15, 8, 35, 2, 23, 34, 14, 28], [0, 11, 25, 27, 24, 1, 16], [0, 12, 31, 19, 4, 3, 6, 9]]


#################
lambda = 0.9
mu = 1.7000000000000002
nu = 0.4

init = 1197.581
res = 810.071
gap = 1.367

solution = [[0, 10, 7, 26, 20, 5], [0, 15, 8, 35, 2, 23, 34, 14, 28], [0, 21, 18, 33, 29, 30, 17, 13, 32, 22, 1], [0, 12, 31, 19, 4, 3, 6, 9], [0, 25, 27, 24, 11, 16]]


#################
lambda = 0.9
mu = 1.7000000000000002
nu = 0.5

init = 1234.313
res = 810.071
gap = 1.367

solution = [[0, 10, 7, 26, 20, 5], [0, 1, 22, 32, 13, 17, 30, 29, 33, 18, 21], [0, 15, 8, 35, 2, 23, 34, 14, 28], [0, 12, 31, 19, 4, 3, 6, 9], [0, 25, 27, 24, 11, 16]]


#################
lambda = 0.9
mu = 1.8
nu = 0.1

init = 1206.208
res = 836.161
gap = 4.444

solution = [[0, 21, 18, 22, 32, 13, 17, 30, 29, 33], [0, 15, 8, 35, 2, 23, 6, 3, 4, 19, 31], [0, 26, 5, 20, 7, 10], [0, 11, 25, 27, 24, 1, 16], [0, 9, 12, 28, 14, 34]]


#################
lambda = 0.9
mu = 1.8
nu = 0.5

init = 1205.652
res = 810.071
gap = 1.367

solution = [[0, 10, 7, 26, 20, 5], [0, 21, 18, 33, 29, 30, 17, 13, 32, 22, 1], [0, 16, 11, 24, 27, 25], [0, 12, 31, 19, 4, 3, 6, 9], [0, 15, 8, 35, 2, 23, 34, 14, 28]]


#################
lambda = 0.9
mu = 1.9000000000000001
nu = 0.1

init = 1271.459
res = 811.042
gap = 1.485

solution = [[0, 21, 18, 33, 29, 30, 17, 13, 32, 22], [0, 15, 8, 35, 2, 23, 34, 14, 28], [0, 5, 20, 26, 7, 10], [0, 9, 6, 3, 4, 19, 31, 12], [0, 11, 25, 27, 24, 1, 16]]


#################
lambda = 0.9
mu = 1.9000000000000001
nu = 0.2

init = 1275.875
res = 815.562
gap = 2.031

solution = [[0, 10, 7, 26, 20, 5], [0, 15, 8, 35, 2, 23, 34, 14, 28], [0, 21, 18, 22, 32, 13, 17, 30, 29, 33], [0, 11, 25, 27, 24, 1, 16], [0, 12, 31, 19, 4, 3, 6, 9]]


#################
lambda = 0.9
mu = 1.9000000000000001
nu = 0.30000000000000004

init = 1281.114
res = 816.291
gap = 2.118

solution = [[0, 10, 7, 26, 20, 5], [0, 22, 32, 13, 17, 30, 29, 33, 18, 21], [0, 16, 1, 24, 27, 25, 11], [0, 15, 8, 35, 2, 34, 14, 9], [0, 12, 31, 19, 4, 3, 6, 23, 28]]


#################
lambda = 0.9
mu = 1.9000000000000001
nu = 0.8

init = 1295.962
res = 831.822
gap = 3.946

solution = [[0, 10, 7, 26, 20, 5], [0, 21, 18, 22, 32, 13, 17, 30, 29, 33], [0, 14, 34, 23, 6, 3, 28, 9], [0, 15, 8, 35, 2, 4, 19, 31, 12], [0, 11, 25, 27, 24, 1, 16]]


#################
lambda = 0.9
mu = 1.9000000000000001
nu = 1.7000000000000002

init = 1298.108
res = 848.85
gap = 5.873

solution = [[0, 10, 7], [0, 26, 20, 5], [0, 9, 12, 3, 6, 4, 19, 31], [0, 15, 8, 35, 2, 23, 34, 14, 28], [0, 11, 25, 27, 24, 16], [0, 1, 21, 18, 22, 32, 13, 17, 30, 29, 33]]


#################
lambda = 1.0
mu = 0.1
nu = 0.1

init = 1020.883
res = 815.562
gap = 2.031

solution = [[0, 10, 7, 26, 20, 5], [0, 21, 18, 22, 32, 13, 17, 30, 29, 33], [0, 9, 6, 3, 4, 19, 31, 12], [0, 15, 8, 35, 2, 23, 34, 14, 28], [0, 11, 25, 27, 24, 1, 16]]


#################
lambda = 1.0
mu = 0.7000000000000001
nu = 1.9000000000000001

init = 1022.082
res = 815.562
gap = 2.031

solution = [[0, 10, 7, 26, 20, 5], [0, 15, 8, 35, 2, 23, 34, 14, 28], [0, 21, 18, 22, 32, 13, 17, 30, 29, 33], [0, 12, 31, 19, 4, 3, 6, 9], [0, 11, 25, 27, 24, 1, 16]]


#################
lambda = 1.0
mu = 1.2000000000000002
nu = 0.1

init = 1076.939
res = 808.573
gap = 1.184

solution = [[0, 10, 7, 26], [0, 20, 5, 25, 27, 24, 11, 16], [0, 21, 18, 33, 29, 30, 17, 13, 32, 22, 1], [0, 9, 12, 3, 6, 4, 19, 31], [0, 15, 8, 35, 2, 23, 34, 14, 28]]


#################
lambda = 1.0
mu = 1.2000000000000002
nu = 1.3

init = 1095.433
res = 815.562
gap = 2.031

solution = [[0, 15, 8, 35, 2, 23, 34, 14, 28], [0, 21, 18, 22, 32, 13, 17, 30, 29, 33], [0, 10, 7, 26, 20, 5], [0, 12, 31, 19, 4, 3, 6, 9], [0, 16, 1, 24, 27, 25, 11]]


#################
lambda = 1.0
mu = 1.8
nu = 0.1

init = 1223.227
res = 884.316
gap = 9.648

solution = [[0, 14, 34, 23, 6, 3, 4, 19, 31], [0, 11, 24, 21, 22, 32, 13, 17, 30, 29, 33], [0, 25, 27, 18, 12, 28, 9], [0, 16, 1], [0, 10, 7], [0, 26, 15, 8, 35, 2, 20, 5]]


#################
lambda = 1.0
mu = 1.9000000000000001
nu = 0.1

init = 1201.86
res = 810.071
gap = 1.367

solution = [[0, 10, 7, 26, 20, 5], [0, 21, 18, 33, 29, 30, 17, 13, 32, 22, 1], [0, 16, 11, 24, 27, 25], [0, 12, 31, 19, 4, 3, 6, 9], [0, 15, 8, 35, 2, 23, 34, 14, 28]]


#################
lambda = 1.0
mu = 1.9000000000000001
nu = 0.30000000000000004

init = 1205.257
res = 815.562
gap = 2.031

solution = [[0, 10, 7, 26, 20, 5], [0, 15, 8, 35, 2, 23, 34, 14, 28], [0, 21, 18, 22, 32, 13, 17, 30, 29, 33], [0, 12, 31, 19, 4, 3, 6, 9], [0, 11, 25, 27, 24, 1, 16]]


#################
lambda = 1.0
mu = 1.9000000000000001
nu = 0.5

init = 1201.304
res = 815.693
gap = 2.046

solution = [[0, 10, 7, 26, 20, 5], [0, 21, 18, 33, 29, 30, 17, 13, 32, 22], [0, 14, 23, 6, 3, 4, 19, 31, 12], [0, 16, 1, 24, 27, 25, 11], [0, 9, 28, 34, 2, 35, 8, 15]]


#################
lambda = 1.0
mu = 1.9000000000000001
nu = 0.6000000000000001

init = 1283.683
res = 809.026
gap = 1.239

solution = [[0, 1, 21, 18, 22, 32, 13, 17, 30, 29, 33], [0, 16, 11, 24, 27, 25, 5, 20], [0, 15, 8, 35, 2, 23, 34, 14, 28], [0, 12, 31, 19, 4, 3, 6, 9], [0, 10, 7, 26]]


#################
lambda = 1.0
mu = 1.9000000000000001
nu = 1.2000000000000002

init = 1284.819
res = 827.471
gap = 3.441

solution = [[0, 10, 7, 26], [0, 15, 8, 35, 2, 23, 34, 14, 28], [0, 5, 20, 9, 12, 11], [0, 6, 3, 4, 19, 31, 33, 29, 30, 17, 13, 32], [0, 16, 1, 22, 18, 21, 24, 27, 25]]


#################
lambda = 1.1
mu = 0.1
nu = 0.1

init = 1063.578
res = 816.512
gap = 2.145

solution = [[0, 10, 7, 26, 20, 5], [0, 28, 14, 34, 23, 2, 35, 8, 15], [0, 21, 18, 33, 29, 30, 17, 13, 32, 22, 1], [0, 25, 27, 24, 11, 16], [0, 9, 12, 3, 6, 4, 19, 31]]


#################
lambda = 1.1
mu = 0.1
nu = 0.4

init = 1008.49
res = 828.539
gap = 3.565

solution = [[0, 10, 7, 20, 26], [0, 15, 8, 35, 2, 23, 34, 14, 28], [0, 9, 12, 3, 6, 4, 19, 31], [0, 16, 1, 22, 18, 32, 13, 17, 30, 29, 33], [0, 11, 24, 21, 27, 25, 5]]


#################
lambda = 1.1
mu = 0.1
nu = 1.2000000000000002

init = 1041.513
res = 834.748
gap = 4.282

solution = [[0, 16, 1, 24, 27, 25, 11], [0, 21, 18, 33, 29, 30, 17, 13, 32, 22], [0, 10, 7, 26, 20, 5], [0, 9, 6, 23, 34, 2, 35, 8, 15], [0, 28, 12, 31, 19, 4, 3, 14]]


#################
lambda = 1.1
mu = 0.2
nu = 0.1

init = 1028.822
res = 839.637
gap = 4.84

solution = [[0, 22, 32, 13, 17, 30, 29, 33, 18, 21], [0, 11, 25, 27, 24, 1, 16], [0, 7, 10], [0, 26, 20, 5], [0, 15, 8, 35, 2, 34, 14, 9], [0, 12, 31, 19, 4, 3, 6, 23, 28]]


#################
lambda = 1.1
mu = 0.30000000000000004
nu = 0.2

init = 1035.065
res = 816.512
gap = 2.145

solution = [[0, 1, 22, 32, 13, 17, 30, 29, 33, 18, 21], [0, 28, 14, 34, 23, 2, 35, 8, 15], [0, 10, 7, 26, 20, 5], [0, 25, 27, 24, 11, 16], [0, 9, 12, 3, 6, 4, 19, 31]]


#################
lambda = 1.1
mu = 1.3
nu = 1.4000000000000001

init = 1061.085
res = 810.071
gap = 1.367

solution = [[0, 10, 7, 26, 20, 5], [0, 21, 18, 33, 29, 30, 17, 13, 32, 22, 1], [0, 16, 11, 24, 27, 25], [0, 12, 31, 19, 4, 3, 6, 9], [0, 15, 8, 35, 2, 23, 34, 14, 28]]


#################
lambda = 1.1
mu = 1.4000000000000001
nu = 1.1

init = 1080.802
res = 840.83
gap = 4.975

solution = [[0, 10, 7], [0, 26, 20, 5], [0, 15, 8, 35, 2, 23, 34, 14, 28], [0, 21, 18, 33, 29, 30, 17, 13, 32, 22], [0, 11, 25, 27, 24, 1, 16], [0, 9, 12, 3, 6, 4, 19, 31]]


#################
lambda = 1.1
mu = 1.9000000000000001
nu = 0.6000000000000001

init = 1222.5
res = 810.071
gap = 1.367

solution = [[0, 10, 7, 26, 20, 5], [0, 21, 18, 33, 29, 30, 17, 13, 32, 22, 1], [0, 16, 11, 24, 27, 25], [0, 12, 31, 19, 4, 3, 6, 9], [0, 15, 8, 35, 2, 23, 34, 14, 28]]


#################
lambda = 1.2000000000000002
mu = 0.30000000000000004
nu = 0.6000000000000001

init = 1082.23
res = 810.071
gap = 1.367

solution = [[0, 10, 7, 26, 20, 5], [0, 28, 14, 34, 23, 2, 35, 8, 15], [0, 1, 22, 32, 13, 17, 30, 29, 33, 18, 21], [0, 12, 31, 19, 4, 3, 6, 9], [0, 25, 27, 24, 11, 16]]


#################
lambda = 1.2000000000000002
mu = 1.2000000000000002
nu = 0.8

init = 1058.442
res = 802.132
gap = 0.39

solution = [[0, 10, 7, 26], [0, 16, 11, 24, 27, 25, 5, 20], [0, 1, 22, 32, 13, 17, 30, 29, 33, 18, 21], [0, 28, 14, 34, 23, 2, 35, 8, 15], [0, 12, 31, 19, 4, 3, 6, 9]]


#################
lambda = 1.2000000000000002
mu = 1.7000000000000002
nu = 0.1

init = 1189.216
res = 815.562
gap = 2.031

solution = [[0, 10, 7, 26, 20, 5], [0, 15, 8, 35, 2, 23, 34, 14, 28], [0, 21, 18, 22, 32, 13, 17, 30, 29, 33], [0, 11, 25, 27, 24, 1, 16], [0, 12, 31, 19, 4, 3, 6, 9]]


#################
lambda = 1.2000000000000002
mu = 1.7000000000000002
nu = 1.5

init = 1139.625
res = 811.042
gap = 1.485

solution = [[0, 10, 7, 26, 20, 5], [0, 28, 14, 34, 23, 2, 35, 8, 15], [0, 22, 32, 13, 17, 30, 29, 33, 18, 21], [0, 12, 31, 19, 4, 3, 6, 9], [0, 16, 1, 24, 27, 25, 11]]


#################
lambda = 1.3
mu = 0.30000000000000004
nu = 0.1

init = 1104.381
res = 809.026
gap = 1.239

solution = [[0, 1, 21, 18, 22, 32, 13, 17, 30, 29, 33], [0, 16, 11, 24, 27, 25, 5, 20], [0, 28, 14, 34, 23, 2, 35, 8, 15], [0, 10, 7, 26], [0, 12, 31, 19, 4, 3, 6, 9]]


#################
lambda = 1.3
mu = 0.4
nu = 0.1

init = 1091.763
res = 817.733
gap = 2.291

solution = [[0, 21, 22, 32, 18, 33, 29, 30, 17, 13], [0, 10, 7, 26, 20, 5], [0, 11, 25, 27, 24, 1, 16], [0, 15, 8, 35, 2, 23, 34, 14, 28], [0, 9, 6, 3, 4, 19, 31, 12]]


#################
lambda = 1.3
mu = 0.4
nu = 1.7000000000000002

init = 1041.655
res = 816.965
gap = 2.199

solution = [[0, 28, 14, 34, 23, 2, 35, 8, 15], [0, 1, 21, 18, 22, 32, 13, 17, 30, 29, 33], [0, 10, 7, 26, 20, 5], [0, 12, 31, 19, 4, 3, 6, 9], [0, 25, 27, 24, 11, 16]]


#################
lambda = 1.3
mu = 0.5
nu = 0.30000000000000004

init = 1061.845
res = 810.071
gap = 1.367

solution = [[0, 10, 7, 26, 20, 5], [0, 21, 18, 33, 29, 30, 17, 13, 32, 22, 1], [0, 15, 8, 35, 2, 23, 34, 14, 28], [0, 25, 27, 24, 11, 16], [0, 12, 31, 19, 4, 3, 6, 9]]


#################
lambda = 1.3
mu = 0.6000000000000001
nu = 0.1

init = 1062.036
res = 814.722
gap = 1.93

solution = [[0, 10, 7, 26, 20, 5], [0, 25, 27, 24, 11, 16], [0, 21, 18, 33, 29, 30, 17, 13, 32, 22, 1], [0, 15, 8, 35, 2, 34, 28, 9], [0, 12, 31, 19, 4, 3, 6, 23, 14]]


#################
lambda = 1.3
mu = 1.0
nu = 0.30000000000000004

init = 1136.856
res = 814.722
gap = 1.93

solution = [[0, 12, 31, 19, 4, 3, 6, 23, 14], [0, 21, 18, 33, 29, 30, 17, 13, 32, 22, 1], [0, 5, 20, 26, 7, 10], [0, 16, 11, 24, 27, 25], [0, 9, 28, 34, 2, 35, 8, 15]]


#################
lambda = 1.3
mu = 1.1
nu = 1.1

init = 1094.854
res = 810.071
gap = 1.367

solution = [[0, 10, 7, 26, 20, 5], [0, 15, 8, 35, 2, 23, 34, 14, 28], [0, 21, 18, 33, 29, 30, 17, 13, 32, 22, 1], [0, 12, 31, 19, 4, 3, 6, 9], [0, 25, 27, 24, 11, 16]]


#################
lambda = 1.3
mu = 1.7000000000000002
nu = 0.1

init = 1084.661
res = 815.562
gap = 2.031

solution = [[0, 10, 7, 26, 20, 5], [0, 15, 8, 35, 2, 23, 34, 14, 28], [0, 21, 18, 22, 32, 13, 17, 30, 29, 33], [0, 11, 25, 27, 24, 1, 16], [0, 12, 31, 19, 4, 3, 6, 9]]


#################
lambda = 1.3
mu = 1.8
nu = 1.2000000000000002

init = 1117.214
res = 849.496
gap = 5.944

solution = [[0, 27, 18, 30, 17, 13, 32, 22, 21, 24, 1], [0, 34, 23, 6, 3, 4, 19, 31, 29, 33], [0, 12, 28, 14, 2, 35, 8, 15], [0, 5, 20, 9, 25, 11, 16], [0, 10, 7, 26]]


#################
lambda = 1.3
mu = 1.9000000000000001
nu = 1.7000000000000002

init = 1142.873
res = 811.042
gap = 1.485

solution = [[0, 10, 7, 26, 20, 5], [0, 28, 14, 34, 23, 2, 35, 8, 15], [0, 22, 32, 13, 17, 30, 29, 33, 18, 21], [0, 12, 31, 19, 4, 3, 6, 9], [0, 16, 1, 24, 27, 25, 11]]


#################
lambda = 1.4000000000000001
mu = 0.1
nu = 0.1

init = 1055.641
res = 809.026
gap = 1.239

solution = [[0, 1, 21, 18, 22, 32, 13, 17, 30, 29, 33], [0, 16, 11, 24, 27, 25, 5, 20], [0, 28, 14, 34, 23, 2, 35, 8, 15], [0, 10, 7, 26], [0, 12, 31, 19, 4, 3, 6, 9]]


#################
lambda = 1.4000000000000001
mu = 0.1
nu = 0.4

init = 1061.298
res = 816.291
gap = 2.118

solution = [[0, 10, 7, 26, 20, 5], [0, 15, 8, 35, 2, 34, 14, 9], [0, 28, 23, 6, 3, 4, 19, 31, 12], [0, 21, 18, 33, 29, 30, 17, 13, 32, 22], [0, 11, 25, 27, 24, 1, 16]]


#################
lambda = 1.4000000000000001
mu = 0.1
nu = 0.9

init = 1022.618
res = 811.042
gap = 1.485

solution = [[0, 10, 7, 26, 20, 5], [0, 15, 8, 35, 2, 23, 34, 14, 28], [0, 21, 18, 33, 29, 30, 17, 13, 32, 22], [0, 11, 25, 27, 24, 1, 16], [0, 12, 31, 19, 4, 3, 6, 9]]


#################
lambda = 1.4000000000000001
mu = 0.1
nu = 1.5

init = 1020.52
res = 810.071
gap = 1.367

solution = [[0, 10, 7, 26, 20, 5], [0, 15, 8, 35, 2, 23, 34, 14, 28], [0, 21, 18, 33, 29, 30, 17, 13, 32, 22, 1], [0, 12, 31, 19, 4, 3, 6, 9], [0, 25, 27, 24, 11, 16]]


#################
lambda = 1.4000000000000001
mu = 0.4
nu = 1.8

init = 1044.575
res = 822.213
gap = 2.823

solution = [[0, 10, 7, 26, 20, 5], [0, 12, 31, 19, 4, 3, 6, 23, 28], [0, 1, 21, 18, 22, 32, 13, 17, 30, 29, 33], [0, 9, 14, 34, 2, 35, 8, 15], [0, 25, 27, 24, 11, 16]]


#################
lambda = 1.4000000000000001
mu = 0.9
nu = 0.1

init = 1042.463
res = 802.132
gap = 0.39

solution = [[0, 10, 7, 26], [0, 15, 8, 35, 2, 23, 34, 14, 28], [0, 1, 22, 32, 13, 17, 30, 29, 33, 18, 21], [0, 12, 31, 19, 4, 3, 6, 9], [0, 16, 11, 24, 27, 25, 5, 20]]


#################
lambda = 1.4000000000000001
mu = 1.0
nu = 0.1

init = 1090.868
res = 810.071
gap = 1.367

solution = [[0, 28, 14, 34, 23, 2, 35, 8, 15], [0, 5, 20, 26, 7, 10], [0, 1, 22, 32, 13, 17, 30, 29, 33, 18, 21], [0, 12, 31, 19, 4, 3, 6, 9], [0, 25, 27, 24, 11, 16]]


#################
lambda = 1.4000000000000001
mu = 1.0
nu = 1.7000000000000002

init = 1082.81
res = 810.071
gap = 1.367

solution = [[0, 10, 7, 26, 20, 5], [0, 15, 8, 35, 2, 23, 34, 14, 28], [0, 21, 18, 33, 29, 30, 17, 13, 32, 22, 1], [0, 12, 31, 19, 4, 3, 6, 9], [0, 25, 27, 24, 11, 16]]


#################
lambda = 1.4000000000000001
mu = 1.5
nu = 0.1

init = 1039.271
res = 834.389
gap = 4.241

solution = [[0, 7, 10], [0, 22, 32, 13, 17, 30, 29, 33, 18, 21], [0, 12, 31, 19, 4, 3, 6, 9], [0, 15, 8, 35, 2, 23, 34, 14, 28], [0, 11, 25, 27, 24, 1, 16], [0, 26, 20, 5]]


#################
lambda = 1.4000000000000001
mu = 1.5
nu = 1.6

init = 1059.241
res = 828.539
gap = 3.565

solution = [[0, 10, 7, 20, 26], [0, 15, 8, 35, 2, 23, 34, 14, 28], [0, 9, 12, 3, 6, 4, 19, 31], [0, 16, 1, 22, 18, 32, 13, 17, 30, 29, 33], [0, 11, 24, 21, 27, 25, 5]]


#################
lambda = 1.4000000000000001
mu = 1.6
nu = 0.7000000000000001

init = 1064.947
res = 815.693
gap = 2.046

solution = [[0, 22, 32, 13, 17, 30, 29, 33, 18, 21], [0, 5, 20, 26, 7, 10], [0, 15, 8, 35, 2, 34, 28, 9], [0, 11, 25, 27, 24, 1, 16], [0, 12, 31, 19, 4, 3, 6, 23, 14]]


#################
lambda = 1.4000000000000001
mu = 1.9000000000000001
nu = 1.6

init = 1120.462
res = 817.826
gap = 2.302

solution = [[0, 21, 22, 32, 18, 33, 29, 30, 17, 13, 1], [0, 25, 27, 24, 11, 16], [0, 10, 7, 26, 20, 5], [0, 9, 28, 34, 2, 35, 8, 15], [0, 12, 31, 19, 4, 3, 6, 23, 14]]


#################
lambda = 1.5
mu = 0.1
nu = 0.2

init = 1059.2
res = 839.637
gap = 4.84

solution = [[0, 11, 25, 27, 24, 1, 16], [0, 21, 18, 33, 29, 30, 17, 13, 32, 22], [0, 10, 7], [0, 5, 20, 26], [0, 15, 8, 35, 2, 34, 14, 9], [0, 12, 31, 19, 4, 3, 6, 23, 28]]


#################
lambda = 1.5
mu = 0.1
nu = 0.8

init = 1026.177
res = 820.213
gap = 2.586

solution = [[0, 10, 7, 26, 20, 5], [0, 15, 8, 35, 2, 34, 28, 9], [0, 21, 18, 22, 32, 13, 17, 30, 29, 33], [0, 12, 31, 19, 4, 3, 6, 23, 14], [0, 11, 25, 27, 24, 1, 16]]


#################
lambda = 1.5
mu = 0.2
nu = 1.0

init = 1069.495
res = 811.042
gap = 1.485

solution = [[0, 10, 7, 26, 20, 5], [0, 28, 14, 34, 23, 2, 35, 8, 15], [0, 21, 18, 33, 29, 30, 17, 13, 32, 22], [0, 12, 31, 19, 4, 3, 6, 9], [0, 11, 25, 27, 24, 1, 16]]


#################
lambda = 1.5
mu = 0.5
nu = 0.1

init = 1097.768
res = 816.965
gap = 2.199

solution = [[0, 1, 21, 18, 22, 32, 13, 17, 30, 29, 33], [0, 16, 11, 24, 27, 25], [0, 10, 7, 26, 20, 5], [0, 12, 31, 19, 4, 3, 6, 9], [0, 15, 8, 35, 2, 23, 34, 14, 28]]


#################
lambda = 1.5
mu = 0.9
nu = 1.4000000000000001

init = 1066.555
res = 816.965
gap = 2.199

solution = [[0, 28, 14, 34, 23, 2, 35, 8, 15], [0, 10, 7, 26, 20, 5], [0, 1, 21, 18, 22, 32, 13, 17, 30, 29, 33], [0, 12, 31, 19, 4, 3, 6, 9], [0, 25, 27, 24, 11, 16]]


#################
lambda = 1.5
mu = 1.0
nu = 1.2000000000000002

init = 1105.901
res = 820.213
gap = 2.586

solution = [[0, 10, 7, 26, 20, 5], [0, 15, 8, 35, 2, 34, 28, 9], [0, 21, 18, 22, 32, 13, 17, 30, 29, 33], [0, 12, 31, 19, 4, 3, 6, 23, 14], [0, 11, 25, 27, 24, 1, 16]]


#################
lambda = 1.5
mu = 1.6
nu = 0.4

init = 1022.881
res = 838.128
gap = 4.668

solution = [[0, 10, 7, 26], [0, 9, 28, 12, 3, 6, 23, 20], [0, 5, 14, 34, 2, 35, 8, 15], [0, 16, 1, 22, 32, 13, 17, 30, 18, 21, 24], [0, 11, 25, 27, 33, 29, 31, 19, 4]]


#################
lambda = 1.5
mu = 1.6
nu = 1.4000000000000001

init = 1095.653
res = 815.562
gap = 2.031

solution = [[0, 28, 14, 34, 23, 2, 35, 8, 15], [0, 9, 6, 3, 4, 19, 31, 12], [0, 10, 7, 26, 20, 5], [0, 21, 18, 22, 32, 13, 17, 30, 29, 33], [0, 16, 1, 24, 27, 25, 11]]


#################
lambda = 1.5
mu = 1.7000000000000002
nu = 1.6

init = 1023.585
res = 810.071
gap = 1.367

solution = [[0, 10, 7, 26, 20, 5], [0, 21, 18, 33, 29, 30, 17, 13, 32, 22, 1], [0, 16, 11, 24, 27, 25], [0, 12, 31, 19, 4, 3, 6, 9], [0, 15, 8, 35, 2, 23, 34, 14, 28]]


#################
lambda = 1.6
mu = 0.1
nu = 0.1

init = 1073.698
res = 815.562
gap = 2.031

solution = [[0, 15, 8, 35, 2, 23, 34, 14, 28], [0, 9, 6, 3, 4, 19, 31, 12], [0, 10, 7, 26, 20, 5], [0, 21, 18, 22, 32, 13, 17, 30, 29, 33], [0, 16, 1, 24, 27, 25, 11]]


#################
lambda = 1.6
mu = 0.1
nu = 1.6

init = 1027.768
res = 820.213
gap = 2.586

solution = [[0, 15, 8, 35, 2, 34, 28, 9], [0, 12, 31, 19, 4, 3, 6, 23, 14], [0, 21, 18, 22, 32, 13, 17, 30, 29, 33], [0, 5, 20, 26, 7, 10], [0, 11, 25, 27, 24, 1, 16]]


#################
lambda = 1.6
mu = 0.2
nu = 0.5

init = 1062.889
res = 816.291
gap = 2.118

solution = [[0, 10, 7, 26, 20, 5], [0, 15, 8, 35, 2, 34, 14, 9], [0, 28, 23, 6, 3, 4, 19, 31, 12], [0, 21, 18, 33, 29, 30, 17, 13, 32, 22], [0, 11, 25, 27, 24, 1, 16]]


#################
lambda = 1.6
mu = 0.2
nu = 0.7000000000000001

init = 1060.791
res = 835.915
gap = 4.416

solution = [[0, 9, 28, 31, 19, 4, 3, 6, 14], [0, 10, 7, 26, 20, 5], [0, 21, 18, 33, 29, 30, 17, 13, 32, 22, 1], [0, 15, 8, 35, 2, 23, 34, 12], [0, 25, 27, 24, 11, 16]]


#################
lambda = 1.6
mu = 0.4
nu = 1.6

init = 1058.704
res = 835.323
gap = 4.348

solution = [[0, 12, 31, 19, 4, 2, 35, 8, 15], [0, 10, 7, 26, 20, 5], [0, 9, 28, 3, 6, 23, 34, 14], [0, 11, 25, 27, 24, 16], [0, 1, 21, 18, 22, 32, 13, 17, 30, 29, 33]]


#################
lambda = 1.6
mu = 0.8
nu = 0.1

init = 1068.999
res = 808.573
gap = 1.184

solution = [[0, 15, 8, 35, 2, 23, 34, 14, 28], [0, 20, 5, 25, 27, 24, 11, 16], [0, 1, 22, 32, 13, 17, 30, 29, 33, 18, 21], [0, 9, 12, 3, 6, 4, 19, 31], [0, 10, 7, 26]]


#################
lambda = 1.6
mu = 0.9
nu = 1.5

init = 1078.271
res = 811.042
gap = 1.485

solution = [[0, 5, 20, 26, 7, 10], [0, 28, 14, 34, 23, 2, 35, 8, 15], [0, 21, 18, 33, 29, 30, 17, 13, 32, 22], [0, 12, 31, 19, 4, 3, 6, 9], [0, 11, 25, 27, 24, 1, 16]]


#################
lambda = 1.6
mu = 1.8
nu = 0.1

init = 1014.772
res = 810.071
gap = 1.367

solution = [[0, 21, 18, 33, 29, 30, 17, 13, 32, 22, 1], [0, 16, 11, 24, 27, 25], [0, 10, 7, 26, 20, 5], [0, 12, 31, 19, 4, 3, 6, 9], [0, 15, 8, 35, 2, 23, 34, 14, 28]]


#################
lambda = 1.7000000000000002
mu = 0.1
nu = 0.5

init = 1040.675
res = 814.722
gap = 1.93

solution = [[0, 1, 22, 32, 13, 17, 30, 29, 33, 18, 21], [0, 9, 28, 34, 2, 35, 8, 15], [0, 12, 31, 19, 4, 3, 6, 23, 14], [0, 10, 7, 26, 20, 5], [0, 25, 27, 24, 11, 16]]


#################
lambda = 1.7000000000000002
mu = 0.2
nu = 0.1

init = 1075.289
res = 815.562
gap = 2.031

solution = [[0, 15, 8, 35, 2, 23, 34, 14, 28], [0, 9, 6, 3, 4, 19, 31, 12], [0, 10, 7, 26, 20, 5], [0, 21, 18, 22, 32, 13, 17, 30, 29, 33], [0, 16, 1, 24, 27, 25, 11]]


#################
lambda = 1.7000000000000002
mu = 0.30000000000000004
nu = 1.6

init = 1053.543
res = 810.071
gap = 1.367

solution = [[0, 10, 7, 26, 20, 5], [0, 15, 8, 35, 2, 23, 34, 14, 28], [0, 21, 18, 33, 29, 30, 17, 13, 32, 22, 1], [0, 12, 31, 19, 4, 3, 6, 9], [0, 25, 27, 24, 11, 16]]


#################
lambda = 1.7000000000000002
mu = 0.5
nu = 1.0

init = 1064.361
res = 845.349
gap = 5.483

solution = [[0, 21, 18, 22, 32, 13, 17, 30, 29, 33], [0, 11, 25, 27, 24, 1, 16], [0, 26, 20, 5], [0, 10, 7], [0, 9, 12, 3, 6, 4, 19, 31], [0, 15, 8, 35, 2, 23, 34, 14, 28]]


#################
lambda = 1.7000000000000002
mu = 0.8
nu = 0.2

init = 1095.813
res = 847.244
gap = 5.694

solution = [[0, 15, 8, 35, 2, 34, 28, 9], [0, 12, 31, 19, 4, 3, 6, 23, 14], [0, 10, 7, 26], [0, 5, 20], [0, 21, 18, 22, 32, 13, 17, 30, 29, 33], [0, 16, 1, 24, 27, 25, 11]]


#################
lambda = 1.7000000000000002
mu = 0.8
nu = 1.8

init = 1112.202
res = 802.132
gap = 0.39

solution = [[0, 10, 7, 26], [0, 16, 11, 24, 27, 25, 5, 20], [0, 15, 8, 35, 2, 23, 34, 14, 28], [0, 9, 6, 3, 4, 19, 31, 12], [0, 21, 18, 33, 29, 30, 17, 13, 32, 22, 1]]


#################
lambda = 1.7000000000000002
mu = 1.2000000000000002
nu = 1.4000000000000001

init = 1087.329
res = 816.965
gap = 2.199

solution = [[0, 16, 11, 24, 27, 25], [0, 10, 7, 26, 20, 5], [0, 1, 21, 18, 22, 32, 13, 17, 30, 29, 33], [0, 12, 31, 19, 4, 3, 6, 9], [0, 28, 14, 34, 23, 2, 35, 8, 15]]


#################
lambda = 1.8
mu = 0.1
nu = 1.7000000000000002

init = 1043.737
res = 815.562
gap = 2.031

solution = [[0, 10, 7, 26, 20, 5], [0, 15, 8, 35, 2, 23, 34, 14, 28], [0, 21, 18, 22, 32, 13, 17, 30, 29, 33], [0, 11, 25, 27, 24, 1, 16], [0, 12, 31, 19, 4, 3, 6, 9]]


#################
lambda = 1.8
mu = 0.2
nu = 1.1

init = 1042.266
res = 811.042
gap = 1.485

solution = [[0, 5, 20, 26, 7, 10], [0, 21, 18, 33, 29, 30, 17, 13, 32, 22], [0, 11, 25, 27, 24, 1, 16], [0, 15, 8, 35, 2, 23, 34, 14, 28], [0, 9, 6, 3, 4, 19, 31, 12]]


#################
lambda = 1.8
mu = 0.2
nu = 1.7000000000000002

init = 1035.018
res = 851.955
gap = 6.216

solution = [[0, 15, 8, 35, 2, 34, 14, 9], [0, 28, 12, 3, 6, 23, 4, 19, 31], [0, 26, 20, 5], [0, 7, 10], [0, 21, 18, 33, 29, 30, 17, 13, 32, 22], [0, 11, 25, 27, 24, 1, 16]]


#################
lambda = 1.8
mu = 0.30000000000000004
nu = 1.9000000000000001

init = 1023.583
res = 815.562
gap = 2.031

solution = [[0, 15, 8, 35, 2, 23, 34, 14, 28], [0, 5, 20, 26, 7, 10], [0, 21, 18, 22, 32, 13, 17, 30, 29, 33], [0, 9, 6, 3, 4, 19, 31, 12], [0, 11, 25, 27, 24, 1, 16]]


#################
lambda = 1.8
mu = 0.4
nu = 1.4000000000000001

init = 1065.951
res = 845.349
gap = 5.483

solution = [[0, 21, 18, 22, 32, 13, 17, 30, 29, 33], [0, 11, 25, 27, 24, 1, 16], [0, 26, 20, 5], [0, 10, 7], [0, 9, 12, 3, 6, 4, 19, 31], [0, 15, 8, 35, 2, 23, 34, 14, 28]]


#################
lambda = 1.8
mu = 0.4
nu = 1.6

init = 1063.853
res = 802.132
gap = 0.39

solution = [[0, 10, 7, 26], [0, 15, 8, 35, 2, 23, 34, 14, 28], [0, 1, 22, 32, 13, 17, 30, 29, 33, 18, 21], [0, 12, 31, 19, 4, 3, 6, 9], [0, 16, 11, 24, 27, 25, 5, 20]]


#################
lambda = 1.8
mu = 0.4
nu = 1.7000000000000002

init = 1056.606
res = 816.512
gap = 2.145

solution = [[0, 10, 7, 26, 20, 5], [0, 15, 8, 35, 2, 23, 34, 14, 28], [0, 9, 12, 3, 6, 4, 19, 31], [0, 21, 18, 33, 29, 30, 17, 13, 32, 22, 1], [0, 16, 11, 24, 27, 25]]


#################
lambda = 1.8
mu = 0.9
nu = 0.1

init = 1081.387
res = 820.213
gap = 2.586

solution = [[0, 10, 7, 26, 20, 5], [0, 15, 8, 35, 2, 34, 28, 9], [0, 21, 18, 22, 32, 13, 17, 30, 29, 33], [0, 12, 31, 19, 4, 3, 6, 23, 14], [0, 11, 25, 27, 24, 1, 16]]


#################
lambda = 1.8
mu = 0.9
nu = 1.5

init = 1101.825
res = 810.071
gap = 1.367

solution = [[0, 10, 7, 26, 20, 5], [0, 15, 8, 35, 2, 23, 34, 14, 28], [0, 21, 18, 33, 29, 30, 17, 13, 32, 22, 1], [0, 12, 31, 19, 4, 3, 6, 9], [0, 25, 27, 24, 11, 16]]


#################
lambda = 1.8
mu = 1.0
nu = 1.5

init = 1079.017
res = 811.042
gap = 1.485

solution = [[0, 10, 7, 26, 20, 5], [0, 28, 14, 34, 23, 2, 35, 8, 15], [0, 22, 32, 13, 17, 30, 29, 33, 18, 21], [0, 12, 31, 19, 4, 3, 6, 9], [0, 16, 1, 24, 27, 25, 11]]


#################
lambda = 1.8
mu = 1.7000000000000002
nu = 0.8

init = 1043.262
res = 810.071
gap = 1.367

solution = [[0, 10, 7, 26, 20, 5], [0, 15, 8, 35, 2, 23, 34, 14, 28], [0, 21, 18, 33, 29, 30, 17, 13, 32, 22, 1], [0, 12, 31, 19, 4, 3, 6, 9], [0, 25, 27, 24, 11, 16]]


#################
lambda = 1.8
mu = 1.8
nu = 1.1

init = 1034.435
res = 876.898
gap = 8.883

solution = [[0, 14, 34, 23, 6, 3, 31, 19, 4], [0, 9, 28, 12, 2, 35, 8, 15], [0, 10, 7], [0, 5, 20, 26], [0, 11, 25, 27, 24, 1, 16], [0, 21, 18, 22, 32, 13, 17, 30, 29, 33]]


#################
lambda = 1.8
mu = 1.9000000000000001
nu = 1.5

init = 1035.139
res = 816.965
gap = 2.199

solution = [[0, 10, 7, 26, 20, 5], [0, 28, 14, 34, 23, 2, 35, 8, 15], [0, 1, 21, 18, 22, 32, 13, 17, 30, 29, 33], [0, 12, 31, 19, 4, 3, 6, 9], [0, 25, 27, 24, 11, 16]]


#################
lambda = 1.9000000000000001
mu = 0.1
nu = 0.1

init = 1061.667
res = 845.612
gap = 5.512

solution = [[0, 10, 7], [0, 12, 31, 19, 4, 3, 6, 23, 14], [0, 26, 20, 5], [0, 18, 33, 29, 30, 17, 13, 32, 22, 1, 16], [0, 9, 28, 34, 2, 35, 8, 15], [0, 11, 24, 21, 27, 25]]


#################
lambda = 1.9000000000000001
mu = 0.1
nu = 0.30000000000000004

init = 1028.644
res = 814.722
gap = 1.93

solution = [[0, 10, 7, 26, 20, 5], [0, 15, 8, 35, 2, 34, 28, 9], [0, 21, 18, 33, 29, 30, 17, 13, 32, 22, 1], [0, 14, 23, 6, 3, 4, 19, 31, 12], [0, 25, 27, 24, 11, 16]]


#################
lambda = 1.9000000000000001
mu = 0.30000000000000004
nu = 1.8

init = 1038.081
res = 834.424
gap = 4.245

solution = [[0, 22, 32, 13, 17, 30, 29, 33, 18, 21], [0, 11, 25, 27, 24, 1, 16], [0, 10, 7, 26, 5, 20], [0, 15, 8, 35, 2, 34, 14, 9], [0, 28, 12, 3, 6, 23, 4, 19, 31]]


#################
lambda = 1.9000000000000001
mu = 0.4
nu = 1.3

init = 1078.351
res = 815.562
gap = 2.031

solution = [[0, 5, 20, 26, 7, 10], [0, 21, 18, 22, 32, 13, 17, 30, 29, 33], [0, 28, 14, 34, 23, 2, 35, 8, 15], [0, 12, 31, 19, 4, 3, 6, 9], [0, 16, 1, 24, 27, 25, 11]]


#################
lambda = 1.9000000000000001
mu = 0.4
nu = 1.8

init = 1071.104
res = 816.512
gap = 2.145

solution = [[0, 10, 7, 26, 20, 5], [0, 28, 14, 34, 23, 2, 35, 8, 15], [0, 9, 12, 3, 6, 4, 19, 31], [0, 21, 18, 33, 29, 30, 17, 13, 32, 22, 1], [0, 16, 11, 24, 27, 25]]


#################
lambda = 1.9000000000000001
mu = 1.3
nu = 1.1

init = 1076.444
res = 827.637
gap = 3.46

solution = [[0, 5, 20, 26, 7, 10], [0, 15, 8, 35, 2, 34, 14, 9], [0, 1, 22, 32, 13, 17, 30, 29, 33, 18, 21], [0, 25, 27, 24, 11, 16], [0, 28, 12, 3, 6, 23, 4, 19, 31]]


#################
lambda = 1.9000000000000001
mu = 1.7000000000000002
nu = 1.7000000000000002

init = 1083.608
res = 832.069
gap = 3.974

solution = [[0, 9, 12, 28, 14, 34], [0, 15, 8, 35, 2, 23, 6, 3, 4, 19, 31], [0, 10, 7, 26, 20, 5], [0, 21, 18, 22, 32, 13, 17, 30, 29, 33], [0, 11, 25, 27, 24, 1, 16]]


#################
lambda = 1.9000000000000001
mu = 1.9000000000000001
nu = 0.1

init = 1040.07
res = 815.319
gap = 2.002

solution = [[0, 10, 7, 26, 20, 5], [0, 16, 11, 24, 27, 25], [0, 21, 18, 33, 29, 30, 17, 13, 32, 22, 1], [0, 9, 14, 34, 2, 35, 8, 15], [0, 12, 31, 19, 4, 3, 6, 23, 28]]


#################
lambda = 1.9000000000000001
mu = 1.9000000000000001
nu = 1.7000000000000002

init = 1040.774
res = 810.071
gap = 1.367

solution = [[0, 28, 14, 34, 23, 2, 35, 8, 15], [0, 10, 7, 26, 20, 5], [0, 21, 18, 33, 29, 30, 17, 13, 32, 22, 1], [0, 12, 31, 19, 4, 3, 6, 9], [0, 25, 27, 24, 11, 16]]

Execution : 2324 s
