Aretes fixées après apprentissage pour cette exécution
Fixed edges = [[0, 17, 19, 0], [0, 29, 15, 10, 25, 5, 20, 0], [0, 9, 22, 0], [0, 11, 4, 28, 0], [0, 2, 3, 0], [0, 1, 12, 0], [0, 6, 0], [0, 7, 0], [0, 8, 0], [0, 13, 0], [0, 14, 0], [0, 16, 0], [0, 18, 0], [0, 21, 0], [0, 23, 0], [0, 24, 0], [0, 26, 0], [0, 27, 0], [0, 30, 0], [0, 31, 0]]
Time = 2.3131041526794434


#################

init = 869.028
res = 816.44
gap = 3.728

solution = [[0, 6, 23, 28, 4, 11, 8, 9, 22, 29], [0, 27, 24], [0, 20, 5, 25, 10, 15, 18, 2, 3, 14], [0, 21, 31, 19, 17, 13, 7, 26], [0, 30, 16, 1, 12]]


#################

init = 896.183
res = 787.082
gap = 0.137

solution = [[0, 12, 1, 16, 30], [0, 21, 31, 19, 17, 13, 7, 26], [0, 27, 24], [0, 20, 5, 25, 10, 29, 15, 22, 9, 8, 18], [0, 14, 28, 11, 4, 23, 2, 3, 6]]


#################

init = 853.827
res = 787.082
gap = 0.137

solution = [[0, 6, 3, 2, 23, 4, 11, 28, 14], [0, 20, 5, 25, 10, 29, 15, 22, 9, 8, 18], [0, 30, 16, 1, 12], [0, 27, 24], [0, 21, 31, 19, 17, 13, 7, 26]]


#################

init = 893.567
res = 787.082
gap = 0.137

solution = [[0, 6, 3, 2, 23, 4, 11, 28, 14], [0, 20, 5, 25, 10, 29, 15, 22, 9, 8, 18], [0, 27, 24], [0, 30, 16, 1, 12], [0, 21, 31, 19, 17, 13, 7, 26]]


#################

init = 850.729
res = 791.57
gap = 0.704

solution = [[0, 28, 11, 4, 23, 2, 3, 6], [0, 20, 5, 25, 10, 29, 15, 22, 9, 8, 18], [0, 27, 24, 14], [0, 30, 16, 1, 12], [0, 21, 31, 19, 17, 13, 7, 26]]


#################

init = 893.567
res = 795.847
gap = 1.237

solution = [[0, 6, 3, 2, 23, 4, 11, 28], [0, 12, 1, 16, 30], [0, 26, 7, 13, 21, 31, 19, 17], [0, 27, 24, 14], [0, 20, 5, 25, 10, 29, 15, 22, 9, 8, 18]]


#################

init = 853.537
res = 791.359
gap = 0.677

solution = [[0, 26, 7, 13, 21, 31, 19, 17], [0, 12, 1, 16, 30], [0, 20, 5, 25, 10, 29, 15, 22, 9, 8, 18], [0, 27, 24], [0, 6, 3, 2, 23, 4, 11, 28, 14]]


#################

init = 870.857
res = 791.57
gap = 0.704

solution = [[0, 18, 8, 9, 22, 15, 29, 10, 25, 5, 20], [0, 28, 11, 4, 23, 2, 3, 6], [0, 14, 24, 27], [0, 21, 31, 19, 17, 13, 7, 26], [0, 30, 16, 1, 12]]


#################

init = 875.413
res = 787.082
gap = 0.137

solution = [[0, 18, 8, 9, 22, 15, 29, 10, 25, 5, 20], [0, 12, 1, 16, 30], [0, 6, 3, 2, 23, 4, 11, 28, 14], [0, 27, 24], [0, 21, 31, 19, 17, 13, 7, 26]]


#################

init = 1010.797
res = 795.847
gap = 1.237

solution = [[0, 26, 7, 13, 21, 31, 19, 17], [0, 12, 1, 16, 30], [0, 18, 8, 9, 22, 15, 29, 10, 25, 5, 20], [0, 27, 24, 14], [0, 28, 11, 4, 23, 2, 3, 6]]
Execution = 922.7020573616028
