

#################
lambda = 0.0
mu = 0.0
nu = 0.0

init = 996.671
det = 858.472
gap = 4.248

solution = [[0, 18, 8, 28, 4, 11, 9, 22, 15, 29], [0, 16, 30], [0, 6, 23, 3, 2, 17, 19, 31], [0, 14, 24, 27, 20, 5, 25, 10], [0, 26, 7, 13, 21, 1, 12]]


#################
lambda = 0.0
mu = 0.0
nu = 0.2

init = 1021.034
det = 858.472
gap = 4.248

solution = [[0, 18, 8, 28, 4, 11, 9, 22, 15, 29], [0, 16, 30], [0, 6, 23, 3, 2, 17, 19, 31], [0, 14, 24, 27, 20, 5, 25, 10], [0, 26, 7, 13, 21, 1, 12]]


#################
lambda = 0.0
mu = 0.0
nu = 1.1

init = 1022.919
det = 797.378
gap = -3.088

solution = [[0, 26, 7, 13, 21, 31, 19, 17], [0, 12, 1, 16, 30], [0, 20, 5, 25, 10, 29, 15, 22, 9, 8, 18], [0, 6, 3, 2, 23, 28, 4, 11], [0, 27, 24, 14]]


#################
lambda = 0.0
mu = 0.0
nu = 1.4000000000000001

init = 998.556
det = 797.378
gap = -3.088

solution = [[0, 26, 7, 13, 21, 31, 19, 17], [0, 12, 1, 16, 30], [0, 20, 5, 25, 10, 29, 15, 22, 9, 8, 18], [0, 6, 3, 2, 23, 28, 4, 11], [0, 27, 24, 14]]


#################
lambda = 0.0
mu = 0.1
nu = 1.8

init = 1042.261
det = 823.769
gap = 0.215

solution = [[0, 27, 24, 14], [0, 7, 13, 21, 31, 19, 17], [0, 30, 26, 16, 1, 12], [0, 28, 4, 11, 8, 9, 22, 15, 29], [0, 20, 5, 25, 10, 18, 23, 2, 3, 6]]


#################
lambda = 0.0
mu = 0.2
nu = 1.6

init = 1005.72
det = 823.769
gap = 0.215

solution = [[0, 27, 24, 14], [0, 7, 13, 21, 31, 19, 17], [0, 30, 26, 16, 1, 12], [0, 28, 4, 11, 8, 9, 22, 15, 29], [0, 20, 5, 25, 10, 18, 23, 2, 3, 6]]


#################
lambda = 0.0
mu = 0.5
nu = 1.6

init = 1006.886
det = 823.769
gap = 0.215

solution = [[0, 27, 24, 14], [0, 7, 13, 21, 31, 19, 17], [0, 30, 26, 16, 1, 12], [0, 28, 4, 11, 8, 9, 22, 15, 29], [0, 20, 5, 25, 10, 18, 23, 2, 3, 6]]


#################
lambda = 0.0
mu = 0.6000000000000001
nu = 1.7000000000000002

init = 1024.062
det = 846.056
gap = 2.843

solution = [[0, 28, 4, 11, 8, 18, 9, 22, 15, 29], [0, 26, 3, 2, 23, 6, 14, 24, 27], [0, 21, 31, 19, 17, 13, 7], [0, 30, 16, 1, 12], [0, 20, 5, 25, 10]]


#################
lambda = 0.0
mu = 0.7000000000000001
nu = 1.8

init = 1022.896
det = 846.056
gap = 2.843

solution = [[0, 28, 4, 11, 8, 18, 9, 22, 15, 29], [0, 26, 3, 2, 23, 6, 14, 24, 27], [0, 21, 31, 19, 17, 13, 7], [0, 30, 16, 1, 12], [0, 20, 5, 25, 10]]


#################
lambda = 0.0
mu = 0.8
nu = 1.9000000000000001

init = 1031.647
det = 823.769
gap = 0.215

solution = [[0, 7, 13, 21, 31, 19, 17], [0, 6, 3, 2, 23, 18, 10, 25, 5, 20], [0, 29, 15, 22, 9, 8, 11, 4, 28], [0, 27, 24, 14], [0, 12, 1, 16, 26, 30]]


#################
lambda = 0.0
mu = 0.9
nu = 1.3

init = 1035.911
det = 823.769
gap = 0.215

solution = [[0, 7, 13, 21, 31, 19, 17], [0, 6, 3, 2, 23, 18, 10, 25, 5, 20], [0, 29, 15, 22, 9, 8, 11, 4, 28], [0, 27, 24, 14], [0, 12, 1, 16, 26, 30]]


#################
lambda = 0.0
mu = 0.9
nu = 1.4000000000000001

init = 1108.595
det = 791.57
gap = -3.844

solution = [[0, 21, 31, 19, 17, 13, 7, 26], [0, 28, 11, 4, 23, 2, 3, 6], [0, 20, 5, 25, 10, 29, 15, 22, 9, 8, 18], [0, 30, 16, 1, 12], [0, 27, 24, 14]]


#################
lambda = 0.0
mu = 0.9
nu = 1.8

init = 1127.417
det = 793.101
gap = -3.644

solution = [[0, 27, 24, 14], [0, 30, 16, 1, 12], [0, 21, 31, 19, 17, 13, 7, 26], [0, 20, 5, 25, 10, 29, 15, 22, 9, 8, 18], [0, 6, 3, 2, 23, 28, 4, 11]]


#################
lambda = 0.0
mu = 1.0
nu = 0.0

init = 1364.549
det = 810.376
gap = -1.434

solution = [[0, 30, 16, 12, 1, 7, 26], [0, 21, 31, 19, 17, 13, 6], [0, 27, 24, 14], [0, 29, 22, 9, 15, 10, 25, 5, 20], [0, 3, 2, 23, 28, 4, 11, 8, 18]]


#################
lambda = 0.0
mu = 1.0
nu = 0.1

init = 1553.28
det = 791.57
gap = -3.844

solution = [[0, 21, 31, 19, 17, 13, 7, 26], [0, 20, 5, 25, 10, 29, 15, 22, 9, 8, 18], [0, 28, 11, 4, 23, 2, 3, 6], [0, 12, 1, 16, 30], [0, 14, 24, 27]]


#################
lambda = 0.0
mu = 1.1
nu = 0.0

init = 1409.43
det = 852.332
gap = 3.559

solution = [[0, 14, 24, 27, 20, 5, 25, 10], [0, 18, 8, 28, 4, 11, 9, 22, 15, 29], [0, 13, 17, 19, 31, 21, 1], [0, 12], [0, 26, 6, 23, 3, 2, 7, 16, 30]]


#################
lambda = 0.0
mu = 1.1
nu = 0.1

init = 1421.532
det = 791.57
gap = -3.844

solution = [[0, 30, 16, 1, 12], [0, 28, 11, 4, 23, 2, 3, 6], [0, 21, 31, 19, 17, 13, 7, 26], [0, 27, 24, 14], [0, 20, 5, 25, 10, 29, 15, 22, 9, 8, 18]]


#################
lambda = 0.0
mu = 1.1
nu = 0.30000000000000004

init = 1395.17
det = 823.506
gap = 0.183

solution = [[0, 18, 8, 11, 4, 28, 23, 3, 2], [0, 20, 5, 25, 10, 29, 15, 22, 9], [0, 13, 21, 31, 19, 17, 6], [0, 27, 24, 14], [0, 12, 1, 7, 16, 26, 30]]


#################
lambda = 0.0
mu = 1.1
nu = 0.4

init = 1457.545
det = 797.378
gap = -3.088

solution = [[0, 26, 7, 13, 21, 31, 19, 17], [0, 30, 16, 1, 12], [0, 18, 8, 9, 22, 15, 29, 10, 25, 5, 20], [0, 6, 3, 2, 23, 28, 4, 11], [0, 27, 24, 14]]


#################
lambda = 0.0
mu = 1.1
nu = 1.3

init = 1540.549
det = 810.761
gap = -1.386

solution = [[0, 3, 2, 23, 28, 4, 11, 8, 18], [0, 29, 22, 9, 15, 10, 25, 5, 20], [0, 21, 31, 19, 17, 13, 6], [0, 27, 24, 14], [0, 30, 26, 16, 7, 1, 12]]


#################
lambda = 0.0
mu = 1.1
nu = 1.4000000000000001

init = 1576.292
det = 791.57
gap = -3.844

solution = [[0, 28, 11, 4, 23, 2, 3, 6], [0, 27, 24, 14], [0, 20, 5, 25, 10, 29, 15, 22, 9, 8, 18], [0, 21, 31, 19, 17, 13, 7, 26], [0, 12, 1, 16, 30]]


#################
lambda = 0.0
mu = 1.1
nu = 1.5

init = 1543.024
det = 857.877
gap = 4.182

solution = [[0, 23, 3, 2, 17, 19, 31, 21], [0, 12, 1, 16, 30], [0, 26, 7, 13, 6, 24, 14], [0, 28, 4, 11, 8, 18, 9, 22], [0, 20, 5, 25, 10, 15, 29, 27]]


#################
lambda = 0.0
mu = 1.1
nu = 1.7000000000000002

init = 1554.115
det = 793.101
gap = -3.644

solution = [[0, 26, 7, 13, 17, 19, 31, 21], [0, 12, 1, 16, 30], [0, 27, 24, 14], [0, 20, 5, 25, 10, 29, 15, 22, 9, 8, 18], [0, 6, 3, 2, 23, 28, 4, 11]]


#################
lambda = 0.0
mu = 1.2000000000000002
nu = 1.6

init = 1507.281
det = 821.405
gap = -0.072

solution = [[0, 13, 21, 31, 19, 17, 6], [0, 30, 16, 12, 1, 7, 26], [0, 14, 24, 27], [0, 20, 5, 25, 10, 29, 15, 9, 22], [0, 18, 8, 11, 4, 28, 23, 2, 3]]


#################
lambda = 0.0
mu = 1.3
nu = 1.4000000000000001

init = 1456.681
det = 791.57
gap = -3.844

solution = [[0, 18, 8, 9, 22, 15, 29, 10, 25, 5, 20], [0, 28, 11, 4, 23, 2, 3, 6], [0, 26, 7, 13, 17, 19, 31, 21], [0, 27, 24, 14], [0, 12, 1, 16, 30]]


#################
lambda = 0.0
mu = 1.4000000000000001
nu = 1.2000000000000002

init = 1405.161
det = 791.57
gap = -3.844

solution = [[0, 26, 7, 13, 17, 19, 31, 21], [0, 12, 1, 16, 30], [0, 20, 5, 25, 10, 29, 15, 22, 9, 8, 18], [0, 28, 11, 4, 23, 2, 3, 6], [0, 27, 24, 14]]


#################
lambda = 0.0
mu = 1.4000000000000001
nu = 1.4000000000000001

init = 1385.94
det = 842.698
gap = 2.456

solution = [[0, 16, 12, 1, 13, 7, 26], [0, 27, 24, 14, 30], [0, 20, 5, 25, 10, 15, 29], [0, 6, 23, 28, 4, 11, 8, 18, 9, 22], [0, 21, 31, 19, 17, 2, 3]]


#################
lambda = 0.0
mu = 1.5
nu = 1.0

init = 1362.265
det = 791.57
gap = -3.844

solution = [[0, 26, 7, 13, 17, 19, 31, 21], [0, 12, 1, 16, 30], [0, 20, 5, 25, 10, 29, 15, 22, 9, 8, 18], [0, 28, 11, 4, 23, 2, 3, 6], [0, 27, 24, 14]]


#################
lambda = 0.0
mu = 1.5
nu = 1.8

init = 1480.249
det = 797.378
gap = -3.088

solution = [[0, 26, 7, 13, 21, 31, 19, 17], [0, 20, 5, 25, 10, 29, 15, 22, 9, 8, 18], [0, 12, 1, 16, 30], [0, 6, 3, 2, 23, 28, 4, 11], [0, 27, 24, 14]]


#################
lambda = 0.0
mu = 1.8
nu = 0.0

init = 1275.595
det = 854.435
gap = 3.796

solution = [[0, 21, 31, 19, 17, 2, 3, 23], [0, 29, 15, 22, 9, 11, 4, 28, 8, 18], [0, 20, 5, 25, 10, 27, 24, 14], [0, 26, 6, 13, 7, 1, 12], [0, 16, 30]]


#################
lambda = 0.0
mu = 1.8
nu = 0.4

init = 1429.12
det = 795.847
gap = -3.286

solution = [[0, 26, 7, 13, 21, 31, 19, 17], [0, 12, 1, 16, 30], [0, 6, 3, 2, 23, 4, 11, 28], [0, 14, 24, 27], [0, 18, 8, 9, 22, 15, 29, 10, 25, 5, 20]]


#################
lambda = 0.1
mu = 0.0
nu = 0.0

init = 914.931
det = 818.68
gap = -0.406

solution = [[0, 18, 8, 28, 4, 11, 9, 22, 15, 29], [0, 21, 31, 19, 17, 13, 7, 26], [0, 20, 5, 25, 10, 23, 2, 3, 6], [0, 27, 24, 14], [0, 30, 16, 1, 12]]


#################
lambda = 0.1
mu = 0.0
nu = 0.1

init = 908.961
det = 818.68
gap = -0.406

solution = [[0, 18, 8, 28, 4, 11, 9, 22, 15, 29], [0, 21, 31, 19, 17, 13, 7, 26], [0, 20, 5, 25, 10, 23, 2, 3, 6], [0, 27, 24, 14], [0, 30, 16, 1, 12]]


#################
lambda = 0.1
mu = 0.0
nu = 0.8

init = 910.471
det = 859.22
gap = 4.332

solution = [[0, 18, 8, 28, 4, 11, 9, 22, 15, 29], [0, 23, 3, 2, 17, 19, 31, 21], [0, 26, 16, 7, 13, 6, 14, 24], [0, 20, 5, 25, 10, 27], [0, 12, 1, 30]]


#################
lambda = 0.1
mu = 0.2
nu = 0.6000000000000001

init = 890.721
det = 855.752
gap = 3.944

solution = [[0, 18, 8, 28, 4, 11, 9, 22, 15], [0, 21, 31, 19, 17, 2, 3, 23], [0, 20, 5, 25, 10, 29, 6, 13, 7, 26], [0, 12, 1, 16, 30], [0, 27, 24, 14]]


#################
lambda = 0.1
mu = 0.5
nu = 0.0

init = 904.522
det = 830.922
gap = 1.074

solution = [[0, 21, 31, 19, 17, 2, 3], [0, 22, 9, 18, 8, 11, 4, 28, 23, 6], [0, 16, 7, 13, 1, 12], [0, 20, 5, 25, 10, 15, 29, 27], [0, 30, 26, 14, 24]]


#################
lambda = 0.1
mu = 0.6000000000000001
nu = 0.0

init = 1070.979
det = 839.021
gap = 2.029

solution = [[0, 21, 31, 19, 17, 2, 3], [0, 6, 23, 28, 4, 11, 8, 18, 9, 22], [0, 20, 5, 25, 10, 15, 29], [0, 30, 26, 14, 24, 27], [0, 16, 7, 13, 1, 12]]


#################
lambda = 0.1
mu = 0.7000000000000001
nu = 0.0

init = 1044.039
det = 828.461
gap = 0.78

solution = [[0, 18, 8, 28, 4, 11, 9, 22, 15, 29], [0, 26, 7, 13, 21, 31, 19, 17], [0, 30, 16, 12, 1], [0, 27, 24, 14], [0, 20, 5, 25, 10, 23, 2, 3, 6]]


#################
lambda = 0.1
mu = 0.7000000000000001
nu = 0.7000000000000001

init = 898.807
det = 842.03
gap = 2.379

solution = [[0, 26, 7, 13, 21, 31, 19, 17], [0, 29, 15, 22, 9, 11, 4, 28, 8, 18], [0, 27, 24, 14], [0, 30, 16, 1, 12], [0, 20, 5, 25, 10, 6, 3, 2, 23]]


#################
lambda = 0.1
mu = 0.7000000000000001
nu = 1.0

init = 885.006
det = 832.194
gap = 1.225

solution = [[0, 21, 31, 19, 17, 2, 3, 23], [0, 6, 28, 4, 11, 8, 18, 9, 22], [0, 20, 5, 25, 10, 15, 29, 27], [0, 16, 7, 13, 1, 12], [0, 30, 26, 14, 24]]


#################
lambda = 0.1
mu = 0.8
nu = 0.0

init = 1045.756
det = 840.884
gap = 2.246

solution = [[0, 21, 31, 19, 17, 2, 3], [0, 12, 1, 13, 7, 16, 26], [0, 22, 9, 18, 8, 11, 4, 28, 23, 6], [0, 30, 14, 24, 27], [0, 20, 5, 25, 10, 15, 29]]


#################
lambda = 0.1
mu = 0.8
nu = 0.7000000000000001

init = 1031.825
det = 797.356
gap = -3.091

solution = [[0, 26, 7, 13, 21, 31, 17, 19], [0, 28, 11, 4, 23, 2, 3, 6], [0, 20, 5, 25, 10, 29, 15, 22, 9, 8, 18], [0, 27, 24, 14], [0, 12, 1, 16, 30]]


#################
lambda = 0.1
mu = 0.8
nu = 0.9

init = 962.888
det = 791.57
gap = -3.844

solution = [[0, 12, 1, 16, 30], [0, 26, 7, 13, 17, 19, 31, 21], [0, 20, 5, 25, 10, 29, 15, 22, 9, 8, 18], [0, 28, 11, 4, 23, 2, 3, 6], [0, 14, 24, 27]]


#################
lambda = 0.1
mu = 0.8
nu = 1.9000000000000001

init = 929.906
det = 795.847
gap = -3.286

solution = [[0, 26, 7, 13, 21, 31, 19, 17], [0, 20, 5, 25, 10, 29, 15, 22, 9, 8, 18], [0, 12, 1, 16, 30], [0, 6, 3, 2, 23, 4, 11, 28], [0, 27, 24, 14]]


#################
lambda = 0.1
mu = 0.9
nu = 0.0

init = 940.627
det = 791.57
gap = -3.844

solution = [[0, 18, 8, 9, 22, 15, 29, 10, 25, 5, 20], [0, 28, 11, 4, 23, 2, 3, 6], [0, 26, 7, 13, 17, 19, 31, 21], [0, 27, 24, 14], [0, 12, 1, 16, 30]]


#################
lambda = 0.1
mu = 0.9
nu = 0.9

init = 855.352
det = 915.836
gap = 10.246

solution = [[0, 27], [0, 21, 31, 19, 17, 13, 7], [0, 29, 22, 9, 18, 8, 11, 4, 28, 2, 26], [0, 14, 6, 3, 23, 20, 5, 25, 10, 15], [0, 12, 1, 16, 30, 24]]


#################
lambda = 0.1
mu = 0.9
nu = 1.5

init = 853.636
det = 791.57
gap = -3.844

solution = [[0, 21, 31, 19, 17, 13, 7, 26], [0, 28, 11, 4, 23, 2, 3, 6], [0, 20, 5, 25, 10, 29, 15, 22, 9, 8, 18], [0, 30, 16, 1, 12], [0, 27, 24, 14]]


#################
lambda = 0.1
mu = 1.0
nu = 0.0

init = 987.647
det = 873.846
gap = 5.933

solution = [[0, 21, 31, 19, 17, 2, 3, 23], [0, 27, 24, 14, 6, 13, 7, 26], [0, 12, 1, 16, 30], [0, 20, 5, 25, 10, 15, 29], [0, 22, 9, 18, 8, 28, 4, 11]]


#################
lambda = 0.1
mu = 1.0
nu = 0.1

init = 996.405
det = 832.784
gap = 1.295

solution = [[0, 12, 1, 13, 7, 16, 26], [0, 3, 2, 17, 19, 31, 21], [0, 22, 9, 18, 8, 11, 4, 28, 23, 6], [0, 20, 5, 25, 10, 15, 29, 27], [0, 24, 14, 30]]


#################
lambda = 0.1
mu = 1.0
nu = 0.4

init = 992.74
det = 791.57
gap = -3.844

solution = [[0, 26, 7, 13, 17, 19, 31, 21], [0, 12, 1, 16, 30], [0, 20, 5, 25, 10, 29, 15, 22, 9, 8, 18], [0, 28, 11, 4, 23, 2, 3, 6], [0, 27, 24, 14]]


#################
lambda = 0.1
mu = 1.0
nu = 0.9

init = 901.251
det = 857.271
gap = 4.114

solution = [[0, 22, 9, 18, 8, 11, 4, 28, 2], [0, 6, 23, 3, 17, 19, 31, 21], [0, 12, 1, 13, 7, 16, 26], [0, 20, 5, 25, 10, 15, 29], [0, 30, 14, 24, 27]]


#################
lambda = 0.1
mu = 1.0
nu = 1.4000000000000001

init = 915.816
det = 830.922
gap = 1.074

solution = [[0, 12, 1, 13, 7, 16], [0, 6, 23, 28, 4, 11, 8, 18, 9, 22], [0, 21, 31, 19, 17, 2, 3], [0, 20, 5, 25, 10, 15, 29, 27], [0, 30, 26, 14, 24]]


#################
lambda = 0.1
mu = 1.0
nu = 1.7000000000000002

init = 996.664
det = 791.57
gap = -3.844

solution = [[0, 18, 8, 9, 22, 15, 29, 10, 25, 5, 20], [0, 28, 11, 4, 23, 2, 3, 6], [0, 26, 7, 13, 17, 19, 31, 21], [0, 27, 24, 14], [0, 12, 1, 16, 30]]


#################
lambda = 0.1
mu = 1.1
nu = 0.0

init = 1328.809
det = 793.101
gap = -3.644

solution = [[0, 21, 31, 19, 17, 13, 7, 26], [0, 20, 5, 25, 10, 29, 15, 22, 9, 8, 18], [0, 6, 3, 2, 23, 28, 4, 11], [0, 27, 24, 14], [0, 12, 1, 16, 30]]


#################
lambda = 0.1
mu = 1.1
nu = 0.1

init = 1327.2
det = 832.784
gap = 1.295

solution = [[0, 21, 31, 19, 17, 2, 3], [0, 22, 9, 18, 8, 11, 4, 28, 23, 6], [0, 12, 1, 13, 7, 16, 26], [0, 20, 5, 25, 10, 15, 29, 27], [0, 30, 14, 24]]


#################
lambda = 0.1
mu = 1.1
nu = 0.2

init = 1327.083
det = 821.405
gap = -0.072

solution = [[0, 3, 2, 23, 28, 4, 11, 8, 18], [0, 13, 21, 31, 19, 17, 6], [0, 30, 16, 12, 1, 7, 26], [0, 14, 24, 27], [0, 20, 5, 25, 10, 29, 15, 9, 22]]


#################
lambda = 0.1
mu = 1.1
nu = 0.30000000000000004

init = 1313.913
det = 832.784
gap = 1.295

solution = [[0, 21, 31, 19, 17, 2, 3], [0, 22, 9, 18, 8, 11, 4, 28, 23, 6], [0, 12, 1, 13, 7, 16, 26], [0, 20, 5, 25, 10, 15, 29, 27], [0, 30, 14, 24]]


#################
lambda = 0.1
mu = 1.1
nu = 0.4

init = 1103.635
det = 793.101
gap = -3.644

solution = [[0, 21, 31, 19, 17, 13, 7, 26], [0, 27, 24, 14], [0, 30, 16, 1, 12], [0, 20, 5, 25, 10, 29, 15, 22, 9, 8, 18], [0, 6, 3, 2, 23, 28, 4, 11]]


#################
lambda = 0.1
mu = 1.1
nu = 0.6000000000000001

init = 1107.062
det = 791.57
gap = -3.844

solution = [[0, 28, 11, 4, 23, 2, 3, 6], [0, 18, 8, 9, 22, 15, 29, 10, 25, 5, 20], [0, 21, 31, 19, 17, 13, 7, 26], [0, 12, 1, 16, 30], [0, 27, 24, 14]]


#################
lambda = 0.1
mu = 1.1
nu = 0.9

init = 1100.332
det = 791.57
gap = -3.844

solution = [[0, 28, 11, 4, 23, 2, 3, 6], [0, 18, 8, 9, 22, 15, 29, 10, 25, 5, 20], [0, 21, 31, 19, 17, 13, 7, 26], [0, 12, 1, 16, 30], [0, 27, 24, 14]]


#################
lambda = 0.1
mu = 1.1
nu = 1.5

init = 1069.102
det = 827.268
gap = 0.637

solution = [[0, 12, 1, 16, 26, 30], [0, 27, 24, 14], [0, 7, 13, 21, 31, 19, 17], [0, 6, 23, 28, 4, 11, 8, 9, 22, 29], [0, 20, 5, 25, 10, 15, 18, 3, 2]]


#################
lambda = 0.1
mu = 1.1
nu = 1.7000000000000002

init = 1058.43
det = 827.268
gap = 0.637

solution = [[0, 12, 1, 16, 26, 30], [0, 27, 24, 14], [0, 7, 13, 21, 31, 19, 17], [0, 6, 23, 28, 4, 11, 8, 9, 22, 29], [0, 20, 5, 25, 10, 15, 18, 3, 2]]


#################
lambda = 0.1
mu = 1.1
nu = 1.8

init = 1178.719
det = 819.53
gap = -0.301

solution = [[0, 3, 2, 23, 28, 4, 11, 8, 18], [0, 6, 13, 17, 19, 31, 21, 26], [0, 12, 1, 7, 16, 30], [0, 20, 5, 25, 10, 29, 15, 9, 22], [0, 27, 24, 14]]


#################
lambda = 0.1
mu = 1.2000000000000002
nu = 0.0

init = 1331.741
det = 855.986
gap = 3.97

solution = [[0, 21, 31, 19, 17, 2, 3, 23], [0, 28, 4, 11, 8, 18, 9, 22, 15, 29], [0, 20, 5, 25, 10, 27], [0, 26, 7, 13, 6, 14, 24], [0, 12, 1, 16, 30]]


#################
lambda = 0.1
mu = 1.2000000000000002
nu = 0.1

init = 1313.574
det = 791.57
gap = -3.844

solution = [[0, 21, 31, 19, 17, 13, 7, 26], [0, 28, 11, 4, 23, 2, 3, 6], [0, 20, 5, 25, 10, 29, 15, 22, 9, 8, 18], [0, 27, 24, 14], [0, 12, 1, 16, 30]]


#################
lambda = 0.1
mu = 1.2000000000000002
nu = 1.3

init = 1336.493
det = 791.57
gap = -3.844

solution = [[0, 26, 7, 13, 17, 19, 31, 21], [0, 12, 1, 16, 30], [0, 20, 5, 25, 10, 29, 15, 22, 9, 8, 18], [0, 28, 11, 4, 23, 2, 3, 6], [0, 27, 24, 14]]


#################
lambda = 0.1
mu = 1.2000000000000002
nu = 1.5

init = 1315.968
det = 791.57
gap = -3.844

solution = [[0, 26, 7, 13, 17, 19, 31, 21], [0, 12, 1, 16, 30], [0, 20, 5, 25, 10, 29, 15, 22, 9, 8, 18], [0, 28, 11, 4, 23, 2, 3, 6], [0, 27, 24, 14]]


#################
lambda = 0.1
mu = 1.2000000000000002
nu = 1.7000000000000002

init = 1464.397
det = 842.698
gap = 2.456

solution = [[0, 6, 23, 28, 4, 11, 8, 18, 9, 22], [0, 21, 31, 19, 17, 2, 3], [0, 20, 5, 25, 10, 15, 29], [0, 30, 14, 24, 27], [0, 16, 12, 1, 13, 7, 26]]


#################
lambda = 0.1
mu = 1.3
nu = 0.0

init = 1383.646
det = 861.328
gap = 4.566

solution = [[0, 21, 31, 19, 17, 2, 3, 23], [0, 20, 5, 25, 10], [0, 29, 15, 22, 9, 11, 4, 28, 8, 18], [0, 26, 7, 13, 6, 14, 24, 27], [0, 12, 1, 16, 30]]


#################
lambda = 0.1
mu = 1.4000000000000001
nu = 0.0

init = 1480.697
det = 791.57
gap = -3.844

solution = [[0, 28, 11, 4, 23, 2, 3, 6], [0, 20, 5, 25, 10, 29, 15, 22, 9, 8, 18], [0, 26, 7, 13, 17, 19, 31, 21], [0, 27, 24, 14], [0, 12, 1, 16, 30]]


#################
lambda = 0.1
mu = 1.4000000000000001
nu = 0.30000000000000004

init = 1451.658
det = 791.57
gap = -3.844

solution = [[0, 28, 11, 4, 23, 2, 3, 6], [0, 20, 5, 25, 10, 29, 15, 22, 9, 8, 18], [0, 26, 7, 13, 17, 19, 31, 21], [0, 27, 24, 14], [0, 12, 1, 16, 30]]


#################
lambda = 0.1
mu = 1.4000000000000001
nu = 0.9

init = 1445.462
det = 823.383
gap = 0.168

solution = [[0, 20, 29, 22, 9, 8, 28, 23, 2, 3, 6], [0, 26, 7, 13, 21, 31, 19, 17], [0, 5, 25, 10, 15, 11, 4, 18], [0, 27, 24, 14], [0, 12, 1, 16, 30]]


#################
lambda = 0.1
mu = 1.4000000000000001
nu = 1.4000000000000001

init = 1418.096
det = 823.383
gap = 0.168

solution = [[0, 20, 29, 22, 9, 8, 28, 23, 2, 3, 6], [0, 26, 7, 13, 21, 31, 19, 17], [0, 5, 25, 10, 15, 11, 4, 18], [0, 27, 24, 14], [0, 12, 1, 16, 30]]


#################
lambda = 0.1
mu = 1.4000000000000001
nu = 1.5

init = 1451.21
det = 823.383
gap = 0.168

solution = [[0, 20, 29, 22, 9, 8, 28, 23, 2, 3, 6], [0, 26, 7, 13, 21, 31, 19, 17], [0, 5, 25, 10, 15, 11, 4, 18], [0, 27, 24, 14], [0, 12, 1, 16, 30]]


#################
lambda = 0.1
mu = 1.4000000000000001
nu = 1.6

init = 1430.408
det = 819.53
gap = -0.301

solution = [[0, 3, 2, 23, 28, 4, 11, 8, 18], [0, 6, 13, 17, 19, 31, 21, 26], [0, 12, 1, 7, 16, 30], [0, 20, 5, 25, 10, 29, 15, 9, 22], [0, 27, 24, 14]]


#################
lambda = 0.1
mu = 1.5
nu = 1.3

init = 1238.835
det = 793.101
gap = -3.644

solution = [[0, 21, 31, 19, 17, 13, 7, 26], [0, 12, 1, 16, 30], [0, 27, 24, 14], [0, 20, 5, 25, 10, 29, 15, 22, 9, 8, 18], [0, 6, 3, 2, 23, 28, 4, 11]]


#################
lambda = 0.1
mu = 1.5
nu = 1.5

init = 1465.178
det = 840.293
gap = 2.177

solution = [[0, 20, 5, 25, 10, 15, 29], [0, 12, 1, 13, 7, 16], [0, 30, 26, 14, 24, 27], [0, 6, 28, 4, 11, 8, 18, 9, 22], [0, 21, 31, 19, 17, 2, 3, 23]]


#################
lambda = 0.1
mu = 1.9000000000000001
nu = 1.2000000000000002

init = 1250.671
det = 819.95
gap = -0.25

solution = [[0, 18, 8, 11, 4, 28, 23, 3, 2], [0, 20, 5, 25, 10, 29, 15, 9, 22], [0, 14, 24, 27], [0, 12, 1, 7, 16, 30], [0, 6, 13, 17, 19, 31, 21, 26]]


#################
lambda = 0.2
mu = 0.0
nu = 1.9000000000000001

init = 909.172
det = 791.57
gap = -3.844

solution = [[0, 20, 5, 25, 10, 29, 15, 22, 9, 8, 18], [0, 28, 11, 4, 23, 2, 3, 6], [0, 26, 7, 13, 17, 19, 31, 21], [0, 30, 16, 1, 12], [0, 27, 24, 14]]


#################
lambda = 0.2
mu = 0.1
nu = 0.0

init = 986.72
det = 862.025
gap = 4.643

solution = [[0, 14, 24, 27, 20, 5, 25, 10], [0, 6, 23, 3, 2], [0, 29, 15, 22, 9, 18, 8, 11, 4, 28], [0, 26, 7, 13, 21, 31, 19, 17], [0, 12, 1, 16, 30]]


#################
lambda = 0.2
mu = 0.1
nu = 0.1

init = 938.91
det = 797.378
gap = -3.088

solution = [[0, 26, 7, 13, 21, 31, 19, 17], [0, 12, 1, 16, 30], [0, 20, 5, 25, 10, 29, 15, 22, 9, 8, 18], [0, 6, 3, 2, 23, 28, 4, 11], [0, 27, 24, 14]]


#################
lambda = 0.2
mu = 0.30000000000000004
nu = 1.8

init = 904.756
det = 855.655
gap = 3.933

solution = [[0, 23, 3, 2, 17, 19, 31, 21], [0, 18, 8, 28, 4, 11, 9, 22, 15, 29], [0, 14, 24, 27], [0, 12, 1, 16, 30], [0, 20, 5, 25, 10, 6, 13, 7, 26]]


#################
lambda = 0.2
mu = 0.4
nu = 1.4000000000000001

init = 918.557
det = 873.021
gap = 5.844

solution = [[0, 29, 15, 22, 9, 18, 8, 28, 4, 11], [0, 23, 3, 2, 17, 19, 31, 21], [0, 26, 16, 7, 13, 6, 14, 24], [0, 20, 5, 25, 10, 27], [0, 12, 1, 30]]


#################
lambda = 0.2
mu = 0.6000000000000001
nu = 1.9000000000000001

init = 859.422
det = 795.847
gap = -3.286

solution = [[0, 12, 1, 16, 30], [0, 26, 7, 13, 21, 31, 19, 17], [0, 14, 24, 27], [0, 20, 5, 25, 10, 29, 15, 22, 9, 8, 18], [0, 28, 11, 4, 23, 2, 3, 6]]


#################
lambda = 0.2
mu = 0.9
nu = 1.7000000000000002

init = 984.194
det = 819.0
gap = -0.366

solution = [[0, 29, 15, 22, 9, 8, 11, 4, 28], [0, 6, 3, 2, 23, 18, 10, 25, 5, 20], [0, 21, 31, 19, 17, 13, 7, 26], [0, 30, 16, 12, 1], [0, 27, 24, 14]]


#################
lambda = 0.2
mu = 0.9
nu = 1.9000000000000001

init = 963.466
det = 816.461
gap = -0.678

solution = [[0, 12, 1, 16, 30], [0, 26, 7, 13, 17, 19, 31, 21], [0, 27, 24, 14, 6], [0, 3, 2, 23, 28, 4, 11, 8, 18], [0, 29, 22, 9, 15, 10, 25, 5, 20]]


#################
lambda = 0.2
mu = 1.0
nu = 0.0

init = 957.618
det = 819.106
gap = -0.353

solution = [[0, 21, 31, 19, 17, 13, 7, 26], [0, 20, 29, 22, 9, 8, 28, 23, 2, 3, 6], [0, 5, 25, 10, 15, 11, 4, 18], [0, 27, 24, 14], [0, 12, 1, 16, 30]]


#################
lambda = 0.2
mu = 1.0
nu = 0.4

init = 987.842
det = 842.156
gap = 2.393

solution = [[0, 21, 31, 19, 17, 2, 3, 23], [0, 12, 1, 13, 7, 16, 26], [0, 30, 14, 24, 27], [0, 22, 9, 18, 8, 11, 4, 28, 6], [0, 20, 5, 25, 10, 15, 29]]


#################
lambda = 0.2
mu = 1.0
nu = 1.7000000000000002

init = 917.062
det = 836.081
gap = 1.684

solution = [[0, 20, 5, 25, 10, 15, 29, 27], [0, 12, 1, 13, 7, 14, 24], [0, 30, 16, 26], [0, 6, 23, 28, 4, 11, 8, 18, 9, 22], [0, 21, 31, 19, 17, 2, 3]]


#################
lambda = 0.2
mu = 1.1
nu = 0.0

init = 887.843
det = 797.685
gap = -3.048

solution = [[0, 29, 18, 8, 9, 22, 15, 10, 25, 5, 20], [0, 28, 11, 4, 23, 2, 3, 6], [0, 27, 24, 14], [0, 7, 13, 17, 19, 31, 21], [0, 30, 26, 16, 1, 12]]


#################
lambda = 0.2
mu = 1.1
nu = 0.4

init = 878.431
det = 793.101
gap = -3.644

solution = [[0, 30, 16, 1, 12], [0, 21, 31, 19, 17, 13, 7, 26], [0, 27, 24, 14], [0, 20, 5, 25, 10, 29, 15, 22, 9, 8, 18], [0, 6, 3, 2, 23, 28, 4, 11]]


#################
lambda = 0.2
mu = 1.1
nu = 1.4000000000000001

init = 1003.572
det = 834.599
gap = 1.51

solution = [[0, 20, 5, 25, 10, 15, 29, 27], [0, 30, 14, 24], [0, 26, 7, 13, 1, 12, 16], [0, 6, 23, 28, 4, 11, 8, 18, 9, 22], [0, 21, 31, 19, 17, 2, 3]]


#################
lambda = 0.2
mu = 1.1
nu = 1.6

init = 1026.941
det = 793.101
gap = -3.644

solution = [[0, 18, 8, 9, 22, 15, 29, 10, 25, 5, 20], [0, 26, 7, 13, 17, 19, 31, 21], [0, 12, 1, 16, 30], [0, 6, 3, 2, 23, 28, 4, 11], [0, 27, 24, 14]]


#################
lambda = 0.2
mu = 1.2000000000000002
nu = 1.1

init = 1053.577
det = 795.847
gap = -3.286

solution = [[0, 26, 7, 13, 21, 31, 19, 17], [0, 20, 5, 25, 10, 29, 15, 22, 9, 8, 18], [0, 12, 1, 16, 30], [0, 28, 11, 4, 23, 2, 3, 6], [0, 14, 24, 27]]


#################
lambda = 0.2
mu = 1.2000000000000002
nu = 1.7000000000000002

init = 1046.847
det = 797.378
gap = -3.088

solution = [[0, 12, 1, 16, 30], [0, 26, 7, 13, 21, 31, 19, 17], [0, 20, 5, 25, 10, 29, 15, 22, 9, 8, 18], [0, 6, 3, 2, 23, 28, 4, 11], [0, 27, 24, 14]]


#################
lambda = 0.2
mu = 1.3
nu = 0.0

init = 1202.082
det = 791.57
gap = -3.844

solution = [[0, 20, 5, 25, 10, 29, 15, 22, 9, 8, 18], [0, 28, 11, 4, 23, 2, 3, 6], [0, 26, 7, 13, 17, 19, 31, 21], [0, 27, 24, 14], [0, 12, 1, 16, 30]]


#################
lambda = 0.2
mu = 1.3
nu = 0.7000000000000001

init = 1199.288
det = 791.57
gap = -3.844

solution = [[0, 20, 5, 25, 10, 29, 15, 22, 9, 8, 18], [0, 28, 11, 4, 23, 2, 3, 6], [0, 26, 7, 13, 17, 19, 31, 21], [0, 27, 24, 14], [0, 12, 1, 16, 30]]


#################
lambda = 0.2
mu = 1.3
nu = 1.3

init = 1265.815
det = 834.056
gap = 1.445

solution = [[0, 12, 1, 13, 7, 16, 26], [0, 21, 31, 19, 17, 2, 3, 23], [0, 30, 14, 24], [0, 20, 5, 25, 10, 15, 29, 27], [0, 22, 9, 18, 8, 11, 4, 28, 6]]


#################
lambda = 0.2
mu = 1.4000000000000001
nu = 0.0

init = 1316.294
det = 855.986
gap = 3.97

solution = [[0, 21, 31, 19, 17, 2, 3, 23], [0, 28, 4, 11, 8, 18, 9, 22, 15, 29], [0, 20, 5, 25, 10, 27], [0, 26, 7, 13, 6, 14, 24], [0, 12, 1, 16, 30]]


#################
lambda = 0.2
mu = 1.4000000000000001
nu = 0.1

init = 1298.127
det = 791.57
gap = -3.844

solution = [[0, 21, 31, 19, 17, 13, 7, 26], [0, 28, 11, 4, 23, 2, 3, 6], [0, 20, 5, 25, 10, 29, 15, 22, 9, 8, 18], [0, 27, 24, 14], [0, 12, 1, 16, 30]]


#################
lambda = 0.2
mu = 1.4000000000000001
nu = 0.5

init = 1316.368
det = 791.57
gap = -3.844

solution = [[0, 21, 31, 19, 17, 13, 7, 26], [0, 28, 11, 4, 23, 2, 3, 6], [0, 20, 5, 25, 10, 29, 15, 22, 9, 8, 18], [0, 27, 24, 14], [0, 12, 1, 16, 30]]


#################
lambda = 0.2
mu = 1.5
nu = 0.0

init = 1311.884
det = 795.847
gap = -3.286

solution = [[0, 26, 7, 13, 21, 31, 19, 17], [0, 12, 1, 16, 30], [0, 20, 5, 25, 10, 29, 15, 22, 9, 8, 18], [0, 6, 3, 2, 23, 4, 11, 28], [0, 27, 24, 14]]


#################
lambda = 0.2
mu = 1.6
nu = 0.5

init = 1313.014
det = 824.184
gap = 0.265

solution = [[0, 21, 31, 19, 17, 13, 7, 26], [0, 27, 24, 14], [0, 30, 16, 12, 1], [0, 18, 8, 28, 4, 11, 9, 22, 15, 29], [0, 20, 5, 25, 10, 23, 2, 3, 6]]


#################
lambda = 0.2
mu = 1.6
nu = 1.1

init = 1427.6
det = 824.184
gap = 0.265

solution = [[0, 21, 31, 19, 17, 13, 7, 26], [0, 27, 24, 14], [0, 30, 16, 12, 1], [0, 18, 8, 28, 4, 11, 9, 22, 15, 29], [0, 20, 5, 25, 10, 23, 2, 3, 6]]


#################
lambda = 0.2
mu = 1.6
nu = 1.9000000000000001

init = 1424.472
det = 818.68
gap = -0.406

solution = [[0, 21, 31, 19, 17, 13, 7, 26], [0, 29, 15, 22, 9, 11, 4, 28, 8, 18], [0, 20, 5, 25, 10, 23, 2, 3, 6], [0, 27, 24, 14], [0, 12, 1, 16, 30]]


#################
lambda = 0.2
mu = 1.7000000000000002
nu = 0.0

init = 1489.187
det = 791.57
gap = -3.844

solution = [[0, 18, 8, 9, 22, 15, 29, 10, 25, 5, 20], [0, 28, 11, 4, 23, 2, 3, 6], [0, 26, 7, 13, 17, 19, 31, 21], [0, 12, 1, 16, 30], [0, 27, 24, 14]]


#################
lambda = 0.2
mu = 1.7000000000000002
nu = 0.6000000000000001

init = 1448.839
det = 835.871
gap = 1.659

solution = [[0, 6, 28, 4, 11, 8, 18, 9, 22], [0, 20, 5, 25, 10, 15, 29, 27], [0, 21, 31, 19, 17, 2, 3, 23], [0, 26, 7, 13, 1, 12, 16], [0, 30, 14, 24]]


#################
lambda = 0.2
mu = 1.7000000000000002
nu = 1.4000000000000001

init = 1414.227
det = 824.184
gap = 0.265

solution = [[0, 21, 31, 19, 17, 13, 7, 26], [0, 27, 24, 14], [0, 30, 16, 12, 1], [0, 18, 8, 28, 4, 11, 9, 22, 15, 29], [0, 20, 5, 25, 10, 23, 2, 3, 6]]


#################
lambda = 0.2
mu = 1.8
nu = 1.3

init = 1247.65
det = 829.378
gap = 0.89

solution = [[0, 7, 13, 21, 31, 19, 17], [0, 12, 1, 16, 26, 30], [0, 27, 24, 14], [0, 18, 4, 11, 15, 10, 25, 5], [0, 20, 29, 22, 9, 8, 28, 23, 2, 3, 6]]


#################
lambda = 0.30000000000000004
mu = 0.0
nu = 0.0

init = 963.411
det = 823.383
gap = 0.168

solution = [[0, 26, 7, 13, 21, 31, 19, 17], [0, 27, 24, 14], [0, 12, 1, 16, 30], [0, 5, 25, 10, 15, 11, 4, 18], [0, 20, 29, 22, 9, 8, 28, 23, 2, 3, 6]]


#################
lambda = 0.30000000000000004
mu = 0.0
nu = 0.2

init = 967.737
det = 832.784
gap = 1.295

solution = [[0, 12, 1, 13, 7, 16, 26], [0, 22, 9, 18, 8, 11, 4, 28, 23, 6], [0, 21, 31, 19, 17, 2, 3], [0, 24, 14, 30], [0, 20, 5, 25, 10, 15, 29, 27]]


#################
lambda = 0.30000000000000004
mu = 0.0
nu = 1.7000000000000002

init = 913.375
det = 795.847
gap = -3.286

solution = [[0, 26, 7, 13, 21, 31, 19, 17], [0, 20, 5, 25, 10, 29, 15, 22, 9, 8, 18], [0, 12, 1, 16, 30], [0, 6, 3, 2, 23, 4, 11, 28], [0, 27, 24, 14]]


#################
lambda = 0.30000000000000004
mu = 0.30000000000000004
nu = 0.0

init = 994.354
det = 793.101
gap = -3.644

solution = [[0, 26, 7, 13, 17, 19, 31, 21], [0, 12, 1, 16, 30], [0, 27, 24, 14], [0, 20, 5, 25, 10, 29, 15, 22, 9, 8, 18], [0, 6, 3, 2, 23, 28, 4, 11]]


#################
lambda = 0.30000000000000004
mu = 0.6000000000000001
nu = 0.0

init = 962.972
det = 835.871
gap = 1.659

solution = [[0, 22, 9, 18, 8, 11, 4, 28, 6], [0, 23, 3, 2, 17, 19, 31, 21], [0, 20, 5, 25, 10, 15, 29, 27], [0, 30, 14, 24], [0, 26, 7, 13, 1, 12, 16]]


#################
lambda = 0.30000000000000004
mu = 0.8
nu = 0.0

init = 952.765
det = 807.949
gap = -1.739

solution = [[0, 20, 5, 25, 10, 15, 9, 22, 29], [0, 13, 21, 31, 19, 17, 6], [0, 18, 8, 11, 4, 28, 23, 2, 3], [0, 30, 16, 12, 1, 7, 26], [0, 14, 24, 27]]


#################
lambda = 0.30000000000000004
mu = 0.9
nu = 0.0

init = 989.847
det = 807.949
gap = -1.739

solution = [[0, 26, 7, 1, 12, 16, 30], [0, 29, 22, 9, 15, 10, 25, 5, 20], [0, 3, 2, 23, 28, 4, 11, 8, 18], [0, 6, 17, 19, 31, 21, 13], [0, 27, 24, 14]]


#################
lambda = 0.30000000000000004
mu = 0.9
nu = 0.5

init = 980.347
det = 839.021
gap = 2.029

solution = [[0, 12, 1, 13, 7, 16], [0, 30, 26, 14, 24, 27], [0, 21, 31, 19, 17, 2, 3], [0, 22, 9, 18, 8, 11, 4, 28, 23, 6], [0, 20, 5, 25, 10, 15, 29]]


#################
lambda = 0.30000000000000004
mu = 0.9
nu = 1.9000000000000001

init = 959.046
det = 830.922
gap = 1.074

solution = [[0, 22, 9, 18, 8, 11, 4, 28, 23, 6], [0, 21, 31, 19, 17, 2, 3], [0, 20, 5, 25, 10, 15, 29, 27], [0, 16, 7, 13, 1, 12], [0, 30, 26, 14, 24]]


#################
lambda = 0.30000000000000004
mu = 1.0
nu = 1.0

init = 992.083
det = 795.847
gap = -3.286

solution = [[0, 28, 11, 4, 23, 2, 3, 6], [0, 20, 5, 25, 10, 29, 15, 22, 9, 8, 18], [0, 27, 24, 14], [0, 30, 16, 1, 12], [0, 26, 7, 13, 21, 31, 19, 17]]


#################
lambda = 0.30000000000000004
mu = 1.1
nu = 0.0

init = 865.149
det = 844.641
gap = 2.68

solution = [[0, 22, 9, 18, 8, 11, 4, 28, 23, 3], [0, 20, 5, 25, 10, 15, 29], [0, 21, 31, 19, 17, 2, 6], [0, 12, 1, 13, 7, 16, 26], [0, 30, 14, 24, 27]]


#################
lambda = 0.30000000000000004
mu = 1.2000000000000002
nu = 0.0

init = 983.125
det = 832.784
gap = 1.295

solution = [[0, 22, 9, 18, 8, 11, 4, 28, 23, 6], [0, 3, 2, 17, 19, 31, 21], [0, 12, 1, 13, 7, 16, 26], [0, 24, 14, 30], [0, 20, 5, 25, 10, 15, 29, 27]]


#################
lambda = 0.30000000000000004
mu = 1.2000000000000002
nu = 0.8

init = 979.241
det = 797.378
gap = -3.088

solution = [[0, 26, 7, 13, 21, 31, 19, 17], [0, 27, 24, 14], [0, 30, 16, 1, 12], [0, 20, 5, 25, 10, 29, 15, 22, 9, 8, 18], [0, 6, 3, 2, 23, 28, 4, 11]]


#################
lambda = 0.30000000000000004
mu = 1.2000000000000002
nu = 1.1

init = 852.521
det = 909.718
gap = 9.642

solution = [[0, 12], [0, 28, 4, 11, 8, 18, 9, 22, 24], [0, 26, 14, 27, 20, 5, 29, 25, 10, 15], [0, 16, 7, 13, 6, 23, 3, 2], [0, 1, 21, 31, 19, 17, 30]]


#################
lambda = 0.30000000000000004
mu = 1.3
nu = 1.2000000000000002

init = 1105.09
det = 797.378
gap = -3.088

solution = [[0, 26, 7, 13, 21, 31, 19, 17], [0, 20, 5, 25, 10, 29, 15, 22, 9, 8, 18], [0, 6, 3, 2, 23, 28, 4, 11], [0, 27, 24, 14], [0, 12, 1, 16, 30]]


#################
lambda = 0.30000000000000004
mu = 1.3
nu = 1.7000000000000002

init = 1023.102
det = 791.57
gap = -3.844

solution = [[0, 28, 11, 4, 23, 2, 3, 6], [0, 20, 5, 25, 10, 29, 15, 22, 9, 8, 18], [0, 26, 7, 13, 17, 19, 31, 21], [0, 27, 24, 14], [0, 12, 1, 16, 30]]


#################
lambda = 0.30000000000000004
mu = 1.4000000000000001
nu = 0.0

init = 1363.372
det = 793.101
gap = -3.644

solution = [[0, 26, 7, 13, 17, 19, 31, 21], [0, 12, 1, 16, 30], [0, 27, 24, 14], [0, 20, 5, 25, 10, 29, 15, 22, 9, 8, 18], [0, 6, 3, 2, 23, 28, 4, 11]]


#################
lambda = 0.30000000000000004
mu = 1.4000000000000001
nu = 0.7000000000000001

init = 1289.407
det = 873.846
gap = 5.933

solution = [[0, 21, 31, 19, 17, 2, 3, 23], [0, 22, 9, 18, 8, 28, 4, 11], [0, 20, 5, 25, 10, 15, 29], [0, 12, 1, 16, 30], [0, 27, 24, 14, 6, 13, 7, 26]]


#################
lambda = 0.30000000000000004
mu = 1.4000000000000001
nu = 1.3

init = 1209.666
det = 793.101
gap = -3.644

solution = [[0, 21, 31, 19, 17, 13, 7, 26], [0, 12, 1, 16, 30], [0, 27, 24, 14], [0, 20, 5, 25, 10, 29, 15, 22, 9, 8, 18], [0, 6, 3, 2, 23, 28, 4, 11]]


#################
lambda = 0.30000000000000004
mu = 1.5
nu = 0.0

init = 1306.913
det = 860.045
gap = 4.424

solution = [[0, 21, 31, 19, 17, 2, 3, 23], [0, 22, 9, 11, 4, 28, 8, 18], [0, 26, 7, 13, 6, 14, 24, 27], [0, 30, 16, 1, 12], [0, 20, 5, 25, 10, 15, 29]]


#################
lambda = 0.30000000000000004
mu = 1.6
nu = 0.0

init = 1342.089
det = 791.57
gap = -3.844

solution = [[0, 21, 31, 19, 17, 13, 7, 26], [0, 28, 11, 4, 23, 2, 3, 6], [0, 20, 5, 25, 10, 29, 15, 22, 9, 8, 18], [0, 27, 24, 14], [0, 12, 1, 16, 30]]


#################
lambda = 0.30000000000000004
mu = 1.8
nu = 1.4000000000000001

init = 1220.466
det = 791.57
gap = -3.844

solution = [[0, 26, 7, 13, 17, 19, 31, 21], [0, 12, 1, 16, 30], [0, 20, 5, 25, 10, 29, 15, 22, 9, 8, 18], [0, 28, 11, 4, 23, 2, 3, 6], [0, 27, 24, 14]]


#################
lambda = 0.4
mu = 0.0
nu = 0.0

init = 942.813
det = 835.871
gap = 1.659

solution = [[0, 23, 3, 2, 17, 19, 31, 21], [0, 22, 9, 18, 8, 11, 4, 28, 6], [0, 20, 5, 25, 10, 15, 29, 27], [0, 30, 14, 24], [0, 26, 7, 13, 1, 12, 16]]


#################
lambda = 0.4
mu = 0.0
nu = 0.2

init = 921.676
det = 791.57
gap = -3.844

solution = [[0, 28, 11, 4, 23, 2, 3, 6], [0, 20, 5, 25, 10, 29, 15, 22, 9, 8, 18], [0, 26, 7, 13, 17, 19, 31, 21], [0, 27, 24, 14], [0, 12, 1, 16, 30]]


#################
lambda = 0.4
mu = 0.0
nu = 0.4

init = 901.211
det = 846.455
gap = 2.889

solution = [[0, 22, 9, 18, 8, 11, 4, 28, 23, 3], [0, 20, 5, 25, 10, 15, 29], [0, 21, 31, 19, 17, 2, 6], [0, 30, 14, 24, 27], [0, 26, 7, 13, 1, 12, 16]]


#################
lambda = 0.4
mu = 0.0
nu = 1.4000000000000001

init = 950.79
det = 829.408
gap = 0.893

solution = [[0, 6, 3, 2, 23, 18, 29, 10, 25, 5, 20], [0, 26, 7, 13, 21, 31, 19, 17], [0, 30, 16, 12, 1], [0, 27, 24, 14], [0, 15, 22, 9, 8, 11, 4, 28]]


#################
lambda = 0.4
mu = 0.30000000000000004
nu = 0.0

init = 963.493
det = 833.533
gap = 1.384

solution = [[0, 21, 31, 19, 17, 2, 3], [0, 22, 9, 18, 8, 11, 4, 28, 23, 6], [0, 20, 5, 25, 10, 15, 29, 27], [0, 30, 26, 24, 14], [0, 12, 1, 13, 7, 16]]


#################
lambda = 0.4
mu = 0.4
nu = 1.3

init = 975.371
det = 859.638
gap = 4.378

solution = [[0, 6, 23, 3, 2, 17, 19, 31], [0, 29, 15, 22, 9, 18, 8, 11, 4, 28], [0, 14, 24, 27, 20, 5, 25, 10], [0, 12, 1, 21, 13, 7, 26], [0, 16, 30]]


#################
lambda = 0.4
mu = 0.9
nu = 0.0

init = 955.685
det = 821.405
gap = -0.072

solution = [[0, 6, 17, 19, 31, 21, 13], [0, 30, 16, 12, 1, 7, 26], [0, 20, 5, 25, 10, 29, 15, 9, 22], [0, 3, 2, 23, 28, 4, 11, 8, 18], [0, 14, 24, 27]]


#################
lambda = 0.4
mu = 0.9
nu = 1.3

init = 951.34
det = 830.922
gap = 1.074

solution = [[0, 22, 9, 18, 8, 11, 4, 28, 23, 6], [0, 3, 2, 17, 19, 31, 21], [0, 12, 1, 13, 7, 16], [0, 20, 5, 25, 10, 15, 29, 27], [0, 30, 26, 14, 24]]


#################
lambda = 0.4
mu = 1.2000000000000002
nu = 1.9000000000000001

init = 879.941
det = 793.101
gap = -3.644

solution = [[0, 30, 16, 1, 12], [0, 21, 31, 19, 17, 13, 7, 26], [0, 27, 24, 14], [0, 20, 5, 25, 10, 29, 15, 22, 9, 8, 18], [0, 6, 3, 2, 23, 28, 4, 11]]


#################
lambda = 0.4
mu = 1.3
nu = 0.0

init = 1030.203
det = 816.996
gap = -0.613

solution = [[0, 12, 1, 16, 30], [0, 21, 31, 19, 17, 13, 7, 26], [0, 6, 23, 28, 4, 11, 8, 9, 22, 29], [0, 27, 24, 14], [0, 20, 5, 25, 10, 15, 18, 3, 2]]


#################
lambda = 0.4
mu = 1.3
nu = 0.1

init = 896.294
det = 840.884
gap = 2.246

solution = [[0, 6, 23, 28, 4, 11, 8, 18, 9, 22], [0, 3, 2, 17, 19, 31, 21], [0, 12, 1, 13, 7, 16, 26], [0, 20, 5, 25, 10, 15, 29], [0, 30, 14, 24, 27]]


#################
lambda = 0.4
mu = 1.3
nu = 0.6000000000000001

init = 1050.637
det = 791.57
gap = -3.844

solution = [[0, 28, 11, 4, 23, 2, 3, 6], [0, 20, 5, 25, 10, 29, 15, 22, 9, 8, 18], [0, 26, 7, 13, 17, 19, 31, 21], [0, 27, 24, 14], [0, 12, 1, 16, 30]]


#################
lambda = 0.4
mu = 1.3
nu = 1.3

init = 1091.522
det = 835.871
gap = 1.659

solution = [[0, 22, 9, 18, 8, 11, 4, 28, 6], [0, 23, 3, 2, 17, 19, 31, 21], [0, 16, 12, 1, 13, 7, 26], [0, 30, 14, 24], [0, 20, 5, 25, 10, 15, 29, 27]]


#################
lambda = 0.4
mu = 1.3
nu = 1.7000000000000002

init = 912.217
det = 834.056
gap = 1.445

solution = [[0, 21, 31, 19, 17, 2, 3, 23], [0, 12, 1, 13, 7, 16, 26], [0, 30, 14, 24], [0, 20, 5, 25, 10, 15, 29, 27], [0, 22, 9, 18, 8, 11, 4, 28, 6]]


#################
lambda = 0.4
mu = 1.4000000000000001
nu = 0.0

init = 1247.58
det = 815.998
gap = -0.736

solution = [[0, 20, 5, 25, 10, 15, 9, 28], [0, 27, 24, 14], [0, 6, 3, 2, 23, 4, 11, 8, 18, 22, 29], [0, 12, 1, 16, 30], [0, 26, 7, 13, 21, 31, 19, 17]]


#################
lambda = 0.4
mu = 1.4000000000000001
nu = 0.30000000000000004

init = 1245.971
det = 810.761
gap = -1.386

solution = [[0, 21, 31, 19, 17, 13, 6], [0, 29, 22, 9, 15, 10, 25, 5, 20], [0, 3, 2, 23, 28, 4, 11, 8, 18], [0, 27, 24, 14], [0, 30, 26, 16, 7, 1, 12]]


#################
lambda = 0.4
mu = 1.4000000000000001
nu = 0.5

init = 1245.854
det = 842.249
gap = 2.404

solution = [[0, 6, 28, 4, 11, 8, 18, 9, 22], [0, 20, 5, 25, 10, 15, 29, 27], [0, 21, 31, 19, 17, 2, 3, 23], [0, 12, 1, 13, 7], [0, 30, 16, 26, 14, 24]]


#################
lambda = 0.4
mu = 1.4000000000000001
nu = 1.2000000000000002

init = 1232.683
det = 810.761
gap = -1.386

solution = [[0, 21, 31, 19, 17, 13, 6], [0, 29, 22, 9, 15, 10, 25, 5, 20], [0, 3, 2, 23, 28, 4, 11, 8, 18], [0, 27, 24, 14], [0, 30, 26, 16, 7, 1, 12]]


#################
lambda = 0.4
mu = 1.4000000000000001
nu = 1.5

init = 1277.101
det = 795.847
gap = -3.286

solution = [[0, 26, 7, 13, 21, 31, 19, 17], [0, 27, 24, 14], [0, 30, 16, 1, 12], [0, 28, 11, 4, 23, 2, 3, 6], [0, 20, 5, 25, 10, 29, 15, 22, 9, 8, 18]]


#################
lambda = 0.4
mu = 1.5
nu = 0.0

init = 1173.225
det = 840.293
gap = 2.177

solution = [[0, 6, 28, 4, 11, 8, 18, 9, 22], [0, 23, 3, 2, 17, 19, 31, 21], [0, 20, 5, 25, 10, 15, 29], [0, 30, 26, 14, 24, 27], [0, 12, 1, 13, 7, 16]]


#################
lambda = 0.4
mu = 1.5
nu = 0.4

init = 1245.131
det = 791.57
gap = -3.844

solution = [[0, 21, 31, 19, 17, 13, 7, 26], [0, 12, 1, 16, 30], [0, 20, 5, 25, 10, 29, 15, 22, 9, 8, 18], [0, 6, 3, 2, 23, 4, 11, 28], [0, 27, 24, 14]]


#################
lambda = 0.4
mu = 1.5
nu = 1.0

init = 1374.297
det = 830.708
gap = 1.048

solution = [[0, 12, 1, 16, 26, 30], [0, 23, 3, 2, 17, 19, 31, 21], [0, 18, 8, 11, 4, 28, 6, 13, 7], [0, 29, 22, 9, 15, 10, 25, 5, 20], [0, 14, 24, 27]]


#################
lambda = 0.4
mu = 1.6
nu = 0.0

init = 1183.841
det = 791.57
gap = -3.844

solution = [[0, 20, 5, 25, 10, 29, 15, 22, 9, 8, 18], [0, 28, 11, 4, 23, 2, 3, 6], [0, 26, 7, 13, 17, 19, 31, 21], [0, 27, 24, 14], [0, 12, 1, 16, 30]]


#################
lambda = 0.4
mu = 1.7000000000000002
nu = 0.0

init = 1332.407
det = 791.57
gap = -3.844

solution = [[0, 20, 5, 25, 10, 29, 15, 22, 9, 8, 18], [0, 28, 11, 4, 23, 2, 3, 6], [0, 26, 7, 13, 17, 19, 31, 21], [0, 27, 24, 14], [0, 12, 1, 16, 30]]


#################
lambda = 0.4
mu = 1.7000000000000002
nu = 1.9000000000000001

init = 1314.139
det = 848.357
gap = 3.107

solution = [[0, 7, 13, 21, 31, 19, 17], [0, 29, 15, 22, 9, 18, 8, 11, 4, 28], [0, 12, 1, 16, 26, 30], [0, 24, 14, 6, 3, 2, 23], [0, 20, 5, 25, 10, 27]]


#################
lambda = 0.4
mu = 1.8
nu = 1.8

init = 1297.41
det = 791.57
gap = -3.844

solution = [[0, 21, 31, 19, 17, 13, 7, 26], [0, 20, 5, 25, 10, 29, 15, 22, 9, 8, 18], [0, 27, 24, 14], [0, 30, 16, 1, 12], [0, 28, 11, 4, 23, 2, 3, 6]]


#################
lambda = 0.5
mu = 0.0
nu = 0.0

init = 884.278
det = 855.978
gap = 3.97

solution = [[0, 14, 24, 27, 20, 5, 25, 10], [0, 18, 8, 28, 4, 11, 9, 22, 15, 29], [0, 26, 7, 13, 17, 19, 31, 21], [0, 12, 1, 16, 30], [0, 23, 2, 3, 6]]


#################
lambda = 0.5
mu = 0.0
nu = 0.5

init = 897.144
det = 839.908
gap = 2.132

solution = [[0, 6, 23, 28, 4, 11, 8, 18, 9, 22], [0, 21, 31, 19, 17, 2, 3], [0, 20, 5, 25, 10, 15, 29, 27], [0, 12, 1, 13, 7, 24, 14], [0, 30, 16, 26]]


#################
lambda = 0.5
mu = 0.0
nu = 0.9

init = 910.978
det = 851.885
gap = 3.508

solution = [[0, 29, 15, 22, 9, 11, 4, 28, 8, 18], [0, 20, 5, 25, 10], [0, 6, 3, 2, 23, 14, 24, 27], [0, 7, 13, 21, 31, 19, 17], [0, 12, 1, 16, 26, 30]]


#################
lambda = 0.5
mu = 0.0
nu = 1.4000000000000001

init = 919.324
det = 797.378
gap = -3.088

solution = [[0, 26, 7, 13, 21, 31, 19, 17], [0, 20, 5, 25, 10, 29, 15, 22, 9, 8, 18], [0, 6, 3, 2, 23, 28, 4, 11], [0, 12, 1, 16, 30], [0, 27, 24, 14]]


#################
lambda = 0.5
mu = 0.1
nu = 0.0

init = 879.145
det = 832.194
gap = 1.225

solution = [[0, 6, 28, 4, 11, 8, 18, 9, 22], [0, 21, 31, 19, 17, 2, 3, 23], [0, 12, 1, 13, 7, 16], [0, 20, 5, 25, 10, 15, 29, 27], [0, 24, 14, 26, 30]]


#################
lambda = 0.5
mu = 0.1
nu = 0.4

init = 907.307
det = 839.021
gap = 2.029

solution = [[0, 12, 1, 13, 7, 16], [0, 30, 26, 14, 24, 27], [0, 20, 5, 25, 10, 15, 29], [0, 6, 23, 28, 4, 11, 8, 18, 9, 22], [0, 21, 31, 19, 17, 2, 3]]


#################
lambda = 0.5
mu = 0.1
nu = 0.8

init = 875.793
det = 836.541
gap = 1.738

solution = [[0, 21, 31, 19, 17, 2, 6], [0, 22, 9, 18, 8, 11, 4, 28, 23, 3], [0, 12, 1, 13, 7, 16, 26], [0, 20, 5, 25, 10, 15, 29, 27], [0, 24, 14, 30]]


#################
lambda = 0.5
mu = 0.2
nu = 0.0

init = 847.631
det = 808.369
gap = -1.686

solution = [[0, 6, 17, 19, 31, 21, 13], [0, 30, 16, 12, 1, 7, 26], [0, 27, 24, 14], [0, 18, 8, 11, 4, 28, 23, 3, 2], [0, 20, 5, 25, 10, 15, 9, 22, 29]]


#################
lambda = 0.5
mu = 0.30000000000000004
nu = 0.0

init = 893.579
det = 791.57
gap = -3.844

solution = [[0, 28, 11, 4, 23, 2, 3, 6], [0, 21, 31, 19, 17, 13, 7, 26], [0, 12, 1, 16, 30], [0, 27, 24, 14], [0, 20, 5, 25, 10, 29, 15, 22, 9, 8, 18]]


#################
lambda = 0.5
mu = 0.30000000000000004
nu = 0.6000000000000001

init = 902.105
det = 836.541
gap = 1.738

solution = [[0, 21, 31, 19, 17, 2, 6], [0, 20, 5, 25, 10, 15, 29, 27], [0, 22, 9, 18, 8, 11, 4, 28, 23, 3], [0, 30, 14, 24], [0, 26, 16, 7, 13, 1, 12]]


#################
lambda = 0.5
mu = 0.7000000000000001
nu = 0.0

init = 901.964
det = 791.57
gap = -3.844

solution = [[0, 28, 11, 4, 23, 2, 3, 6], [0, 20, 5, 25, 10, 29, 15, 22, 9, 8, 18], [0, 26, 7, 13, 17, 19, 31, 21], [0, 27, 24, 14], [0, 12, 1, 16, 30]]


#################
lambda = 0.5
mu = 0.8
nu = 0.0

init = 949.043
det = 821.405
gap = -0.072

solution = [[0, 13, 21, 31, 19, 17, 6], [0, 30, 16, 12, 1, 7, 26], [0, 3, 2, 23, 28, 4, 11, 8, 18], [0, 20, 5, 25, 10, 29, 15, 9, 22], [0, 14, 24, 27]]


#################
lambda = 0.5
mu = 0.9
nu = 0.0

init = 957.501
det = 807.949
gap = -1.739

solution = [[0, 14, 24, 27], [0, 30, 16, 12, 1, 7, 26], [0, 6, 17, 19, 31, 21, 13], [0, 29, 22, 9, 15, 10, 25, 5, 20], [0, 3, 2, 23, 28, 4, 11, 8, 18]]


#################
lambda = 0.5
mu = 1.0
nu = 0.9

init = 957.194
det = 855.844
gap = 3.954

solution = [[0, 6, 23, 3, 2, 31, 19, 17], [0, 20, 5, 25, 10, 27, 24, 14], [0, 26, 7, 13, 21, 1, 12], [0, 29, 15, 22, 9, 18, 8, 11, 4, 28], [0, 16, 30]]


#################
lambda = 0.5
mu = 1.0
nu = 1.6

init = 977.629
det = 791.57
gap = -3.844

solution = [[0, 21, 31, 19, 17, 13, 7, 26], [0, 20, 5, 25, 10, 29, 15, 22, 9, 8, 18], [0, 12, 1, 16, 30], [0, 28, 11, 4, 23, 2, 3, 6], [0, 27, 24, 14]]


#################
lambda = 0.5
mu = 1.0
nu = 1.9000000000000001

init = 966.749
det = 791.57
gap = -3.844

solution = [[0, 21, 31, 19, 17, 13, 7, 26], [0, 20, 5, 25, 10, 29, 15, 22, 9, 8, 18], [0, 12, 1, 16, 30], [0, 28, 11, 4, 23, 2, 3, 6], [0, 27, 24, 14]]


#################
lambda = 0.5
mu = 1.1
nu = 0.0

init = 857.367
det = 840.286
gap = 2.176

solution = [[0, 22, 9, 18, 8, 11, 4, 28, 23, 6, 26], [0, 20, 5, 25, 10, 15, 29, 27], [0, 12, 16, 30], [0, 1, 21, 31, 19, 17, 13], [0, 24, 14, 3, 2, 7]]


#################
lambda = 0.5
mu = 1.2000000000000002
nu = 0.0

init = 865.695
det = 843.073
gap = 2.499

solution = [[0, 14, 22, 9, 18, 8, 11, 4, 28, 23, 3], [0, 6, 2, 17, 19, 31, 21], [0, 26, 16, 7, 13, 1, 12], [0, 27, 24, 30], [0, 20, 5, 25, 10, 15, 29]]


#################
lambda = 0.5
mu = 1.2000000000000002
nu = 1.3

init = 873.477
det = 797.685
gap = -3.048

solution = [[0, 29, 18, 8, 9, 22, 15, 10, 25, 5, 20], [0, 28, 11, 4, 23, 2, 3, 6], [0, 27, 24, 14], [0, 7, 13, 17, 19, 31, 21], [0, 30, 26, 16, 1, 12]]


#################
lambda = 0.5
mu = 1.3
nu = 0.0

init = 948.768
det = 846.407
gap = 2.884

solution = [[0, 20, 5, 25, 10, 15, 29], [0, 13, 17, 19, 31, 21, 1], [0, 12, 16, 30], [0, 6, 23, 28, 4, 11, 8, 18, 9, 22], [0, 26, 7, 2, 3, 14, 24, 27]]


#################
lambda = 0.5
mu = 1.3
nu = 0.30000000000000004

init = 990.825
det = 834.599
gap = 1.51

solution = [[0, 20, 5, 25, 10, 15, 29, 27], [0, 6, 23, 28, 4, 11, 8, 18, 9, 22], [0, 3, 2, 17, 19, 31, 21], [0, 30, 14, 24], [0, 26, 7, 13, 1, 12, 16]]


#################
lambda = 0.5
mu = 1.3
nu = 1.5

init = 992.335
det = 834.599
gap = 1.51

solution = [[0, 20, 5, 25, 10, 15, 29, 27], [0, 6, 23, 28, 4, 11, 8, 18, 9, 22], [0, 3, 2, 17, 19, 31, 21], [0, 30, 14, 24], [0, 26, 7, 13, 1, 12, 16]]


#################
lambda = 0.5
mu = 1.4000000000000001
nu = 0.0

init = 1005.558
det = 819.492
gap = -0.306

solution = [[0, 21, 31, 19, 17, 13, 7], [0, 27, 24, 14], [0, 12, 1, 16, 26, 30], [0, 29, 15, 22, 9, 8, 11, 4, 28], [0, 20, 5, 25, 10, 18, 23, 2, 3, 6]]


#################
lambda = 0.5
mu = 1.4000000000000001
nu = 1.4000000000000001

init = 1030.93
det = 793.101
gap = -3.644

solution = [[0, 12, 1, 16, 30], [0, 21, 31, 19, 17, 13, 7, 26], [0, 20, 5, 25, 10, 29, 15, 22, 9, 8, 18], [0, 6, 3, 2, 23, 28, 4, 11], [0, 27, 24, 14]]


#################
lambda = 0.5
mu = 1.4000000000000001
nu = 1.7000000000000002

init = 1085.808
det = 832.784
gap = 1.295

solution = [[0, 22, 9, 18, 8, 11, 4, 28, 23, 6], [0, 3, 2, 17, 19, 31, 21], [0, 20, 5, 25, 10, 15, 29, 27], [0, 26, 16, 7, 13, 1, 12], [0, 24, 14, 30]]


#################
lambda = 0.5
mu = 1.6
nu = 1.2000000000000002

init = 1184.15
det = 791.57
gap = -3.844

solution = [[0, 27, 24, 14], [0, 28, 11, 4, 23, 2, 3, 6], [0, 20, 5, 25, 10, 29, 15, 22, 9, 8, 18], [0, 26, 7, 13, 17, 19, 31, 21], [0, 12, 1, 16, 30]]


#################
lambda = 0.5
mu = 1.6
nu = 1.7000000000000002

init = 1288.385
det = 791.57
gap = -3.844

solution = [[0, 18, 8, 9, 22, 15, 29, 10, 25, 5, 20], [0, 28, 11, 4, 23, 2, 3, 6], [0, 21, 31, 19, 17, 13, 7, 26], [0, 14, 24, 27], [0, 12, 1, 16, 30]]


#################
lambda = 0.5
mu = 1.7000000000000002
nu = 0.0

init = 1181.162
det = 839.908
gap = 2.132

solution = [[0, 6, 23, 28, 4, 11, 8, 18, 9, 22], [0, 21, 31, 19, 17, 2, 3], [0, 20, 5, 25, 10, 15, 29, 27], [0, 12, 1, 13, 7, 24, 14], [0, 30, 16, 26]]


#################
lambda = 0.5
mu = 1.7000000000000002
nu = 0.6000000000000001

init = 1218.895
det = 791.57
gap = -3.844

solution = [[0, 20, 5, 25, 10, 29, 15, 22, 9, 8, 18], [0, 28, 11, 4, 23, 2, 3, 6], [0, 26, 7, 13, 17, 19, 31, 21], [0, 27, 24, 14], [0, 12, 1, 16, 30]]


#################
lambda = 0.5
mu = 1.7000000000000002
nu = 1.2000000000000002

init = 1203.448
det = 791.57
gap = -3.844

solution = [[0, 20, 5, 25, 10, 29, 15, 22, 9, 8, 18], [0, 28, 11, 4, 23, 2, 3, 6], [0, 26, 7, 13, 17, 19, 31, 21], [0, 27, 24, 14], [0, 12, 1, 16, 30]]


#################
lambda = 0.5
mu = 1.7000000000000002
nu = 1.5

init = 1279.325
det = 797.378
gap = -3.088

solution = [[0, 26, 7, 13, 21, 31, 19, 17], [0, 12, 1, 16, 30], [0, 20, 5, 25, 10, 29, 15, 22, 9, 8, 18], [0, 6, 3, 2, 23, 28, 4, 11], [0, 27, 24, 14]]


#################
lambda = 0.5
mu = 1.8
nu = 0.0

init = 1224.107
det = 832.784
gap = 1.295

solution = [[0, 20, 5, 25, 10, 15, 29, 27], [0, 6, 23, 28, 4, 11, 8, 18, 9, 22], [0, 24, 14, 30], [0, 12, 1, 13, 7, 16, 26], [0, 21, 31, 19, 17, 2, 3]]


#################
lambda = 0.5
mu = 1.8
nu = 1.3

init = 1291.466
det = 795.847
gap = -3.286

solution = [[0, 28, 11, 4, 23, 2, 3, 6], [0, 26, 7, 13, 21, 31, 19, 17], [0, 14, 24, 27], [0, 12, 1, 16, 30], [0, 18, 8, 9, 22, 15, 29, 10, 25, 5, 20]]


#################
lambda = 0.5
mu = 1.9000000000000001
nu = 0.0

init = 1297.445
det = 791.57
gap = -3.844

solution = [[0, 20, 5, 25, 10, 29, 15, 22, 9, 8, 18], [0, 28, 11, 4, 23, 2, 3, 6], [0, 26, 7, 13, 17, 19, 31, 21], [0, 27, 24, 14], [0, 12, 1, 16, 30]]


#################
lambda = 0.6000000000000001
mu = 0.0
nu = 0.0

init = 856.045
det = 874.822
gap = 6.038

solution = [[0, 27, 24], [0, 23, 3, 2, 21, 31, 19, 17], [0, 15, 22, 9, 11, 4, 28, 8, 18, 14], [0, 20, 5, 25, 10, 29, 6, 13, 7, 26], [0, 30, 16, 12, 1]]


#################
lambda = 0.6000000000000001
mu = 0.0
nu = 0.2

init = 871.201
det = 879.768
gap = 6.566

solution = [[0, 16], [0, 23, 3, 2, 21, 31, 19, 17], [0, 15, 22, 9, 8, 11, 4, 28, 18, 14], [0, 20, 5, 25, 10, 29, 24, 27], [0, 12, 1, 7, 13, 6, 26, 30]]


#################
lambda = 0.6000000000000001
mu = 0.0
nu = 0.8

init = 890.952
det = 791.57
gap = -3.844

solution = [[0, 28, 11, 4, 23, 2, 3, 6], [0, 20, 5, 25, 10, 29, 15, 22, 9, 8, 18], [0, 26, 7, 13, 17, 19, 31, 21], [0, 27, 24, 14], [0, 12, 1, 16, 30]]


#################
lambda = 0.6000000000000001
mu = 0.1
nu = 0.0

init = 900.453
det = 857.18
gap = 4.104

solution = [[0, 23, 3, 2, 17, 19, 31, 21], [0, 29, 15, 22, 9, 11, 4, 28, 8, 18], [0, 20, 5, 25, 10, 27, 14, 24], [0, 30, 16, 26], [0, 12, 1, 7, 13, 6]]


#################
lambda = 0.6000000000000001
mu = 0.2
nu = 0.0

init = 818.189
det = 862.797
gap = 4.728

solution = [[0, 21, 31, 19, 17, 13, 7, 26], [0, 24, 27], [0, 12, 1, 16, 30], [0, 18, 8, 28, 4, 11, 9, 22, 15, 29], [0, 14, 6, 3, 2, 23, 20, 5, 25, 10]]


#################
lambda = 0.6000000000000001
mu = 0.5
nu = 0.30000000000000004

init = 875.738
det = 808.369
gap = -1.686

solution = [[0, 20, 5, 25, 10, 15, 9, 22, 29], [0, 18, 8, 11, 4, 28, 23, 3, 2], [0, 27, 24, 14], [0, 26, 7, 1, 12, 16, 30], [0, 13, 21, 31, 19, 17, 6]]


#################
lambda = 0.6000000000000001
mu = 0.5
nu = 0.6000000000000001

init = 884.751
det = 832.194
gap = 1.225

solution = [[0, 21, 31, 19, 17, 2, 3, 23], [0, 22, 9, 18, 8, 11, 4, 28, 6], [0, 20, 5, 25, 10, 15, 29, 27], [0, 30, 26, 14, 24], [0, 12, 1, 13, 7, 16]]


#################
lambda = 0.6000000000000001
mu = 0.6000000000000001
nu = 0.0

init = 878.814
det = 791.57
gap = -3.844

solution = [[0, 21, 31, 19, 17, 13, 7, 26], [0, 30, 16, 1, 12], [0, 27, 24, 14], [0, 28, 11, 4, 23, 2, 3, 6], [0, 18, 8, 9, 22, 15, 29, 10, 25, 5, 20]]


#################
lambda = 0.6000000000000001
mu = 0.6000000000000001
nu = 1.2000000000000002

init = 899.561
det = 810.797
gap = -1.382

solution = [[0, 29, 22, 9, 15, 10, 25, 5, 20], [0, 21, 31, 19, 17, 13, 6], [0, 18, 8, 11, 4, 28, 23, 3, 2], [0, 30, 16, 12, 1, 7, 26], [0, 27, 24, 14]]


#################
lambda = 0.6000000000000001
mu = 0.7000000000000001
nu = 0.9

init = 892.365
det = 795.847
gap = -3.286

solution = [[0, 20, 5, 25, 10, 29, 15, 22, 9, 8, 18], [0, 27, 24, 14], [0, 30, 16, 1, 12], [0, 26, 7, 13, 21, 31, 19, 17], [0, 6, 3, 2, 23, 4, 11, 28]]


#################
lambda = 0.6000000000000001
mu = 1.3
nu = 1.0

init = 861.172
det = 834.599
gap = 1.51

solution = [[0, 21, 31, 19, 17, 2, 3], [0, 6, 23, 28, 4, 11, 8, 18, 9, 22], [0, 16, 12, 1, 13, 7, 26], [0, 20, 5, 25, 10, 15, 29, 27], [0, 24, 14, 30]]


#################
lambda = 0.6000000000000001
mu = 1.3
nu = 1.9000000000000001

init = 852.714
det = 819.68
gap = -0.283

solution = [[0, 13, 17, 19, 31, 21, 1], [0, 30, 26, 7, 16, 12], [0, 27, 24, 14], [0, 20, 5, 25, 10, 15, 9, 18, 6], [0, 3, 2, 23, 28, 4, 11, 8, 22, 29]]


#################
lambda = 0.6000000000000001
mu = 1.4000000000000001
nu = 0.0

init = 938.868
det = 791.57
gap = -3.844

solution = [[0, 21, 31, 19, 17, 13, 7, 26], [0, 20, 5, 25, 10, 29, 15, 22, 9, 8, 18], [0, 28, 11, 4, 23, 2, 3, 6], [0, 27, 24, 14], [0, 30, 16, 1, 12]]


#################
lambda = 0.6000000000000001
mu = 1.4000000000000001
nu = 1.1

init = 984.634
det = 832.784
gap = 1.295

solution = [[0, 22, 9, 18, 8, 11, 4, 28, 23, 6], [0, 3, 2, 17, 19, 31, 21], [0, 12, 1, 13, 7, 16, 26], [0, 24, 14, 30], [0, 20, 5, 25, 10, 15, 29, 27]]


#################
lambda = 0.6000000000000001
mu = 1.5
nu = 0.5

init = 1019.774
det = 791.57
gap = -3.844

solution = [[0, 20, 5, 25, 10, 29, 15, 22, 9, 8, 18], [0, 28, 11, 4, 23, 2, 3, 6], [0, 26, 7, 13, 17, 19, 31, 21], [0, 27, 24, 14], [0, 12, 1, 16, 30]]


#################
lambda = 0.6000000000000001
mu = 1.5
nu = 1.6

init = 1064.039
det = 797.378
gap = -3.088

solution = [[0, 26, 7, 13, 21, 31, 19, 17], [0, 12, 1, 16, 30], [0, 20, 5, 25, 10, 29, 15, 22, 9, 8, 18], [0, 6, 3, 2, 23, 28, 4, 11], [0, 27, 24, 14]]


#################
lambda = 0.6000000000000001
mu = 1.7000000000000002
nu = 1.4000000000000001

init = 1077.261
det = 791.57
gap = -3.844

solution = [[0, 18, 8, 9, 22, 15, 29, 10, 25, 5, 20], [0, 6, 3, 2, 23, 4, 11, 28], [0, 21, 31, 19, 17, 13, 7, 26], [0, 12, 1, 16, 30], [0, 27, 24, 14]]


#################
lambda = 0.6000000000000001
mu = 1.8
nu = 1.0

init = 1347.925
det = 797.378
gap = -3.088

solution = [[0, 26, 7, 13, 21, 31, 19, 17], [0, 30, 16, 1, 12], [0, 18, 8, 9, 22, 15, 29, 10, 25, 5, 20], [0, 6, 3, 2, 23, 28, 4, 11], [0, 27, 24, 14]]


#################
lambda = 0.6000000000000001
mu = 1.8
nu = 1.4000000000000001

init = 1273.96
det = 793.101
gap = -3.644

solution = [[0, 26, 7, 13, 17, 19, 31, 21], [0, 12, 1, 16, 30], [0, 27, 24, 14], [0, 20, 5, 25, 10, 29, 15, 22, 9, 8, 18], [0, 6, 3, 2, 23, 28, 4, 11]]


#################
lambda = 0.7000000000000001
mu = 0.0
nu = 0.0

init = 829.399
det = 847.64
gap = 3.025

solution = [[0, 3, 2, 21, 31, 19, 17], [0, 20, 5, 25, 10, 15, 29, 27], [0, 14, 22, 9, 18, 8, 11, 4, 28, 23, 6, 26], [0, 12, 1, 13, 7, 16], [0, 24, 30]]


#################
lambda = 0.7000000000000001
mu = 0.0
nu = 0.30000000000000004

init = 818.702
det = 876.687
gap = 6.238

solution = [[0, 21, 31, 19, 17, 13, 7, 26], [0, 24, 27], [0, 12, 1, 16, 30], [0, 6, 3, 2, 23, 29, 20, 5, 25, 10], [0, 15, 22, 9, 11, 4, 28, 8, 18, 14]]


#################
lambda = 0.7000000000000001
mu = 0.0
nu = 1.0

init = 875.796
det = 842.156
gap = 2.393

solution = [[0, 21, 31, 19, 17, 2, 3, 23], [0, 6, 28, 4, 11, 8, 18, 9, 22], [0, 26, 16, 7, 13, 1, 12], [0, 27, 24, 14, 30], [0, 20, 5, 25, 10, 15, 29]]


#################
lambda = 0.7000000000000001
mu = 0.0
nu = 1.8

init = 873.795
det = 797.378
gap = -3.088

solution = [[0, 20, 5, 25, 10, 29, 15, 22, 9, 8, 18], [0, 12, 1, 16, 30], [0, 26, 7, 13, 21, 31, 19, 17], [0, 6, 3, 2, 23, 28, 4, 11], [0, 27, 24, 14]]


#################
lambda = 0.7000000000000001
mu = 0.1
nu = 0.0

init = 885.344
det = 820.68
gap = -0.161

solution = [[0, 29, 15, 22, 9, 8, 11, 4, 28, 18], [0, 20, 5, 25, 10, 23, 2, 3, 6], [0, 21, 31, 19, 17, 13, 7, 26], [0, 27, 24, 14], [0, 12, 1, 16, 30]]


#################
lambda = 0.7000000000000001
mu = 0.1
nu = 0.1

init = 856.967
det = 813.497
gap = -1.045

solution = [[0, 27, 24, 14], [0, 12, 1, 16, 30], [0, 6, 3, 2, 23, 18, 10, 25, 5, 20], [0, 29, 15, 22, 9, 8, 11, 4, 28], [0, 21, 31, 19, 17, 13, 7, 26]]


#################
lambda = 0.7000000000000001
mu = 0.2
nu = 0.8

init = 894.271
det = 834.599
gap = 1.51

solution = [[0, 21, 31, 19, 17, 2, 3], [0, 6, 23, 28, 4, 11, 8, 18, 9, 22], [0, 16, 12, 1, 13, 7, 26], [0, 20, 5, 25, 10, 15, 29, 27], [0, 24, 14, 30]]


#################
lambda = 0.7000000000000001
mu = 0.5
nu = 0.0

init = 866.624
det = 808.754
gap = -1.638

solution = [[0, 18, 8, 11, 4, 28, 23, 3, 2], [0, 29, 22, 9, 15, 10, 25, 5, 20], [0, 13, 21, 31, 19, 17, 6], [0, 27, 24, 14], [0, 30, 26, 16, 7, 1, 12]]


#################
lambda = 0.7000000000000001
mu = 0.5
nu = 0.6000000000000001

init = 878.31
det = 793.101
gap = -3.644

solution = [[0, 21, 31, 19, 17, 13, 7, 26], [0, 12, 1, 16, 30], [0, 20, 5, 25, 10, 29, 15, 22, 9, 8, 18], [0, 27, 24, 14], [0, 6, 3, 2, 23, 28, 4, 11]]


#################
lambda = 0.7000000000000001
mu = 0.8
nu = 0.30000000000000004

init = 872.41
det = 791.57
gap = -3.844

solution = [[0, 21, 31, 19, 17, 13, 7, 26], [0, 20, 5, 25, 10, 29, 15, 22, 9, 8, 18], [0, 27, 24, 14], [0, 28, 11, 4, 23, 2, 3, 6], [0, 30, 16, 1, 12]]


#################
lambda = 0.7000000000000001
mu = 0.8
nu = 0.7000000000000001

init = 893.857
det = 818.146
gap = -0.471

solution = [[0, 21, 31, 19, 17, 13, 6], [0, 30, 16, 7, 1, 12], [0, 26, 14, 24, 27], [0, 29, 22, 9, 15, 10, 25, 5, 20], [0, 18, 8, 11, 4, 28, 23, 3, 2]]


#################
lambda = 0.7000000000000001
mu = 0.8
nu = 0.8

init = 917.68
det = 835.871
gap = 1.659

solution = [[0, 20, 5, 25, 10, 15, 29, 27], [0, 6, 28, 4, 11, 8, 18, 9, 22], [0, 26, 7, 13, 1, 12, 16], [0, 21, 31, 19, 17, 2, 3, 23], [0, 30, 14, 24]]


#################
lambda = 0.7000000000000001
mu = 1.0
nu = 1.9000000000000001

init = 880.987
det = 832.784
gap = 1.295

solution = [[0, 20, 5, 25, 10, 15, 29, 27], [0, 12, 1, 13, 7, 16, 26], [0, 24, 14, 30], [0, 22, 9, 18, 8, 11, 4, 28, 23, 6], [0, 3, 2, 17, 19, 31, 21]]


#################
lambda = 0.7000000000000001
mu = 1.5
nu = 1.0

init = 893.943
det = 791.57
gap = -3.844

solution = [[0, 21, 31, 19, 17, 13, 7, 26], [0, 28, 11, 4, 23, 2, 3, 6], [0, 20, 5, 25, 10, 29, 15, 22, 9, 8, 18], [0, 27, 24, 14], [0, 12, 1, 16, 30]]


#################
lambda = 0.7000000000000001
mu = 1.5
nu = 1.4000000000000001

init = 876.11
det = 793.101
gap = -3.644

solution = [[0, 21, 31, 19, 17, 13, 7, 26], [0, 20, 5, 25, 10, 29, 15, 22, 9, 8, 18], [0, 6, 3, 2, 23, 28, 4, 11], [0, 27, 24, 14], [0, 12, 1, 16, 30]]


#################
lambda = 0.7000000000000001
mu = 1.6
nu = 0.0

init = 1023.568
det = 842.698
gap = 2.456

solution = [[0, 22, 9, 18, 8, 11, 4, 28, 23, 6], [0, 20, 5, 25, 10, 15, 29], [0, 21, 31, 19, 17, 2, 3], [0, 16, 12, 1, 13, 7, 26], [0, 27, 24, 14, 30]]


#################
lambda = 0.7000000000000001
mu = 1.6
nu = 1.9000000000000001

init = 1042.816
det = 808.334
gap = -1.691

solution = [[0, 29, 22, 9, 15, 10, 25, 5, 20], [0, 3, 2, 23, 28, 4, 11, 8, 18], [0, 13, 21, 31, 19, 17, 6], [0, 30, 26, 16, 7, 1, 12], [0, 27, 24, 14]]


#################
lambda = 0.7000000000000001
mu = 1.7000000000000002
nu = 0.0

init = 1206.227
det = 856.821
gap = 4.064

solution = [[0, 28, 4, 11, 8, 18, 9, 22, 15, 29], [0, 21, 31, 19, 17, 2, 3, 23], [0, 27, 24, 14], [0, 30, 16, 1, 12], [0, 20, 5, 25, 10, 6, 13, 7, 26]]


#################
lambda = 0.7000000000000001
mu = 1.7000000000000002
nu = 0.5

init = 1204.618
det = 791.57
gap = -3.844

solution = [[0, 26, 7, 13, 17, 19, 31, 21], [0, 12, 1, 16, 30], [0, 20, 5, 25, 10, 29, 15, 22, 9, 8, 18], [0, 28, 11, 4, 23, 2, 3, 6], [0, 27, 24, 14]]


#################
lambda = 0.7000000000000001
mu = 1.7000000000000002
nu = 0.9

init = 1204.501
det = 791.57
gap = -3.844

solution = [[0, 20, 5, 25, 10, 29, 15, 22, 9, 8, 18], [0, 28, 11, 4, 23, 2, 3, 6], [0, 26, 7, 13, 17, 19, 31, 21], [0, 27, 24, 14], [0, 12, 1, 16, 30]]


#################
lambda = 0.7000000000000001
mu = 1.7000000000000002
nu = 1.2000000000000002

init = 1195.391
det = 791.57
gap = -3.844

solution = [[0, 20, 5, 25, 10, 29, 15, 22, 9, 8, 18], [0, 28, 11, 4, 23, 2, 3, 6], [0, 26, 7, 13, 17, 19, 31, 21], [0, 27, 24, 14], [0, 12, 1, 16, 30]]


#################
lambda = 0.7000000000000001
mu = 1.7000000000000002
nu = 1.7000000000000002

init = 1182.221
det = 791.57
gap = -3.844

solution = [[0, 26, 7, 13, 17, 19, 31, 21], [0, 12, 1, 16, 30], [0, 20, 5, 25, 10, 29, 15, 22, 9, 8, 18], [0, 28, 11, 4, 23, 2, 3, 6], [0, 27, 24, 14]]


#################
lambda = 0.7000000000000001
mu = 1.8
nu = 0.0

init = 1084.283
det = 836.919
gap = 1.783

solution = [[0, 29, 15, 22, 9, 11, 4, 28, 8, 18], [0, 26, 7, 13, 17, 19, 31, 21], [0, 12, 1, 16, 30], [0, 20, 5, 25, 10, 27], [0, 24, 14, 6, 3, 2, 23]]


#################
lambda = 0.7000000000000001
mu = 1.8
nu = 0.2

init = 1024.301
det = 795.847
gap = -3.286

solution = [[0, 26, 7, 13, 21, 31, 19, 17], [0, 27, 24, 14], [0, 20, 5, 25, 10, 29, 15, 22, 9, 8, 18], [0, 30, 16, 1, 12], [0, 28, 11, 4, 23, 2, 3, 6]]


#################
lambda = 0.7000000000000001
mu = 1.9000000000000001
nu = 0.1

init = 1294.484
det = 797.378
gap = -3.088

solution = [[0, 20, 5, 25, 10, 29, 15, 22, 9, 8, 18], [0, 12, 1, 16, 30], [0, 26, 7, 13, 21, 31, 19, 17], [0, 6, 3, 2, 23, 28, 4, 11], [0, 27, 24, 14]]


#################
lambda = 0.7000000000000001
mu = 1.9000000000000001
nu = 1.6

init = 1305.408
det = 791.359
gap = -3.872

solution = [[0, 26, 7, 13, 21, 31, 19, 17], [0, 12, 1, 16, 30], [0, 20, 5, 25, 10, 29, 15, 22, 9, 8, 18], [0, 27, 24], [0, 6, 3, 2, 23, 4, 11, 28, 14]]


#################
lambda = 0.8
mu = 0.0
nu = 0.0

init = 828.728
det = 828.7
gap = 0.809

solution = [[0, 20, 5, 25, 10, 15, 29, 27], [0, 6, 23, 28, 4, 11, 8, 18, 9, 22, 14], [0, 12, 1, 13, 7, 16], [0, 21, 31, 19, 17, 2, 3, 26], [0, 24, 30]]


#################
lambda = 0.8
mu = 0.0
nu = 0.30000000000000004

init = 855.81
det = 797.378
gap = -3.088

solution = [[0, 26, 7, 13, 21, 31, 19, 17], [0, 12, 1, 16, 30], [0, 18, 8, 9, 22, 15, 29, 10, 25, 5, 20], [0, 6, 3, 2, 23, 28, 4, 11], [0, 27, 24, 14]]


#################
lambda = 0.8
mu = 0.0
nu = 1.3

init = 828.7
det = 827.268
gap = 0.637

solution = [[0, 20, 5, 25, 10, 15, 18, 3, 2], [0, 6, 23, 28, 4, 11, 8, 9, 22, 29], [0, 27, 24, 14], [0, 7, 13, 21, 31, 19, 17], [0, 12, 1, 16, 26, 30]]


#################
lambda = 0.8
mu = 0.0
nu = 1.5

init = 850.421
det = 836.541
gap = 1.738

solution = [[0, 21, 31, 19, 17, 2, 6], [0, 20, 5, 25, 10, 15, 29, 27], [0, 22, 9, 18, 8, 11, 4, 28, 23, 3], [0, 12, 1, 13, 7, 16, 26], [0, 24, 14, 30]]


#################
lambda = 0.8
mu = 0.1
nu = 1.2000000000000002

init = 849.149
det = 833.009
gap = 1.322

solution = [[0, 21, 31, 19, 17, 3, 2], [0, 14, 22, 9, 18, 8, 11, 4, 28, 23, 6, 26], [0, 12, 1, 13, 7, 16], [0, 20, 5, 25, 10, 15, 29, 27], [0, 24, 30]]


#################
lambda = 0.8
mu = 0.2
nu = 1.4000000000000001

init = 879.115
det = 797.378
gap = -3.088

solution = [[0, 12, 1, 16, 30], [0, 26, 7, 13, 21, 31, 19, 17], [0, 20, 5, 25, 10, 29, 15, 22, 9, 8, 18], [0, 6, 3, 2, 23, 28, 4, 11], [0, 27, 24, 14]]


#################
lambda = 0.8
mu = 0.4
nu = 0.0

init = 879.783
det = 819.0
gap = -0.366

solution = [[0, 29, 15, 22, 9, 8, 11, 4, 28], [0, 20, 5, 25, 10, 18, 23, 2, 3, 6], [0, 21, 31, 19, 17, 13, 7, 26], [0, 30, 16, 12, 1], [0, 27, 24, 14]]


#################
lambda = 0.8
mu = 0.4
nu = 0.30000000000000004

init = 894.351
det = 819.0
gap = -0.366

solution = [[0, 29, 15, 22, 9, 8, 11, 4, 28], [0, 20, 5, 25, 10, 18, 23, 2, 3, 6], [0, 21, 31, 19, 17, 13, 7, 26], [0, 30, 16, 12, 1], [0, 27, 24, 14]]


#################
lambda = 0.8
mu = 0.5
nu = 0.8

init = 900.137
det = 821.79
gap = -0.026

solution = [[0, 3, 2, 23, 28, 4, 11, 8, 18], [0, 30, 26, 16, 7, 1, 12], [0, 13, 21, 31, 19, 17, 6], [0, 14, 24, 27], [0, 20, 5, 25, 10, 29, 15, 9, 22]]


#################
lambda = 0.8
mu = 1.5
nu = 0.0

init = 863.242
det = 793.101
gap = -3.644

solution = [[0, 21, 31, 19, 17, 13, 7, 26], [0, 12, 1, 16, 30], [0, 27, 24, 14], [0, 20, 5, 25, 10, 29, 15, 22, 9, 8, 18], [0, 6, 3, 2, 23, 28, 4, 11]]


#################
lambda = 0.8
mu = 1.5
nu = 0.1

init = 851.037
det = 791.57
gap = -3.844

solution = [[0, 21, 31, 19, 17, 13, 7, 26], [0, 12, 1, 16, 30], [0, 18, 8, 9, 22, 15, 29, 10, 25, 5, 20], [0, 28, 11, 4, 23, 2, 3, 6], [0, 14, 24, 27]]


#################
lambda = 0.8
mu = 1.5
nu = 1.0

init = 835.97
det = 835.97
gap = 1.671

solution = [[0, 12], [0, 14, 22, 9, 18, 8, 11, 4, 28, 23, 6, 26], [0, 20, 5, 25, 10, 15, 29, 27], [0, 24, 3, 2, 7, 16, 30], [0, 13, 17, 19, 31, 21, 1]]


#################
lambda = 0.8
mu = 1.6
nu = 0.0

init = 985.947
det = 834.056
gap = 1.445

solution = [[0, 24, 14, 30], [0, 20, 5, 25, 10, 15, 29, 27], [0, 12, 1, 13, 7, 16, 26], [0, 6, 28, 4, 11, 8, 18, 9, 22], [0, 21, 31, 19, 17, 2, 3, 23]]


#################
lambda = 0.8
mu = 1.6
nu = 0.2

init = 882.69
det = 793.101
gap = -3.644

solution = [[0, 12, 1, 16, 30], [0, 21, 31, 19, 17, 13, 7, 26], [0, 20, 5, 25, 10, 29, 15, 22, 9, 8, 18], [0, 6, 3, 2, 23, 28, 4, 11], [0, 27, 24, 14]]


#################
lambda = 0.8
mu = 1.6
nu = 0.7000000000000001

init = 997.739
det = 821.79
gap = -0.026

solution = [[0, 3, 2, 23, 28, 4, 11, 8, 18], [0, 20, 5, 25, 10, 29, 15, 9, 22], [0, 13, 21, 31, 19, 17, 6], [0, 27, 24, 14], [0, 30, 26, 16, 7, 1, 12]]


#################
lambda = 0.8
mu = 1.6
nu = 1.4000000000000001

init = 1003.525
det = 817.773
gap = -0.517

solution = [[0, 26, 7, 13, 21, 31, 19, 17], [0, 27, 24, 14], [0, 12, 1, 16, 30], [0, 29, 15, 22, 9, 8, 11, 4, 28], [0, 20, 5, 25, 10, 18, 23, 2, 3, 6]]


#################
lambda = 0.8
mu = 1.6
nu = 1.5

init = 888.476
det = 838.919
gap = 2.017

solution = [[0, 20, 5, 25, 10, 6, 3, 2, 23], [0, 29, 15, 22, 9, 18, 8, 11, 4, 28], [0, 26, 7, 13, 17, 19, 31, 21], [0, 27, 24, 14], [0, 30, 16, 1, 12]]


#################
lambda = 0.8
mu = 1.7000000000000002
nu = 0.0

init = 1036.275
det = 793.101
gap = -3.644

solution = [[0, 21, 31, 19, 17, 13, 7, 26], [0, 12, 1, 16, 30], [0, 27, 24, 14], [0, 20, 5, 25, 10, 29, 15, 22, 9, 8, 18], [0, 6, 3, 2, 23, 28, 4, 11]]


#################
lambda = 0.8
mu = 1.7000000000000002
nu = 1.2000000000000002

init = 926.489
det = 810.797
gap = -1.382

solution = [[0, 21, 31, 19, 17, 13, 6], [0, 18, 8, 11, 4, 28, 23, 3, 2], [0, 29, 22, 9, 15, 10, 25, 5, 20], [0, 30, 16, 12, 1, 7, 26], [0, 27, 24, 14]]


#################
lambda = 0.8
mu = 1.9000000000000001
nu = 0.0

init = 1032.896
det = 795.847
gap = -3.286

solution = [[0, 26, 7, 13, 21, 31, 19, 17], [0, 12, 1, 16, 30], [0, 20, 5, 25, 10, 29, 15, 22, 9, 8, 18], [0, 27, 24, 14], [0, 6, 3, 2, 23, 4, 11, 28]]


#################
lambda = 0.8
mu = 1.9000000000000001
nu = 0.5

init = 1028.749
det = 795.847
gap = -3.286

solution = [[0, 26, 7, 13, 21, 31, 19, 17], [0, 27, 24, 14], [0, 20, 5, 25, 10, 29, 15, 22, 9, 8, 18], [0, 30, 16, 1, 12], [0, 28, 11, 4, 23, 2, 3, 6]]


#################
lambda = 0.9
mu = 0.0
nu = 0.0

init = 838.103
det = 793.101
gap = -3.644

solution = [[0, 21, 31, 19, 17, 13, 7, 26], [0, 12, 1, 16, 30], [0, 27, 24, 14], [0, 20, 5, 25, 10, 29, 15, 22, 9, 8, 18], [0, 6, 3, 2, 23, 28, 4, 11]]


#################
lambda = 0.9
mu = 0.0
nu = 0.1

init = 832.524
det = 793.101
gap = -3.644

solution = [[0, 21, 31, 19, 17, 13, 7, 26], [0, 30, 16, 1, 12], [0, 27, 24, 14], [0, 20, 5, 25, 10, 29, 15, 22, 9, 8, 18], [0, 6, 3, 2, 23, 28, 4, 11]]


#################
lambda = 0.9
mu = 0.0
nu = 1.1

init = 831.17
det = 793.101
gap = -3.644

solution = [[0, 21, 31, 19, 17, 13, 7, 26], [0, 12, 1, 16, 30], [0, 27, 24, 14], [0, 20, 5, 25, 10, 29, 15, 22, 9, 8, 18], [0, 6, 3, 2, 23, 28, 4, 11]]


#################
lambda = 0.9
mu = 0.1
nu = 1.2000000000000002

init = 848.266
det = 793.101
gap = -3.644

solution = [[0, 21, 31, 19, 17, 13, 7, 26], [0, 12, 1, 16, 30], [0, 27, 24, 14], [0, 20, 5, 25, 10, 29, 15, 22, 9, 8, 18], [0, 6, 3, 2, 23, 28, 4, 11]]


#################
lambda = 0.9
mu = 0.2
nu = 0.0

init = 827.225
det = 824.115
gap = 0.257

solution = [[0, 21, 31, 19, 17, 13, 7, 26], [0, 27, 24, 14], [0, 12, 1, 16, 30], [0, 2, 3, 15, 10, 25, 5, 20], [0, 6, 23, 28, 4, 11, 8, 18, 9, 22, 29]]


#################
lambda = 0.9
mu = 0.4
nu = 1.1

init = 847.869
det = 824.115
gap = 0.257

solution = [[0, 21, 31, 19, 17, 13, 7, 26], [0, 2, 3, 15, 10, 25, 5, 20], [0, 6, 23, 28, 4, 11, 8, 18, 9, 22, 29], [0, 27, 24, 14], [0, 12, 1, 16, 30]]


#################
lambda = 0.9
mu = 0.5
nu = 1.1

init = 891.13
det = 819.0
gap = -0.366

solution = [[0, 21, 31, 19, 17, 13, 7, 26], [0, 30, 16, 12, 1], [0, 29, 15, 22, 9, 8, 11, 4, 28], [0, 27, 24, 14], [0, 20, 5, 25, 10, 18, 23, 2, 3, 6]]


#################
lambda = 0.9
mu = 0.6000000000000001
nu = 0.0

init = 882.779
det = 797.378
gap = -3.088

solution = [[0, 26, 7, 13, 21, 31, 19, 17], [0, 20, 5, 25, 10, 29, 15, 22, 9, 8, 18], [0, 6, 3, 2, 23, 28, 4, 11], [0, 27, 24, 14], [0, 12, 1, 16, 30]]


#################
lambda = 0.9
mu = 0.8
nu = 0.0

init = 868.903
det = 826.132
gap = 0.5

solution = [[0, 21, 31, 19, 17, 13, 7, 26], [0, 27, 24, 14], [0, 30, 16, 1, 12], [0, 20, 5, 25, 10, 18, 23, 2, 3, 6], [0, 29, 15, 22, 9, 8, 28, 4, 11]]


#################
lambda = 0.9
mu = 0.8
nu = 0.2

init = 893.182
det = 824.217
gap = 0.269

solution = [[0, 3, 2, 23, 28, 4, 11, 8, 18], [0, 20, 5, 25, 10, 29, 15, 9, 22], [0, 27, 24, 14], [0, 21, 31, 19, 17, 13, 6], [0, 30, 26, 16, 7, 1, 12]]


#################
lambda = 0.9
mu = 0.9
nu = 0.0

init = 851.45
det = 791.57
gap = -3.844

solution = [[0, 21, 31, 19, 17, 13, 7, 26], [0, 12, 1, 16, 30], [0, 20, 5, 25, 10, 29, 15, 22, 9, 8, 18], [0, 28, 11, 4, 23, 2, 3, 6], [0, 27, 24, 14]]


#################
lambda = 0.9
mu = 1.3
nu = 0.4

init = 872.825
det = 795.847
gap = -3.286

solution = [[0, 14, 24, 27], [0, 20, 5, 25, 10, 29, 15, 22, 9, 8, 18], [0, 28, 11, 4, 23, 2, 3, 6], [0, 26, 7, 13, 21, 31, 19, 17], [0, 12, 1, 16, 30]]


#################
lambda = 0.9
mu = 1.4000000000000001
nu = 0.30000000000000004

init = 881.153
det = 791.57
gap = -3.844

solution = [[0, 28, 11, 4, 23, 2, 3, 6], [0, 20, 5, 25, 10, 29, 15, 22, 9, 8, 18], [0, 26, 7, 13, 17, 19, 31, 21], [0, 27, 24, 14], [0, 12, 1, 16, 30]]


#################
lambda = 0.9
mu = 1.5
nu = 1.2000000000000002

init = 870.371
det = 832.784
gap = 1.295

solution = [[0, 21, 31, 19, 17, 2, 3], [0, 6, 23, 28, 4, 11, 8, 18, 9, 22], [0, 20, 5, 25, 10, 15, 29, 27], [0, 24, 14, 30], [0, 12, 1, 13, 7, 16, 26]]


#################
lambda = 0.9
mu = 1.7000000000000002
nu = 0.0

init = 919.085
det = 797.378
gap = -3.088

solution = [[0, 26, 7, 13, 21, 31, 19, 17], [0, 20, 5, 25, 10, 29, 15, 22, 9, 8, 18], [0, 6, 3, 2, 23, 28, 4, 11], [0, 30, 16, 1, 12], [0, 27, 24, 14]]


#################
lambda = 0.9
mu = 1.7000000000000002
nu = 0.2

init = 909.828
det = 791.57
gap = -3.844

solution = [[0, 26, 7, 13, 17, 19, 31, 21], [0, 20, 5, 25, 10, 29, 15, 22, 9, 8, 18], [0, 12, 1, 16, 30], [0, 28, 11, 4, 23, 2, 3, 6], [0, 27, 24, 14]]


#################
lambda = 0.9
mu = 1.7000000000000002
nu = 0.30000000000000004

init = 937.353
det = 791.57
gap = -3.844

solution = [[0, 21, 31, 19, 17, 13, 7, 26], [0, 12, 1, 16, 30], [0, 27, 24, 14], [0, 6, 3, 2, 23, 4, 11, 28], [0, 18, 8, 9, 22, 15, 29, 10, 25, 5, 20]]


#################
lambda = 0.9
mu = 1.8
nu = 0.0

init = 1045.382
det = 840.884
gap = 2.246

solution = [[0, 20, 5, 25, 10, 15, 29], [0, 6, 23, 28, 4, 11, 8, 18, 9, 22], [0, 3, 2, 17, 19, 31, 21], [0, 12, 1, 13, 7, 16, 26], [0, 30, 14, 24, 27]]


#################
lambda = 0.9
mu = 1.8
nu = 0.6000000000000001

init = 1057.235
det = 840.884
gap = 2.246

solution = [[0, 20, 5, 25, 10, 15, 29], [0, 6, 23, 28, 4, 11, 8, 18, 9, 22], [0, 3, 2, 17, 19, 31, 21], [0, 12, 1, 13, 7, 16, 26], [0, 30, 14, 24, 27]]


#################
lambda = 0.9
mu = 1.8
nu = 1.6

init = 1064.639
det = 840.884
gap = 2.246

solution = [[0, 20, 5, 25, 10, 15, 29], [0, 6, 23, 28, 4, 11, 8, 18, 9, 22], [0, 3, 2, 17, 19, 31, 21], [0, 12, 1, 13, 7, 16, 26], [0, 30, 14, 24, 27]]


#################
lambda = 0.9
mu = 1.8
nu = 1.9000000000000001

init = 954.853
det = 816.461
gap = -0.678

solution = [[0, 26, 7, 13, 17, 19, 31, 21], [0, 27, 24, 14, 6], [0, 12, 1, 16, 30], [0, 29, 22, 9, 15, 10, 25, 5, 20], [0, 3, 2, 23, 28, 4, 11, 8, 18]]


#################
lambda = 0.9
mu = 1.9000000000000001
nu = 0.0

init = 1156.317
det = 791.57
gap = -3.844

solution = [[0, 28, 11, 4, 23, 2, 3, 6], [0, 20, 5, 25, 10, 29, 15, 22, 9, 8, 18], [0, 26, 7, 13, 17, 19, 31, 21], [0, 27, 24, 14], [0, 12, 1, 16, 30]]


#################
lambda = 0.9
mu = 1.9000000000000001
nu = 0.1

init = 1152.093
det = 855.655
gap = 3.933

solution = [[0, 18, 8, 28, 4, 11, 9, 22, 15, 29], [0, 23, 3, 2, 17, 19, 31, 21], [0, 14, 24, 27], [0, 20, 5, 25, 10, 6, 13, 7, 26], [0, 12, 1, 16, 30]]


#################
lambda = 0.9
mu = 1.9000000000000001
nu = 0.6000000000000001

init = 1150.484
det = 797.378
gap = -3.088

solution = [[0, 26, 7, 13, 21, 31, 19, 17], [0, 27, 24, 14], [0, 30, 16, 1, 12], [0, 20, 5, 25, 10, 29, 15, 22, 9, 8, 18], [0, 6, 3, 2, 23, 28, 4, 11]]


#################
lambda = 0.9
mu = 1.9000000000000001
nu = 1.1

init = 1150.368
det = 797.378
gap = -3.088

solution = [[0, 26, 7, 13, 21, 31, 19, 17], [0, 27, 24, 14], [0, 30, 16, 1, 12], [0, 20, 5, 25, 10, 29, 15, 22, 9, 8, 18], [0, 6, 3, 2, 23, 28, 4, 11]]


#################
lambda = 0.9
mu = 1.9000000000000001
nu = 1.5

init = 1141.258
det = 797.378
gap = -3.088

solution = [[0, 26, 7, 13, 21, 31, 19, 17], [0, 27, 24, 14], [0, 30, 16, 1, 12], [0, 20, 5, 25, 10, 29, 15, 22, 9, 8, 18], [0, 6, 3, 2, 23, 28, 4, 11]]


#################
lambda = 1.0
mu = 0.0
nu = 0.0

init = 833.198
det = 807.949
gap = -1.739

solution = [[0, 13, 21, 31, 19, 17, 6], [0, 30, 16, 12, 1, 7, 26], [0, 3, 2, 23, 28, 4, 11, 8, 18], [0, 14, 24, 27], [0, 20, 5, 25, 10, 15, 9, 22, 29]]


#################
lambda = 1.0
mu = 0.0
nu = 0.7000000000000001

init = 831.845
det = 793.101
gap = -3.644

solution = [[0, 21, 31, 19, 17, 13, 7, 26], [0, 12, 1, 16, 30], [0, 27, 24, 14], [0, 20, 5, 25, 10, 29, 15, 22, 9, 8, 18], [0, 6, 3, 2, 23, 28, 4, 11]]


#################
lambda = 1.0
mu = 0.0
nu = 1.8

init = 860.065
det = 842.156
gap = 2.393

solution = [[0, 21, 31, 19, 17, 2, 3, 23], [0, 12, 1, 13, 7, 16, 26], [0, 30, 14, 24, 27], [0, 22, 9, 18, 8, 11, 4, 28, 6], [0, 20, 5, 25, 10, 15, 29]]


#################
lambda = 1.0
mu = 0.2
nu = 0.0

init = 825.391
det = 791.57
gap = -3.844

solution = [[0, 28, 11, 4, 23, 2, 3, 6], [0, 27, 24, 14], [0, 20, 5, 25, 10, 29, 15, 22, 9, 8, 18], [0, 26, 7, 13, 17, 19, 31, 21], [0, 12, 1, 16, 30]]


#################
lambda = 1.0
mu = 0.30000000000000004
nu = 0.4

init = 848.425
det = 808.334
gap = -1.691

solution = [[0, 27, 24, 14], [0, 18, 8, 11, 4, 28, 23, 2, 3], [0, 29, 22, 9, 15, 10, 25, 5, 20], [0, 6, 17, 19, 31, 21, 13], [0, 30, 26, 16, 7, 1, 12]]


#################
lambda = 1.0
mu = 0.5
nu = 1.4000000000000001

init = 853.656
det = 829.399
gap = 0.892

solution = [[0, 14, 22, 9, 18, 8, 11, 4, 28, 23, 6, 26], [0, 21, 31, 19, 17, 2, 3], [0, 12, 1, 13, 7, 16], [0, 20, 5, 25, 10, 15, 29, 27], [0, 24, 30]]


#################
lambda = 1.0
mu = 0.8
nu = 0.0

init = 851.452
det = 791.57
gap = -3.844

solution = [[0, 21, 31, 19, 17, 13, 7, 26], [0, 12, 1, 16, 30], [0, 28, 11, 4, 23, 2, 3, 6], [0, 27, 24, 14], [0, 20, 5, 25, 10, 29, 15, 22, 9, 8, 18]]


#################
lambda = 1.0
mu = 0.8
nu = 0.5

init = 883.471
det = 813.497
gap = -1.045

solution = [[0, 21, 31, 19, 17, 13, 7, 26], [0, 6, 3, 2, 23, 18, 10, 25, 5, 20], [0, 12, 1, 16, 30], [0, 28, 4, 11, 8, 9, 22, 15, 29], [0, 14, 24, 27]]


#################
lambda = 1.0
mu = 0.8
nu = 1.1

init = 857.238
det = 791.57
gap = -3.844

solution = [[0, 28, 11, 4, 23, 2, 3, 6], [0, 20, 5, 25, 10, 29, 15, 22, 9, 8, 18], [0, 26, 7, 13, 17, 19, 31, 21], [0, 27, 24, 14], [0, 12, 1, 16, 30]]


#################
lambda = 1.0
mu = 0.9
nu = 1.0

init = 889.257
det = 837.105
gap = 1.804

solution = [[0, 18, 28, 4, 11, 8, 9, 22, 15, 29], [0, 21, 31, 19, 17, 13, 7, 26], [0, 12, 1, 16, 30], [0, 6, 3, 2, 23, 14, 24], [0, 20, 5, 25, 10, 27]]


#################
lambda = 1.0
mu = 1.0
nu = 0.9

init = 874.69
det = 797.378
gap = -3.088

solution = [[0, 26, 7, 13, 21, 31, 19, 17], [0, 12, 1, 16, 30], [0, 20, 5, 25, 10, 29, 15, 22, 9, 8, 18], [0, 6, 3, 2, 23, 28, 4, 11], [0, 27, 24, 14]]


#################
lambda = 1.0
mu = 1.0
nu = 1.7000000000000002

init = 887.431
det = 797.378
gap = -3.088

solution = [[0, 26, 7, 13, 21, 31, 19, 17], [0, 12, 1, 16, 30], [0, 20, 5, 25, 10, 29, 15, 22, 9, 8, 18], [0, 14, 24, 27], [0, 6, 3, 2, 23, 28, 4, 11]]


#################
lambda = 1.0
mu = 1.1
nu = 0.0

init = 860.027
det = 791.57
gap = -3.844

solution = [[0, 21, 31, 19, 17, 13, 7, 26], [0, 12, 1, 16, 30], [0, 20, 5, 25, 10, 29, 15, 22, 9, 8, 18], [0, 28, 11, 4, 23, 2, 3, 6], [0, 27, 24, 14]]


#################
lambda = 1.0
mu = 1.1
nu = 0.7000000000000001

init = 842.194
det = 807.949
gap = -1.739

solution = [[0, 13, 21, 31, 19, 17, 6], [0, 27, 24, 14], [0, 30, 16, 12, 1, 7, 26], [0, 18, 8, 11, 4, 28, 23, 2, 3], [0, 20, 5, 25, 10, 15, 9, 22, 29]]


#################
lambda = 1.0
mu = 1.2000000000000002
nu = 0.0

init = 875.2
det = 791.57
gap = -3.844

solution = [[0, 21, 31, 19, 17, 13, 7, 26], [0, 12, 1, 16, 30], [0, 20, 5, 25, 10, 29, 15, 22, 9, 8, 18], [0, 28, 11, 4, 23, 2, 3, 6], [0, 27, 24, 14]]


#################
lambda = 1.0
mu = 1.2000000000000002
nu = 1.8

init = 865.813
det = 791.57
gap = -3.844

solution = [[0, 21, 31, 19, 17, 13, 7, 26], [0, 28, 11, 4, 23, 2, 3, 6], [0, 20, 5, 25, 10, 29, 15, 22, 9, 8, 18], [0, 27, 24, 14], [0, 12, 1, 16, 30]]


#################
lambda = 1.0
mu = 1.6
nu = 0.0

init = 854.084
det = 791.57
gap = -3.844

solution = [[0, 28, 11, 4, 23, 2, 3, 6], [0, 20, 5, 25, 10, 29, 15, 22, 9, 8, 18], [0, 27, 24, 14], [0, 21, 31, 19, 17, 13, 7, 26], [0, 12, 1, 16, 30]]


#################
lambda = 1.0
mu = 1.6
nu = 0.4

init = 878.988
det = 795.847
gap = -3.286

solution = [[0, 26, 7, 13, 21, 31, 19, 17], [0, 12, 1, 16, 30], [0, 20, 5, 25, 10, 29, 15, 22, 9, 8, 18], [0, 28, 11, 4, 23, 2, 3, 6], [0, 14, 24, 27]]


#################
lambda = 1.0
mu = 1.7000000000000002
nu = 0.30000000000000004

init = 869.028
det = 793.101
gap = -3.644

solution = [[0, 21, 31, 19, 17, 13, 7, 26], [0, 20, 5, 25, 10, 29, 15, 22, 9, 8, 18], [0, 12, 1, 16, 30], [0, 27, 24, 14], [0, 6, 3, 2, 23, 28, 4, 11]]


#################
lambda = 1.0
mu = 1.7000000000000002
nu = 1.9000000000000001

init = 945.888
det = 791.57
gap = -3.844

solution = [[0, 21, 31, 19, 17, 13, 7, 26], [0, 28, 11, 4, 23, 2, 3, 6], [0, 20, 5, 25, 10, 29, 15, 22, 9, 8, 18], [0, 30, 16, 1, 12], [0, 27, 24, 14]]


#################
lambda = 1.0
mu = 1.9000000000000001
nu = 0.0

init = 1036.732
det = 816.461
gap = -0.678

solution = [[0, 26, 7, 13, 17, 19, 31, 21], [0, 27, 24, 14, 6], [0, 12, 1, 16, 30], [0, 29, 22, 9, 15, 10, 25, 5, 20], [0, 3, 2, 23, 28, 4, 11, 8, 18]]


#################
lambda = 1.0
mu = 1.9000000000000001
nu = 0.9

init = 1048.584
det = 816.461
gap = -0.678

solution = [[0, 26, 7, 13, 17, 19, 31, 21], [0, 27, 24, 14, 6], [0, 12, 1, 16, 30], [0, 29, 22, 9, 15, 10, 25, 5, 20], [0, 3, 2, 23, 28, 4, 11, 8, 18]]


#################
lambda = 1.0
mu = 1.9000000000000001
nu = 1.6

init = 1105.418
det = 791.57
gap = -3.844

solution = [[0, 26, 7, 13, 17, 19, 31, 21], [0, 12, 1, 16, 30], [0, 20, 5, 25, 10, 29, 15, 22, 9, 8, 18], [0, 28, 11, 4, 23, 2, 3, 6], [0, 27, 24, 14]]


#################
lambda = 1.1
mu = 0.0
nu = 0.0

init = 837.195
det = 793.101
gap = -3.644

solution = [[0, 21, 31, 19, 17, 13, 7, 26], [0, 12, 1, 16, 30], [0, 27, 24, 14], [0, 20, 5, 25, 10, 29, 15, 22, 9, 8, 18], [0, 6, 3, 2, 23, 28, 4, 11]]


#################
lambda = 1.1
mu = 0.0
nu = 0.4

init = 836.029
det = 793.101
gap = -3.644

solution = [[0, 21, 31, 19, 17, 13, 7, 26], [0, 18, 8, 9, 22, 15, 29, 10, 25, 5, 20], [0, 12, 1, 16, 30], [0, 6, 3, 2, 23, 28, 4, 11], [0, 27, 24, 14]]


#################
lambda = 1.1
mu = 0.2
nu = 0.2

init = 838.845
det = 791.57
gap = -3.844

solution = [[0, 21, 31, 19, 17, 13, 7, 26], [0, 20, 5, 25, 10, 29, 15, 22, 9, 8, 18], [0, 14, 24, 27], [0, 28, 11, 4, 23, 2, 3, 6], [0, 12, 1, 16, 30]]


#################
lambda = 1.1
mu = 0.2
nu = 1.0

init = 837.492
det = 835.203
gap = 1.581

solution = [[0, 21, 31, 19, 17, 13, 7], [0, 12, 1, 16, 30], [0, 18, 8, 28, 4, 11, 9, 22, 27], [0, 20, 5, 25, 10, 15, 29], [0, 24, 14, 6, 23, 2, 3, 26]]


#################
lambda = 1.1
mu = 0.30000000000000004
nu = 0.0

init = 837.897
det = 793.101
gap = -3.644

solution = [[0, 21, 31, 19, 17, 13, 7, 26], [0, 12, 1, 16, 30], [0, 27, 24, 14], [0, 20, 5, 25, 10, 29, 15, 22, 9, 8, 18], [0, 6, 3, 2, 23, 28, 4, 11]]


#################
lambda = 1.1
mu = 0.30000000000000004
nu = 1.8

init = 836.957
det = 850.884
gap = 3.395

solution = [[0, 16, 30], [0, 21, 31, 19, 17, 3, 23, 2], [0, 20, 5, 25, 10, 15, 29, 27], [0, 6, 28, 4, 11, 8, 18, 9, 22, 14], [0, 26, 12, 1, 13, 7, 24]]


#################
lambda = 1.1
mu = 0.4
nu = 0.0

init = 849.686
det = 816.996
gap = -0.613

solution = [[0, 21, 31, 19, 17, 13, 7, 26], [0, 6, 23, 28, 4, 11, 8, 9, 22, 29], [0, 20, 5, 25, 10, 15, 18, 3, 2], [0, 27, 24, 14], [0, 12, 1, 16, 30]]


#################
lambda = 1.1
mu = 0.8
nu = 0.0

init = 847.871
det = 793.101
gap = -3.644

solution = [[0, 21, 31, 19, 17, 13, 7, 26], [0, 20, 5, 25, 10, 29, 15, 22, 9, 8, 18], [0, 6, 3, 2, 23, 28, 4, 11], [0, 27, 24, 14], [0, 12, 1, 16, 30]]


#################
lambda = 1.1
mu = 0.9
nu = 1.3

init = 853.657
det = 791.57
gap = -3.844

solution = [[0, 12, 1, 16, 30], [0, 26, 7, 13, 17, 19, 31, 21], [0, 20, 5, 25, 10, 29, 15, 22, 9, 8, 18], [0, 27, 24, 14], [0, 28, 11, 4, 23, 2, 3, 6]]


#################
lambda = 1.1
mu = 1.0
nu = 0.0

init = 860.029
det = 810.797
gap = -1.382

solution = [[0, 18, 8, 11, 4, 28, 23, 3, 2], [0, 29, 22, 9, 15, 10, 25, 5, 20], [0, 27, 24, 14], [0, 21, 31, 19, 17, 13, 6], [0, 30, 16, 12, 1, 7, 26]]


#################
lambda = 1.1
mu = 1.0
nu = 1.5

init = 883.635
det = 791.57
gap = -3.844

solution = [[0, 21, 31, 19, 17, 13, 7, 26], [0, 12, 1, 16, 30], [0, 20, 5, 25, 10, 29, 15, 22, 9, 8, 18], [0, 28, 11, 4, 23, 2, 3, 6], [0, 27, 24, 14]]


#################
lambda = 1.1
mu = 1.4000000000000001
nu = 0.0

init = 875.367
det = 829.787
gap = 0.938

solution = [[0, 21, 31, 19, 17, 13, 7], [0, 12, 1, 16, 30], [0, 20, 5, 25, 10, 15, 29, 3, 2], [0, 22, 9, 18, 8, 11, 4, 28, 23, 6, 26], [0, 27, 24, 14]]


#################
lambda = 1.1
mu = 1.4000000000000001
nu = 1.4000000000000001

init = 857.652
det = 793.101
gap = -3.644

solution = [[0, 21, 31, 19, 17, 13, 7, 26], [0, 30, 16, 1, 12], [0, 27, 24, 14], [0, 20, 5, 25, 10, 29, 15, 22, 9, 8, 18], [0, 6, 3, 2, 23, 28, 4, 11]]


#################
lambda = 1.1
mu = 1.7000000000000002
nu = 1.8

init = 854.071
det = 791.57
gap = -3.844

solution = [[0, 26, 7, 13, 17, 19, 31, 21], [0, 12, 1, 16, 30], [0, 20, 5, 25, 10, 29, 15, 22, 9, 8, 18], [0, 27, 24, 14], [0, 28, 11, 4, 23, 2, 3, 6]]


#################
lambda = 1.1
mu = 1.8
nu = 0.0

init = 916.107
det = 842.698
gap = 2.456

solution = [[0, 21, 31, 19, 17, 2, 3], [0, 20, 5, 25, 10, 15, 29], [0, 22, 9, 18, 8, 11, 4, 28, 23, 6], [0, 30, 14, 24, 27], [0, 16, 12, 1, 13, 7, 26]]


#################
lambda = 1.1
mu = 1.8
nu = 0.2

init = 898.116
det = 797.378
gap = -3.088

solution = [[0, 26, 7, 13, 21, 31, 19, 17], [0, 20, 5, 25, 10, 29, 15, 22, 9, 8, 18], [0, 12, 1, 16, 30], [0, 6, 3, 2, 23, 28, 4, 11], [0, 27, 24, 14]]


#################
lambda = 1.1
mu = 1.8
nu = 1.0

init = 858.489
det = 793.101
gap = -3.644

solution = [[0, 26, 7, 13, 17, 19, 31, 21], [0, 27, 24, 14], [0, 30, 16, 1, 12], [0, 20, 5, 25, 10, 29, 15, 22, 9, 8, 18], [0, 6, 3, 2, 23, 28, 4, 11]]


#################
lambda = 1.1
mu = 1.9000000000000001
nu = 0.0

init = 1020.22
det = 797.378
gap = -3.088

solution = [[0, 26, 7, 13, 21, 31, 19, 17], [0, 20, 5, 25, 10, 29, 15, 22, 9, 8, 18], [0, 6, 3, 2, 23, 28, 4, 11], [0, 30, 16, 1, 12], [0, 27, 24, 14]]


#################
lambda = 1.1
mu = 1.9000000000000001
nu = 0.1

init = 1002.587
det = 797.378
gap = -3.088

solution = [[0, 26, 7, 13, 21, 31, 19, 17], [0, 20, 5, 25, 10, 29, 15, 22, 9, 8, 18], [0, 6, 3, 2, 23, 28, 4, 11], [0, 30, 16, 1, 12], [0, 27, 24, 14]]


#################
lambda = 1.1
mu = 1.9000000000000001
nu = 1.7000000000000002

init = 1003.738
det = 791.57
gap = -3.844

solution = [[0, 21, 31, 19, 17, 13, 7, 26], [0, 28, 11, 4, 23, 2, 3, 6], [0, 20, 5, 25, 10, 29, 15, 22, 9, 8, 18], [0, 12, 1, 16, 30], [0, 14, 24, 27]]


#################
lambda = 1.2000000000000002
mu = 0.0
nu = 0.0

init = 849.532
det = 791.57
gap = -3.844

solution = [[0, 21, 31, 19, 17, 13, 7, 26], [0, 20, 5, 25, 10, 29, 15, 22, 9, 8, 18], [0, 28, 11, 4, 23, 2, 3, 6], [0, 27, 24, 14], [0, 30, 16, 1, 12]]


#################
lambda = 1.2000000000000002
mu = 0.0
nu = 0.4

init = 840.33
det = 822.499
gap = 0.061

solution = [[0, 21, 31, 19, 17, 13, 7, 26], [0, 6, 23, 28, 4, 11, 8, 9, 22, 29], [0, 20, 5, 25, 10, 15, 18, 3, 2], [0, 30, 16, 12, 1], [0, 27, 24, 14]]


#################
lambda = 1.2000000000000002
mu = 0.0
nu = 1.1

init = 843.135
det = 793.101
gap = -3.644

solution = [[0, 21, 31, 19, 17, 13, 7, 26], [0, 18, 8, 9, 22, 15, 29, 10, 25, 5, 20], [0, 12, 1, 16, 30], [0, 6, 3, 2, 23, 28, 4, 11], [0, 27, 24, 14]]


#################
lambda = 1.2000000000000002
mu = 0.1
nu = 0.0

init = 833.845
det = 791.57
gap = -3.844

solution = [[0, 21, 31, 19, 17, 13, 7, 26], [0, 28, 11, 4, 23, 2, 3, 6], [0, 20, 5, 25, 10, 29, 15, 22, 9, 8, 18], [0, 30, 16, 1, 12], [0, 27, 24, 14]]


#################
lambda = 1.2000000000000002
mu = 0.1
nu = 0.30000000000000004

init = 838.029
det = 791.57
gap = -3.844

solution = [[0, 21, 31, 19, 17, 13, 7, 26], [0, 12, 1, 16, 30], [0, 20, 5, 25, 10, 29, 15, 22, 9, 8, 18], [0, 28, 11, 4, 23, 2, 3, 6], [0, 27, 24, 14]]


#################
lambda = 1.2000000000000002
mu = 0.30000000000000004
nu = 0.9

init = 839.492
det = 791.57
gap = -3.844

solution = [[0, 6, 3, 2, 23, 4, 11, 28], [0, 20, 5, 25, 10, 29, 15, 22, 9, 8, 18], [0, 27, 24, 14], [0, 12, 1, 16, 30], [0, 21, 31, 19, 17, 13, 7, 26]]


#################
lambda = 1.2000000000000002
mu = 0.30000000000000004
nu = 1.0

init = 839.282
det = 822.957
gap = 0.116

solution = [[0, 29, 15, 22, 9, 11, 4, 28, 8, 18], [0, 26, 7, 13, 21, 31, 19, 17], [0, 20, 5, 25, 10, 23, 2, 3, 6], [0, 12, 1, 16, 30], [0, 27, 24, 14]]


#################
lambda = 1.2000000000000002
mu = 0.4
nu = 1.2000000000000002

init = 855.718
det = 793.101
gap = -3.644

solution = [[0, 21, 31, 19, 17, 13, 7, 26], [0, 20, 5, 25, 10, 29, 15, 22, 9, 8, 18], [0, 6, 3, 2, 23, 28, 4, 11], [0, 27, 24, 14], [0, 12, 1, 16, 30]]


#################
lambda = 1.2000000000000002
mu = 0.4
nu = 1.3

init = 851.103
det = 818.68
gap = -0.406

solution = [[0, 29, 15, 22, 9, 11, 4, 28, 8, 18], [0, 20, 5, 25, 10, 23, 2, 3, 6], [0, 21, 31, 19, 17, 13, 7, 26], [0, 12, 1, 16, 30], [0, 14, 24, 27]]


#################
lambda = 1.2000000000000002
mu = 0.5
nu = 1.6

init = 838.549
det = 793.101
gap = -3.644

solution = [[0, 21, 31, 19, 17, 13, 7, 26], [0, 12, 1, 16, 30], [0, 27, 24, 14], [0, 20, 5, 25, 10, 29, 15, 22, 9, 8, 18], [0, 6, 3, 2, 23, 28, 4, 11]]


#################
lambda = 1.2000000000000002
mu = 0.5
nu = 1.9000000000000001

init = 844.336
det = 797.378
gap = -3.088

solution = [[0, 26, 7, 13, 21, 31, 19, 17], [0, 12, 1, 16, 30], [0, 20, 5, 25, 10, 29, 15, 22, 9, 8, 18], [0, 27, 24, 14], [0, 6, 3, 2, 23, 28, 4, 11]]


#################
lambda = 1.2000000000000002
mu = 1.0
nu = 0.0

init = 856.448
det = 791.57
gap = -3.844

solution = [[0, 21, 31, 19, 17, 13, 7, 26], [0, 28, 11, 4, 23, 2, 3, 6], [0, 20, 5, 25, 10, 29, 15, 22, 9, 8, 18], [0, 27, 24, 14], [0, 12, 1, 16, 30]]


#################
lambda = 1.2000000000000002
mu = 1.0
nu = 1.5

init = 862.234
det = 791.57
gap = -3.844

solution = [[0, 28, 11, 4, 23, 2, 3, 6], [0, 20, 5, 25, 10, 29, 15, 22, 9, 8, 18], [0, 27, 24, 14], [0, 21, 31, 19, 17, 13, 7, 26], [0, 12, 1, 16, 30]]


#################
lambda = 1.2000000000000002
mu = 1.2000000000000002
nu = 1.3

init = 865.815
det = 810.797
gap = -1.382

solution = [[0, 18, 8, 11, 4, 28, 23, 3, 2], [0, 20, 5, 25, 10, 15, 9, 22, 29], [0, 27, 24, 14], [0, 21, 31, 19, 17, 13, 6], [0, 30, 16, 12, 1, 7, 26]]


#################
lambda = 1.2000000000000002
mu = 1.4000000000000001
nu = 0.0

init = 873.177
det = 791.57
gap = -3.844

solution = [[0, 21, 31, 19, 17, 13, 7, 26], [0, 20, 5, 25, 10, 29, 15, 22, 9, 8, 18], [0, 28, 11, 4, 23, 2, 3, 6], [0, 12, 1, 16, 30], [0, 27, 24, 14]]


#################
lambda = 1.2000000000000002
mu = 1.9000000000000001
nu = 1.1

init = 1005.643
det = 843.704
gap = 2.572

solution = [[0, 13, 17, 19, 31, 21, 1], [0, 20, 5, 25, 10, 15, 29, 24, 14], [0, 27, 22, 9, 18, 8, 11, 4, 28], [0, 26, 7, 6, 3, 2, 23], [0, 12, 16, 30]]


#################
lambda = 1.2000000000000002
mu = 1.9000000000000001
nu = 1.4000000000000001

init = 925.662
det = 848.774
gap = 3.154

solution = [[0, 29, 15, 22, 9, 18, 8, 11, 4, 28], [0, 30, 26, 16, 1, 12], [0, 7, 13, 17, 19, 31, 21], [0, 6, 3, 2, 23, 14, 24, 27], [0, 20, 5, 25, 10]]


#################
lambda = 1.3
mu = 0.0
nu = 0.0

init = 852.337
det = 793.101
gap = -3.644

solution = [[0, 21, 31, 19, 17, 13, 7, 26], [0, 12, 1, 16, 30], [0, 27, 24, 14], [0, 20, 5, 25, 10, 29, 15, 22, 9, 8, 18], [0, 6, 3, 2, 23, 28, 4, 11]]


#################
lambda = 1.3
mu = 0.0
nu = 0.7000000000000001

init = 853.644
det = 793.101
gap = -3.644

solution = [[0, 21, 31, 19, 17, 13, 7, 26], [0, 12, 1, 16, 30], [0, 27, 24, 14], [0, 20, 5, 25, 10, 29, 15, 22, 9, 8, 18], [0, 6, 3, 2, 23, 28, 4, 11]]


#################
lambda = 1.3
mu = 0.0
nu = 1.3

init = 844.442
det = 807.161
gap = -1.838

solution = [[0, 12, 1, 16, 30], [0, 21, 31, 19, 17, 13, 7, 26], [0, 20, 5, 25, 10, 15, 9, 6], [0, 3, 2, 23, 28, 4, 11, 8, 18, 22, 29], [0, 27, 24, 14]]


#################
lambda = 1.3
mu = 0.5
nu = 1.1

init = 836.544
det = 793.101
gap = -3.644

solution = [[0, 6, 3, 2, 23, 28, 4, 11], [0, 12, 1, 16, 30], [0, 21, 31, 19, 17, 13, 7, 26], [0, 20, 5, 25, 10, 29, 15, 22, 9, 8, 18], [0, 27, 24, 14]]


#################
lambda = 1.3
mu = 0.5
nu = 1.2000000000000002

init = 848.115
det = 837.753
gap = 1.88

solution = [[0, 21, 31, 19, 17, 13, 7, 26], [0, 29, 15, 22, 9, 11, 4, 28, 8, 18], [0, 20, 5, 25, 10, 6, 3, 2, 23], [0, 12, 1, 16, 30], [0, 27, 24, 14]]


#################
lambda = 1.3
mu = 0.6000000000000001
nu = 0.0

init = 858.326
det = 793.101
gap = -3.644

solution = [[0, 21, 31, 19, 17, 13, 7, 26], [0, 27, 24, 14], [0, 30, 16, 1, 12], [0, 20, 5, 25, 10, 29, 15, 22, 9, 8, 18], [0, 6, 3, 2, 23, 28, 4, 11]]


#################
lambda = 1.3
mu = 0.7000000000000001
nu = 1.7000000000000002

init = 839.829
det = 821.927
gap = -0.009

solution = [[0, 20, 5, 25, 10, 15, 9, 22, 29], [0, 14, 18, 8, 11, 4, 28, 23, 2, 3], [0, 27, 24], [0, 6, 17, 19, 31, 21, 30], [0, 16, 12, 1, 13, 7, 26]]


#################
lambda = 1.3
mu = 1.4000000000000001
nu = 0.0

init = 851.867
det = 791.57
gap = -3.844

solution = [[0, 21, 31, 19, 17, 13, 7, 26], [0, 28, 11, 4, 23, 2, 3, 6], [0, 20, 5, 25, 10, 29, 15, 22, 9, 8, 18], [0, 27, 24, 14], [0, 12, 1, 16, 30]]


#################
lambda = 1.3
mu = 1.4000000000000001
nu = 1.4000000000000001

init = 857.654
det = 791.57
gap = -3.844

solution = [[0, 28, 11, 4, 23, 2, 3, 6], [0, 20, 5, 25, 10, 29, 15, 22, 9, 8, 18], [0, 26, 7, 13, 17, 19, 31, 21], [0, 27, 24, 14], [0, 12, 1, 16, 30]]


#################
lambda = 1.3
mu = 1.5
nu = 1.6

init = 878.964
det = 834.056
gap = 1.445

solution = [[0, 12, 1, 13, 7, 16, 26], [0, 21, 31, 19, 17, 2, 3, 23], [0, 20, 5, 25, 10, 15, 29, 27], [0, 22, 9, 18, 8, 11, 4, 28, 6], [0, 24, 14, 30]]


#################
lambda = 1.3
mu = 1.5
nu = 1.8

init = 850.931
det = 793.101
gap = -3.644

solution = [[0, 21, 31, 19, 17, 13, 7, 26], [0, 30, 16, 1, 12], [0, 27, 24, 14], [0, 20, 5, 25, 10, 29, 15, 22, 9, 8, 18], [0, 6, 3, 2, 23, 28, 4, 11]]


#################
lambda = 1.3
mu = 1.7000000000000002
nu = 0.0

init = 873.466
det = 793.101
gap = -3.644

solution = [[0, 21, 31, 19, 17, 13, 7, 26], [0, 30, 16, 1, 12], [0, 27, 24, 14], [0, 20, 5, 25, 10, 29, 15, 22, 9, 8, 18], [0, 6, 3, 2, 23, 28, 4, 11]]


#################
lambda = 1.3
mu = 1.7000000000000002
nu = 1.1

init = 879.253
det = 793.101
gap = -3.644

solution = [[0, 26, 7, 13, 17, 19, 31, 21], [0, 27, 24, 14], [0, 30, 16, 1, 12], [0, 20, 5, 25, 10, 29, 15, 22, 9, 8, 18], [0, 6, 3, 2, 23, 28, 4, 11]]


#################
lambda = 1.3
mu = 1.7000000000000002
nu = 1.6

init = 893.82
det = 810.761
gap = -1.386

solution = [[0, 3, 2, 23, 28, 4, 11, 8, 18], [0, 21, 31, 19, 17, 13, 6], [0, 30, 26, 16, 7, 1, 12], [0, 29, 22, 9, 15, 10, 25, 5, 20], [0, 14, 24, 27]]


#################
lambda = 1.3
mu = 1.8
nu = 0.0

init = 873.202
det = 816.996
gap = -0.613

solution = [[0, 21, 31, 19, 17, 13, 7, 26], [0, 12, 1, 16, 30], [0, 6, 23, 28, 4, 11, 8, 9, 22, 29], [0, 20, 5, 25, 10, 15, 18, 3, 2], [0, 27, 24, 14]]


#################
lambda = 1.4000000000000001
mu = 0.0
nu = 0.30000000000000004

init = 850.839
det = 793.101
gap = -3.644

solution = [[0, 12, 1, 16, 30], [0, 21, 31, 19, 17, 13, 7, 26], [0, 27, 24, 14], [0, 20, 5, 25, 10, 29, 15, 22, 9, 8, 18], [0, 6, 3, 2, 23, 28, 4, 11]]


#################
lambda = 1.4000000000000001
mu = 0.6000000000000001
nu = 1.6

init = 845.027
det = 791.57
gap = -3.844

solution = [[0, 21, 31, 19, 17, 13, 7, 26], [0, 20, 5, 25, 10, 29, 15, 22, 9, 8, 18], [0, 28, 11, 4, 23, 2, 3, 6], [0, 12, 1, 16, 30], [0, 27, 24, 14]]


#################
lambda = 1.4000000000000001
mu = 0.7000000000000001
nu = 1.2000000000000002

init = 853.639
det = 793.101
gap = -3.644

solution = [[0, 21, 31, 19, 17, 13, 7, 26], [0, 12, 1, 16, 30], [0, 27, 24, 14], [0, 20, 5, 25, 10, 29, 15, 22, 9, 8, 18], [0, 6, 3, 2, 23, 28, 4, 11]]


#################
lambda = 1.4000000000000001
mu = 0.7000000000000001
nu = 1.4000000000000001

init = 839.804
det = 821.405
gap = -0.072

solution = [[0, 13, 21, 31, 19, 17, 6], [0, 3, 2, 23, 28, 4, 11, 8, 18], [0, 30, 16, 12, 1, 7, 26], [0, 14, 24, 27], [0, 20, 5, 25, 10, 29, 15, 9, 22]]


#################
lambda = 1.4000000000000001
mu = 0.8
nu = 0.0

init = 861.463
det = 849.076
gap = 3.189

solution = [[0, 6, 23, 28, 4, 11, 8, 18, 9, 22], [0, 20, 5, 25, 10, 15, 29], [0, 3, 2, 17, 19, 31, 21], [0, 12, 1, 13, 7], [0, 30, 16, 26, 14, 24, 27]]


#################
lambda = 1.4000000000000001
mu = 0.8
nu = 0.1

init = 848.427
det = 791.57
gap = -3.844

solution = [[0, 21, 31, 19, 17, 13, 7, 26], [0, 18, 8, 9, 22, 15, 29, 10, 25, 5, 20], [0, 12, 1, 16, 30], [0, 6, 3, 2, 23, 4, 11, 28], [0, 27, 24, 14]]


#################
lambda = 1.4000000000000001
mu = 1.4000000000000001
nu = 0.0

init = 848.286
det = 791.57
gap = -3.844

solution = [[0, 21, 31, 19, 17, 13, 7, 26], [0, 12, 1, 16, 30], [0, 20, 5, 25, 10, 29, 15, 22, 9, 8, 18], [0, 28, 11, 4, 23, 2, 3, 6], [0, 27, 24, 14]]


#################
lambda = 1.4000000000000001
mu = 1.4000000000000001
nu = 1.6

init = 854.073
det = 793.101
gap = -3.644

solution = [[0, 21, 31, 19, 17, 13, 7, 26], [0, 12, 1, 16, 30], [0, 27, 24, 14], [0, 20, 5, 25, 10, 29, 15, 22, 9, 8, 18], [0, 6, 3, 2, 23, 28, 4, 11]]


#################
lambda = 1.4000000000000001
mu = 1.8
nu = 1.2000000000000002

init = 888.034
det = 828.952
gap = 0.839

solution = [[0, 29, 15, 22, 9, 11, 4, 28, 8, 18], [0, 20, 5, 25, 10, 23, 2, 3, 6], [0, 14, 24, 27], [0, 12, 1, 16, 26, 30], [0, 7, 13, 21, 31, 19, 17]]


#################
lambda = 1.4000000000000001
mu = 1.8
nu = 1.4000000000000001

init = 891.702
det = 818.68
gap = -0.406

solution = [[0, 12, 1, 16, 30], [0, 21, 31, 19, 17, 13, 7, 26], [0, 6, 3, 2, 23, 10, 25, 5, 20], [0, 18, 8, 28, 4, 11, 9, 22, 15, 29], [0, 27, 24, 14]]


#################
lambda = 1.5
mu = 0.0
nu = 0.2

init = 858.332
det = 832.784
gap = 1.295

solution = [[0, 22, 9, 18, 8, 11, 4, 28, 23, 6], [0, 21, 31, 19, 17, 2, 3], [0, 12, 1, 13, 7, 16, 26], [0, 20, 5, 25, 10, 15, 29, 27], [0, 24, 14, 30]]


#################
lambda = 1.5
mu = 0.0
nu = 0.5

init = 855.527
det = 807.949
gap = -1.739

solution = [[0, 30, 16, 12, 1, 7, 26], [0, 3, 2, 23, 28, 4, 11, 8, 18], [0, 29, 22, 9, 15, 10, 25, 5, 20], [0, 14, 24, 27], [0, 6, 17, 19, 31, 21, 13]]


#################
lambda = 1.5
mu = 0.7000000000000001
nu = 1.0

init = 838.544
det = 793.101
gap = -3.644

solution = [[0, 21, 31, 19, 17, 13, 7, 26], [0, 20, 5, 25, 10, 29, 15, 22, 9, 8, 18], [0, 6, 3, 2, 23, 28, 4, 11], [0, 27, 24, 14], [0, 12, 1, 16, 30]]


#################
lambda = 1.5
mu = 0.9
nu = 0.4

init = 857.004
det = 819.0
gap = -0.366

solution = [[0, 21, 31, 19, 17, 13, 7, 26], [0, 6, 3, 2, 23, 18, 10, 25, 5, 20], [0, 29, 15, 22, 9, 8, 11, 4, 28], [0, 30, 16, 12, 1], [0, 27, 24, 14]]


#################
lambda = 1.5
mu = 0.9
nu = 1.6

init = 849.942
det = 810.376
gap = -1.434

solution = [[0, 29, 22, 9, 15, 10, 25, 5, 20], [0, 18, 8, 11, 4, 28, 23, 2, 3], [0, 27, 24, 14], [0, 21, 31, 19, 17, 13, 6], [0, 26, 7, 1, 12, 16, 30]]


#################
lambda = 1.5
mu = 1.9000000000000001
nu = 0.0

init = 863.244
det = 830.123
gap = 0.979

solution = [[0, 14, 22, 9, 18, 8, 11, 4, 28, 23, 6], [0, 21, 31, 19, 17, 2, 3], [0, 20, 5, 25, 10, 15, 29, 27], [0, 30, 26, 24], [0, 16, 7, 13, 1, 12]]


#################
lambda = 1.6
mu = 1.0
nu = 1.5

init = 841.231
det = 793.101
gap = -3.644

solution = [[0, 26, 7, 13, 17, 19, 31, 21], [0, 12, 1, 16, 30], [0, 27, 24, 14], [0, 20, 5, 25, 10, 29, 15, 22, 9, 8, 18], [0, 6, 3, 2, 23, 28, 4, 11]]


#################
lambda = 1.7000000000000002
mu = 0.5
nu = 1.0

init = 833.926
det = 793.101
gap = -3.644

solution = [[0, 21, 31, 19, 17, 13, 7, 26], [0, 18, 8, 9, 22, 15, 29, 10, 25, 5, 20], [0, 12, 1, 16, 30], [0, 6, 3, 2, 23, 28, 4, 11], [0, 27, 24, 14]]


#################
lambda = 1.7000000000000002
mu = 1.2000000000000002
nu = 1.7000000000000002

init = 862.974
det = 791.57
gap = -3.844

solution = [[0, 21, 31, 19, 17, 13, 7, 26], [0, 12, 1, 16, 30], [0, 20, 5, 25, 10, 29, 15, 22, 9, 8, 18], [0, 28, 11, 4, 23, 2, 3, 6], [0, 27, 24, 14]]


#################
lambda = 1.8
mu = 1.3
nu = 1.2000000000000002

init = 856.843
det = 791.57
gap = -3.844

solution = [[0, 28, 11, 4, 23, 2, 3, 6], [0, 20, 5, 25, 10, 29, 15, 22, 9, 8, 18], [0, 26, 7, 13, 17, 19, 31, 21], [0, 27, 24, 14], [0, 12, 1, 16, 30]]


#################
lambda = 1.8
mu = 1.3
nu = 1.6

init = 841.726
det = 791.57
gap = -3.844

solution = [[0, 28, 11, 4, 23, 2, 3, 6], [0, 20, 5, 25, 10, 29, 15, 22, 9, 8, 18], [0, 27, 24, 14], [0, 30, 16, 1, 12], [0, 21, 31, 19, 17, 13, 7, 26]]


#################
lambda = 1.8
mu = 1.4000000000000001
nu = 1.9000000000000001

init = 879.551
det = 806.074
gap = -1.976

solution = [[0, 20, 5, 25, 10, 15, 9, 22, 29], [0, 27, 24, 14], [0, 18, 8, 11, 4, 28, 23, 2, 3], [0, 6, 13, 17, 19, 31, 21, 26], [0, 12, 1, 7, 16, 30]]


#################
lambda = 1.9000000000000001
mu = 1.4000000000000001
nu = 1.6

init = 846.682
det = 793.101
gap = -3.644

solution = [[0, 21, 31, 19, 17, 13, 7, 26], [0, 12, 1, 16, 30], [0, 27, 24, 14], [0, 20, 5, 25, 10, 29, 15, 22, 9, 8, 18], [0, 6, 3, 2, 23, 28, 4, 11]]


#################
lambda = 1.9000000000000001
mu = 1.5
nu = 1.9000000000000001

init = 870.391
det = 806.074
gap = -1.976

solution = [[0, 20, 5, 25, 10, 15, 9, 22, 29], [0, 27, 24, 14], [0, 18, 8, 11, 4, 28, 23, 2, 3], [0, 6, 13, 17, 19, 31, 21, 26], [0, 12, 1, 7, 16, 30]]
