Aretes fixées après apprentissage pour cette exécution
Fixed edges = [[0, 21, 31, 0], [0, 17, 19, 0], [0, 29, 15, 10, 25, 5, 20, 0], [0, 9, 22, 0], [0, 11, 4, 28, 0], [0, 2, 3, 0], [0, 7, 13, 0], [0, 1, 0], [0, 6, 0], [0, 8, 0], [0, 12, 0], [0, 14, 0], [0, 16, 0], [0, 18, 0], [0, 23, 0], [0, 24, 0], [0, 26, 0], [0, 27, 0], [0, 30, 0]]
Time = 0.3004286289215088


#################

init = 907.445
res = 787.082
gap = -967.742

solution = [[0, 21, 31, 19, 17, 13, 7, 26], [0, 30, 16, 1, 12], [0, 18, 8, 9, 22, 15, 29, 10, 25, 5, 20], [0, 24, 27], [0, 6, 3, 2, 23, 4, 11, 28, 14]]


#################

init = 907.445
res = 802.126
gap = -947.715

solution = [[0, 29, 22, 9, 15, 10, 25, 5, 20], [0, 6, 17, 19, 31, 21, 13, 26], [0, 12, 1, 7, 16, 30], [0, 14, 24, 27], [0, 3, 2, 23, 28, 4, 11, 8, 18]]


#################

init = 907.445
res = 807.949
gap = -940.165

solution = [[0, 29, 22, 9, 15, 10, 25, 5, 20], [0, 13, 21, 31, 19, 17, 6], [0, 30, 16, 12, 1, 7, 26], [0, 3, 2, 23, 28, 4, 11, 8, 18], [0, 27, 24, 14]]


#################

init = 907.445
res = 791.57
gap = -961.688

solution = [[0, 18, 8, 9, 22, 15, 29, 10, 25, 5, 20], [0, 12, 1, 16, 30], [0, 6, 3, 2, 23, 4, 11, 28], [0, 14, 24, 27], [0, 21, 31, 19, 17, 13, 7, 26]]


#################

init = 907.445
res = 791.57
gap = -961.688

solution = [[0, 18, 8, 9, 22, 15, 29, 10, 25, 5, 20], [0, 30, 16, 1, 12], [0, 6, 3, 2, 23, 4, 11, 28], [0, 14, 24, 27], [0, 21, 31, 19, 17, 13, 7, 26]]


#################

init = 965.559
res = 817.773
gap = -927.668

solution = [[0, 26, 7, 13, 21, 31, 19, 17], [0, 30, 16, 1, 12], [0, 28, 4, 11, 8, 9, 22, 15, 29], [0, 20, 5, 25, 10, 18, 23, 2, 3, 6], [0, 27, 24, 14]]


#################

init = 965.559
res = 787.082
gap = -967.742

solution = [[0, 24, 27], [0, 6, 3, 2, 23, 4, 11, 28, 14], [0, 20, 5, 25, 10, 29, 15, 22, 9, 8, 18], [0, 30, 16, 1, 12], [0, 21, 31, 19, 17, 13, 7, 26]]
Aretes fixées après apprentissage pour cette exécution
Fixed edges = [[0, 21, 31, 0], [0, 17, 19, 0], [0, 15, 10, 25, 5, 20, 0], [0, 9, 22, 0], [0, 11, 4, 28, 0], [0, 7, 13, 0], [0, 1, 0], [0, 2, 0], [0, 3, 0], [0, 6, 0], [0, 8, 0], [0, 12, 0], [0, 14, 0], [0, 16, 0], [0, 18, 0], [0, 23, 0], [0, 24, 0], [0, 26, 0], [0, 27, 0], [0, 29, 0], [0, 30, 0]]
Time = 0.2869260311126709
