Aretes fixées après apprentissage pour cette exécution (4 gen de 500, mode 10% quantité)
Fixed edges = [[0, 6, 3, 2, 23, 24, 0], [0, 9, 22, 27, 0], [0, 21, 31, 19, 17, 13, 7, 26, 0], [0, 12, 1, 16, 0], [0, 20, 5, 25, 10, 15, 29, 0], [0, 28, 4, 11, 0], [0, 8, 0], [0, 14, 0], [0, 18, 0], [0, 30, 0]]


#################
lambda = 0.1
mu = 0.1
nu = 0.1

init = 852.896
res = 791.57
gap = 0.451

solution = [[0, 21, 31, 19, 17, 13, 7, 26], [0, 20, 5, 25, 10, 29, 15, 22, 9, 8, 18], [0, 12, 1, 16, 30], [0, 28, 11, 4, 23, 2, 3, 6], [0, 14, 24, 27]]


#################
lambda = 0.1
mu = 1.0
nu = 0.1

init = 851.543
res = 793.101
gap = 0.643

solution = [[0, 21, 31, 19, 17, 13, 7, 26], [0, 12, 1, 16, 30], [0, 27, 24, 14], [0, 20, 5, 25, 10, 29, 15, 22, 9, 8, 18], [0, 6, 3, 2, 23, 28, 4, 11]]


#################
lambda = 0.1
mu = 1.1
nu = 0.1

init = 964.146
res = 797.378
gap = 1.176

solution = [[0, 26, 7, 13, 21, 31, 19, 17], [0, 27, 24, 14], [0, 30, 16, 1, 12], [0, 20, 5, 25, 10, 29, 15, 22, 9, 8, 18], [0, 6, 3, 2, 23, 28, 4, 11]]


#################
lambda = 0.1
mu = 1.1
nu = 0.8

init = 969.591
res = 810.708
gap = 2.801

solution = [[0, 21, 31, 19, 17, 13, 7, 26], [0, 20, 5, 25, 10, 15, 18, 28, 6], [0, 3, 2, 23, 4, 11, 8, 9, 22, 29], [0, 27, 24, 14], [0, 12, 1, 16, 30]]


#################
lambda = 0.1
mu = 1.2000000000000002
nu = 0.1

init = 978.173
res = 793.101
gap = 0.643

solution = [[0, 21, 31, 19, 17, 13, 7, 26], [0, 12, 1, 16, 30], [0, 27, 24, 14], [0, 20, 5, 25, 10, 29, 15, 22, 9, 8, 18], [0, 6, 3, 2, 23, 28, 4, 11]]


#################
lambda = 0.1
mu = 1.8
nu = 0.5

init = 1005.492
res = 793.101
gap = 0.643

solution = [[0, 21, 31, 19, 17, 13, 7, 26], [0, 27, 24, 14], [0, 30, 16, 1, 12], [0, 20, 5, 25, 10, 29, 15, 22, 9, 8, 18], [0, 6, 3, 2, 23, 28, 4, 11]]


#################
lambda = 0.30000000000000004
mu = 1.4000000000000001
nu = 1.8

init = 982.038
res = 791.57
gap = 0.451

solution = [[0, 21, 31, 19, 17, 13, 7, 26], [0, 12, 1, 16, 30], [0, 28, 11, 4, 23, 2, 3, 6], [0, 27, 24, 14], [0, 20, 5, 25, 10, 29, 15, 22, 9, 8, 18]]


#################
lambda = 0.4
mu = 0.1
nu = 1.7000000000000002

init = 837.897
res = 791.57
gap = 0.451

solution = [[0, 28, 11, 4, 23, 2, 3, 6], [0, 20, 5, 25, 10, 29, 15, 22, 9, 8, 18], [0, 27, 24, 14], [0, 21, 31, 19, 17, 13, 7, 26], [0, 12, 1, 16, 30]]


#################
lambda = 0.4
mu = 1.3
nu = 0.1

init = 875.941
res = 793.101
gap = 0.643

solution = [[0, 21, 31, 19, 17, 13, 7, 26], [0, 12, 1, 16, 30], [0, 27, 24, 14], [0, 20, 5, 25, 10, 29, 15, 22, 9, 8, 18], [0, 6, 3, 2, 23, 28, 4, 11]]


#################
lambda = 0.8
mu = 0.8
nu = 0.1

init = 836.544
res = 793.101
gap = 0.643

solution = [[0, 21, 31, 19, 17, 13, 7, 26], [0, 12, 1, 16, 30], [0, 27, 24, 14], [0, 20, 5, 25, 10, 29, 15, 22, 9, 8, 18], [0, 6, 3, 2, 23, 28, 4, 11]]


#################
lambda = 1.0
mu = 0.1
nu = 0.1

init = 833.198
res = 791.57
gap = 0.451

solution = [[0, 21, 31, 19, 17, 13, 7, 26], [0, 20, 5, 25, 10, 29, 15, 22, 9, 8, 18], [0, 12, 1, 16, 30], [0, 28, 11, 4, 23, 2, 3, 6], [0, 14, 24, 27]]


#################
lambda = 1.2000000000000002
mu = 0.1
nu = 0.1

init = 831.926
res = 793.101
gap = 0.643

solution = [[0, 21, 31, 19, 17, 13, 7, 26], [0, 12, 1, 16, 30], [0, 27, 24, 14], [0, 20, 5, 25, 10, 29, 15, 22, 9, 8, 18], [0, 6, 3, 2, 23, 28, 4, 11]]


#################
lambda = 1.2000000000000002
mu = 1.9000000000000001
nu = 0.1

init = 860.943
res = 793.101
gap = 0.643

solution = [[0, 21, 31, 19, 17, 13, 7, 26], [0, 12, 1, 16, 30], [0, 27, 24, 14], [0, 20, 5, 25, 10, 29, 15, 22, 9, 8, 18], [0, 6, 3, 2, 23, 28, 4, 11]]


#################
lambda = 1.5
mu = 0.4
nu = 0.1

init = 831.845
res = 793.101
gap = 0.643

solution = [[0, 21, 31, 19, 17, 13, 7, 26], [0, 12, 1, 16, 30], [0, 27, 24, 14], [0, 20, 5, 25, 10, 29, 15, 22, 9, 8, 18], [0, 6, 3, 2, 23, 28, 4, 11]]

-------------------------
tps d'execution = 273,5 s
-------------------------


Aretes fixées après apprentissage pour cette exécution
Fixed edges = [[0, 6, 3, 2, 23, 24, 0], [0, 21, 31, 19, 17, 13, 7, 26, 0], [0, 9, 22, 27, 0], [0, 12, 1, 16, 0], [0, 28, 4, 11, 0], [0, 29, 15, 10, 25, 5, 20, 0], [0, 8, 18, 0], [0, 14, 0], [0, 30, 0]]


#################
lambda = 0.1
mu = 0.1
nu = 0.1

init = 852.896
res = 791.57
gap = 0.451

solution = [[0, 21, 31, 19, 17, 13, 7, 26], [0, 20, 5, 25, 10, 29, 15, 22, 9, 8, 18], [0, 12, 1, 16, 30], [0, 28, 11, 4, 23, 2, 3, 6], [0, 14, 24, 27]]


#################
lambda = 0.1
mu = 0.6000000000000001
nu = 0.1

init = 853.543
res = 810.761
gap = 2.807

solution = [[0, 21, 31, 19, 17, 13, 6], [0, 30, 26, 16, 7, 1, 12], [0, 27, 24, 14], [0, 29, 22, 9, 15, 10, 25, 5, 20], [0, 3, 2, 23, 28, 4, 11, 8, 18]]


#################
lambda = 0.1
mu = 1.1
nu = 0.1

init = 964.146
res = 793.101
gap = 0.643

solution = [[0, 21, 31, 19, 17, 13, 7, 26], [0, 12, 1, 16, 30], [0, 27, 24, 14], [0, 20, 5, 25, 10, 29, 15, 22, 9, 8, 18], [0, 6, 3, 2, 23, 28, 4, 11]]


#################
lambda = 0.1
mu = 1.2000000000000002
nu = 0.1

init = 978.173
res = 797.378
gap = 1.176

solution = [[0, 26, 7, 13, 21, 31, 19, 17], [0, 20, 5, 25, 10, 29, 15, 22, 9, 8, 18], [0, 6, 3, 2, 23, 28, 4, 11], [0, 27, 24, 14], [0, 12, 1, 16, 30]]


#################
lambda = 0.1
mu = 1.8
nu = 0.5

init = 999.06
res = 791.57
gap = 0.451

solution = [[0, 20, 5, 25, 10, 29, 15, 22, 9, 8, 18], [0, 21, 31, 19, 17, 13, 7, 26], [0, 12, 1, 16, 30], [0, 27, 24, 14], [0, 28, 11, 4, 23, 2, 3, 6]]


#################
lambda = 0.4
mu = 0.1
nu = 1.7000000000000002

init = 838.544
res = 791.57
gap = 0.451

solution = [[0, 21, 31, 19, 17, 13, 7, 26], [0, 18, 8, 9, 22, 15, 29, 10, 25, 5, 20], [0, 6, 3, 2, 23, 4, 11, 28], [0, 27, 24, 14], [0, 12, 1, 16, 30]]


#################
lambda = 0.4
mu = 1.3
nu = 0.1

init = 875.941
res = 793.101
gap = 0.643

solution = [[0, 21, 31, 19, 17, 13, 7, 26], [0, 12, 1, 16, 30], [0, 27, 24, 14], [0, 20, 5, 25, 10, 29, 15, 22, 9, 8, 18], [0, 6, 3, 2, 23, 28, 4, 11]]


#################
lambda = 1.0
mu = 0.1
nu = 0.1

init = 833.845
res = 822.168
gap = 4.156

solution = [[0, 21, 31, 19, 17, 13, 7, 26], [0, 14, 24, 27], [0, 12, 1, 16, 30], [0, 28, 4, 11, 18, 10, 25, 5, 20], [0, 6, 3, 2, 23, 8, 9, 22, 15, 29]]


#################
lambda = 1.2000000000000002
mu = 0.1
nu = 0.1

init = 845.727
res = 793.101
gap = 0.643

solution = [[0, 21, 31, 19, 17, 13, 7, 26], [0, 12, 1, 16, 30], [0, 27, 24, 14], [0, 20, 5, 25, 10, 29, 15, 22, 9, 8, 18], [0, 6, 3, 2, 23, 28, 4, 11]]


#################
lambda = 1.2000000000000002
mu = 1.9000000000000001
nu = 0.1

init = 860.943
res = 791.57
gap = 0.451

solution = [[0, 21, 31, 19, 17, 13, 7, 26], [0, 28, 11, 4, 23, 2, 3, 6], [0, 12, 1, 16, 30], [0, 27, 24, 14], [0, 20, 5, 25, 10, 29, 15, 22, 9, 8, 18]]

-------------------------
tps d'execution = 305,8 s
-------------------------
