Les points utlisés sont entiers au lieu d'être flottants

Aretes fixées après apprentissage pour cette exécution
Fixed edges = [[0, 232, 233, 234, 235, 236, 237, 238, 239, 199, 200, 0], [0, 184, 224, 225, 226, 227, 0], [0, 218, 219, 220, 221, 222, 223, 0], [0, 167, 168, 208, 209, 210, 211, 212, 213, 214, 215, 0], [0, 164, 204, 205, 206, 207, 0], [0, 161, 201, 202, 203, 163, 162, 0], [0, 136, 137, 138, 0], [0, 83, 84, 85, 86, 87, 88, 89, 90, 91, 0], [0, 30, 31, 32, 33, 34, 35, 36, 37, 38, 39, 0], [0, 40, 1, 2, 3, 4, 5, 6, 7, 8, 9, 10, 11, 12, 13, 14, 15, 16, 17, 18, 19, 20, 0], [0, 216, 217, 0], [0, 165, 166, 0], [0, 143, 144, 145, 0], [0, 123, 124, 125, 126, 127, 128, 129, 0], [0, 108, 109, 0], [0, 78, 79, 80, 41, 42, 43, 0], [0, 46, 47, 48, 49, 50, 51, 0], [0, 21, 22, 23, 24, 25, 26, 27, 28, 29, 0], [0, 187, 188, 228, 229, 230, 231, 0], [0, 181, 182, 0], [0, 170, 171, 172, 173, 0], [0, 156, 157, 0], [0, 146, 147, 148, 149, 150, 0], [0, 130, 131, 132, 133, 134, 0], [0, 121, 160, 159, 158, 0], [0, 101, 102, 0], [0, 96, 97, 98, 99, 100, 0], [0, 65, 66, 67, 68, 69, 70, 71, 72, 73, 74, 75, 76, 77, 0], [0, 52, 53, 54, 55, 0], [0, 190, 191, 192, 193, 0], [0, 185, 186, 0], [0, 151, 152, 153, 154, 155, 0], [0, 140, 141, 142, 0], [0, 112, 113, 114, 0], [0, 103, 104, 105, 0], [0, 92, 93, 94, 95, 0], [0, 63, 64, 0], [0, 60, 61, 62, 0], [0, 56, 57, 0], [0, 195, 196, 0], [0, 119, 120, 81, 0], [0, 110, 111, 0], [0, 116, 117, 118, 0], [0, 175, 176, 0], [0, 197, 198, 0], [0, 106, 107, 0], [0, 178, 179, 180, 0], [0, 168, 169, 0], [0, 44, 45, 0], [0, 58, 0], [0, 59, 0], [0, 82, 0], [0, 115, 0], [0, 122, 0], [0, 135, 0], [0, 139, 0], [0, 174, 0], [0, 177, 0], [0, 183, 0], [0, 189, 0], [0, 194, 0], [0, 240, 0]]
Time = 263.3667211532593


#################

init = 6510.339
res = 5754.045
gap = 2.277

solution = [[0, 40, 1, 2, 3, 4, 5, 6, 7, 8, 9, 10, 11, 12, 13, 14, 15, 16, 18, 19, 20, 21, 22, 23, 24, 25, 26, 27], [0, 90, 89, 88, 87, 86, 85, 84, 83, 43, 42, 41, 80, 79, 78, 77, 76, 75, 74, 73, 113, 114, 115, 116, 117, 118, 119], [0, 140, 141, 142, 143, 183, 182, 181, 180, 179, 219, 220, 221, 222, 223, 224, 225, 226, 227, 228, 229, 189, 149, 148, 147, 146, 106, 68], [0, 64, 65, 66, 67, 107, 108, 109, 110, 111, 71, 70, 69, 29, 28], [0, 39, 38, 37, 36, 35, 34, 33, 32, 31, 30], [0, 94, 93, 92, 132, 133, 134, 214, 213, 212, 211, 210, 209, 208, 207, 206, 205, 204, 164, 123, 124, 125, 126, 127, 128, 129, 130, 131, 91], [0, 120, 81, 82, 122, 121, 160, 200, 161, 162, 163, 203, 202, 201, 240, 239, 238, 237, 196, 195, 194, 193, 192, 191, 150, 151, 152, 112, 72], [0, 153, 154, 155, 156, 157, 158, 159, 199, 198, 197, 236, 235, 234, 233, 232, 231, 230, 190, 188, 187, 186, 185, 184, 144, 145, 105, 104], [0, 44, 45, 46, 47, 48, 49, 50, 51, 52, 53, 54, 55, 56, 97, 98, 99, 100, 101, 102, 103, 63, 62, 61, 60, 59, 58], [0, 165, 166, 167, 168, 168, 169, 170, 171, 172, 173, 174, 175, 215, 216, 176, 177, 217, 218, 178, 139, 138, 137, 136, 135, 95, 96, 57, 17]]


#################

init = 6308.277
res = 5731.157
gap = 1.887

solution = [[0, 35, 36, 117, 156, 155, 195, 235, 234, 233, 232, 231, 230, 229, 228, 227, 187, 188, 189, 149, 148, 147, 107, 68, 69, 70, 71, 72, 73, 33], [0, 37, 38, 39, 40, 1, 2, 3, 4, 5, 6, 44, 43, 42, 82, 83, 123, 122, 121, 120, 78, 77, 76, 75, 74, 34], [0, 23, 24, 25, 65, 64, 104, 103, 102, 142, 141, 140, 139, 138, 98, 99, 59, 60, 61, 62, 63, 22, 21, 20, 19, 18, 17], [0, 58, 100, 101, 143, 183, 182, 181, 180, 179, 219, 220, 221, 222, 223, 224, 225, 226, 186, 185, 184, 144, 145, 146, 106, 105, 66, 26], [0, 32, 31, 30, 29, 28, 27, 67, 108, 109, 110, 111, 112, 113, 114, 115, 116, 157, 197, 198, 199, 159, 158, 118, 119, 79], [0, 154, 153, 152, 151, 150, 190, 191, 192, 193, 194, 196, 236, 237, 238, 239, 240, 201, 202, 203, 163, 162, 161, 200, 160, 81, 41, 80], [0, 7, 48, 49, 50, 90, 89, 88, 87, 127, 128, 129, 130, 131, 132, 133, 92, 91, 51, 52, 11, 12, 13, 14, 15], [0, 57, 97, 137, 177, 178, 218, 217, 216, 176, 175, 215, 214, 213, 212, 211, 169, 168, 168, 167, 166, 165, 125, 126, 86, 46, 47, 8, 9, 10], [0, 16, 56, 55, 54, 53, 93, 94, 95, 96, 136, 135, 134, 174, 173, 172, 171, 170, 210, 209, 208, 207, 206, 205, 204, 164, 124, 84, 85, 45]]


#################

init = 6075.425
res = 5696.114
gap = 1.284

solution = [[0, 29, 28, 27, 26, 25, 24, 23, 22, 21, 20, 62, 63, 103, 102, 101, 100, 61, 60, 59, 58, 57, 19, 18, 17, 16, 15, 14], [0, 66, 65, 64, 104, 144, 184, 185, 186, 187, 188, 189, 229, 228, 227, 226, 225, 224, 223, 222, 221, 220, 219, 179, 180, 181, 182, 183, 143, 142], [0, 112, 152, 192, 231, 232, 233, 234, 235, 236, 237, 238, 239, 240, 201, 202, 203, 163, 162, 161, 200, 199, 198, 197, 196, 195, 194, 193, 153, 113], [0, 55, 56, 96, 97, 98, 99, 141, 140, 139, 138, 137, 177, 178, 218, 217, 216, 215, 175, 176, 136, 135, 134, 133, 93, 94, 95, 54], [0, 67, 68, 108, 107, 106, 105, 145, 146, 147, 148, 149, 150, 190, 230, 191, 151, 111, 110, 109, 69, 70, 71, 72, 73, 33], [0, 80, 79, 78, 118, 119, 120, 81, 121, 160, 159, 158, 157, 156, 155, 154, 114, 115, 116, 117, 77, 76, 75, 74], [0, 13, 53, 52, 92, 91, 131, 132, 172, 173, 174, 214, 213, 212, 211, 171, 170, 210, 209, 208, 207, 166, 126, 127, 128, 89, 50, 51], [0, 4, 3, 42, 41, 82, 122, 123, 124, 125, 165, 164, 204, 205, 206, 167, 168, 168, 169, 129, 130, 90, 48, 47, 46, 45, 44, 5, 6, 7], [0, 12, 11, 10, 9, 8, 49, 88, 87, 86, 85, 84, 83, 43, 2, 1, 40, 39, 38, 37, 36, 35, 34, 32, 31, 30]]


#################

init = 6059.582
res = 5684.32
gap = 1.079

solution = [[0, 33, 73, 113, 153, 154, 194, 195, 196, 236, 235, 234, 233, 232, 231, 230, 229, 189, 190, 191, 192, 193, 152, 151, 150, 110, 111, 112, 72], [0, 78, 118, 119, 159, 199, 200, 161, 162, 163, 204, 203, 202, 201, 240, 239, 238, 237, 197, 198, 158, 157, 156, 155, 116, 117, 77, 76], [0, 30, 31, 32, 74, 75, 115, 114, 71, 70, 69, 68, 26, 25, 24, 23, 22, 21, 20, 19, 17, 16, 15, 14, 13, 12], [0, 54, 55, 56, 96, 95, 94, 93, 133, 134, 135, 136, 176, 175, 215, 216, 217, 218, 178, 177, 137, 138, 139, 99, 98, 97, 57], [0, 53, 52, 92, 132, 131, 171, 172, 173, 174, 214, 213, 212, 211, 210, 209, 208, 168, 168, 169, 170, 130, 90, 91, 51, 50, 49, 48, 47], [0, 40, 1, 2, 3, 44, 84, 85, 125, 124, 123, 164, 165, 205, 206, 207, 167, 166, 126, 127, 128, 129, 89, 88, 87, 86, 46, 45], [0, 11, 10, 9, 8, 7, 6, 5, 4, 42, 43, 83, 82, 122, 121, 160, 120, 81, 41, 80, 79, 39, 38, 37, 36, 35, 34], [0, 65, 64, 63, 62, 61, 101, 102, 103, 104, 144, 143, 182, 181, 180, 179, 219, 220, 221, 222, 223, 224, 225, 226, 227, 228, 188, 148, 149, 109, 108], [0, 18, 58, 59, 60, 100, 140, 141, 142, 183, 184, 185, 186, 187, 147, 146, 145, 105, 106, 107, 67, 66, 27, 28, 29]]


#################

init = 6327.465
res = 5664.29
gap = 0.729

solution = [[0, 39, 38, 37, 36, 35, 34, 33, 32, 31, 30, 28, 27, 26, 25, 24, 23, 22, 21, 20, 60, 61, 62, 63, 64, 65, 66, 67], [0, 155, 154, 153, 152, 151, 191, 232, 233, 234, 235, 236, 237, 197, 198, 238, 239, 240, 201, 202, 203, 204, 205, 206, 207, 208, 209, 169, 168, 168], [0, 6, 45, 44, 43, 83, 84, 85, 126, 125, 124, 123, 122, 121, 160, 159, 199, 200, 161, 162, 163, 164, 165, 166, 167, 127, 128, 129, 89, 88], [0, 58, 57, 56, 55, 54, 53, 52, 92, 93, 94, 95, 136, 176, 175, 215, 216, 217, 218, 178, 177, 137, 138, 139, 99, 98, 59], [0, 19, 18, 17, 16, 15, 14, 13, 12, 11, 10, 9, 8, 47, 87, 86, 46, 5, 4, 3, 2, 1, 40], [0, 97, 96, 135, 134, 174, 214, 213, 212, 211, 210, 170, 171, 172, 173, 133, 132, 131, 130, 90, 91, 51, 50, 49, 48, 7], [0, 105, 104, 103, 102, 101, 100, 140, 141, 142, 182, 181, 180, 179, 219, 220, 221, 222, 223, 224, 184, 183, 143, 144, 145, 146, 106, 107, 68], [0, 158, 157, 156, 196, 195, 194, 193, 192, 231, 230, 229, 228, 227, 226, 225, 185, 186, 187, 188, 189, 190, 150, 149, 148, 147, 108, 109, 69, 29], [0, 71, 72, 73, 74, 75, 76, 77, 78, 79, 80, 41, 42, 82, 81, 120, 119, 118, 117, 116, 115, 114, 113, 112, 111, 110, 70]]


#################

init = 6295.974
res = 5685.045
gap = 1.091

solution = [[0, 60, 59, 58, 98, 99, 100, 140, 139, 138, 137, 177, 178, 218, 217, 216, 215, 175, 176, 135, 136, 97, 96, 95, 94, 54, 13], [0, 141, 181, 180, 179, 219, 220, 221, 222, 223, 224, 225, 226, 227, 228, 229, 230, 231, 232, 233, 234, 193, 192, 191, 190, 189, 149, 150, 111, 112], [0, 63, 62, 61, 101, 102, 103, 143, 142, 182, 183, 184, 185, 186, 187, 188, 148, 147, 146, 145, 144, 104, 105, 106, 66, 65, 64, 24], [0, 92, 93, 133, 134, 174, 214, 213, 173, 172, 212, 211, 171, 170, 210, 209, 208, 207, 167, 168, 168, 169, 129, 130, 131, 132, 91, 90, 89, 48], [0, 14, 15, 16, 17, 18, 19, 20, 21, 22, 23, 67, 68, 107, 108, 109, 110, 151, 152, 153, 113, 114, 74, 73, 72, 71, 70, 69], [0, 38, 37, 76, 117, 118, 119, 120, 160, 159, 158, 157, 196, 197, 198, 238, 237, 236, 235, 195, 194, 154, 155, 156, 116, 115, 75, 36], [0, 39, 40, 1, 2, 3, 43, 42, 41, 80, 79, 78, 77, 35, 34, 33, 32, 31, 30, 29, 28, 27, 26, 25], [0, 12, 11, 10, 9, 8, 7, 6, 5, 4, 44, 45, 46, 47, 87, 86, 126, 127, 128, 88, 49, 50, 51, 52, 53, 55, 56, 57], [0, 84, 83, 82, 81, 121, 122, 162, 161, 200, 199, 239, 240, 201, 202, 203, 204, 205, 206, 166, 165, 164, 163, 123, 124, 125, 85]]


#################

init = 6043.417
res = 5619.376
gap = -0.064

solution = [[0, 54, 55, 56, 57, 58, 98, 97, 96, 95, 135, 136, 176, 175, 174, 214, 215, 216, 217, 218, 178, 177, 137, 138, 139, 99], [0, 7, 6, 5, 4, 3, 2, 80, 41, 81, 82, 83, 123, 122, 121, 160, 159, 158, 157, 156, 116, 117, 118, 119, 120, 79, 78, 77], [0, 52, 92, 91, 90, 89, 88, 128, 129, 169, 168, 168, 167, 207, 208, 209, 210, 211, 212, 213, 173, 172, 171, 170, 130, 131, 132, 133, 134, 94, 93, 53], [0, 14, 13, 12, 11, 10, 9, 8, 51, 50, 49, 48, 47, 46, 86, 85, 44, 43, 42, 1, 40, 39, 38], [0, 45, 84, 124, 125, 165, 164, 163, 162, 161, 200, 199, 198, 197, 237, 238, 239, 240, 201, 202, 203, 204, 205, 206, 166, 126, 127, 87], [0, 182, 181, 180, 179, 219, 220, 221, 222, 223, 224, 225, 226, 227, 228, 229, 230, 231, 232, 233, 234, 235, 236, 196, 195, 155, 115, 76], [0, 64, 63, 103, 104, 144, 145, 146, 147, 148, 188, 187, 186, 185, 184, 183, 143, 142, 141, 140, 100, 101, 102, 62, 61, 60, 59, 17, 16, 15], [0, 34, 33, 73, 72, 71, 111, 112, 152, 151, 150, 149, 189, 190, 191, 192, 193, 194, 154, 153, 113, 114, 74, 75, 35, 36, 37], [0, 32, 31, 30, 29, 28, 27, 67, 68, 69, 70, 110, 109, 108, 107, 106, 105, 65, 66, 26, 25, 24, 23, 22, 21, 20, 19, 18]]


#################

init = 5959.992
res = 5602.423
gap = -0.367

solution = [[0, 57, 56, 55, 96, 97, 98, 99, 139, 138, 137, 177, 178, 218, 217, 216, 215, 175, 176, 136, 135, 134, 94, 95, 54, 53, 52, 12], [0, 35, 75, 115, 114, 113, 112, 111, 151, 152, 153, 154, 155, 195, 194, 234, 235, 236, 237, 238, 198, 197, 196, 156, 157, 158], [0, 34, 33, 32, 31, 30, 29, 28, 27, 67, 68, 69, 70, 71, 72, 73, 74, 36, 37, 38, 39, 40, 1, 2], [0, 46, 45, 44, 43, 42, 41, 80, 79, 78, 77, 76, 116, 117, 118, 119, 120, 81, 82, 83, 84, 85, 86, 87, 49, 50, 51, 11], [0, 24, 25, 26, 66, 65, 64, 63, 62, 61, 60, 59, 58, 19, 18, 17, 16, 15, 14, 13, 10, 9, 8, 7, 6, 5, 4, 3], [0, 159, 160, 121, 122, 123, 124, 125, 166, 165, 164, 163, 162, 161, 200, 199, 239, 240, 201, 202, 203, 204, 205, 206, 207, 167, 126], [0, 48, 89, 90, 91, 92, 93, 133, 173, 174, 214, 213, 212, 211, 210, 209, 208, 168, 168, 169, 170, 171, 172, 132, 131, 130, 129, 128, 127, 88, 47], [0, 101, 100, 140, 180, 179, 219, 220, 221, 222, 223, 224, 225, 226, 227, 228, 229, 230, 231, 232, 233, 193, 192, 191, 190, 150, 110, 109, 108, 107], [0, 20, 21, 22, 23, 102, 142, 141, 181, 182, 183, 184, 185, 186, 187, 188, 189, 149, 148, 147, 146, 145, 144, 143, 103, 104, 105, 106]]


#################

init = 6031.002
res = 5683.865
gap = 1.071

solution = [[0, 46, 45, 84, 83, 82, 81, 122, 123, 124, 125, 164, 204, 203, 163, 162, 202, 201, 240, 239, 238, 199, 200, 161, 121, 160, 120, 80, 41, 42], [0, 54, 55, 56, 57, 97, 96, 95, 135, 136, 176, 175, 215, 216, 217, 218, 178, 177, 137, 138, 139, 140, 100, 99, 98, 58, 17], [0, 49, 50, 51, 91, 90, 89, 88, 128, 168, 168, 169, 130, 131, 132, 133, 173, 172, 171, 211, 212, 213, 214, 174, 134, 94, 93, 92, 52, 53], [0, 2, 43, 44, 85, 86, 126, 127, 167, 166, 165, 205, 206, 207, 208, 209, 210, 170, 129, 87, 47, 48, 7, 8, 9, 10], [0, 11, 12, 13, 14, 15, 16, 18, 19, 20, 21, 22, 23, 24, 25, 27, 28, 29, 31, 32, 33, 37, 38, 39, 40, 1, 3, 4, 5, 6], [0, 26, 66, 67, 108, 109, 149, 189, 190, 191, 192, 193, 194, 195, 155, 154, 153, 152, 151, 150, 110, 70], [0, 30, 69, 68, 107, 106, 105, 144, 145, 146, 147, 148, 188, 187, 186, 185, 184, 183, 142, 141, 101, 102, 103, 63, 62, 61, 60, 59], [0, 65, 64, 104, 143, 182, 181, 180, 179, 219, 220, 221, 222, 223, 224, 225, 226, 227, 228, 229, 230, 231, 232, 233, 234, 235, 236, 237, 196, 156, 117, 77], [0, 34, 35, 36, 76, 75, 74, 73, 72, 71, 111, 112, 113, 114, 115, 116, 157, 197, 198, 158, 159, 119, 118, 78, 79]]


#################

init = 6051.296
res = 5669.517
gap = 0.82

solution = [[0, 58, 98, 99, 139, 138, 137, 177, 178, 218, 217, 216, 215, 175, 176, 136, 135, 134, 94, 95, 96, 97, 57, 56, 55, 54], [0, 182, 181, 180, 179, 219, 220, 221, 222, 223, 224, 225, 226, 227, 228, 229, 230, 231, 232, 233, 234, 235, 236, 237, 197, 156, 116, 117, 77, 76, 75], [0, 10, 49, 50, 51, 52, 91, 90, 89, 129, 169, 209, 210, 211, 212, 213, 214, 174, 173, 172, 171, 170, 130, 131, 132, 133, 93, 92, 53], [0, 5, 6, 7, 8, 48, 47, 46, 87, 88, 128, 127, 167, 168, 168, 208, 207, 206, 205, 165, 166, 126, 125, 85, 86, 45, 44, 3, 4], [0, 59, 60, 61, 62, 63, 64, 65, 105, 104, 103, 102, 101, 100, 140, 141, 142, 143, 144, 145, 146, 147, 148, 149, 189, 188, 187, 186, 185, 184, 183], [0, 43, 83, 84, 124, 123, 163, 164, 204, 203, 202, 201, 240, 239, 238, 198, 199, 200, 161, 162, 122, 82, 42, 2], [0, 29, 28, 27, 26, 25, 24, 23, 22, 21, 20, 19, 18, 17, 16, 15, 14, 13, 12, 11, 9, 1, 40, 39, 38, 37, 36, 35, 34, 33], [0, 31, 71, 111, 151, 152, 192, 191, 190, 150, 110, 109, 108, 107, 106, 66, 67, 68, 69, 70, 30], [0, 41, 80, 79, 78, 118, 119, 120, 81, 121, 160, 159, 158, 157, 196, 195, 194, 193, 153, 154, 155, 115, 114, 113, 112, 72, 73, 74, 32]]

execution : 3600 s
