Base : 0
[[(1.6, 1.7, 1.0)], [(1.2, 1.2, 0.9)], [(1.9, 1.6, 1.9)], [(1.9, 1.3, 1.9)], [(1.0, 0.4, 0.2)], [(1.2, 1.2, 0.2)], [(1.2, 1.1, 1.4)], [(1.2, 1.2, 0.4)], [(1.5, 0.2, 1.8)], [(0.9, 0.2, 1.4)], [(1.6, 0.8, 1.7)], [(1.2, 0.7, 0.8)], [(1.3, 0.3, 0.2)], [(1.7, 1.6, 0.4)], [(1.4, 1.6, 1.4)], [(1.8, 0.9, 1.9)], [(0.9, 0.4, 0.1)], [(1.5, 0.1, 0.9)], [(1.5, 0.7, 1.4)], [(1.9, 1.2, 1.0)], [(1.2, 0.5, 1.9)], [(1.2, 1.5, 0.9)], [(1.3, 0.7, 1.5)], [(1.7, 0.4, 0.5)], [(0.7, 1.0, 0.1)], [(1.7, 0.2, 1.4)], [(1.1, 1.1, 1.0)], [(1.1, 1.0, 0.3)], [(0.7, 1.0, 0.8)], [(1.4, 1.0, 1.3)], [(1.0, 0.8, 0.9)], [(1.5, 1.5, 0.6)], [(1.5, 1.3, 0.4)], [(1.3, 1.3, 2.0)], [(1.1, 0.9, 1.9)], [(0.4, 0.4, 1.1)], [(0.8, 0.3, 1.4)], [(0.5, 1.1, 0.6)], [(0.4, 0.2, 0.2)], [(0.9, 0.8, 0.2)], [(0.6, 0.9, 0.1)], [(0.6, 1.2, 0.6)], [(0.8, 1.5, 1.9)], [(0.7, 1.3, 0.9)], [(0.9, 0.8, 1.6)], [(0.4, 1.4, 1.7)], [(0.8, 2.0, 1.1)], [(0.8, 2.0, 2.0)], [(0.4, 1.8, 1.3)], [(0.1, 1.5, 1.4)]]
Base : 1
[[(1.7, 0.7, 0.4)], [(1.2, 1.4, 0.3)], [(1.8, 1.7, 0.5)], [(1.0, 1.1, 1.6)], [(1.6, 0.2, 0.3)], [(2.0, 0.8, 1.6)], [(1.9, 1.3, 0.5)], [(1.8, 1.9, 0.7)], [(1.6, 0.6, 1.7)], [(1.7, 1.9, 1.9)], [(1.6, 0.2, 1.3)], [(1.5, 1.1, 1.2)], [(1.3, 0.8, 1.2)], [(1.3, 0.8, 1.6)], [(1.8, 0.4, 0.9)], [(1.2, 1.2, 0.1)], [(1.0, 1.2, 1.1)], [(1.6, 0.4, 1.6)], [(0.6, 1.0, 0.4)], [(1.4, 1.8, 1.0)], [(1.4, 1.9, 0.4)], [(1.3, 1.6, 0.6)], [(1.2, 1.6, 0.8)], [(1.1, 0.5, 1.6)], [(0.6, 0.2, 1.3)], [(0.8, 0.9, 1.6)], [(0.6, 0.1, 1.1)], [(0.5, 0.1, 0.3)], [(1.4, 2.0, 0.3)], [(0.6, 0.4, 1.2)], [(1.8, 0.2, 1.8)], [(0.5, 0.3, 1.1)], [(1.0, 1.8, 1.7)], [(2.0, 0.3, 0.8)], [(0.3, 0.2, 0.8)], [(0.3, 1.1, 0.9)], [(0.5, 1.0, 1.5)], [(0.2, 0.8, 0.6)], [(0.4, 1.1, 1.7)], [(0.3, 1.2, 0.8)], [(0.2, 0.3, 1.9)], [(0.8, 1.9, 1.4)], [(0.1, 0.3, 1.2)], [(0.7, 1.7, 0.1)], [(0.6, 1.6, 0.8)], [(0.6, 1.9, 1.2)], [(0.3, 1.7, 1.1)], [(0.5, 1.9, 0.3)], [(0.5, 2.0, 1.0)], [(0.1, 1.8, 1.4)]]
Base : 2
[[(1.8, 0.7, 0.4)], [(1.2, 1.4, 0.4)], [(1.1, 1.4, 0.5)], [(2.0, 1.3, 1.9)], [(1.1, 1.2, 0.4)], [(2.0, 1.0, 1.9)], [(1.1, 0.1, 0.2)], [(1.7, 1.8, 1.8)], [(1.0, 0.2, 2.0)], [(1.5, 0.6, 1.3)], [(1.2, 1.0, 1.2)], [(1.2, 1.0, 1.4)], [(1.4, 1.7, 1.4)], [(1.2, 1.1, 1.5)], [(1.4, 0.6, 1.9)], [(1.4, 0.8, 0.1)], [(0.8, 0.3, 1.9)], [(1.4, 0.9, 1.4)], [(2.0, 0.5, 0.8)], [(0.6, 1.1, 0.1)], [(2.0, 1.7, 0.8)], [(0.6, 1.0, 0.6)], [(1.1, 0.7, 1.3)], [(1.2, 1.0, 0.2)], [(1.3, 1.6, 0.6)], [(1.5, 1.4, 0.6)], [(1.3, 1.7, 0.4)], [(1.3, 1.7, 0.6)], [(1.0, 1.2, 1.7)], [(0.4, 0.4, 1.3)], [(1.2, 1.5, 2.0)], [(0.7, 0.1, 0.4)], [(1.0, 0.9, 1.3)], [(1.2, 1.8, 1.4)], [(1.0, 1.5, 1.1)], [(1.4, 2.0, 0.5)], [(0.8, 0.6, 1.8)], [(0.7, 0.3, 0.4)], [(0.6, 1.2, 1.4)], [(0.5, 0.5, 0.6)], [(0.8, 0.7, 1.9)], [(0.9, 0.8, 1.2)], [(0.9, 1.5, 0.1)], [(1.1, 1.7, 0.8)], [(0.1, 1.0, 0.6)], [(0.2, 1.0, 1.3)], [(0.7, 1.7, 1.0)], [(0.3, 1.9, 2.0)], [(0.4, 1.7, 0.2)], [(0.2, 1.9, 0.9)]]
Base : 3
[[(2.0, 1.4, 0.1)], [(1.8, 0.7, 0.3)], [(1.2, 1.2, 1.1)], [(1.9, 1.2, 2.0)], [(1.7, 1.4, 1.8)], [(0.9, 0.5, 1.3)], [(1.6, 1.4, 1.5)], [(1.7, 0.8, 0.9)], [(1.6, 1.7, 0.1)], [(0.9, 0.1, 1.3)], [(1.4, 0.4, 0.9)], [(0.9, 0.2, 0.3)], [(1.5, 0.9, 1.7)], [(1.3, 0.6, 1.3)], [(1.3, 0.1, 0.3)], [(1.4, 0.3, 1.2)], [(1.5, 0.3, 1.8)], [(1.7, 0.9, 1.2)], [(1.7, 0.2, 2.0)], [(1.6, 1.2, 0.7)], [(1.6, 0.5, 0.1)], [(1.7, 0.5, 0.9)], [(1.3, 1.8, 1.6)], [(1.3, 1.7, 1.5)], [(1.2, 0.8, 0.2)], [(1.8, 1.7, 1.7)], [(0.3, 0.1, 1.3)], [(1.5, 1.2, 0.2)], [(1.6, 1.4, 0.3)], [(1.8, 1.8, 0.1)], [(0.5, 0.1, 1.4)], [(1.4, 1.6, 1.7)], [(0.3, 0.5, 1.3)], [(0.3, 0.8, 1.0)], [(0.5, 0.9, 0.9)], [(0.3, 0.7, 0.1)], [(0.8, 0.2, 0.3)], [(1.8, 0.2, 1.4)], [(1.1, 1.5, 0.4)], [(1.8, 0.1, 1.2)], [(0.6, 0.6, 0.5)], [(0.1, 0.9, 1.1)], [(0.7, 1.6, 1.4)], [(0.6, 1.7, 1.3)], [(0.3, 1.5, 1.8)], [(0.4, 1.9, 0.2)], [(0.3, 1.5, 1.5)], [(0.3, 2.0, 1.7)], [(0.3, 1.8, 0.9)], [(0.1, 1.4, 0.6)]]
Base : 4
[[(2.0, 1.2, 0.5)], [(2.0, 1.3, 1.7)], [(1.7, 1.4, 1.1)], [(1.6, 0.8, 0.1)], [(1.0, 0.3, 0.4)], [(1.0, 0.4, 0.9)], [(1.7, 0.2, 0.8)], [(2.0, 1.6, 1.1)], [(1.0, 0.1, 1.7)], [(1.8, 1.0, 0.9)], [(1.7, 1.1, 1.4)], [(1.9, 0.5, 0.4)], [(1.9, 2.0, 0.6)], [(1.5, 0.9, 1.6)], [(1.5, 0.4, 0.6)], [(0.6, 1.1, 0.7)], [(1.5, 1.0, 0.5)], [(1.5, 1.0, 0.8)], [(2.0, 1.7, 1.4)], [(2.0, 1.8, 1.7)], [(1.8, 1.8, 0.6)], [(1.4, 1.8, 0.6)], [(0.3, 0.1, 1.5)], [(0.8, 0.6, 0.9)], [(0.6, 0.2, 2.0)], [(0.7, 0.9, 1.9)], [(0.6, 0.8, 0.4)], [(0.3, 0.4, 2.0)], [(0.5, 0.8, 0.2)], [(0.7, 0.5, 0.6)], [(2.0, 0.1, 0.2)], [(0.5, 0.5, 1.0)], [(0.8, 1.3, 1.6)], [(0.2, 0.2, 1.1)], [(0.5, 1.3, 1.6)], [(0.6, 1.4, 0.8)], [(0.6, 1.4, 0.4)], [(0.3, 0.4, 0.9)], [(0.3, 1.0, 0.6)], [(0.2, 0.4, 1.8)], [(0.3, 1.3, 0.7)], [(0.8, 1.9, 1.0)], [(0.7, 1.9, 0.5)], [(0.1, 0.5, 1.0)], [(0.7, 2.0, 1.1)], [(0.6, 1.7, 1.4)], [(0.6, 1.9, 1.9)], [(0.3, 1.9, 1.8)], [(0.3, 1.7, 0.2)], [(0.1, 1.5, 0.9)]]
Base : 5
[[(1.9, 0.9, 1.0)], [(1.4, 0.7, 1.5)], [(1.8, 1.6, 0.6)], [(1.5, 0.1, 2.0)], [(1.3, 1.4, 0.4)], [(1.8, 1.4, 0.3)], [(1.5, 0.8, 0.9)], [(1.5, 0.9, 0.3)], [(1.6, 0.7, 1.6)], [(1.3, 0.2, 1.6)], [(1.2, 1.0, 1.2)], [(1.5, 0.7, 2.0)], [(1.7, 0.9, 1.4)], [(1.9, 1.2, 0.8)], [(1.2, 0.4, 1.3)], [(1.4, 1.8, 1.8)], [(1.0, 1.2, 0.3)], [(0.7, 1.0, 0.4)], [(1.5, 1.0, 0.1)], [(1.5, 1.3, 0.8)], [(1.1, 0.7, 0.2)], [(1.4, 1.6, 1.7)], [(0.6, 0.2, 1.1)], [(0.8, 0.3, 0.2)], [(0.3, 0.9, 1.1)], [(0.6, 0.8, 1.2)], [(1.0, 1.6, 0.5)], [(1.8, 0.2, 1.6)], [(0.5, 0.8, 1.5)], [(0.6, 0.6, 1.8)], [(0.4, 1.2, 0.1)], [(1.9, 0.1, 1.1)], [(1.1, 2.0, 0.1)], [(0.9, 1.5, 1.2)], [(0.2, 1.0, 0.8)], [(1.1, 2.0, 1.1)], [(0.7, 1.9, 1.5)], [(0.8, 2.0, 1.6)], [(0.1, 0.3, 1.2)], [(1.0, 2.0, 1.1)], [(0.4, 1.6, 0.3)], [(0.4, 1.6, 0.5)], [(0.4, 1.9, 0.1)], [(0.2, 1.4, 1.6)], [(0.4, 2.0, 1.1)], [(0.4, 1.7, 1.5)], [(0.2, 1.5, 1.7)], [(0.4, 1.7, 0.3)], [(0.2, 1.9, 1.4)], [(0.5, 2.0, 1.1)]]
Base : 6
[[(1.9, 1.1, 0.4)], [(2.0, 0.8, 0.9)], [(1.2, 1.2, 0.5)], [(0.8, 0.2, 1.9)], [(1.0, 1.0, 1.9)], [(1.6, 1.3, 1.6)], [(1.6, 1.9, 0.7)], [(1.7, 1.8, 0.1)], [(1.1, 0.2, 0.6)], [(1.7, 1.0, 2.0)], [(1.0, 0.2, 1.3)], [(0.8, 0.2, 1.3)], [(1.5, 0.2, 0.8)], [(1.6, 1.1, 1.3)], [(1.3, 0.1, 1.8)], [(1.7, 2.0, 0.2)], [(1.3, 0.7, 1.3)], [(1.4, 1.5, 1.1)], [(0.8, 1.1, 0.4)], [(2.0, 1.9, 1.0)], [(1.4, 0.8, 1.0)], [(1.2, 0.8, 0.7)], [(2.0, 2.0, 0.3)], [(1.2, 0.6, 1.9)], [(0.8, 0.5, 0.9)], [(1.1, 1.5, 1.4)], [(0.7, 0.7, 1.1)], [(0.8, 0.3, 1.1)], [(0.3, 0.9, 0.6)], [(0.8, 0.9, 1.5)], [(0.4, 0.9, 1.2)], [(0.5, 0.9, 1.8)], [(0.8, 0.7, 0.4)], [(0.7, 1.4, 0.4)], [(0.5, 0.3, 1.2)], [(1.9, 0.3, 0.8)], [(0.5, 0.5, 0.5)], [(0.3, 1.1, 0.5)], [(0.2, 0.7, 1.0)], [(0.3, 0.2, 0.5)], [(0.9, 1.5, 1.6)], [(0.5, 1.4, 0.9)], [(0.2, 1.1, 1.5)], [(0.1, 0.6, 0.2)], [(0.3, 0.4, 0.3)], [(0.1, 0.7, 1.2)], [(0.5, 1.5, 0.4)], [(0.8, 2.0, 1.4)], [(0.5, 1.9, 1.4)], [(0.3, 1.9, 1.5)]]
Base : 7
[[(1.8, 0.6, 0.4)], [(2.0, 1.2, 2.0)], [(0.9, 0.5, 1.6)], [(2.0, 1.5, 0.4)], [(1.5, 1.7, 1.2)], [(1.9, 1.1, 1.8)], [(1.5, 0.5, 1.0)], [(1.7, 0.7, 1.0)], [(1.8, 1.0, 1.3)], [(1.4, 1.7, 1.5)], [(1.4, 0.3, 1.2)], [(1.9, 0.8, 1.5)], [(1.3, 0.1, 1.3)], [(1.6, 0.8, 0.4)], [(1.2, 0.4, 1.5)], [(1.4, 1.4, 1.6)], [(1.2, 1.1, 0.5)], [(1.5, 1.1, 1.6)], [(1.8, 0.6, 1.9)], [(1.6, 1.1, 0.8)], [(1.7, 0.3, 1.2)], [(1.5, 1.0, 1.0)], [(1.3, 1.0, 0.5)], [(1.4, 1.7, 0.4)], [(1.9, 1.6, 0.7)], [(1.4, 1.7, 0.6)], [(1.3, 1.8, 1.9)], [(2.0, 0.4, 1.3)], [(1.0, 1.5, 0.7)], [(0.8, 0.3, 0.8)], [(0.5, 0.9, 0.3)], [(0.4, 0.9, 1.6)], [(0.9, 1.8, 1.5)], [(0.7, 1.4, 0.7)], [(1.9, 0.2, 0.7)], [(0.2, 0.8, 1.9)], [(0.4, 0.6, 1.2)], [(0.4, 0.4, 1.5)], [(2.0, 0.1, 1.2)], [(0.4, 0.2, 1.9)], [(0.8, 1.6, 1.7)], [(0.2, 0.8, 0.5)], [(1.0, 2.0, 1.9)], [(0.3, 1.3, 0.5)], [(0.9, 1.9, 1.2)], [(0.1, 0.1, 0.9)], [(0.1, 0.1, 1.6)], [(0.1, 1.1, 2.0)], [(0.5, 1.7, 1.5)], [(0.3, 1.6, 0.1)]]
Base : 8
[[(1.0, 0.5, 1.6)], [(1.6, 0.9, 1.3)], [(1.7, 1.6, 0.6)], [(1.6, 0.7, 0.5)], [(1.3, 0.5, 0.1)], [(1.3, 0.1, 1.7)], [(1.7, 1.0, 0.3)], [(1.7, 0.3, 0.5)], [(1.9, 0.5, 0.5)], [(1.9, 2.0, 1.2)], [(1.7, 0.5, 1.3)], [(0.7, 1.1, 1.5)], [(2.0, 1.9, 1.2)], [(1.5, 1.0, 0.9)], [(1.5, 2.0, 0.6)], [(2.0, 2.0, 0.8)], [(0.4, 0.1, 1.6)], [(1.6, 1.5, 0.3)], [(0.6, 0.1, 2.0)], [(0.6, 0.1, 1.7)], [(0.2, 1.1, 0.9)], [(0.5, 1.1, 1.2)], [(1.2, 1.5, 1.3)], [(0.6, 0.3, 1.1)], [(0.7, 0.8, 0.8)], [(0.3, 0.9, 0.6)], [(0.6, 0.9, 0.6)], [(0.7, 0.9, 0.5)], [(0.8, 0.4, 0.9)], [(0.6, 1.3, 1.1)], [(0.5, 0.9, 0.2)], [(0.6, 0.6, 1.4)], [(0.2, 1.1, 0.2)], [(1.0, 1.8, 1.4)], [(2.0, 0.3, 0.5)], [(0.8, 0.7, 1.5)], [(0.3, 1.1, 1.8)], [(0.1, 0.8, 0.7)], [(0.2, 1.0, 1.7)], [(0.8, 1.5, 0.6)], [(0.1, 0.9, 1.6)], [(0.1, 0.2, 0.2)], [(0.4, 1.5, 1.1)], [(0.1, 0.1, 1.0)], [(0.8, 1.8, 0.1)], [(0.6, 1.6, 0.4)], [(0.4, 2.0, 0.1)], [(0.5, 1.9, 0.9)], [(0.1, 1.5, 1.4)], [(0.2, 1.4, 0.4)]]
Base : 9
[[(1.9, 1.7, 1.9)], [(1.8, 1.6, 1.8)], [(1.5, 0.6, 1.0)], [(1.3, 0.4, 1.5)], [(1.6, 2.0, 1.5)], [(1.8, 0.8, 1.7)], [(1.5, 1.0, 1.9)], [(1.4, 0.5, 1.5)], [(1.9, 1.5, 1.5)], [(1.5, 0.6, 2.0)], [(1.0, 0.1, 1.4)], [(1.4, 1.2, 1.2)], [(1.8, 1.1, 0.5)], [(1.4, 0.2, 1.6)], [(1.6, 1.0, 1.2)], [(1.5, 0.4, 0.9)], [(1.3, 0.5, 0.9)], [(1.7, 1.0, 0.4)], [(1.8, 0.5, 0.3)], [(0.9, 0.2, 0.1)], [(1.4, 1.0, 0.5)], [(1.9, 1.6, 1.4)], [(0.7, 0.5, 1.0)], [(1.0, 1.4, 1.3)], [(1.1, 0.7, 0.4)], [(1.1, 1.6, 0.3)], [(0.5, 0.2, 0.4)], [(0.5, 1.1, 0.3)], [(0.3, 0.5, 0.9)], [(0.5, 1.1, 0.9)], [(0.6, 0.8, 1.7)], [(1.4, 2.0, 1.4)], [(0.8, 1.2, 1.3)], [(2.0, 0.4, 0.7)], [(0.5, 0.2, 1.4)], [(0.3, 0.7, 0.9)], [(1.9, 0.3, 1.3)], [(1.1, 1.9, 0.1)], [(1.9, 0.2, 1.5)], [(0.4, 1.2, 0.8)], [(0.8, 1.3, 1.7)], [(1.2, 2.0, 1.5)], [(1.9, 0.1, 1.7)], [(1.0, 2.0, 2.0)], [(0.9, 1.9, 1.5)], [(0.8, 1.8, 0.7)], [(0.4, 2.0, 0.2)], [(0.2, 1.8, 1.6)], [(0.2, 1.6, 1.2)], [(0.1, 1.9, 1.2)]]
critère 1

[1429.3041984148883, 1431.8309184175605, 1423.361326678908, 1443.9621942347846, 1429.632155974666, 1417.9332356331438, 1419.646752563482, 1402.5849710833736, 1528.2015254926146, 1429.5309235660004]

[1429.3041984148883, 1517.5399323201357, 1438.490727497662, 1437.3506090724143, 1494.41812276934, 1431.8309184175605, 1417.874134954712, 1466.968124303576, 1481.3293246503995, 1431.8180245772771, 1423.361326678908, 1460.1616026742026, 1484.6017001925936, 1430.5261952490252, 1480.366566301858, 1443.9621942347846, 1418.6324113887158, 1500.353064208495, 1422.7266158306059, 1424.5230254343521, 1429.632155974666, 1452.938498854346, 1481.2697952205392, 1455.3304282580239, 1548.8670232117834, 1417.9332356331438, 1486.68052788701, 1461.0353292373798, 1443.700393461976, 1462.900096036128, 1419.646752563482, 1434.1254655322973, 1456.841152113616, 1456.5540334695058, 1484.187882964019, 1402.5849710833736, 1421.2382933229476, 1538.6082743209963, 1464.0967294666825, 1496.826997693529, 1528.2015254926146, 1479.2810652401145, 1487.5960588037153, 1455.1562025039932, 1446.675638650719, 1429.5309235660004, 1483.2770990289102, 1464.0986974623102, 1436.2063767899003, 1560.1232615344002]

[1429.3041984148883, 1517.5399323201357, 1438.490727497662, 1437.3506090724143, 1494.41812276934, 1461.500907176489, 1468.255282246248, 1461.500907176489, 1438.7686001662187, 1444.8699215406136, 1431.8309184175605, 1417.874134954712, 1466.968124303576, 1481.3293246503995, 1431.8180245772771, 1422.537227378172, 1436.6700234475488, 1502.5884455834885, 1420.7460852574072, 1536.507072431885, 1423.361326678908, 1460.1616026742026, 1484.6017001925936, 1430.5261952490252, 1480.366566301858, 1440.0135810245833, 1450.6862361495605, 1475.22650874986, 1425.3802865403622, 1448.4737088696675, 1443.9621942347846, 1418.6324113887158, 1500.353064208495, 1422.7266158306059, 1424.5230254343521, 1523.8020152895992, 1495.0010734419948, 1455.3304282580239, 1429.3041984148883, 1423.5457071516346, 1429.632155974666, 1452.938498854346, 1481.2697952205392, 1455.3304282580239, 1548.8670232117834, 1546.7614446856392, 1433.4595401403046, 1462.3998256333698, 1486.9602737567982, 1455.3304282580239, 1417.9332356331438, 1486.68052788701, 1461.0353292373798, 1443.700393461976, 1462.900096036128, 1463.7163378673856, 1453.21966077651, 1452.9459979028636, 1453.8658065543493, 1473.6720897841763, 1419.646752563482, 1434.1254655322973, 1456.841152113616, 1456.5540334695058, 1484.187882964019, 1485.5300975767905, 1535.8917160903677, 1524.077162260516, 1460.9335549574741, 1421.4954180199857, 1402.5849710833736, 1421.2382933229476, 1538.6082743209963, 1464.0967294666825, 1496.826997693529, 1434.7325601505925, 1429.5527951616143, 1429.5527951616143, 1443.1704271324995, 1521.6507040746262, 1528.2015254926146, 1479.2810652401145, 1487.5960588037153, 1455.1562025039932, 1446.675638650719, 1478.0725714660173, 1451.6133777162174, 1437.1565102676454, 1444.3751551987743, 1528.1938219732879, 1429.5309235660004, 1483.2770990289102, 1464.0986974623102, 1436.2063767899003, 1560.1232615344002, 1432.174373766553, 1424.5885858983038, 1455.9784753339018, 1438.6336027682478, 1455.9784753339018]
critère 2

[1416.3280083979926, 1454.5162403782183, 1456.0759407264818, 1482.1237660613676, 1407.0228291256965, 1391.5287232402504, 1382.69851142145, 1474.398719924693, 1397.7077068588897, 1467.5766431477157]

[1416.3280083979926, 1515.7093593293948, 1436.6601545069213, 1435.5200360816732, 1494.7534880592232, 1454.5162403782183, 1461.7885016993314, 1510.8824910481956, 1525.243691395019, 1465.0663373617974, 1456.0759407264818, 1499.8145154063573, 1394.9766841658425, 1436.4390865739163, 1500.435147831025, 1482.1237660613676, 1444.8107590725026, 1538.5146360350782, 1460.8881876571893, 1462.684597260935, 1407.0228291256965, 1463.4768261191143, 1484.2386344112422, 1450.6550511268154, 1544.8434966901768, 1391.5287232402504, 1496.7174298646935, 1404.1877930394442, 1436.4392575905822, 1445.4604677426346, 1382.69851142145, 1381.8597034344134, 1427.9103022482886, 1435.1987571244797, 1457.4229713793152, 1474.398719924693, 1449.225538982637, 1571.5696554717222, 1459.5892496619554, 1541.9214223360755, 1397.7077068588897, 1487.13734556252, 1481.663263737519, 1463.0124828263984, 1454.5319189731242, 1467.5766431477157, 1521.3228186106248, 1505.6782536050137, 1506.4936091327738, 1587.7474898383555]

[1416.3280083979926, 1515.7093593293948, 1436.6601545069213, 1435.5200360816732, 1494.7534880592232, 1451.0945139387775, 1466.8022562305848, 1475.7408694164526, 1435.8972214177315, 1490.7882366646752, 1454.5162403782183, 1461.7885016993314, 1510.8824910481956, 1525.243691395019, 1465.0663373617974, 1457.2057734816265, 1471.3385695510033, 1524.2613826623424, 1457.5805696414855, 1558.1800095107394, 1456.0759407264818, 1499.8145154063573, 1394.9766841658425, 1436.4390865739163, 1500.435147831025, 1435.673577545826, 1463.7751060348755, 1442.599738096168, 1468.0733010652457, 1468.6764446132383, 1482.1237660613676, 1444.8107590725026, 1538.5146360350782, 1460.8881876571893, 1462.684597260935, 1549.2246122089794, 1541.1118581216153, 1492.9005092294847, 1475.414983094509, 1446.833080657248, 1407.0228291256965, 1463.4768261191143, 1484.2386344112422, 1450.6550511268154, 1544.8434966901768, 1544.8434966901768, 1428.0399483491417, 1457.98753898292, 1470.262778497194, 1450.6550511268154, 1391.5287232402504, 1496.7174298646935, 1404.1877930394442, 1436.4392575905822, 1445.4604677426346, 1420.327854828302, 1435.3082375882732, 1435.0345747146266, 1441.6553009053462, 1450.8237930846028, 1382.69851142145, 1381.8597034344134, 1427.9103022482886, 1435.1987571244797, 1457.4229713793152, 1441.2169718471441, 1455.1113572699182, 1431.2436675519943, 1440.3935130535267, 1396.5304010207497, 1474.398719924693, 1449.225538982637, 1571.5696554717222, 1459.5892496619554, 1541.9214223360755, 1444.4495079147362, 1437.6346471859906, 1437.6346471859906, 1443.5144722237235, 1579.2739047744917, 1397.7077068588897, 1487.13734556252, 1481.663263737519, 1463.0124828263984, 1454.5319189731242, 1476.574848710963, 1459.4696580386226, 1441.814768130497, 1455.644888184629, 1522.9127420640116, 1467.5766431477157, 1521.3228186106248, 1505.6782536050137, 1506.4936091327738, 1587.7474898383555, 1503.262002020767, 1473.4626422985589, 1506.9710610370855, 1483.1980471133288, 1506.9710610370855]
critère 3

[1437.9519507074137, 1476.255728777177, 1432.5997800329324, 1516.3976691621813, 1449.3189863497635, 1430.6354508169748, 1382.69851142145, 1423.4159416561183, 1386.0516868224086, 1449.9823774687527]

[1437.9519507074137, 1538.156543023676, 1456.3711294504362, 1457.9672197759546, 1496.192227315435, 1476.255728777177, 1471.9916291331897, 1482.855747986075, 1510.068622590962, 1479.705685928656, 1432.5997800329324, 1429.3905656705724, 1433.985614228638, 1502.2126861848963, 1426.6543569198059, 1516.3976691621813, 1507.1072426739408, 1531.3354499582267, 1447.4989394968995, 1445.0903315819721, 1449.3189863497635, 1421.7271473199187, 1463.140820338399, 1453.1486714580521, 1502.2999454548587, 1430.6354508169748, 1431.9067110958845, 1432.7587696093356, 1402.670594748226, 1447.991344005641, 1382.69851142145, 1381.8597034344134, 1419.8403315803778, 1435.1987571244797, 1418.8947264969856, 1423.4159416561183, 1443.3536250595669, 1592.311164451293, 1459.8046349629885, 1541.4409714516246, 1386.0516868224086, 1475.4813255260387, 1418.882295085361, 1451.3564627899173, 1442.8758989366431, 1449.9823774687527, 1504.2710670237943, 1511.6514316906269, 1494.2461938912277, 1627.2125431953023]

[1437.9519507074137, 1538.156543023676, 1456.3711294504362, 1457.9672197759546, 1496.192227315435, 1472.265957983929, 1479.0203330536885, 1472.265957983929, 1450.78846749207, 1464.139740562087, 1476.255728777177, 1471.9916291331897, 1482.855747986075, 1510.068622590962, 1479.705685928656, 1462.181658768314, 1448.4305604866486, 1499.538546374816, 1462.5564549281735, 1564.539478776358, 1432.5997800329324, 1429.3905656705724, 1433.985614228638, 1502.2126861848963, 1426.6543569198059, 1448.8626163250442, 1470.9745497173985, 1437.6253582727027, 1481.3311294793625, 1472.7448090537819, 1516.3976691621813, 1507.1072426739408, 1531.3354499582267, 1447.4989394968995, 1445.0903315819721, 1559.1969798367304, 1524.0601065347844, 1490.8868387115517, 1531.6689744563535, 1450.5586178702267, 1449.3189863497635, 1421.7271473199187, 1463.140820338399, 1453.1486714580521, 1502.2999454548587, 1520.7793282094572, 1429.7362623235315, 1423.401885616477, 1471.4635913963593, 1453.1486714580524, 1430.6354508169748, 1431.9067110958845, 1432.7587696093356, 1402.670594748226, 1447.991344005641, 1405.284629404303, 1434.0174785773984, 1431.6330482222384, 1434.216225028553, 1427.805902688656, 1382.69851142145, 1381.8597034344134, 1419.8403315803778, 1435.1987571244797, 1418.8947264969856, 1451.2248819812569, 1433.1733054624333, 1409.3056157445096, 1440.3935130535267, 1414.4968477391035, 1423.4159416561183, 1443.3536250595669, 1592.311164451293, 1459.8046349629885, 1541.4409714516246, 1459.863171564834, 1491.9212479937976, 1454.9205529062294, 1481.9272018932472, 1577.5765847263158, 1386.0516868224086, 1475.4813255260387, 1418.882295085361, 1451.3564627899173, 1442.8758989366431, 1464.9188286744818, 1447.8136380021415, 1430.158748094016, 1443.9888681481475, 1414.6522368487872, 1449.9823774687527, 1504.2710670237943, 1511.6514316906269, 1494.2461938912277, 1627.2125431953023, 1509.4535006950107, 1472.7016529962452, 1512.9041122351387, 1465.6037814343656, 1512.9041122351387]
critère 4

[1436.8261780227576, 1458.0405861348406, 1441.1652924359078, 1468.0422358516162, 1394.7140700731054, 1465.5740869074134, 1404.985084202464, 1453.3313124755769, 1402.2428702607963, 1444.715475066519]

[1436.8261780227576, 1510.1704101539076, 1448.3075173689672, 1457.8504493531643, 1492.2365181185032, 1458.0405861348406, 1488.88724368209, 1467.4261197009378, 1523.5305298936667, 1460.4285082737913, 1441.1652924359078, 1423.3286061598442, 1431.7246842142154, 1484.4243868787669, 1423.3286061598442, 1468.0422358516162, 1483.7156343725264, 1493.9837401255245, 1472.3126677250855, 1459.0757887668565, 1394.7140700731054, 1360.8086897729524, 1395.0869761353006, 1398.5437551813943, 1447.6950291782007, 1465.5740869074134, 1467.0813951745497, 1443.163377596795, 1447.2303108474525, 1472.7024747762662, 1404.985084202464, 1353.7205177185756, 1389.7286070919313, 1400.0846719481176, 1442.026179940265, 1453.3313124755769, 1450.1344339829434, 1530.9794122564947, 1462.5108168946215, 1452.5854739751173, 1402.2428702607963, 1466.0475390948427, 1441.851480281792, 1447.9431952452155, 1445.8324277637016, 1444.715475066519, 1448.6891863312344, 1480.692017859188, 1463.5008482874923, 1513.440591179822]

[1436.8261780227576, 1510.1704101539076, 1448.3075173689672, 1457.8504493531643, 1492.2365181185032, 1518.668976102959, 1512.358339186482, 1518.668976102959, 1458.9329215441708, 1499.125784821034, 1458.0405861348406, 1488.88724368209, 1467.4261197009378, 1523.5305298936667, 1460.4285082737913, 1449.7053654269632, 1435.381670752405, 1476.2163877030316, 1464.231872411859, 1519.639958855262, 1441.1652924359078, 1423.3286061598442, 1431.7246842142154, 1484.4243868787669, 1423.3286061598442, 1441.1890579958513, 1458.7240533866866, 1462.68304227265, 1474.4870718739296, 1457.3162441033458, 1468.0422358516162, 1483.7156343725264, 1493.9837401255245, 1472.3126677250855, 1459.0757887668565, 1536.4983431931144, 1461.3868842960078, 1487.0571908830184, 1481.8703668627736, 1491.7447909326813, 1394.7140700731054, 1360.8086897729524, 1395.0869761353006, 1398.5437551813943, 1447.6950291782007, 1466.174411932799, 1374.9219587024697, 1403.8905907782416, 1416.858675119701, 1398.5437551813943, 1465.5740869074134, 1467.0813951745497, 1443.163377596795, 1447.2303108474525, 1472.7024747762662, 1432.777895702232, 1467.0813951745497, 1466.8077323009036, 1473.109340521871, 1459.1043241477307, 1404.985084202464, 1353.7205177185756, 1389.7286070919313, 1400.0846719481176, 1442.026179940265, 1358.6317382756715, 1437.9308142370048, 1377.444052821821, 1406.7266270970797, 1398.5271257276943, 1453.3313124755769, 1450.1344339829434, 1530.9794122564947, 1462.5108168946215, 1452.5854739751173, 1444.5893192174103, 1434.4718322709523, 1444.8774446822608, 1461.3853064305836, 1452.5854739751173, 1402.2428702607963, 1466.0475390948427, 1441.851480281792, 1447.9431952452155, 1445.8324277637016, 1464.5440324874937, 1424.6397552369062, 1434.743560023492, 1448.5792352196825, 1418.8321247283648, 1444.715475066519, 1448.6891863312344, 1480.692017859188, 1463.5008482874923, 1513.440591179822, 1468.1889395811547, 1465.280877433547, 1481.9446984036997, 1482.746926602482, 1481.9446984036997]
critère 5

[1504.12861577572, 1437.4236734829587, 1460.120452100512, 1422.2902012568702, 1430.7390562101305, 1445.2059336991208, 1391.807424879855, 1458.267636785929, 1408.6228667318132, 1393.4629617052315]

[1504.12861577572, 1448.490601170173, 1478.5929843548804, 1464.934410806631, 1449.6809567772605, 1437.4236734829587, 1473.2493758832068, 1451.788251902055, 1510.6288708455504, 1441.192881394543, 1460.120452100512, 1481.3214190199856, 1481.3214190199856, 1458.0454075510136, 1467.5125425209935, 1422.2902012568702, 1458.7898550625905, 1479.6120954568626, 1426.3551379365706, 1433.2986628393696, 1430.7390562101305, 1405.1728287652127, 1407.9470712575599, 1405.4577549106596, 1394.279975660046, 1445.2059336991208, 1410.691997700493, 1448.2353263275195, 1426.6319668568176, 1432.8090754253474, 1391.807424879855, 1425.880820274049, 1414.7987797474748, 1464.1418530365472, 1431.5411430205293, 1458.267636785929, 1421.1613864114363, 1512.3577213836882, 1414.892199909688, 1484.9499386233426, 1408.6228667318132, 1375.48443787026, 1408.7034964494678, 1371.7642623785641, 1365.238653463336, 1393.4629617052315, 1388.68744748662, 1400.9074705427147, 1383.979684647627, 1421.7814004148572]

[1504.12861577572, 1448.490601170173, 1478.5929843548804, 1464.934410806631, 1449.6809567772605, 1448.490601170173, 1463.743542188984, 1448.490601170173, 1441.3005012445026, 1521.211830025418, 1437.4236734829587, 1473.2493758832068, 1451.788251902055, 1510.6288708455504, 1441.192881394543, 1441.7457067444645, 1424.1328357856603, 1461.1153639918468, 1443.6149597599772, 1490.891399411016, 1460.120452100512, 1481.3214190199856, 1481.3214190199856, 1458.0454075510136, 1467.5125425209935, 1455.403192623503, 1477.2635178878445, 1520.5133003017447, 1467.665184793695, 1458.3093739441224, 1422.2902012568702, 1458.7898550625905, 1479.6120954568626, 1426.3551379365706, 1433.2986628393696, 1499.4233613353922, 1426.2040278751742, 1447.7318206081777, 1455.5232324137585, 1427.7386694204317, 1430.7390562101305, 1405.1728287652127, 1407.9470712575599, 1405.4577549106596, 1394.279975660046, 1390.536937220128, 1406.6605446655633, 1412.1335967837265, 1412.5217389332097, 1415.468587713433, 1445.2059336991208, 1410.691997700493, 1448.2353263275195, 1426.6319668568176, 1432.8090754253474, 1456.5471590052239, 1425.4708666549084, 1396.4861219487937, 1423.2076292009, 1448.4553837444626, 1391.807424879855, 1425.880820274049, 1414.7987797474748, 1464.1418530365472, 1431.5411430205293, 1428.6920824260956, 1425.4862552874893, 1419.09125180915, 1425.3924826186983, 1407.8274828121555, 1458.267636785929, 1421.1613864114363, 1512.3577213836882, 1414.892199909688, 1484.9499386233426, 1430.1047114819823, 1437.6132893929155, 1448.0189018042238, 1450.3919502303509, 1523.7788942157542, 1408.6228667318132, 1375.48443787026, 1408.7034964494678, 1371.7642623785641, 1365.238653463336, 1396.5578062229683, 1377.4229310982269, 1404.653877348955, 1406.8135514686176, 1390.7485356088362, 1393.4629617052315, 1388.68744748662, 1400.9074705427147, 1383.979684647627, 1421.7814004148572, 1380.5502656563194, 1372.053846709086, 1402.1601510872265, 1375.71300378557, 1402.1601510872265]
critère 6

[1472.0325782016946, 1441.0772065531653, 1404.510355671669, 1427.1168658897075, 1430.7390562101305, 1417.2834363981588, 1365.0713783237418, 1411.2761412835218, 1409.5861301645193, 1393.4629617052315]

[1472.0325782016946, 1461.3586160039438, 1464.2051578474511, 1443.0163913667063, 1448.640184075737, 1441.0772065531653, 1473.2493758832068, 1458.0139180921697, 1495.0688346476416, 1440.969082638718, 1404.510355671669, 1420.8278991297793, 1420.8278991297793, 1399.6668116357048, 1422.5031081757934, 1427.1168658897075, 1443.5755896048902, 1488.4928589494705, 1423.3285997209407, 1474.4773720552307, 1430.7390562101305, 1405.1728287652127, 1407.9470712575599, 1405.4577549106596, 1394.279975660046, 1417.2834363981588, 1370.9112505851015, 1427.0407828738016, 1421.1938291154142, 1400.8727734440351, 1365.0713783237418, 1408.497200388518, 1386.623183989323, 1384.137097279445, 1388.9920007725862, 1411.2761412835218, 1395.8209075166976, 1403.2949365541874, 1359.1786710652389, 1428.0077606978289, 1409.5861301645193, 1388.0068089536753, 1410.9935792421807, 1397.26504937472, 1377.7610245467513, 1393.4629617052315, 1388.68744748662, 1400.9074705427147, 1383.979684647627, 1421.7814004148572]

[1472.0325782016946, 1461.3586160039438, 1464.2051578474511, 1443.0163913667063, 1448.640184075737, 1461.3586160039438, 1461.3586160039436, 1461.3586160039438, 1442.9920719113084, 1498.5957285116458, 1441.0772065531653, 1473.2493758832068, 1458.0139180921697, 1495.0688346476416, 1440.969082638718, 1441.2343620578288, 1427.786368855867, 1461.1153639918468, 1447.268492830184, 1477.3685434331583, 1404.510355671669, 1420.8278991297793, 1420.8278991297793, 1399.6668116357048, 1422.5031081757934, 1401.4314275055067, 1420.1909169170956, 1456.186883330306, 1418.8681124097413, 1399.9307780288136, 1427.1168658897075, 1443.5755896048902, 1488.4928589494705, 1423.3285997209407, 1474.4773720552307, 1486.513017981274, 1452.660060966089, 1427.5787055594058, 1486.5970125973681, 1486.7223045341939, 1430.7390562101305, 1405.1728287652127, 1407.9470712575599, 1405.4577549106596, 1394.279975660046, 1390.536937220128, 1406.6605446655633, 1412.1335967837265, 1412.5217389332097, 1415.468587713433, 1417.2834363981588, 1370.9112505851015, 1427.0407828738016, 1421.1938291154142, 1400.8727734440351, 1415.3942136405763, 1394.6282478290773, 1356.7053748334026, 1392.6652705029783, 1431.82035980067, 1365.0713783237418, 1408.497200388518, 1386.623183989323, 1384.137097279445, 1388.9920007725862, 1376.838947195609, 1419.457784562921, 1419.457784562921, 1358.1467132764626, 1348.9990727471677, 1411.2761412835218, 1395.8209075166976, 1403.2949365541874, 1359.1786710652389, 1428.0077606978289, 1395.8209075166976, 1372.5464286759743, 1400.7968783364201, 1396.0484049788442, 1428.0077606978289, 1409.5861301645193, 1388.0068089536753, 1410.9935792421807, 1397.26504937472, 1377.7610245467513, 1412.7253679719925, 1389.945302181642, 1420.8214390979792, 1422.9811132176415, 1429.6528089622655, 1393.4629617052315, 1388.68744748662, 1400.9074705427147, 1383.979684647627, 1421.7814004148572, 1380.5502656563194, 1372.053846709086, 1402.1601510872265, 1375.71300378557, 1402.1601510872265]
critère 7

[1446.8193313626048, 1409.771765631148, 1359.8128797534123, 1373.5618041521966, 1363.126759555369, 1385.9501570743196, 1399.8696456619023, 1464.176597298115, 1381.5333756317204, 1401.430917604866]

[1446.8193313626048, 1432.4798740517454, 1427.7660436517315, 1424.485286475622, 1410.5243028615478, 1409.771765631148, 1394.1482126109404, 1469.054808293503, 1401.8374699606356, 1402.5247838275911, 1359.8128797534123, 1362.5294877138715, 1362.5294877138715, 1375.2830084929528, 1362.5294877138715, 1373.5618041521966, 1375.736349892935, 1393.9172433009826, 1397.4510002617626, 1438.2898518854427, 1363.126759555369, 1357.9465606209315, 1398.6706600389302, 1360.5927857499128, 1444.183154547157, 1385.9501570743196, 1366.6285482039214, 1337.433714821829, 1392.1647551860433, 1354.0358968335095, 1399.8696456619023, 1453.918367075851, 1436.7834733259003, 1408.9655741039114, 1442.8788818798364, 1464.176597298115, 1449.7141219208563, 1432.9859137780422, 1419.300432921909, 1467.6185354677623, 1381.5333756317204, 1388.5131804650428, 1399.0691060197455, 1378.6528539504263, 1379.5711164696695, 1401.430917604866, 1394.7663359152066, 1379.5921970144154, 1392.8718696604592, 1403.2844664784607]

[1446.8193313626048, 1432.4798740517454, 1427.7660436517315, 1424.485286475622, 1410.5243028615478, 1432.4798740517454, 1432.4798740517454, 1432.4798740517454, 1411.7780219424853, 1402.5636793966296, 1409.771765631148, 1394.1482126109404, 1469.054808293503, 1401.8374699606356, 1402.5247838275911, 1406.6200742869103, 1392.662735156998, 1467.3921925579384, 1408.3643165534866, 1399.155854336189, 1359.8128797534123, 1362.5294877138715, 1362.5294877138715, 1375.2830084929528, 1362.5294877138715, 1359.7766956710534, 1357.3120001427571, 1403.9118367174776, 1357.2511129411018, 1355.1816151207852, 1373.5618041521966, 1375.736349892935, 1393.9172433009826, 1397.4510002617626, 1438.2898518854427, 1412.881850848611, 1421.909070235798, 1417.195654529724, 1365.1805135198667, 1429.7628374857036, 1363.126759555369, 1357.9465606209315, 1398.6706600389302, 1360.5927857499128, 1444.183154547157, 1409.7620670345232, 1365.3798828340778, 1355.340732529497, 1366.8924760008497, 1360.5104280094492, 1385.9501570743196, 1366.6285482039214, 1337.433714821829, 1392.1647551860433, 1354.0358968335095, 1337.433714821829, 1366.6285482039214, 1358.5292206318902, 1363.2154442348997, 1404.544066192888, 1399.8696456619023, 1453.918367075851, 1436.7834733259003, 1408.9655741039114, 1442.8788818798364, 1402.9437708275566, 1487.0692903287288, 1457.6425841191449, 1451.6729625942628, 1403.3897881669893, 1464.176597298115, 1449.7141219208563, 1432.9859137780422, 1419.300432921909, 1467.6185354677623, 1449.7141219208563, 1433.1986893903638, 1442.7765733489473, 1449.7141219208563, 1467.618535467762, 1381.5333756317204, 1388.5131804650428, 1399.0691060197455, 1378.6528539504263, 1379.5711164696695, 1375.897413849775, 1388.513180465043, 1379.6359187899757, 1378.2284697123143, 1408.855177549814, 1401.430917604866, 1394.7663359152066, 1379.5921970144154, 1392.8718696604592, 1403.2844664784607, 1395.5844509655772, 1396.7250794867477, 1404.2003798753678, 1399.8963231562152, 1377.1673800186181]
critère 8

[1465.5491753740077, 1372.1673382441843, 1388.683414676977, 1422.4384436706082, 1393.0156886141544, 1383.99132018609, 1384.1934215479364, 1389.1368257289223, 1363.9781455663679, 1430.221711308243]

[1465.5491753740077, 1451.2097180631483, 1427.4813927984594, 1443.883170383012, 1429.254146872951, 1372.1673382441843, 1352.945723556337, 1352.419383914987, 1404.1013037553992, 1389.8545606495547, 1388.683414676977, 1398.5746751363338, 1433.5037898665303, 1395.3175431031277, 1398.5746751363338, 1422.4384436706082, 1459.1788547433684, 1416.5029603102705, 1458.7422988597916, 1410.827422416795, 1393.0156886141544, 1386.829700831725, 1402.5974702130466, 1365.1029338431033, 1436.8456604189505, 1383.99132018609, 1364.6697113156913, 1335.474877933599, 1390.5079009365509, 1352.0770599452799, 1384.1934215479364, 1380.3906791491454, 1371.6641271567225, 1375.58127792224, 1375.6674241049593, 1389.1368257289223, 1370.095590329651, 1389.535929139586, 1366.9548030891056, 1414.3046740022571, 1363.9781455663679, 1370.0694498428481, 1381.5138759543925, 1360.2091233282317, 1361.127385847475, 1430.221711308243, 1418.8315683747287, 1423.0437976598073, 1437.4081205626985, 1446.9184254035938]

[1465.5491753740077, 1451.2097180631483, 1427.4813927984594, 1443.883170383012, 1429.254146872951, 1451.2097180631483, 1451.2097180631486, 1451.2097180631483, 1431.117471889291, 1421.9615633040194, 1372.1673382441843, 1352.945723556337, 1352.419383914987, 1404.1013037553992, 1389.8545606495547, 1397.9520631248386, 1398.965787973884, 1350.7567681794228, 1357.767054430871, 1372.5945927975956, 1388.683414676977, 1398.5746751363338, 1433.5037898665303, 1395.3175431031277, 1398.5746751363338, 1379.8112302812283, 1381.2186793588894, 1412.2072037091543, 1377.4666459503837, 1379.088294336918, 1422.4384436706082, 1459.1788547433684, 1416.5029603102705, 1458.7422988597916, 1410.827422416795, 1416.5029603102705, 1474.265355052221, 1449.3576113502018, 1416.5029603102705, 1431.7746145969147, 1393.0156886141544, 1386.829700831725, 1402.5974702130466, 1365.1029338431033, 1436.8456604189505, 1433.0635138790226, 1407.1498117880278, 1375.1098901598352, 1434.7668218183305, 1393.0156886141544, 1383.99132018609, 1364.6697113156913, 1335.474877933599, 1390.5079009365509, 1352.0770599452799, 1335.474877933599, 1364.6697113156913, 1356.5703837436606, 1361.25660734667, 1402.8872119433956, 1384.1934215479364, 1380.3906791491454, 1371.6641271567225, 1375.58127792224, 1375.6674241049593, 1347.3317128850247, 1392.7485547756494, 1405.9506169092133, 1362.3955711850874, 1383.0323100170847, 1389.1368257289223, 1370.095590329651, 1389.535929139586, 1366.9548030891056, 1414.3046740022571, 1371.5030394073126, 1377.1476305281628, 1380.073828657916, 1377.7344905688203, 1414.3046740022571, 1363.9781455663679, 1370.0694498428481, 1381.5138759543925, 1360.2091233282317, 1361.127385847475, 1357.4536832275803, 1370.0694498428484, 1361.1921881677808, 1359.7847390901195, 1391.2999474844612, 1430.221711308243, 1418.8315683747287, 1423.0437976598073, 1437.4081205626985, 1446.9184254035938, 1415.9721603714506, 1420.7903119462699, 1435.2533255229196, 1428.6871168595926, 1393.2374475320303]
critère 9

[1372.735272473486, 1326.3037893527608, 1398.4429634559976, 1362.9563507827165, 1347.7379630747214, 1330.6258845025031, 1342.8115760148796, 1447.3433438909408, 1379.5909081195257, 1354.709916394469]

[1372.735272473486, 1372.735272473486, 1375.6676584841657, 1375.6676584841657, 1372.735272473486, 1326.3037893527608, 1302.469671643259, 1302.469671643259, 1302.469671643259, 1369.469846606126, 1398.4429634559976, 1395.7003390670675, 1450.3322649205688, 1387.9491306737145, 1395.7003390670675, 1362.9563507827165, 1365.2081269465803, 1366.3354590906126, 1367.9578456601175, 1341.4576505946386, 1347.7379630747214, 1343.402943084206, 1348.2681964264632, 1347.7379630747214, 1350.3626207560542, 1330.6258845025031, 1334.2010343588895, 1332.6760974258714, 1337.2694729390369, 1340.957196325767, 1342.8115760148796, 1379.1605166458505, 1342.4578215722513, 1342.4578215722513, 1342.4578215722513, 1447.3433438909408, 1438.8463102203104, 1436.554943395407, 1436.554943395407, 1436.5549433954066, 1379.5909081195257, 1372.146875903688, 1375.5066520320527, 1373.4188147555794, 1372.604545196995, 1354.709916394469, 1356.1200056802518, 1343.1260262609035, 1343.1260262609035, 1349.2704689040547]

[1372.735272473486, 1372.735272473486, 1375.6676584841657, 1375.6676584841657, 1372.735272473486, 1372.735272473486, 1372.735272473486, 1372.735272473486, 1368.2663314053298, 1373.246794299864, 1326.3037893527608, 1302.469671643259, 1302.469671643259, 1302.469671643259, 1369.469846606126, 1367.0780209169554, 1323.9683718313372, 1302.469671643259, 1317.7955703357998, 1302.469671643259, 1398.4429634559976, 1395.7003390670675, 1450.3322649205688, 1387.9491306737145, 1395.7003390670675, 1389.5707790602487, 1389.5707790602487, 1422.8740776821846, 1387.9491306737145, 1387.9491306737145, 1362.9563507827165, 1365.2081269465803, 1366.3354590906126, 1367.9578456601175, 1341.4576505946386, 1366.3354590906129, 1341.4576505946386, 1370.3317190886528, 1341.4576505946386, 1367.9578456601175, 1347.7379630747214, 1343.402943084206, 1348.2681964264632, 1347.7379630747214, 1350.3626207560542, 1346.0276007655384, 1362.3417615727603, 1364.9130245831625, 1367.1487031138497, 1347.7379630747214, 1330.6258845025031, 1334.2010343588895, 1332.6760974258714, 1337.2694729390369, 1340.957196325767, 1333.8559391006836, 1334.2010343588895, 1334.2010343588895, 1327.6900342666154, 1333.7262012024873, 1342.8115760148796, 1379.1605166458505, 1342.4578215722513, 1342.4578215722513, 1342.4578215722513, 1342.4578215722513, 1331.6920521764537, 1331.692052176454, 1347.0125941524357, 1347.0125941524357, 1447.3433438909408, 1438.8463102203104, 1436.554943395407, 1436.554943395407, 1436.5549433954066, 1438.8463102203104, 1438.8463102203104, 1438.8463102203104, 1438.8463102203104, 1436.5549433954068, 1379.5909081195257, 1372.146875903688, 1375.5066520320527, 1373.4188147555794, 1372.604545196995, 1391.8428437859732, 1372.146875903688, 1391.8428437859732, 1391.8428437859732, 1375.5066520320527, 1354.709916394469, 1356.1200056802518, 1343.1260262609035, 1343.1260262609035, 1349.2704689040547, 1356.1200056802518, 1356.1200056802518, 1343.1260262609035, 1356.1200056802518, 1343.1260262609035]
