Base : 0
[[(1.4, 1.6, 0.6)], [(1.5, 0.9, 2.0)], [(1.7, 0.9, 0.2)], [(1.6, 1.3, 1.4)], [(1.9, 0.9, 1.2)], [(1.4, 0.3, 0.1)], [(0.9, 0.2, 0.5)], [(1.9, 0.4, 1.0)], [(1.9, 0.4, 1.4)], [(1.5, 0.2, 1.0)], [(1.5, 1.4, 1.4)], [(1.7, 0.1, 2.0)], [(1.7, 2.0, 0.2)], [(1.7, 2.0, 0.6)], [(1.9, 0.6, 0.7)], [(1.8, 2.0, 1.1)], [(1.5, 0.9, 0.9)], [(1.3, 1.7, 1.2)], [(1.3, 1.5, 1.7)], [(0.4, 1.2, 1.6)], [(1.4, 1.8, 0.8)], [(1.8, 1.7, 1.6)], [(2.0, 2.0, 1.1)], [(0.9, 1.5, 0.4)], [(1.2, 1.7, 1.2)], [(0.5, 1.0, 0.8)], [(0.5, 0.1, 0.5)], [(0.8, 0.4, 1.5)], [(0.8, 1.7, 0.8)], [(0.5, 0.2, 0.6)], [(0.6, 0.6, 1.9)], [(0.9, 1.8, 1.8)], [(2.0, 0.2, 0.9)], [(0.3, 0.3, 1.9)], [(0.4, 0.6, 1.6)], [(0.3, 1.1, 1.4)], [(0.5, 0.5, 2.0)], [(0.3, 0.9, 1.7)], [(0.4, 1.0, 0.9)], [(0.4, 1.0, 1.1)], [(0.7, 1.7, 1.5)], [(0.1, 0.4, 1.1)], [(0.1, 0.5, 1.3)], [(0.6, 1.7, 0.9)], [(0.1, 0.7, 1.4)], [(0.6, 1.7, 1.9)], [(0.5, 1.5, 1.9)], [(0.5, 1.7, 0.4)], [(0.2, 1.3, 0.6)], [(0.3, 1.7, 1.4)]]
Base : 1
[[(1.7, 1.5, 1.2)], [(1.8, 1.7, 0.9)], [(1.7, 1.3, 1.3)], [(1.4, 0.7, 1.7)], [(1.9, 1.9, 1.5)], [(1.2, 0.4, 0.7)], [(2.0, 1.5, 1.4)], [(1.6, 0.9, 1.9)], [(1.9, 1.2, 0.4)], [(1.5, 0.2, 0.2)], [(1.3, 0.6, 2.0)], [(1.4, 0.7, 0.5)], [(1.9, 1.3, 0.2)], [(1.5, 1.9, 1.6)], [(1.9, 0.7, 2.0)], [(1.4, 1.8, 1.4)], [(1.1, 1.0, 1.9)], [(1.0, 0.8, 0.3)], [(1.0, 1.0, 0.9)], [(2.0, 1.8, 0.3)], [(0.7, 0.3, 1.2)], [(1.7, 2.0, 1.8)], [(1.1, 1.4, 1.5)], [(0.9, 0.7, 1.9)], [(0.9, 0.6, 2.0)], [(0.5, 0.6, 0.3)], [(0.6, 0.8, 1.5)], [(0.7, 0.6, 0.7)], [(0.6, 0.5, 1.1)], [(1.8, 0.1, 0.9)], [(0.8, 1.5, 2.0)], [(0.4, 1.0, 0.6)], [(0.7, 0.6, 0.3)], [(0.5, 1.4, 0.9)], [(0.1, 0.9, 0.8)], [(1.1, 2.0, 1.8)], [(0.3, 1.3, 1.8)], [(0.2, 0.3, 1.1)], [(0.5, 1.4, 1.6)], [(0.2, 1.2, 2.0)], [(0.5, 1.6, 0.8)], [(0.6, 2.0, 1.3)], [(0.5, 1.9, 1.3)], [(0.2, 1.3, 0.3)], [(0.4, 1.8, 1.1)], [(0.4, 2.0, 0.9)], [(0.3, 1.6, 0.5)], [(0.1, 1.8, 1.9)], [(0.2, 1.6, 1.3)], [(0.2, 2.0, 2.0)]]
Base : 2
[[(1.1, 0.5, 0.2)], [(1.5, 1.1, 2.0)], [(1.8, 1.3, 2.0)], [(1.9, 1.4, 1.3)], [(1.1, 1.2, 0.6)], [(1.9, 1.6, 0.3)], [(1.2, 1.2, 0.3)], [(1.7, 1.3, 0.4)], [(1.6, 1.5, 1.2)], [(1.6, 1.7, 1.5)], [(0.9, 1.0, 0.8)], [(1.4, 1.4, 0.3)], [(0.9, 0.4, 0.3)], [(1.6, 0.6, 0.9)], [(1.6, 0.9, 2.0)], [(1.8, 1.9, 1.1)], [(1.3, 0.6, 1.3)], [(1.4, 0.1, 0.6)], [(1.8, 0.3, 0.5)], [(1.6, 0.5, 0.2)], [(1.3, 0.5, 1.8)], [(1.7, 2.0, 1.1)], [(0.9, 0.6, 0.2)], [(0.9, 0.6, 1.8)], [(1.3, 1.5, 1.7)], [(0.6, 0.1, 1.6)], [(1.3, 1.4, 1.6)], [(0.4, 0.4, 0.1)], [(0.4, 0.4, 1.0)], [(0.4, 0.1, 0.2)], [(0.5, 1.1, 0.4)], [(0.8, 0.9, 1.6)], [(0.8, 0.3, 0.2)], [(0.9, 0.8, 0.1)], [(1.3, 2.0, 2.0)], [(0.4, 1.1, 0.5)], [(0.8, 0.2, 0.6)], [(0.7, 1.0, 2.0)], [(0.5, 0.8, 0.5)], [(0.4, 1.2, 0.1)], [(1.8, 0.1, 0.9)], [(0.6, 1.4, 1.4)], [(0.1, 1.0, 1.1)], [(0.9, 2.0, 1.5)], [(0.8, 1.9, 0.4)], [(0.4, 1.5, 0.1)], [(0.5, 2.0, 1.6)], [(0.1, 1.4, 2.0)], [(0.3, 2.0, 1.5)], [(0.2, 2.0, 2.0)]]
Base : 3
[[(1.9, 1.1, 0.3)], [(1.9, 1.2, 1.7)], [(2.0, 1.3, 1.9)], [(1.7, 1.3, 1.8)], [(0.9, 0.4, 1.9)], [(1.2, 1.3, 0.1)], [(0.8, 1.0, 0.2)], [(1.5, 0.8, 0.4)], [(1.3, 0.3, 1.1)], [(1.4, 1.3, 1.9)], [(0.9, 0.4, 1.2)], [(1.7, 0.7, 1.3)], [(1.8, 0.8, 1.8)], [(1.6, 1.0, 1.9)], [(1.3, 1.1, 1.4)], [(2.0, 0.5, 1.1)], [(1.4, 0.2, 1.2)], [(1.7, 0.6, 1.9)], [(1.3, 0.1, 1.5)], [(1.8, 1.1, 1.0)], [(1.8, 1.1, 1.6)], [(1.1, 0.3, 0.8)], [(1.5, 1.1, 1.1)], [(1.8, 0.3, 0.2)], [(1.9, 0.5, 0.3)], [(1.9, 2.0, 0.9)], [(1.9, 2.0, 1.0)], [(0.8, 1.0, 0.4)], [(2.0, 1.8, 2.0)], [(2.0, 1.9, 1.1)], [(1.8, 1.7, 1.9)], [(1.6, 1.4, 0.4)], [(1.1, 0.7, 1.2)], [(1.2, 0.8, 1.1)], [(1.5, 1.2, 0.9)], [(0.8, 0.6, 0.1)], [(1.9, 1.9, 1.2)], [(0.4, 0.4, 0.5)], [(0.6, 0.3, 0.6)], [(0.8, 0.3, 0.2)], [(0.6, 0.7, 1.0)], [(0.3, 0.7, 0.2)], [(1.6, 0.1, 0.7)], [(1.9, 0.2, 1.6)], [(1.0, 1.8, 0.6)], [(0.7, 1.3, 0.3)], [(1.9, 0.1, 1.8)], [(1.1, 1.7, 0.3)], [(0.2, 0.2, 1.5)], [(0.1, 1.7, 1.7)]]
Base : 4
[[(1.1, 0.6, 0.2)], [(0.8, 0.4, 1.7)], [(1.5, 0.2, 1.9)], [(2.0, 1.3, 1.5)], [(0.9, 0.3, 0.6)], [(1.9, 1.3, 0.8)], [(2.0, 1.6, 1.1)], [(1.8, 0.4, 1.3)], [(1.4, 0.1, 0.2)], [(1.4, 0.9, 1.5)], [(1.8, 0.7, 1.2)], [(1.7, 0.3, 1.7)], [(1.2, 0.6, 0.9)], [(1.7, 0.4, 0.3)], [(1.8, 0.5, 0.9)], [(1.9, 0.5, 0.9)], [(1.9, 0.6, 0.4)], [(2.0, 0.7, 0.8)], [(1.4, 1.8, 1.1)], [(1.5, 0.4, 0.5)], [(1.4, 1.9, 2.0)], [(1.4, 1.2, 1.0)], [(1.3, 1.8, 0.3)], [(0.5, 0.5, 1.7)], [(0.6, 0.2, 1.3)], [(1.1, 1.4, 0.8)], [(0.2, 1.1, 0.7)], [(0.7, 0.4, 1.2)], [(0.7, 0.9, 0.1)], [(0.8, 0.3, 0.9)], [(0.9, 0.7, 0.6)], [(0.5, 0.8, 0.9)], [(0.7, 1.2, 1.5)], [(0.4, 0.7, 1.8)], [(0.3, 0.2, 1.2)], [(0.2, 0.9, 0.1)], [(0.6, 1.5, 0.2)], [(1.2, 1.9, 0.3)], [(0.1, 0.7, 0.1)], [(1.1, 2.0, 1.6)], [(0.7, 1.6, 1.5)], [(0.2, 1.2, 0.7)], [(0.7, 1.9, 0.7)], [(0.9, 1.9, 1.2)], [(0.3, 1.4, 0.6)], [(0.2, 1.3, 0.8)], [(0.7, 1.8, 1.6)], [(0.3, 1.8, 1.8)], [(0.4, 2.0, 0.1)], [(0.1, 1.7, 1.8)]]
Base : 5
[[(2.0, 1.2, 1.8)], [(2.0, 1.3, 2.0)], [(1.6, 1.2, 1.1)], [(0.9, 0.3, 0.4)], [(1.6, 0.7, 0.8)], [(1.3, 0.2, 0.5)], [(1.5, 1.7, 0.7)], [(2.0, 2.0, 1.8)], [(2.0, 1.5, 0.6)], [(2.0, 0.5, 1.1)], [(2.0, 0.5, 1.6)], [(1.5, 1.8, 1.7)], [(1.3, 0.1, 1.7)], [(1.1, 0.8, 2.0)], [(2.0, 0.5, 0.2)], [(1.4, 1.5, 0.9)], [(1.7, 0.3, 0.2)], [(1.8, 0.4, 0.1)], [(1.9, 2.0, 0.8)], [(1.7, 2.0, 1.4)], [(0.9, 0.6, 0.2)], [(0.8, 1.0, 0.4)], [(1.6, 1.1, 0.8)], [(0.8, 1.1, 0.4)], [(1.0, 1.1, 0.8)], [(0.9, 1.3, 0.9)], [(1.3, 1.7, 0.7)], [(1.2, 1.0, 0.5)], [(1.8, 0.3, 1.8)], [(0.5, 1.0, 0.1)], [(0.7, 1.0, 1.3)], [(0.8, 0.6, 0.3)], [(0.7, 0.6, 1.8)], [(0.8, 0.9, 1.7)], [(0.7, 1.3, 0.1)], [(0.8, 0.4, 0.4)], [(0.6, 1.3, 0.6)], [(0.6, 1.0, 1.9)], [(0.9, 1.8, 1.6)], [(0.5, 0.3, 1.5)], [(0.1, 0.9, 0.1)], [(1.1, 2.0, 0.3)], [(0.3, 0.3, 0.1)], [(0.5, 1.4, 0.6)], [(0.5, 1.5, 1.5)], [(0.6, 1.7, 0.1)], [(0.4, 1.7, 1.1)], [(0.5, 1.9, 0.9)], [(0.3, 1.8, 0.5)], [(0.3, 1.6, 0.1)]]
Base : 6
[[(2.0, 0.9, 1.7)], [(1.8, 0.8, 0.6)], [(2.0, 0.8, 0.3)], [(2.0, 0.9, 0.1)], [(1.1, 0.5, 0.5)], [(1.6, 0.7, 0.3)], [(1.1, 1.2, 1.0)], [(0.7, 0.1, 2.0)], [(1.8, 1.4, 0.7)], [(1.4, 0.7, 1.7)], [(1.7, 1.9, 0.1)], [(1.3, 1.2, 0.6)], [(1.3, 1.4, 0.8)], [(1.1, 0.3, 0.4)], [(1.6, 0.6, 0.9)], [(1.7, 0.7, 1.3)], [(1.5, 0.7, 1.5)], [(1.6, 0.9, 1.8)], [(0.8, 0.2, 1.7)], [(1.1, 0.4, 0.2)], [(1.9, 0.4, 0.8)], [(1.4, 1.8, 1.3)], [(1.2, 0.7, 0.5)], [(0.8, 1.0, 1.3)], [(1.6, 1.1, 0.2)], [(0.7, 0.5, 1.0)], [(0.4, 1.2, 1.3)], [(1.1, 1.4, 1.4)], [(0.6, 0.3, 0.9)], [(0.8, 1.2, 1.7)], [(0.7, 0.4, 0.1)], [(0.7, 0.3, 0.2)], [(0.7, 1.2, 0.9)], [(0.3, 0.8, 0.3)], [(1.9, 0.1, 0.5)], [(0.5, 0.3, 1.3)], [(0.4, 0.7, 1.8)], [(0.6, 0.5, 1.8)], [(1.2, 2.0, 1.1)], [(0.1, 0.9, 1.0)], [(1.2, 1.9, 0.6)], [(0.1, 0.7, 0.1)], [(0.5, 1.4, 0.6)], [(0.8, 1.9, 0.8)], [(0.7, 1.9, 0.8)], [(0.6, 1.8, 1.9)], [(0.1, 0.1, 1.0)], [(0.2, 1.2, 0.2)], [(0.2, 1.5, 1.0)], [(0.1, 1.7, 1.4)]]
Base : 7
[[(2.0, 1.3, 0.3)], [(1.9, 1.3, 1.7)], [(1.2, 1.1, 1.4)], [(1.1, 1.1, 1.8)], [(2.0, 1.4, 0.7)], [(1.1, 0.5, 1.1)], [(1.3, 1.5, 0.4)], [(1.7, 0.9, 2.0)], [(1.6, 0.7, 1.4)], [(1.9, 1.1, 1.1)], [(1.3, 1.0, 2.0)], [(1.3, 0.2, 1.7)], [(1.8, 1.9, 1.9)], [(1.1, 0.5, 1.9)], [(0.7, 1.1, 0.8)], [(0.8, 1.0, 1.2)], [(1.1, 0.8, 1.2)], [(2.0, 1.7, 0.9)], [(1.4, 1.7, 0.6)], [(1.7, 1.7, 0.8)], [(1.6, 2.0, 1.8)], [(1.9, 1.8, 0.3)], [(1.1, 1.6, 1.2)], [(0.9, 0.8, 2.0)], [(1.1, 1.6, 0.7)], [(1.0, 0.9, 0.1)], [(0.5, 0.6, 0.5)], [(1.0, 1.3, 1.4)], [(0.6, 1.2, 0.3)], [(0.9, 0.8, 0.2)], [(1.0, 1.5, 0.9)], [(0.6, 1.2, 1.8)], [(0.7, 0.7, 1.8)], [(0.4, 0.6, 0.3)], [(0.5, 0.8, 1.6)], [(0.5, 0.5, 1.5)], [(0.9, 0.7, 1.4)], [(0.4, 0.7, 0.6)], [(0.6, 0.5, 1.4)], [(0.9, 1.5, 1.2)], [(0.2, 0.5, 0.5)], [(0.7, 1.6, 1.5)], [(0.1, 0.7, 0.6)], [(0.1, 0.3, 1.7)], [(0.8, 2.0, 0.2)], [(1.0, 2.0, 1.0)], [(0.6, 1.8, 0.1)], [(0.6, 1.9, 1.8)], [(0.2, 1.7, 1.4)], [(0.1, 1.5, 1.7)]]
Base : 8
[[(1.7, 1.5, 1.3)], [(1.0, 1.0, 1.5)], [(1.7, 1.3, 1.5)], [(1.0, 1.1, 1.1)], [(1.3, 1.2, 0.7)], [(1.9, 2.0, 1.5)], [(0.9, 0.1, 1.2)], [(1.5, 0.1, 0.9)], [(1.5, 1.8, 1.6)], [(1.5, 0.4, 0.9)], [(1.6, 0.8, 1.2)], [(1.6, 0.9, 0.5)], [(1.7, 0.9, 1.0)], [(1.8, 1.2, 0.6)], [(1.6, 0.2, 1.5)], [(1.7, 0.4, 0.1)], [(1.9, 0.5, 0.4)], [(1.4, 1.0, 0.3)], [(1.7, 1.1, 0.5)], [(0.4, 1.2, 1.6)], [(1.6, 1.5, 1.8)], [(1.0, 1.0, 0.6)], [(0.8, 0.1, 0.2)], [(2.0, 0.4, 1.4)], [(0.6, 0.4, 0.9)], [(0.4, 1.1, 0.3)], [(2.0, 0.4, 1.9)], [(1.1, 1.9, 1.3)], [(1.1, 1.9, 1.5)], [(1.2, 1.9, 0.1)], [(0.1, 1.0, 0.4)], [(0.5, 1.4, 1.5)], [(0.5, 1.4, 1.5)], [(0.2, 0.2, 1.2)], [(0.7, 1.4, 1.2)], [(0.9, 2.0, 1.0)], [(0.1, 0.3, 0.6)], [(0.1, 0.4, 0.8)], [(0.8, 1.9, 1.5)], [(0.9, 2.0, 0.7)], [(0.5, 1.6, 1.6)], [(0.4, 1.5, 1.2)], [(0.3, 1.4, 2.0)], [(0.2, 1.6, 0.2)], [(0.1, 1.3, 0.2)], [(0.1, 1.3, 0.6)], [(0.1, 1.3, 2.0)], [(0.1, 2.0, 0.1)], [(0.1, 1.8, 0.1)], [(0.1, 1.7, 1.1)]]
Base : 9
[[(2.0, 1.2, 0.6)], [(1.7, 1.5, 1.6)], [(1.8, 1.6, 0.5)], [(1.9, 1.6, 0.2)], [(1.1, 1.1, 1.4)], [(1.8, 1.3, 0.9)], [(1.3, 0.4, 1.5)], [(1.6, 1.8, 1.0)], [(1.6, 1.0, 2.0)], [(1.4, 1.2, 1.8)], [(0.9, 1.2, 0.2)], [(2.0, 0.5, 1.3)], [(1.5, 0.2, 0.3)], [(1.7, 1.2, 1.1)], [(1.7, 0.4, 1.9)], [(1.6, 0.3, 0.7)], [(0.6, 1.1, 0.1)], [(0.7, 1.1, 0.3)], [(0.9, 1.3, 0.9)], [(1.2, 1.0, 0.6)], [(1.2, 1.3, 1.9)], [(1.6, 2.0, 1.8)], [(1.5, 1.4, 0.2)], [(0.8, 0.3, 1.5)], [(0.4, 0.1, 0.6)], [(0.7, 0.4, 1.3)], [(0.3, 0.5, 1.2)], [(0.6, 0.1, 0.5)], [(0.6, 0.9, 0.2)], [(1.1, 1.5, 0.2)], [(0.8, 0.6, 1.3)], [(1.0, 1.8, 0.9)], [(1.0, 1.8, 0.4)], [(2.0, 0.1, 1.4)], [(0.4, 1.1, 1.2)], [(0.6, 1.4, 1.4)], [(0.2, 0.8, 0.8)], [(0.5, 1.2, 1.2)], [(0.7, 1.6, 1.5)], [(0.2, 0.5, 1.4)], [(0.2, 1.2, 1.6)], [(1.0, 2.0, 0.1)], [(0.6, 1.9, 0.3)], [(0.4, 1.6, 0.9)], [(0.3, 1.5, 0.2)], [(0.4, 1.8, 1.3)], [(0.4, 2.0, 0.6)], [(0.2, 1.9, 1.6)], [(0.2, 1.8, 0.3)], [(0.1, 1.7, 0.2)]]
critère 1

[1787.4475957782877, 1839.092408052677, 1574.238535050387, 1690.474700186002, 1803.505357705374, 1814.6146892162785, 1685.2907322167598, 1524.9804745502352, 1690.4322934519855, 1789.3798608928423]

[1787.4475957782877, 1769.5128755840703, 1770.367263427211, 1787.447595778288, 1766.8974373483006, 1839.092408052677, 1839.092408052677, 1839.092408052677, 1839.0924080526768, 1839.092408052677, 1574.238535050387, 1574.238535050387, 1574.2385350503873, 1574.2385350503873, 1577.9851393846734, 1690.474700186002, 1690.2714271133837, 1684.6590127016532, 1690.2714271133837, 1678.194031551218, 1803.505357705374, 1824.6334108145252, 1754.972433108821, 1743.2713531981913, 1777.9227480326572, 1814.6146892162785, 1802.1564317068548, 1814.6146892162785, 1817.3413968044806, 1817.3413968044806, 1685.2907322167598, 1668.0063856391612, 1668.0063856391612, 1668.0063856391612, 1673.1826935971014, 1524.9804745502352, 1524.3400757855181, 1538.8913640579005, 1538.8913640579005, 1524.9804745502352, 1690.4322934519855, 1690.2869990733325, 1690.4322934519855, 1699.7413405543962, 1690.2869990733325, 1789.3798608928423, 1788.6826448438328, 1788.6826448438328, 1788.6826448438328, 1789.3798608928423]

[1787.4475957782877, 1769.5128755840703, 1770.367263427211, 1787.447595778288, 1766.8974373483006, 1766.200500147522, 1769.5128755840703, 1795.1794382271046, 1795.1794382271046, 1795.1794382271046, 1839.092408052677, 1839.092408052677, 1839.092408052677, 1839.0924080526768, 1839.092408052677, 1832.2582203779914, 1839.092408052677, 1839.0924080526768, 1839.0924080526768, 1827.8074426507594, 1574.238535050387, 1574.238535050387, 1574.2385350503873, 1574.2385350503873, 1577.9851393846734, 1574.2385350503873, 1577.9851393846736, 1574.2385350503873, 1574.238535050387, 1619.1669061190867, 1690.474700186002, 1690.2714271133837, 1684.6590127016532, 1690.2714271133837, 1678.194031551218, 1668.1268584869417, 1683.5576900991055, 1690.2714271133837, 1684.862285774272, 1683.681100109298, 1803.505357705374, 1824.6334108145252, 1754.972433108821, 1743.2713531981913, 1777.9227480326572, 1743.2713531981913, 1743.2713531981913, 1774.972789120774, 1774.972789120774, 1743.2713531981913, 1814.6146892162785, 1802.1564317068548, 1814.6146892162785, 1817.3413968044806, 1817.3413968044806, 1817.3413968044806, 1806.8439471761617, 1794.385689666738, 1802.1564317068548, 1817.3413968044806, 1685.2907322167598, 1668.0063856391612, 1668.0063856391612, 1668.0063856391612, 1673.1826935971014, 1668.0063856391612, 1673.1826935971014, 1673.1826935971014, 1666.968034821295, 1666.968034821295, 1524.9804745502352, 1524.3400757855181, 1538.8913640579005, 1538.8913640579005, 1524.9804745502352, 1524.3400757855184, 1543.81440315283, 1524.9804745502352, 1524.980474550235, 1524.9804745502352, 1690.4322934519855, 1690.2869990733325, 1690.4322934519855, 1699.7413405543962, 1690.2869990733325, 1690.4322934519855, 1686.5574809642615, 1684.6945680892386, 1690.2869990733325, 1683.6792689556496, 1789.3798608928423, 1788.6826448438328, 1788.6826448438328, 1788.6826448438328, 1789.3798608928423, 1789.3798608928423, 1789.3798608928423, 1788.682644843833, 1789.3798608928423, 1789.3798608928423]
critère 2

[1660.9020406289849, 1650.4132845343727, 1565.291559602859, 1544.7264212844887, 1604.1533323141543, 1561.1271972541426, 1666.9851898866852, 1524.9804745502352, 1638.329373072475, 1762.2804670951875]

[1660.9020406289849, 1672.666616381126, 1684.418319631312, 1686.1063960049787, 1670.9785400074593, 1650.4132845343727, 1650.4132845343727, 1648.275656567287, 1657.8539753536638, 1655.2359290410352, 1565.291559602859, 1565.291559602859, 1565.291559602859, 1565.291559602859, 1578.9224577238376, 1544.7264212844887, 1574.2335286582597, 1574.2335286582597, 1580.5097888428834, 1549.431069020108, 1604.1533323141543, 1627.1100871659958, 1603.089979911505, 1584.4974950058288, 1604.1533323141543, 1561.1271972541426, 1561.1271972541426, 1539.7765689985663, 1539.7765689985663, 1539.8128294905023, 1666.9851898866852, 1666.9851898866852, 1666.9851898866852, 1666.9851898866852, 1640.5618861897885, 1524.9804745502352, 1524.3400757855181, 1538.8913640579005, 1538.8913640579005, 1524.9804745502352, 1638.329373072475, 1638.8752740979119, 1638.329373072475, 1638.8752740979119, 1638.8752740979119, 1762.2804670951875, 1863.6385833794966, 1863.6385833794966, 1844.9416051243575, 1840.3867518101756]

[1660.9020406289849, 1672.666616381126, 1684.418319631312, 1686.1063960049787, 1670.9785400074593, 1670.978540007459, 1668.755890808649, 1671.7453375048763, 1627.541747183736, 1671.7453375048763, 1650.4132845343727, 1650.4132845343727, 1648.275656567287, 1657.8539753536638, 1655.2359290410352, 1657.8539753536638, 1648.275656567287, 1657.8539753536638, 1646.5627491725254, 1663.3562298213737, 1565.291559602859, 1565.291559602859, 1565.291559602859, 1565.291559602859, 1578.9224577238376, 1565.291559602859, 1575.8402083222334, 1565.291559602859, 1564.7750337749808, 1564.7750337749808, 1544.7264212844887, 1574.2335286582597, 1574.2335286582597, 1580.5097888428834, 1549.431069020108, 1594.436726371661, 1549.431069020108, 1538.041859621481, 1532.4121875676142, 1580.5097888428834, 1604.1533323141543, 1627.1100871659958, 1603.089979911505, 1584.4974950058288, 1604.1533323141543, 1584.4974950058288, 1587.6793377708793, 1603.089979911505, 1603.089979911505, 1604.1533323141546, 1561.1271972541426, 1561.1271972541426, 1539.7765689985663, 1539.7765689985663, 1539.8128294905023, 1547.0958599991204, 1493.4007756161982, 1487.117876415303, 1533.4936697976714, 1559.239164846616, 1666.9851898866852, 1666.9851898866852, 1666.9851898866852, 1666.9851898866852, 1640.5618861897885, 1666.9851898866852, 1640.5618861897885, 1640.5618861897885, 1666.901208632253, 1666.901208632253, 1524.9804745502352, 1524.3400757855181, 1538.8913640579005, 1538.8913640579005, 1524.9804745502352, 1524.3400757855184, 1543.81440315283, 1524.9804745502352, 1524.980474550235, 1524.9804745502352, 1638.329373072475, 1638.8752740979119, 1638.329373072475, 1638.8752740979119, 1638.8752740979119, 1653.692173236829, 1641.506271435096, 1613.905039704706, 1653.692173236829, 1581.9930130782514, 1762.2804670951875, 1863.6385833794966, 1863.6385833794966, 1844.9416051243575, 1840.3867518101756, 1863.6385833794966, 1766.0950929271514, 1859.2427592755344, 1859.0847500752816, 1840.3867518101756]
critère 3

[1473.317526538625, 1615.0170294133734, 1564.959923096745, 1373.2704932934848, 1611.93006844129, 1548.7349375710482, 1456.2497668696312, 1372.4944627297748, 1539.4515650303017, 1480.0306377846039]

[1473.317526538625, 1479.1290069099107, 1482.8138707201272, 1473.317526538625, 1482.8138707201272, 1615.0170294133734, 1648.4091027939342, 1646.271474826848, 1609.814836898652, 1646.271474826848, 1564.959923096745, 1564.9599230967442, 1562.534340485819, 1562.534340485819, 1564.9599230967442, 1373.2704932934848, 1369.6900540043168, 1369.6900540043168, 1403.2155022628965, 1403.2155022628965, 1611.93006844129, 1627.2432833492724, 1608.6237997165772, 1601.091554488713, 1611.93006844129, 1548.7349375710482, 1548.7349375710482, 1548.7349375710482, 1548.7349375710482, 1548.7349375710482, 1456.2497668696312, 1456.2497668696317, 1456.2497668696312, 1456.2497668696317, 1501.8124850392546, 1372.4944627297748, 1359.2965991513213, 1357.185831669808, 1357.185831669808, 1359.2965991513213, 1539.4515650303017, 1560.8382842694812, 1539.4515650303017, 1552.9782324429127, 1549.327476548334, 1480.0306377846039, 1515.6250726825076, 1515.6250726825076, 1515.6250726825076, 1542.5465639793554]

[1473.317526538625, 1479.1290069099107, 1482.8138707201272, 1473.317526538625, 1482.8138707201272, 1482.8138707201272, 1516.5934188885992, 1482.8138707201272, 1482.8138707201272, 1482.8138707201272, 1615.0170294133734, 1648.4091027939342, 1646.271474826848, 1609.814836898652, 1646.271474826848, 1609.814836898652, 1646.271474826848, 1609.814836898652, 1644.5585674320862, 1603.9299625833157, 1564.959923096745, 1564.9599230967442, 1562.534340485819, 1562.534340485819, 1564.9599230967442, 1564.9599230967442, 1564.9599230967442, 1564.9599230967442, 1564.9599230967442, 1564.9599230967442, 1373.2704932934848, 1369.6900540043168, 1369.6900540043168, 1403.2155022628965, 1403.2155022628965, 1403.2155022628965, 1436.4776460937328, 1397.830879019015, 1373.2704932934848, 1403.2155022628965, 1611.93006844129, 1627.2432833492724, 1608.6237997165772, 1601.091554488713, 1611.93006844129, 1610.7692888059971, 1585.7329607898441, 1608.6237997165772, 1605.0213295289786, 1611.93006844129, 1548.7349375710482, 1548.7349375710482, 1548.7349375710482, 1548.7349375710482, 1548.7349375710482, 1548.7690615227207, 1486.922264666635, 1561.1227656419846, 1568.6856374398167, 1575.631547063885, 1456.2497668696312, 1456.2497668696317, 1456.2497668696312, 1456.2497668696317, 1501.8124850392546, 1482.606943153597, 1455.9219743548745, 1501.8124850392546, 1464.4338818339552, 1495.3052352633488, 1372.4944627297748, 1359.2965991513213, 1357.185831669808, 1357.185831669808, 1359.2965991513213, 1373.6481851473156, 1357.185831669808, 1375.7589526288295, 1375.7589526288295, 1375.7589526288295, 1539.4515650303017, 1560.8382842694812, 1539.4515650303017, 1552.9782324429127, 1549.327476548334, 1650.195025041008, 1557.4165748396092, 1595.8263642427964, 1602.6182825184508, 1563.9670091703083, 1480.0306377846039, 1515.6250726825076, 1515.6250726825076, 1515.6250726825076, 1542.5465639793554, 1515.6250726825076, 1480.0306377846039, 1521.5282596279028, 1480.0306377846039, 1515.6250726825076]
critère 4

[1432.597457577585, 1442.655724272919, 1362.749941741165, 1385.542283381727, 1463.4366041814974, 1433.7991152011302, 1425.9961109769383, 1364.6064342731545, 1352.3823925895936, 1371.38757890895]

[1432.597457577585, 1423.5712569877007, 1424.049633164103, 1430.1331189306243, 1410.5147022184576, 1442.655724272919, 1442.6557242729193, 1442.655724272919, 1431.0752811391824, 1442.6557242729193, 1362.749941741165, 1397.6446880746894, 1401.9530049920704, 1401.9530049920704, 1375.8889387547902, 1385.542283381727, 1385.542283381727, 1385.542283381727, 1383.9198968122219, 1409.968672289191, 1463.4366041814974, 1466.9743499983206, 1473.8580939448507, 1456.2434765244127, 1473.1054072594616, 1433.7991152011302, 1433.7991152011302, 1433.7991152011302, 1468.8516496758805, 1451.7642348768518, 1425.9961109769383, 1437.5534375032857, 1437.5534375032857, 1437.553437503286, 1436.97312814782, 1364.6064342731545, 1393.771375076153, 1395.31844086472, 1395.31844086472, 1393.771375076153, 1352.3823925895936, 1362.8533724928625, 1355.3147786002728, 1362.8533724928625, 1362.8533724928625, 1371.38757890895, 1365.9411130487924, 1359.3881619058757, 1359.3881619058757, 1365.9411130487927]

[1432.597457577585, 1423.5712569877007, 1424.049633164103, 1430.1331189306243, 1410.5147022184576, 1409.1554131702985, 1421.701127341742, 1440.868274353661, 1440.868274353661, 1436.4044976031028, 1442.655724272919, 1442.6557242729193, 1442.655724272919, 1431.0752811391824, 1442.6557242729193, 1434.4793769485289, 1431.9380645213585, 1434.4793769485289, 1434.4886538847845, 1445.894619109427, 1362.749941741165, 1397.6446880746894, 1401.9530049920704, 1401.9530049920704, 1375.8889387547902, 1398.5868123428686, 1375.8889387547902, 1375.8889387547902, 1375.8889387547902, 1400.0246124613418, 1385.542283381727, 1385.542283381727, 1385.542283381727, 1383.9198968122219, 1409.968672289191, 1442.805098471397, 1442.805098471397, 1383.9198968122219, 1387.086654640282, 1409.968672289191, 1463.4366041814974, 1466.9743499983206, 1473.8580939448507, 1456.2434765244127, 1473.1054072594616, 1456.2434765244127, 1456.2434765244127, 1473.8580939448507, 1473.8580939448507, 1456.2434765244127, 1433.7991152011302, 1433.7991152011302, 1433.7991152011302, 1468.8516496758805, 1451.7642348768518, 1455.8802348165518, 1533.0878179679255, 1423.3002546967366, 1433.7991152011302, 1453.4304768667575, 1425.9961109769383, 1437.5534375032857, 1437.5534375032857, 1437.553437503286, 1436.97312814782, 1433.6451088149695, 1418.7079474572115, 1460.0275803333047, 1421.640333467891, 1438.337730055548, 1364.6064342731545, 1393.771375076153, 1395.31844086472, 1395.31844086472, 1393.771375076153, 1393.4984364075767, 1394.6328985144926, 1364.6064342731545, 1364.6064342731545, 1364.6064342731545, 1352.3823925895936, 1362.8533724928625, 1355.3147786002728, 1362.8533724928625, 1362.8533724928625, 1362.8533724928625, 1366.6548176324632, 1382.2987425589215, 1362.8533724928625, 1386.3384105589134, 1371.38757890895, 1365.9411130487924, 1359.3881619058757, 1359.3881619058757, 1365.9411130487927, 1369.3073056979947, 1371.3875789089495, 1359.388161905876, 1369.3073056979947, 1365.9411130487924]
critère 5

[1386.05824200395, 1370.7527248807971, 1311.5716041026417, 1316.1862240996238, 1460.4353916193907, 1425.572059456259, 1331.4832757926904, 1308.9235675919256, 1305.2991803969885, 1351.35588232671]

[1386.05824200395, 1350.4080251441383, 1363.6414329674562, 1356.6315357943658, 1366.7833174049347, 1370.7527248807971, 1391.3048957836495, 1370.752724880797, 1345.0917358012737, 1389.6422800480852, 1311.5716041026417, 1311.5716041026417, 1317.048564233358, 1317.048564233358, 1311.5716041026417, 1316.1862240996238, 1313.812350671089, 1313.812350671089, 1312.1899641015839, 1312.1899641015839, 1460.4353916193907, 1468.2011714150917, 1455.030993170786, 1438.5365113611047, 1460.4353916193907, 1425.572059456259, 1425.572059456259, 1420.7186011181968, 1412.4575532675115, 1425.572059456259, 1331.4832757926904, 1327.514059683237, 1333.6039025687764, 1327.514059683237, 1320.0299604013371, 1308.9235675919256, 1330.27889335371, 1327.3465073430307, 1327.3465073430307, 1308.9235675919256, 1305.2991803969885, 1305.2991803969885, 1308.231566407668, 1305.2991803969885, 1305.2991803969885, 1351.35588232671, 1384.846767387373, 1345.621698803648, 1345.621698803648, 1359.9613154851231]

[1386.05824200395, 1350.4080251441383, 1363.6414329674562, 1356.6315357943658, 1366.7833174049347, 1365.583724297889, 1368.1474251846594, 1390.306453483179, 1390.306453483179, 1385.792288900889, 1370.7527248807971, 1391.3048957836495, 1370.752724880797, 1345.0917358012737, 1389.6422800480852, 1348.4958316106206, 1363.401257778439, 1348.4958316106206, 1366.8053535877855, 1352.2688743550505, 1311.5716041026417, 1311.5716041026417, 1317.048564233358, 1317.048564233358, 1311.5716041026417, 1313.6823715841558, 1311.5716041026417, 1311.5716041026417, 1311.5716041026417, 1284.498653357348, 1316.1862240996238, 1313.812350671089, 1313.812350671089, 1312.1899641015839, 1312.1899641015839, 1341.3064622752936, 1312.1899641015839, 1312.1899641015839, 1316.1862240996234, 1312.1899641015839, 1460.4353916193907, 1468.2011714150917, 1455.030993170786, 1438.5365113611047, 1460.4353916193907, 1440.1635079670705, 1422.448374567536, 1436.7052256391344, 1455.030993170786, 1458.0546182617434, 1425.572059456259, 1425.572059456259, 1420.7186011181968, 1412.4575532675115, 1425.572059456259, 1418.8349749830752, 1465.5708448014457, 1436.1441385918615, 1423.3825583768642, 1434.9965953714095, 1331.4832757926904, 1327.514059683237, 1333.6039025687764, 1327.514059683237, 1320.0299604013371, 1329.4708267141998, 1290.7276796936128, 1320.0299604013371, 1293.6600657042925, 1331.2534562419687, 1308.9235675919256, 1330.27889335371, 1327.3465073430307, 1327.3465073430307, 1308.9235675919256, 1325.5265028858869, 1337.6195579738087, 1332.3591665646654, 1332.359166564665, 1332.3591665646654, 1305.2991803969885, 1305.2991803969885, 1308.231566407668, 1305.2991803969885, 1305.2991803969885, 1283.851936310935, 1314.279558104045, 1315.8151024705205, 1283.851936310935, 1314.0619317502621, 1351.35588232671, 1384.846767387373, 1345.621698803648, 1345.621698803648, 1359.9613154851231, 1352.6098483827652, 1351.35588232671, 1346.685890781225, 1352.6098483827652, 1359.9613154851234]
critère 6

[1449.9441519506472, 1453.1357734608557, 1466.1030523283637, 1371.7144519761277, 1506.816274886255, 1422.4637074791615, 1386.9420819529844, 1334.4836052320316, 1452.0687920439452, 1429.268971011778]

[1449.9441519506472, 1426.6891070453025, 1422.9489755049906, 1399.0393375131553, 1429.999188630785, 1453.1357734608557, 1460.732102172526, 1460.8026139445024, 1418.9365304309738, 1465.864098867707, 1466.1030523283637, 1484.4125743055286, 1473.0080405151828, 1473.0080405151828, 1482.749958569964, 1371.7144519761277, 1389.6202793973857, 1389.6202793973857, 1386.254086748183, 1371.806016310618, 1506.816274886255, 1475.0180168332881, 1500.5494891559467, 1479.5176061037264, 1490.9571161922195, 1422.4637074791615, 1437.0633398049495, 1436.4962252950597, 1434.482423917832, 1422.4637074791615, 1386.9420819529844, 1386.113822914801, 1395.663382140934, 1396.1856004175954, 1415.9904534083348, 1334.4836052320316, 1362.430911148089, 1372.3689098393536, 1372.3689098393536, 1334.4836052320316, 1452.0687920439452, 1406.6242513955694, 1440.4222228107196, 1406.6242513955694, 1444.7377289248038, 1429.268971011778, 1432.1370115189754, 1404.4377952924422, 1387.600167923099, 1486.2043442501376]

[1449.9441519506472, 1426.6891070453025, 1422.9489755049906, 1399.0393375131553, 1429.999188630785, 1423.6513864506308, 1438.4401399557219, 1432.4346198407484, 1432.4346198407484, 1430.5138880657034, 1453.1357734608557, 1460.732102172526, 1460.8026139445024, 1418.9365304309738, 1465.864098867707, 1424.2791933299409, 1453.0568289476366, 1447.4991281284113, 1436.1079334287285, 1427.182262429894, 1466.1030523283637, 1484.4125743055286, 1473.0080405151828, 1473.0080405151828, 1482.749958569964, 1484.4125743055286, 1482.749958569964, 1484.4125743055286, 1482.7499585699643, 1496.3824871427848, 1371.7144519761277, 1389.6202793973857, 1389.6202793973857, 1386.254086748183, 1371.806016310618, 1408.270549898458, 1407.846302344258, 1389.6202793973857, 1370.948007725289, 1386.2540867481832, 1506.816274886255, 1475.0180168332881, 1500.5494891559467, 1479.5176061037264, 1490.9571161922195, 1467.1131124955448, 1486.1478404831098, 1500.5494891559467, 1500.5494891559467, 1498.6590209541698, 1422.4637074791615, 1437.0633398049495, 1436.4962252950597, 1434.482423917832, 1422.4637074791615, 1420.0002829328575, 1442.2223520078085, 1475.1885670994534, 1421.646467469867, 1420.5142156438424, 1386.9420819529844, 1386.113822914801, 1395.663382140934, 1396.1856004175954, 1415.9904534083348, 1383.7781167574774, 1391.5651203663992, 1429.612899197634, 1402.921695999471, 1397.7852010776394, 1334.4836052320316, 1362.430911148089, 1372.3689098393536, 1372.3689098393536, 1334.4836052320316, 1353.5812859422522, 1357.1159688205428, 1364.5111843590446, 1364.5111843590446, 1364.5111843590446, 1452.0687920439452, 1406.6242513955694, 1440.4222228107196, 1406.6242513955694, 1444.7377289248038, 1445.869717796325, 1389.8385578309217, 1389.6352052421773, 1445.869717796325, 1395.6949706667742, 1429.268971011778, 1432.1370115189754, 1404.4377952924422, 1387.600167923099, 1486.2043442501376, 1420.8723596006832, 1429.1303411829454, 1426.7471216280694, 1412.7887532611621, 1454.5506950663987]
critère 7

[1478.596026009442, 1502.8959556784064, 1517.9119503338281, 1411.0172600434946, 1430.3821079812444, 1425.8188329035536, 1365.3682354689147, 1445.8453807646354, 1438.6655272322373, 1398.0501404087215]

[1478.596026009442, 1471.5366620789764, 1474.0080111675866, 1469.173756096991, 1465.171603413115, 1502.8959556784064, 1505.1836194414798, 1474.9393309770435, 1498.8816359307798, 1482.2654182834028, 1517.9119503338281, 1514.96019530639, 1458.0621133719158, 1494.9429391835358, 1482.749958569964, 1411.0172600434946, 1421.0438898777747, 1421.0438898777747, 1460.8951736895365, 1477.7313884268672, 1430.3821079812444, 1433.62108291658, 1420.9435526200969, 1426.424127480333, 1455.8177508541553, 1425.8188329035536, 1428.7388698369375, 1428.7388698369375, 1415.3063063600537, 1424.6030888319747, 1365.3682354689147, 1422.8462559115173, 1366.543331009813, 1371.431580168694, 1454.2717515428358, 1445.8453807646354, 1422.555622000017, 1473.6118314879375, 1473.6118314879375, 1452.5565188296925, 1438.6655272322373, 1428.8197485972394, 1443.9895926336435, 1403.826366027397, 1437.0029114966733, 1398.0501404087215, 1409.0004009565428, 1409.4220363815937, 1393.1403543896163, 1486.81884708728]

[1478.596026009442, 1471.5366620789764, 1474.0080111675866, 1469.173756096991, 1465.171603413115, 1488.9829081569353, 1462.194204964457, 1466.2282418733348, 1466.2282418733348, 1488.078290201699, 1502.8959556784064, 1505.1836194414798, 1474.9393309770435, 1498.8816359307798, 1482.2654182834028, 1498.8816359307798, 1474.9393309770435, 1500.6819033429895, 1499.3587267100013, 1519.8457536256135, 1517.9119503338281, 1514.96019530639, 1458.0621133719158, 1494.9429391835358, 1482.749958569964, 1505.7252090755499, 1482.749958569964, 1505.7252090755499, 1508.789946712817, 1515.584559143562, 1411.0172600434946, 1421.0438898777747, 1421.0438898777747, 1460.8951736895365, 1477.7313884268672, 1448.7697829935576, 1448.7697829935576, 1409.39487347399, 1452.4112831272125, 1475.650368951591, 1430.3821079812444, 1433.62108291658, 1420.9435526200969, 1426.424127480333, 1455.8177508541553, 1413.8642942627696, 1438.083458190012, 1420.9435526200969, 1433.9251284797015, 1450.5504842379194, 1425.8188329035536, 1428.7388698369375, 1428.7388698369375, 1415.3063063600537, 1424.6030888319747, 1421.2075553893549, 1445.0343415511225, 1453.6665734780086, 1403.7910715758544, 1428.2878853438958, 1365.3682354689147, 1422.8462559115173, 1366.543331009813, 1371.431580168694, 1454.2717515428358, 1387.0837067211198, 1444.3145164288135, 1453.3424170958817, 1408.4094824536912, 1372.09173368541, 1445.8453807646354, 1422.555622000017, 1473.6118314879375, 1473.6118314879375, 1452.5565188296925, 1458.053106435028, 1427.408344401261, 1445.8453807646354, 1445.8453807646354, 1445.8453807646354, 1438.6655272322373, 1428.8197485972394, 1443.9895926336435, 1403.826366027397, 1437.0029114966733, 1394.416173426851, 1407.7272769785718, 1412.675947848063, 1379.7684504198996, 1416.5111517051282, 1398.0501404087215, 1409.0004009565428, 1409.4220363815937, 1393.1403543896163, 1486.81884708728, 1393.257967152974, 1399.1743401769763, 1445.107495589863, 1392.8273103492602, 1409.0004009565428]
critère 8

[1551.4640070530545, 1534.2228774744178, 1420.8494492623795, 1483.376333876521, 1485.5570454064643, 1423.6694706763583, 1415.872448577965, 1414.5842731846856, 1419.886462153443, 1459.255182412444]

[1551.4640070530545, 1472.9940704937826, 1476.54018920578, 1507.7367170814987, 1487.9138340776544, 1534.2228774744178, 1534.2228774744178, 1503.5300440222886, 1553.0715807003937, 1505.121047089139, 1420.8494492623795, 1427.3377827573502, 1420.4538670508905, 1420.9022861993683, 1485.2856582973227, 1483.376333876521, 1468.1345938313034, 1473.3283453564377, 1469.1406708583554, 1464.1236203742556, 1485.5570454064643, 1406.7914455981715, 1432.8813619181797, 1434.6212216644378, 1419.2410624619663, 1423.6694706763583, 1419.7996435144753, 1395.3221608169104, 1551.6134323467334, 1416.706497067524, 1415.872448577965, 1443.9374637228925, 1394.1157822046425, 1399.0716327595337, 1418.632392557395, 1414.5842731846856, 1419.1846437682289, 1499.3797813744438, 1493.3048028755518, 1421.2954112497423, 1419.886462153443, 1459.1102099017685, 1385.8012377369319, 1459.1102099017685, 1435.8329379695506, 1459.255182412444, 1512.8953690454578, 1506.1983056586803, 1448.3674731188914, 1477.5588089126434]

[1551.4640070530545, 1472.9940704937826, 1476.54018920578, 1507.7367170814987, 1487.9138340776544, 1535.830264381616, 1539.2142830073183, 1461.4996970924335, 1512.894261473301, 1491.833891634252, 1534.2228774744178, 1534.2228774744178, 1503.5300440222886, 1553.0715807003937, 1505.121047089139, 1572.3729530817716, 1506.2662527730552, 1543.5167211807152, 1538.41846112835, 1567.4929290239145, 1420.8494492623795, 1427.3377827573502, 1420.4538670508905, 1420.9022861993683, 1485.2856582973227, 1393.1173246036983, 1485.2856582973227, 1432.6246947941595, 1470.6875444754842, 1451.1127493113602, 1483.376333876521, 1468.1345938313034, 1473.3283453564377, 1469.1406708583554, 1464.1236203742556, 1440.8968986512916, 1453.9709569669276, 1482.2498091487253, 1480.6331165766262, 1471.7957291903479, 1485.5570454064643, 1406.7914455981715, 1432.8813619181797, 1434.6212216644378, 1419.2410624619663, 1384.9094403647673, 1383.7591604348709, 1432.8813619181797, 1433.8166910404927, 1402.888795968108, 1423.6694706763583, 1419.7996435144753, 1395.3221608169104, 1551.6134323467334, 1416.706497067524, 1462.7518948456543, 1467.5804305422157, 1503.6221446702161, 1386.7839696849671, 1443.709727366153, 1415.872448577965, 1443.9374637228925, 1394.1157822046425, 1399.0716327595337, 1418.632392557395, 1442.644656290821, 1476.459154472324, 1472.3346714511158, 1419.1975791795062, 1475.6256603277584, 1414.5842731846856, 1419.1846437682289, 1499.3797813744438, 1493.3048028755518, 1421.2954112497423, 1405.053109647296, 1403.5094334878731, 1414.5842731846856, 1415.2650575643293, 1414.5842731846856, 1419.886462153443, 1459.1102099017685, 1385.8012377369319, 1459.1102099017685, 1435.8329379695506, 1431.6294517169367, 1392.67726376279, 1404.5816563933436, 1464.2297001887111, 1396.4774490346813, 1459.255182412444, 1512.8953690454578, 1506.1983056586803, 1448.3674731188914, 1477.5588089126434, 1465.2767162210475, 1447.7938374154705, 1460.7831866517854, 1455.2777174280407, 1542.6911865075583]
critère 9

[1551.4640070530545, 1498.1733103210865, 1471.930806028228, 1483.376333876521, 1455.087375984098, 1412.4948116204573, 1418.742315392942, 1414.5842731846856, 1486.7228650162258, 1452.0821616964568]

[1551.4640070530545, 1472.9940704937826, 1476.54018920578, 1507.7367170814987, 1487.9138340776544, 1498.1733103210865, 1498.1733103210865, 1462.0473832899597, 1520.5146251647218, 1504.932778288618, 1471.930806028228, 1413.9275103607793, 1436.1224560196592, 1436.5708751681375, 1409.9528283550162, 1483.376333876521, 1468.1345938313034, 1473.3283453564377, 1469.1406708583554, 1464.1236203742556, 1455.087375984098, 1491.8915467324812, 1434.1741693502513, 1398.7505901119202, 1506.8883176049667, 1412.4948116204573, 1422.5239257233195, 1483.5513606663699, 1545.6540287307491, 1455.0084079551634, 1418.742315392942, 1444.8259642797343, 1392.1840625599175, 1397.7303346263343, 1368.3710535217206, 1414.5842731846856, 1419.1846437682289, 1499.3797813744438, 1493.3048028755518, 1421.2954112497423, 1486.7228650162258, 1502.2856796651654, 1472.1552188604396, 1502.2856796651654, 1496.9047004729068, 1452.0821616964568, 1491.4841977991912, 1482.7459713006435, 1455.5520818610216, 1488.6767337289457]

[1551.4640070530545, 1472.9940704937826, 1476.54018920578, 1507.7367170814987, 1487.9138340776544, 1535.830264381616, 1539.2142830073183, 1461.4996970924335, 1512.894261473301, 1491.833891634252, 1498.1733103210865, 1498.1733103210865, 1462.0473832899597, 1520.5146251647218, 1504.932778288618, 1519.2918506777287, 1464.7835920407265, 1506.8314067210192, 1499.307490361551, 1525.3710075902122, 1471.930806028228, 1413.9275103607793, 1436.1224560196592, 1436.5708751681375, 1409.9528283550162, 1417.5850875836422, 1442.966950947185, 1460.200395212342, 1500.9589370446013, 1420.0840808549608, 1483.376333876521, 1468.1345938313034, 1473.3283453564377, 1469.1406708583554, 1464.1236203742556, 1440.8968986512916, 1453.9709569669276, 1482.2498091487253, 1480.6331165766262, 1471.7957291903479, 1455.087375984098, 1491.8915467324812, 1434.1741693502513, 1398.7505901119202, 1506.8883176049667, 1421.1222342902665, 1441.83249111721, 1400.7023983170604, 1435.1094984725644, 1402.888795968108, 1412.4948116204573, 1422.5239257233195, 1483.5513606663699, 1545.6540287307491, 1455.0084079551634, 1466.1587750590288, 1484.1744999688572, 1520.5241798296363, 1460.9088385050056, 1415.6813413550165, 1418.742315392942, 1444.8259642797343, 1392.1840625599175, 1397.7303346263343, 1368.3710535217206, 1443.533156847663, 1476.459154472324, 1419.9896252931762, 1423.1786095119041, 1476.5141608846002, 1414.5842731846856, 1419.1846437682289, 1499.3797813744438, 1493.3048028755518, 1421.2954112497423, 1405.053109647296, 1403.5094334878731, 1414.5842731846856, 1415.2650575643293, 1414.5842731846856, 1486.7228650162258, 1502.2856796651654, 1472.1552188604396, 1502.2856796651654, 1496.9047004729068, 1504.6556386925554, 1431.8869006600953, 1443.7912932906488, 1492.5849942805385, 1435.6870859319865, 1452.0821616964568, 1491.4841977991912, 1482.7459713006435, 1455.5520818610216, 1488.6767337289457, 1450.161900127565, 1462.9567833104281, 1461.0488241606392, 1433.8324222301007, 1506.5056344485045]
