Instance : Golden_01.xml
Time = 74.54094743728638


res = 5568.246
solution = [[0, 38, 39, 40, 1, 2, 3, 4, 5, 6, 7, 8, 9, 10, 11, 12, 13, 14, 15, 16, 17, 18, 19, 20, 21, 22, 23, 24], [0, 89, 88, 87, 86, 85, 125, 126, 127, 128, 129, 130, 131, 171, 170, 169, 168, 167, 166, 165, 164, 163, 162, 122, 123, 124, 84, 44], [0, 26, 25, 62, 61, 60, 59, 58, 57, 56, 55, 54, 53, 52, 51, 50, 90, 91, 92, 93, 94, 95, 96, 97, 98, 99, 100, 101], [0, 133, 134, 135, 136, 176, 175, 174, 173, 213, 214, 215, 216, 217, 218, 219, 220, 221, 222, 223, 224, 225, 226, 186, 185, 184, 104, 105, 66], [0, 64, 63, 103, 102, 142, 141, 140, 139, 138, 137, 177, 178, 179, 180, 181, 182, 183, 143, 144, 145, 146, 147, 106, 106, 65], [0, 28, 68, 109, 149, 189, 190, 191, 192, 193, 194, 195, 196, 236, 235, 234, 233, 232, 231, 230, 229, 228, 227, 187, 188, 148, 108, 107, 67, 27], [0, 83, 82, 81, 121, 160, 159, 199, 198, 197, 237, 238, 239, 240, 200, 161, 201, 202, 203, 204, 205, 206, 207, 208, 209, 210, 211, 212, 172, 132], [0, 32, 31, 30, 70, 70, 71, 71, 111, 112, 113, 114, 115, 116, 117, 78, 77, 76, 75, 74, 73, 72, 33, 34, 35, 36, 37], [0, 29, 69, 110, 150, 151, 152, 153, 154, 155, 156, 157, 158, 118, 119, 120, 79, 80, 41, 42, 43, 45, 46, 47, 48, 49]]

res = 5571.889
solution = [[0, 38, 39, 40, 1, 2, 3, 4, 5, 6, 7, 8, 9, 10, 11, 12, 13, 14, 15, 16, 17, 18, 19, 20, 21, 22, 23, 24], [0, 89, 88, 87, 86, 85, 125, 126, 127, 128, 129, 130, 131, 171, 170, 169, 168, 167, 166, 165, 164, 163, 162, 122, 123, 124, 124, 84], [0, 83, 82, 81, 121, 160, 159, 199, 198, 197, 237, 238, 239, 240, 200, 161, 201, 202, 203, 204, 205, 206, 207, 208, 209, 210, 211, 212, 172], [0, 132, 133, 134, 135, 136, 176, 175, 174, 173, 213, 214, 215, 216, 217, 218, 219, 220, 221, 222, 223, 224, 225, 226, 186, 185, 184, 104, 64, 26], [0, 54, 53, 52, 51, 50, 90, 91, 92, 93, 94, 95, 96, 97, 98, 99, 100, 101, 62, 61, 60, 59, 58, 57, 56, 55], [0, 65, 105, 106, 107, 147, 146, 145, 144, 143, 183, 182, 181, 180, 179, 178, 177, 137, 138, 139, 140, 141, 142, 102, 103, 63], [0, 27, 68, 109, 149, 189, 190, 191, 192, 193, 194, 195, 196, 236, 235, 234, 233, 232, 231, 230, 229, 228, 227, 187, 188, 148, 108, 67, 66, 25], [0, 37, 36, 35, 34, 33, 72, 73, 74, 75, 76, 77, 78, 117, 116, 115, 114, 113, 112, 111, 71, 70, 30, 31, 32], [0, 28, 29, 69, 110, 150, 151, 152, 153, 154, 155, 156, 157, 158, 118, 119, 120, 79, 80, 41, 42, 43, 44, 45, 46, 47, 48, 49]]

res = 5595.233
solution = [[0, 95, 96, 136, 135, 175, 176, 177, 178, 179, 180, 181, 182, 183, 184, 185, 145, 144, 143, 142, 141, 140, 139, 138, 137, 97, 98, 99, 100, 60], [0, 12, 13, 14, 15, 16, 17, 18, 19, 20, 21, 22, 63, 62, 61, 59, 58, 57, 56, 55, 54, 53, 52, 51, 11, 10, 9, 8], [0, 94, 93, 133, 134, 174, 173, 213, 214, 215, 216, 217, 218, 219, 220, 221, 222, 223, 224, 225, 226, 187, 188, 189, 149, 148, 147, 107, 108, 68], [0, 42, 41, 81, 82, 83, 123, 122, 121, 160, 159, 199, 239, 238, 237, 197, 198, 158, 118, 119, 120, 80, 79, 78, 77, 37], [0, 47, 46, 86, 87, 88, 89, 129, 128, 127, 126, 166, 167, 168, 169, 170, 171, 131, 130, 90, 49, 48], [0, 43, 44, 45, 85, 84, 124, 125, 165, 164, 163, 162, 161, 200, 240, 201, 202, 203, 204, 205, 206, 207, 208, 209, 210, 211, 212, 172, 132, 92, 91, 50], [0, 23, 101, 102, 103, 104, 105, 106, 146, 186, 227, 228, 229, 230, 231, 232, 233, 234, 235, 236, 196, 195, 155, 156, 157, 117, 116, 76, 36], [0, 7, 6, 5, 4, 3, 2, 1, 40, 39, 38, 34, 33, 32, 31, 30, 29, 28, 27, 26, 25, 24, 64, 65, 66, 67], [0, 74, 73, 72, 71, 70, 69, 109, 110, 111, 151, 150, 190, 191, 192, 193, 194, 154, 153, 152, 112, 113, 114, 115, 75, 35]]

res = 5601.69
solution = [[0, 84, 83, 82, 81, 121, 160, 159, 199, 198, 197, 237, 238, 239, 240, 200, 161, 201, 202, 203, 204, 205, 206, 207, 208, 209, 210, 211, 212, 172], [0, 89, 88, 87, 86, 85, 125, 126, 127, 128, 129, 130, 131, 171, 170, 169, 168, 167, 166, 165, 164, 163, 162, 122, 123, 124], [0, 60, 59, 58, 57, 56, 55, 54, 53, 52, 51, 50, 90, 91, 92, 93, 94, 95, 96, 97, 98, 99, 100, 101, 61, 62], [0, 38, 39, 40, 1, 2, 3, 4, 5, 6, 7, 8, 9, 10, 11, 12, 13, 14, 15, 16, 17, 18, 19, 20, 21, 22, 23, 24], [0, 63, 103, 102, 142, 141, 140, 139, 138, 137, 177, 178, 179, 180, 181, 182, 183, 143, 144, 145, 146, 147, 108, 67, 27], [0, 132, 133, 134, 135, 136, 176, 175, 174, 173, 213, 214, 215, 216, 217, 218, 219, 220, 221, 222, 223, 224, 225, 226, 186, 185, 184, 104, 105, 65, 64], [0, 66, 106, 107, 148, 188, 187, 227, 228, 229, 230, 231, 232, 233, 234, 235, 236, 196, 195, 194, 193, 192, 191, 190, 189, 149, 109, 69, 68], [0, 70, 110, 150, 151, 152, 153, 154, 155, 156, 157, 158, 118, 119, 120, 79, 80, 41, 42, 43, 44, 45, 46, 47, 48, 49], [0, 25, 26, 28, 29, 30, 31, 32, 33, 34, 74, 73, 72, 71, 111, 112, 113, 114, 115, 116, 117, 78, 77, 76, 75, 35, 36, 37]]

res = 5619.865
solution = [[0, 94, 93, 133, 134, 174, 214, 215, 216, 217, 218, 219, 220, 221, 222, 223, 224, 225, 226, 227, 228, 188, 147, 107, 108, 68, 67], [0, 55, 95, 96, 97, 137, 136, 135, 175, 176, 177, 178, 179, 180, 181, 182, 183, 184, 144, 143, 142, 141, 140, 139, 138, 98, 99, 100], [0, 39, 77, 76, 117, 116, 156, 157, 158, 198, 197, 237, 238, 239, 199, 159, 160, 120, 119, 118, 78, 79, 80, 41, 42, 43], [0, 9, 8, 47, 48, 88, 87, 127, 128, 129, 130, 131, 171, 170, 169, 168, 167, 207, 208, 209, 210, 211, 212, 213, 173, 172, 132, 92, 50, 10], [0, 44, 84, 83, 82, 81, 121, 122, 123, 163, 162, 161, 200, 240, 201, 202, 203, 204, 205, 206, 166, 165, 164, 124, 125, 126, 86, 85, 45, 46], [0, 75, 74, 114, 115, 155, 195, 196, 236, 235, 234, 233, 232, 231, 230, 229, 229, 189, 190, 191, 192, 193, 194, 154, 153, 113, 73, 72], [0, 66, 65, 64, 63, 103, 104, 105, 106, 146, 145, 185, 186, 187, 148, 149, 150, 151, 152, 112, 111, 110, 109, 69, 70, 71, 31], [0, 3, 4, 5, 6, 7, 49, 89, 90, 91, 51, 52, 53, 54, 56, 57, 58, 59, 60, 61, 101, 102, 62, 22], [0, 11, 12, 13, 14, 15, 16, 17, 18, 19, 20, 21, 23, 24, 25, 26, 27, 28, 29, 30, 32, 33, 34, 35, 36, 37, 38, 40, 1, 2]]

res = 5624.987
solution = [[0, 94, 93, 133, 134, 174, 214, 215, 216, 217, 218, 219, 220, 221, 222, 223, 224, 225, 226, 227, 228, 188, 147, 107, 108, 68, 67], [0, 9, 8, 47, 46, 86, 87, 88, 128, 129, 130, 131, 171, 170, 169, 168, 207, 208, 209, 210, 211, 212, 213, 173, 172, 132, 92, 50, 10], [0, 44, 84, 83, 82, 81, 121, 122, 123, 124, 125, 165, 164, 163, 162, 161, 200, 240, 201, 202, 203, 204, 205, 206, 166, 167, 127, 126, 85, 45], [0, 66, 65, 64, 63, 103, 104, 105, 106, 146, 145, 185, 186, 187, 148, 149, 150, 151, 152, 153, 113, 112, 111, 110, 109, 69, 70, 71, 72, 32], [0, 11, 12, 13, 14, 15, 16, 17, 18, 19, 20, 21, 22, 23, 24, 25, 26, 27, 28, 29, 30, 31, 33, 34, 35, 36, 37, 38], [0, 55, 95, 96, 97, 137, 136, 135, 175, 176, 177, 178, 179, 180, 181, 182, 183, 184, 144, 143, 142, 141, 140, 139, 138, 98, 60, 61], [0, 39, 40, 1, 2, 3, 4, 5, 6, 7, 48, 49, 89, 90, 91, 51, 52, 53, 54, 56, 57, 58, 59, 99, 100, 101, 102, 62], [0, 76, 77, 117, 116, 156, 157, 158, 198, 197, 237, 238, 239, 199, 159, 160, 120, 119, 118, 78, 79, 80, 41, 42, 43], [0, 73, 74, 114, 154, 194, 193, 192, 191, 190, 189, 229, 230, 231, 232, 233, 234, 235, 236, 196, 195, 155, 115, 75]]

res = 5628.656
solution = [[0, 94, 93, 133, 134, 174, 214, 215, 216, 217, 218, 219, 220, 221, 222, 223, 224, 225, 226, 227, 228, 188, 147, 107, 108, 68, 67], [0, 44, 84, 83, 82, 81, 121, 122, 123, 124, 125, 165, 164, 163, 162, 161, 200, 240, 201, 202, 203, 204, 205, 206, 166, 167, 127, 126, 85, 45], [0, 11, 12, 13, 14, 15, 16, 17, 18, 19, 20, 21, 22, 23, 24, 25, 26, 27, 28, 29, 30, 31, 33, 34, 35, 36, 37, 38], [0, 75, 76, 77, 117, 116, 156, 157, 158, 198, 197, 237, 238, 239, 199, 159, 160, 120, 119, 118, 78, 79, 80, 41, 42, 43, 3], [0, 7, 47, 46, 86, 87, 88, 128, 129, 130, 131, 171, 170, 169, 168, 207, 208, 209, 210, 211, 212, 213, 173, 172, 132, 92, 91, 50], [0, 39, 40, 1, 2, 4, 5, 6, 8, 9, 10, 48, 49, 89, 90, 51, 52, 53, 54, 56, 57, 58, 59, 100, 100, 101, 102, 62, 61], [0, 55, 95, 96, 97, 137, 136, 135, 175, 176, 177, 178, 179, 180, 181, 182, 183, 184, 144, 143, 142, 141, 140, 139, 138, 98, 99, 60], [0, 74, 114, 115, 155, 195, 196, 236, 235, 234, 233, 232, 231, 230, 229, 189, 190, 191, 192, 193, 194, 154, 153, 152, 112, 113, 73], [0, 66, 65, 64, 63, 103, 104, 105, 106, 146, 145, 185, 186, 187, 148, 149, 150, 151, 111, 110, 109, 69, 70, 71, 72, 32]]

res = 5629.666
solution = [[0, 11, 12, 13, 14, 15, 16, 17, 18, 19, 20, 21, 22, 23, 24, 25, 26, 27, 28, 29, 30, 31, 33, 34, 35, 36, 37, 38], [0, 45, 85, 126, 127, 167, 166, 206, 205, 204, 203, 202, 201, 240, 200, 161, 162, 163, 164, 165, 125, 124, 123, 122, 121, 81, 82, 83, 84, 44], [0, 67, 68, 108, 107, 147, 188, 228, 227, 226, 225, 224, 223, 222, 221, 220, 219, 218, 217, 216, 215, 214, 174, 134, 133, 93, 94], [0, 66, 65, 64, 63, 103, 104, 105, 106, 146, 145, 185, 186, 187, 148, 149, 150, 151, 111, 110, 109, 69, 70, 71, 72, 32], [0, 9, 8, 47, 46, 86, 87, 88, 128, 129, 130, 131, 171, 170, 169, 168, 207, 208, 209, 210, 211, 212, 213, 173, 172, 132, 92, 50, 10], [0, 73, 113, 112, 152, 153, 154, 194, 193, 192, 191, 190, 189, 229, 230, 231, 232, 233, 234, 235, 236, 196, 195, 155, 115, 114, 74], [0, 43, 42, 41, 80, 79, 78, 118, 119, 120, 160, 159, 199, 239, 238, 237, 197, 198, 158, 157, 156, 116, 117, 77, 76, 75], [0, 61, 99, 98, 138, 139, 140, 141, 142, 143, 144, 184, 183, 182, 181, 180, 179, 178, 177, 176, 175, 135, 136, 137, 97, 96, 95, 55], [0, 62, 102, 101, 100, 60, 59, 58, 57, 56, 54, 53, 52, 51, 91, 90, 89, 49, 48, 7, 6, 5, 4, 3, 2, 1, 39, 40]]

res = 5632.741
solution = [[0, 95, 96, 136, 135, 175, 176, 177, 178, 179, 180, 181, 182, 183, 184, 144, 143, 142, 141, 140, 139, 138, 137, 97, 98, 99, 100, 101, 61, 21], [0, 74, 73, 72, 71, 70, 69, 109, 110, 111, 151, 150, 149, 189, 190, 191, 192, 193, 194, 154, 153, 152, 112, 113, 114, 115, 75, 76], [0, 8, 48, 47, 46, 45, 44, 84, 85, 86, 87, 88, 89, 90, 130, 129, 128, 127, 167, 168, 169, 170, 171, 131, 91, 92, 93, 53], [0, 41, 81, 82, 123, 124, 125, 126, 166, 165, 164, 163, 162, 161, 200, 240, 201, 202, 203, 204, 205, 206, 207, 208, 209, 210, 211, 212, 172, 132, 133], [0, 37, 77, 78, 79, 80, 120, 119, 118, 117, 157, 158, 198, 197, 237, 238, 239, 199, 159, 160, 121, 122, 83, 43, 42], [0, 116, 156, 155, 195, 196, 236, 235, 234, 233, 232, 231, 230, 229, 228, 227, 186, 185, 145, 146, 106, 105, 104, 103, 102, 62, 26], [0, 94, 134, 174, 173, 213, 214, 215, 216, 217, 218, 219, 220, 221, 222, 223, 224, 225, 226, 187, 188, 148, 147, 107, 108, 68, 67], [0, 7, 6, 5, 4, 3, 2, 1, 40, 39, 38, 36, 35, 34, 33, 32, 31, 30, 29, 28, 27, 25, 24, 23, 63, 64, 65, 66], [0, 13, 14, 15, 16, 17, 18, 19, 20, 22, 60, 59, 58, 57, 56, 55, 54, 52, 51, 50, 49, 9, 10, 11, 12]]

res = 5644.73
solution = [[0, 172, 212, 211, 210, 209, 208, 207, 206, 205, 204, 203, 202, 201, 161, 200, 240, 239, 238, 237, 197, 198, 199, 159, 160, 121, 81, 82, 83], [0, 184, 185, 186, 226, 225, 224, 223, 222, 221, 220, 219, 218, 217, 216, 215, 214, 213, 173, 174, 175, 176, 136, 135, 134, 133, 132, 92], [0, 38, 39, 40, 1, 2, 3, 4, 5, 6, 7, 8, 9, 10, 11, 12, 13, 14, 15, 16, 17, 18, 19, 20, 21, 22, 23, 24], [0, 89, 88, 87, 86, 85, 84, 123, 122, 162, 163, 164, 165, 166, 167, 168, 169, 170, 171, 131, 130, 129, 128, 127, 126, 125, 124], [0, 60, 59, 58, 57, 56, 55, 54, 53, 52, 51, 50, 90, 91, 93, 94, 95, 96, 97, 98, 99, 100, 101, 61, 62], [0, 63, 103, 102, 142, 141, 140, 139, 138, 137, 177, 178, 179, 180, 181, 182, 183, 143, 144, 145, 146, 147, 107, 106, 105, 104], [0, 109, 150, 149, 189, 190, 191, 192, 193, 194, 195, 196, 236, 235, 234, 233, 232, 231, 230, 229, 228, 227, 187, 188, 148, 108, 67, 66, 65, 64], [0, 37, 36, 35, 34, 33, 73, 74, 75, 76, 77, 78, 117, 116, 115, 114, 113, 112, 72, 71, 32, 31, 30, 29, 28, 27, 26, 25], [0, 68, 69, 70, 110, 111, 151, 152, 153, 154, 155, 156, 157, 158, 118, 119, 120, 79, 80, 41, 42, 43, 44, 45, 46, 47, 48, 49]]

Mean = 1122.3540262988913
Execution = 4538.160775184631


Instance : Golden_02.xml
