Instance : Golden_02.xml
Time = 114.34182000160217

res = 8741.937
res_int = 8755
solution = [[0, 89, 129, 128, 168, 169, 209, 208, 248, 288, 287, 247, 207, 206, 246, 286, 285, 284, 283, 282, 242, 243, 244, 245, 205, 204, 164, 165, 124, 123, 122, 81, 82, 83, 84, 44, 43, 42], [0, 14, 54, 95, 134, 174, 175, 215, 214, 213, 253, 254, 294, 293, 292, 252, 212, 211, 251, 291, 290, 289, 249, 250, 210, 170, 171, 172, 173, 133, 94, 53, 13], [0, 21, 20, 19, 59, 60, 61, 101, 100, 99, 140, 141, 142, 182, 181, 221, 222, 262, 261, 260, 300, 301, 302, 303, 263, 264, 304, 305, 265, 225, 224, 223, 183, 143, 104, 103, 102, 62, 24], [0, 17, 55, 56, 96, 135, 136, 176, 216, 256, 255, 295, 296, 297, 257, 217, 177, 178, 218, 258, 298, 299, 259, 219, 220, 180, 179, 139, 138, 137, 97, 98, 58, 57, 18], [0, 12, 11, 10, 9, 8, 7, 6, 5, 45, 46, 47, 48, 49, 50, 51, 52, 93, 92, 91, 132, 131, 130, 90, 88, 87, 86, 85, 125, 126, 166, 167, 127], [0, 15, 16, 26, 28, 29, 30, 31, 32, 33, 34, 75, 115, 155, 195, 235, 236, 276, 316, 317, 277, 278, 318, 319, 279, 239, 159, 119, 80, 41, 3, 4], [0, 35, 36, 37, 77, 76, 116, 117, 118, 158, 157, 156, 196, 197, 237, 238, 198, 199, 200, 240, 280, 320, 281, 241, 201, 202, 203, 163, 162, 161, 121, 160, 120, 79, 78, 38, 39, 40, 1, 2], [0, 72, 73, 74, 114, 154, 153, 193, 194, 234, 233, 273, 274, 275, 315, 314, 313, 312, 272, 232, 231, 230, 190, 191, 192, 150, 151, 152, 113, 112, 111, 71], [0, 22, 23, 63, 64, 65, 106, 107, 67, 68, 27], [0, 25, 66, 105, 146, 145, 144, 184, 185, 186, 226, 266, 306, 307, 267, 268, 308, 309, 310, 311, 271, 270, 269, 229, 228, 227, 187, 188, 189, 149, 148, 147, 108, 109, 110, 70, 69]]

res = 8741.937
res_int = 8755
solution = [[0, 89, 129, 128, 168, 169, 209, 208, 248, 288, 287, 247, 207, 206, 246, 286, 285, 284, 283, 282, 242, 243, 244, 245, 205, 204, 164, 165, 124, 123, 122, 81, 82, 83, 84, 44, 43, 42], [0, 14, 54, 95, 134, 174, 175, 215, 214, 213, 253, 254, 294, 293, 292, 252, 212, 211, 251, 291, 290, 289, 249, 250, 210, 170, 171, 172, 173, 133, 94, 53, 13], [0, 21, 20, 19, 59, 60, 61, 101, 100, 99, 140, 141, 142, 182, 181, 221, 222, 262, 261, 260, 300, 301, 302, 303, 263, 264, 304, 305, 265, 225, 224, 223, 183, 143, 104, 103, 102, 62, 24], [0, 17, 55, 56, 96, 135, 136, 176, 216, 256, 255, 295, 296, 297, 257, 217, 177, 178, 218, 258, 298, 299, 259, 219, 220, 180, 179, 139, 138, 137, 97, 98, 58, 57, 18], [0, 12, 11, 10, 9, 8, 7, 6, 5, 45, 46, 47, 48, 49, 50, 51, 52, 93, 92, 91, 132, 131, 130, 90, 88, 87, 86, 85, 125, 126, 166, 167, 127], [0, 15, 16, 26, 28, 29, 30, 31, 32, 33, 34, 75, 115, 155, 195, 235, 236, 276, 316, 317, 277, 278, 318, 319, 279, 239, 159, 119, 80, 41, 3, 4], [0, 35, 36, 37, 77, 76, 116, 117, 118, 158, 157, 156, 196, 197, 237, 238, 198, 199, 200, 240, 280, 320, 281, 241, 201, 202, 203, 163, 162, 161, 121, 160, 120, 79, 78, 38, 39, 40, 1, 2], [0, 72, 73, 74, 114, 154, 153, 193, 194, 234, 233, 273, 274, 275, 315, 314, 313, 312, 272, 232, 231, 230, 190, 191, 192, 150, 151, 152, 113, 112, 111, 71], [0, 22, 23, 63, 64, 65, 106, 107, 67, 68, 27], [0, 25, 66, 105, 146, 145, 144, 184, 185, 186, 226, 266, 306, 307, 267, 268, 308, 309, 310, 311, 271, 270, 269, 229, 228, 227, 187, 188, 189, 149, 148, 147, 108, 109, 110, 70, 69]]

res = 8743.347
res_int = 8756
solution = [[0, 89, 129, 128, 168, 169, 209, 208, 248, 288, 287, 247, 207, 206, 246, 286, 285, 284, 283, 282, 242, 243, 244, 245, 205, 204, 164, 165, 124, 123, 122, 81, 82, 83, 84, 44, 43, 42], [0, 14, 54, 95, 134, 174, 175, 215, 214, 213, 253, 254, 294, 293, 292, 252, 212, 211, 251, 291, 290, 289, 249, 250, 210, 170, 171, 172, 173, 133, 94, 53, 13], [0, 21, 20, 19, 59, 60, 61, 101, 100, 99, 140, 141, 142, 182, 181, 221, 222, 262, 261, 260, 300, 301, 302, 303, 263, 264, 304, 305, 265, 225, 224, 223, 183, 143, 104, 103, 102, 62, 24], [0, 17, 55, 56, 96, 135, 136, 176, 216, 256, 255, 295, 296, 297, 257, 217, 177, 178, 218, 258, 298, 299, 259, 219, 220, 180, 179, 139, 138, 137, 97, 98, 58, 57, 18], [0, 12, 11, 10, 9, 8, 7, 6, 5, 45, 46, 47, 48, 49, 50, 51, 52, 93, 92, 91, 132, 131, 130, 90, 88, 87, 86, 85, 125, 126, 166, 167, 127], [0, 15, 16, 26, 28, 29, 30, 31, 32, 33, 34, 74, 75, 115, 155, 195, 235, 236, 276, 316, 317, 277, 278, 318, 319, 279, 239, 159, 119, 80, 41, 3, 4], [0, 35, 36, 37, 77, 76, 116, 117, 118, 158, 157, 156, 196, 197, 237, 238, 198, 199, 200, 240, 280, 320, 281, 241, 201, 202, 203, 163, 162, 161, 121, 160, 120, 79, 78, 38, 39, 40, 1, 2], [0, 72, 73, 114, 154, 153, 193, 194, 234, 233, 273, 274, 275, 315, 314, 313, 312, 272, 232, 231, 230, 190, 191, 192, 150, 151, 152, 113, 112, 111, 71], [0, 22, 23, 63, 64, 65, 106, 107, 67, 68, 27], [0, 25, 66, 105, 146, 145, 144, 184, 185, 186, 226, 266, 306, 307, 267, 268, 308, 309, 310, 311, 271, 270, 269, 229, 228, 227, 187, 188, 189, 149, 148, 147, 108, 109, 110, 70, 69]]

res = 8754.976
res_int = 8771
solution = [[0, 56, 57, 97, 96, 136, 137, 178, 177, 217, 218, 258, 298, 299, 259, 300, 260, 261, 301, 302, 262, 222, 221, 220, 219, 179, 139, 138, 98, 99, 59, 58], [0, 86, 85, 84, 123, 124, 164, 204, 244, 243, 242, 282, 283, 284, 285, 286, 246, 245, 205, 206, 207, 247, 287, 288, 248, 208, 209, 169, 168, 167, 166, 165, 125, 126, 127, 128, 87], [0, 120, 160, 159, 158, 157, 156, 155, 196, 197, 237, 277, 276, 316, 317, 318, 278, 238, 198, 199, 200, 240, 239, 279, 319, 280, 320, 281, 241, 201, 202, 203, 163, 162, 161, 121, 122, 81, 41], [0, 49, 88, 89, 90, 129, 130, 131, 171, 170, 210, 211, 212, 252, 251, 250, 249, 289, 290, 291, 292, 293, 294, 295, 254, 253, 213, 172, 132, 92, 91, 50, 51, 52, 11], [0, 34, 35, 36, 37, 38, 39, 40, 1, 2, 3, 4, 5, 6, 7, 8, 48, 47, 46, 45, 44, 43, 42, 80, 79, 78, 77, 117, 118, 119, 82, 83], [0, 9, 10, 12, 13, 14, 54, 53, 93, 94, 134, 133, 173, 174, 214, 215, 255, 256, 296, 297, 257, 216, 176, 175, 135, 95, 55, 15, 16, 17, 18, 19, 20, 21, 22], [0, 23, 62, 61, 60, 100, 101, 102, 142, 141, 140, 180, 181, 182, 183, 223, 224, 264, 263, 303, 304, 305, 265, 225, 185, 147, 146, 145, 143, 103, 63, 64, 65, 24, 25, 26, 27, 28, 29], [0, 66, 106, 105, 104, 144, 184, 186, 226, 266, 306, 267, 307, 308, 268, 269, 309, 310, 270, 271, 311, 312, 313, 273, 272, 232, 231, 230, 229, 228, 227, 187, 188, 107, 67], [0, 31, 71, 70, 69, 109, 110, 150, 151, 152, 153, 154, 194, 195, 236, 235, 275, 315, 314, 274, 234, 233, 193, 192, 191, 190, 189, 149, 148, 108, 68, 30], [0, 33, 73, 74, 75, 76, 116, 115, 114, 113, 112, 111, 72, 32]]

res = 8754.976
res_int = 8771
solution = [[0, 56, 57, 97, 96, 136, 137, 178, 177, 217, 218, 258, 298, 299, 259, 300, 260, 261, 301, 302, 262, 222, 221, 220, 219, 179, 139, 138, 98, 99, 59, 58], [0, 86, 85, 84, 123, 124, 164, 204, 244, 243, 242, 282, 283, 284, 285, 286, 246, 245, 205, 206, 207, 247, 287, 288, 248, 208, 209, 169, 168, 167, 166, 165, 125, 126, 127, 128, 87], [0, 120, 160, 159, 158, 157, 156, 155, 196, 197, 237, 277, 276, 316, 317, 318, 278, 238, 198, 199, 200, 240, 239, 279, 319, 280, 320, 281, 241, 201, 202, 203, 163, 162, 161, 121, 122, 81, 41], [0, 49, 88, 89, 90, 129, 130, 131, 171, 170, 210, 211, 212, 252, 251, 250, 249, 289, 290, 291, 292, 293, 294, 295, 254, 253, 213, 172, 132, 92, 91, 50, 51, 52, 11], [0, 34, 35, 36, 37, 38, 39, 40, 1, 2, 3, 4, 5, 6, 7, 8, 48, 47, 46, 45, 44, 43, 42, 80, 79, 78, 77, 117, 118, 119, 82, 83], [0, 9, 10, 12, 13, 14, 54, 53, 93, 94, 134, 133, 173, 174, 214, 215, 255, 256, 296, 297, 257, 216, 176, 175, 135, 95, 55, 15, 16, 17, 18, 19, 20, 21, 22], [0, 23, 62, 61, 60, 100, 101, 102, 142, 141, 140, 180, 181, 182, 183, 223, 224, 264, 263, 303, 304, 305, 265, 225, 185, 147, 146, 145, 143, 103, 63, 64, 65, 24, 25, 26, 27, 28, 29], [0, 66, 106, 105, 104, 144, 184, 186, 226, 266, 306, 267, 307, 308, 268, 269, 309, 310, 270, 271, 311, 312, 313, 273, 272, 232, 231, 230, 229, 228, 227, 187, 188, 107, 67], [0, 31, 71, 70, 69, 109, 110, 150, 151, 152, 153, 154, 194, 195, 236, 235, 275, 315, 314, 274, 234, 233, 193, 192, 191, 190, 189, 149, 148, 108, 68, 30], [0, 33, 73, 74, 75, 76, 116, 115, 114, 113, 112, 111, 72, 32]]

res = 8756.663
res_int = 8770
solution = [[0, 89, 129, 128, 168, 169, 209, 208, 248, 288, 287, 247, 207, 206, 246, 286, 285, 284, 283, 282, 242, 243, 244, 245, 205, 204, 164, 165, 124, 123, 122, 81, 82, 83, 84, 44, 43, 42, 41], [0, 14, 54, 95, 134, 174, 175, 215, 214, 213, 253, 254, 294, 293, 292, 252, 212, 211, 251, 291, 290, 289, 249, 250, 210, 170, 171, 172, 173, 133, 94, 53, 13], [0, 21, 20, 19, 59, 60, 61, 101, 100, 99, 140, 141, 142, 182, 181, 221, 222, 262, 261, 260, 300, 301, 302, 303, 263, 264, 304, 305, 265, 225, 224, 223, 183, 143, 104, 103, 102, 62, 24], [0, 17, 55, 56, 96, 135, 136, 176, 216, 256, 255, 295, 296, 297, 257, 217, 177, 178, 218, 258, 298, 299, 259, 219, 220, 180, 179, 139, 138, 137, 97, 98, 58, 57, 18], [0, 12, 11, 10, 9, 8, 7, 6, 5, 45, 46, 47, 48, 49, 50, 51, 52, 93, 92, 91, 132, 131, 130, 90, 88, 87, 86, 85, 125, 126, 166, 167, 127], [0, 15, 16, 25, 26, 28, 29, 30, 31, 32, 33, 34, 74, 75, 115, 155, 195, 235, 236, 276, 316, 317, 277, 278, 318, 319, 279, 239, 159, 119, 80, 3, 4], [0, 35, 36, 37, 77, 76, 116, 117, 118, 158, 157, 156, 196, 197, 237, 238, 198, 199, 200, 240, 280, 320, 281, 241, 201, 202, 203, 163, 162, 161, 121, 160, 120, 79, 78, 38, 39, 40, 1, 2], [0, 71, 111, 112, 113, 153, 152, 151, 150, 149, 148, 188, 189, 190, 230, 191, 192, 231, 232, 272, 312, 313, 314, 315, 275, 274, 273, 233, 234, 194, 193, 154, 114, 73, 72], [0, 22, 23, 63, 64, 65, 106, 107, 68, 69], [0, 27, 67, 66, 105, 146, 145, 144, 184, 185, 186, 226, 266, 306, 307, 267, 268, 308, 309, 310, 311, 271, 270, 269, 229, 228, 227, 187, 147, 108, 109, 110, 70]]

res = 8762.032
res_int = 8775
solution = [[0, 89, 129, 128, 168, 169, 209, 208, 248, 288, 287, 247, 207, 206, 246, 286, 285, 284, 283, 282, 242, 243, 244, 245, 205, 204, 164, 165, 124, 123, 122, 81, 82, 83, 84, 44, 43, 42, 41], [0, 14, 54, 95, 134, 174, 175, 215, 214, 213, 253, 254, 294, 293, 292, 252, 212, 211, 251, 291, 290, 289, 249, 250, 210, 170, 171, 172, 173, 133, 94, 53, 13], [0, 21, 20, 19, 59, 60, 61, 101, 100, 99, 140, 141, 142, 182, 181, 221, 222, 262, 261, 260, 300, 301, 302, 303, 263, 264, 304, 305, 265, 225, 224, 223, 183, 143, 104, 103, 102, 62, 24], [0, 17, 55, 56, 96, 135, 136, 176, 216, 256, 255, 295, 296, 297, 257, 217, 177, 178, 218, 258, 298, 299, 259, 219, 220, 180, 179, 139, 138, 137, 97, 98, 58, 57, 18], [0, 12, 11, 10, 9, 8, 7, 6, 5, 45, 46, 47, 48, 49, 50, 51, 52, 93, 92, 91, 132, 131, 130, 90, 88, 87, 86, 85, 125, 126, 166, 167, 127], [0, 15, 16, 25, 26, 28, 29, 30, 31, 32, 33, 34, 74, 75, 115, 155, 195, 235, 236, 276, 316, 317, 277, 278, 318, 319, 279, 239, 159, 119, 80, 3, 4], [0, 35, 36, 37, 77, 76, 116, 117, 118, 158, 157, 156, 196, 197, 237, 238, 198, 199, 200, 240, 280, 320, 281, 241, 201, 202, 203, 163, 162, 161, 121, 160, 120, 79, 78, 38, 39, 40, 1, 2], [0, 71, 111, 112, 113, 153, 152, 151, 150, 149, 148, 188, 189, 229, 230, 190, 191, 192, 231, 232, 272, 312, 313, 314, 315, 275, 274, 273, 233, 234, 194, 193, 154, 114, 73, 72], [0, 22, 23, 63, 64, 65, 106, 107, 68], [0, 27, 67, 66, 105, 146, 145, 144, 184, 185, 186, 226, 266, 306, 307, 267, 268, 308, 309, 310, 311, 271, 270, 269, 228, 227, 187, 147, 108, 109, 110, 69, 70]]

res = 8768.628
res_int = 8787
solution = [[0, 53, 94, 95, 135, 134, 133, 173, 174, 175, 215, 214, 213, 253, 254, 294, 293, 292, 291, 290, 289, 249, 250, 251, 252, 212, 211, 210, 170, 171, 172, 132, 92, 93, 52], [0, 44, 43, 83, 84, 85, 86, 127, 126, 166, 165, 164, 204, 205, 245, 244, 243, 242, 282, 283, 284, 285, 286, 246, 206, 207, 247, 287, 288, 248, 208, 209, 169, 168, 167, 128, 129], [0, 60, 59, 58, 57, 56, 55, 96, 136, 137, 138, 178, 218, 217, 177, 176, 216, 256, 255, 295, 296, 297, 257, 258, 298, 299, 259, 219, 220, 180, 179, 139, 140, 100, 99, 98, 97], [0, 23, 62, 61, 101, 141, 181, 182, 222, 221, 260, 300, 301, 261, 262, 302, 303, 263, 264, 304, 305, 265, 225, 224, 223, 183, 143, 142, 102, 103, 63, 64, 24, 25, 26, 35, 36], [0, 50, 49, 48, 47, 46, 45, 87, 88, 89, 90, 130, 131, 91, 51], [0, 33, 34, 75, 74, 73, 72, 32, 31, 30, 29, 28, 27, 22, 21, 20, 19, 18, 17, 16, 15, 54, 14, 13, 12, 11, 10, 9, 8, 7, 6, 5, 4, 3, 2], [0, 125, 124, 123, 122, 162, 163, 203, 202, 201, 241, 281, 320, 280, 319, 279, 239, 240, 161, 200, 199, 238, 278, 318, 317, 316, 276, 277, 237, 197, 198, 158, 118, 37], [0, 38, 39, 40, 1, 42, 41, 80, 79, 78, 77, 76, 115, 116, 117, 119, 120, 81, 82, 121, 160, 159, 157, 156, 155, 154, 114, 113, 112, 111, 71], [0, 67, 108, 107, 147, 148, 188, 189, 190, 191, 192, 232, 233, 234, 274, 314, 315, 275, 235, 236, 196, 195, 194, 193, 153, 152, 151, 150, 149, 109, 110, 69, 70], [0, 66, 65, 104, 144, 184, 185, 226, 266, 306, 307, 267, 268, 308, 309, 310, 311, 312, 313, 273, 272, 271, 231, 230, 270, 269, 229, 228, 227, 187, 186, 146, 145, 105, 106, 68]]

res = 8768.628
res_int = 8787
solution = [[0, 53, 94, 95, 135, 134, 133, 173, 174, 175, 215, 214, 213, 253, 254, 294, 293, 292, 291, 290, 289, 249, 250, 251, 252, 212, 211, 210, 170, 171, 172, 132, 92, 93, 52], [0, 44, 43, 83, 84, 85, 86, 127, 126, 166, 165, 164, 204, 205, 245, 244, 243, 242, 282, 283, 284, 285, 286, 246, 206, 207, 247, 287, 288, 248, 208, 209, 169, 168, 167, 128, 129], [0, 60, 59, 58, 57, 56, 55, 96, 136, 137, 138, 178, 218, 217, 177, 176, 216, 256, 255, 295, 296, 297, 257, 258, 298, 299, 259, 219, 220, 180, 179, 139, 140, 100, 99, 98, 97], [0, 23, 62, 61, 101, 141, 181, 182, 222, 221, 260, 300, 301, 261, 262, 302, 303, 263, 264, 304, 305, 265, 225, 224, 223, 183, 143, 142, 102, 103, 63, 64, 24, 25, 26, 35, 36], [0, 50, 49, 48, 47, 46, 45, 87, 88, 89, 90, 130, 131, 91, 51], [0, 33, 34, 75, 74, 73, 72, 32, 31, 30, 29, 28, 27, 22, 21, 20, 19, 18, 17, 16, 15, 54, 14, 13, 12, 11, 10, 9, 8, 7, 6, 5, 4, 3, 2], [0, 125, 124, 123, 122, 162, 163, 203, 202, 201, 241, 281, 320, 280, 319, 279, 239, 240, 161, 200, 199, 238, 278, 318, 317, 316, 276, 277, 237, 197, 198, 158, 118, 37], [0, 38, 39, 40, 1, 42, 41, 80, 79, 78, 77, 76, 115, 116, 117, 119, 120, 81, 82, 121, 160, 159, 157, 156, 155, 154, 114, 113, 112, 111, 71], [0, 67, 108, 107, 147, 148, 188, 189, 190, 191, 192, 232, 233, 234, 274, 314, 315, 275, 235, 236, 196, 195, 194, 193, 153, 152, 151, 150, 149, 109, 110, 69, 70], [0, 66, 65, 104, 144, 184, 185, 226, 266, 306, 307, 267, 268, 308, 309, 310, 311, 312, 313, 273, 272, 271, 231, 230, 270, 269, 229, 228, 227, 187, 186, 146, 145, 105, 106, 68]]

res = 8773.609
res_int = 8790
solution = [[0, 56, 57, 97, 96, 136, 137, 178, 177, 217, 218, 258, 298, 299, 259, 300, 260, 261, 301, 302, 262, 222, 221, 220, 219, 179, 139, 138, 98, 99, 59, 58], [0, 86, 85, 84, 123, 124, 164, 204, 244, 243, 242, 282, 283, 284, 285, 286, 246, 245, 205, 206, 207, 247, 287, 288, 248, 208, 209, 169, 168, 167, 166, 165, 125, 126, 127, 128, 87], [0, 120, 160, 159, 158, 157, 156, 155, 196, 197, 237, 277, 276, 316, 317, 318, 278, 238, 198, 199, 200, 240, 239, 279, 319, 280, 320, 281, 241, 201, 202, 203, 163, 162, 161, 121, 122, 81, 41], [0, 49, 88, 89, 90, 129, 130, 131, 171, 170, 210, 211, 212, 252, 251, 250, 249, 289, 290, 291, 292, 293, 294, 295, 254, 253, 213, 172, 132, 92, 91, 50, 51, 52, 11], [0, 67, 68, 69, 70, 110, 109, 108, 148, 149, 150, 189, 190, 191, 192, 193, 233, 234, 274, 314, 315, 275, 235, 236, 195, 194, 154, 153, 152, 151, 111, 71, 31], [0, 34, 35, 36, 37, 38, 39, 40, 1, 2, 3, 4, 5, 6, 7, 8, 48, 47, 46, 45, 44, 43, 42, 80, 79, 78, 77, 117, 118, 119, 82, 83], [0, 9, 10, 12, 13, 14, 54, 53, 93, 94, 134, 133, 173, 174, 214, 215, 255, 256, 296, 297, 257, 216, 176, 175, 135, 95, 55, 15, 16, 17, 18, 19, 20, 21, 22], [0, 32, 33, 73, 74, 75, 76, 116, 115, 114, 113, 112, 72, 30], [0, 23, 62, 61, 60, 100, 101, 102, 142, 141, 140, 180, 181, 182, 183, 223, 224, 264, 263, 303, 304, 305, 265, 225, 185, 147, 146, 145, 143, 103, 63, 64, 65, 24, 25, 26, 27, 28, 29], [0, 105, 104, 144, 184, 186, 226, 266, 306, 267, 307, 308, 268, 269, 309, 310, 270, 271, 311, 312, 313, 273, 272, 232, 231, 230, 229, 228, 227, 187, 188, 107, 106, 66]]

Mean = 8756.673356114316
Execution = 3164.314599752426

Instance : Golden_03.xml
Time = 258.7593984603882
Instance : Golden_02.xml
Time = 117.96680283546448
Instance : Golden_02.xml
Time = 116.57112455368042
