Instance : Golden_01.xml
Time = 172.0178303718567
Instance : Golden_01.xml
Time = 168.62297177314758
Instance : Golden_01.xml
Time = 167.8224217891693
Instance : Golden_01.xml
Time = 162.34532737731934
Instance : Golden_01.xml
Time = 164.22411704063416

res = 5584.403
res_int = 5588
solution = [[0, 128, 168, 167, 166, 165, 164, 163, 162, 161, 200, 240, 201, 202, 203, 204, 205, 206, 207, 208, 209, 169, 170, 171, 172, 173, 174, 175, 176, 136, 96], [0, 114, 115, 116, 117, 118, 119, 120, 81, 82, 83, 84, 85, 87, 88, 89, 90, 91, 92, 93, 94, 95, 97, 98, 99, 100, 101, 102], [0, 2, 2, 1, 40, 39, 38, 37, 36, 35, 34, 74, 75, 76, 77, 78, 79, 80, 41, 42, 43, 3], [0, 5, 46, 47, 48, 49, 50, 51, 52, 53, 54, 55, 56, 57, 58, 59, 60, 61, 62, 63, 64, 65, 66, 67, 68, 69, 70, 71], [0, 6, 7, 8, 9, 10, 11, 12, 13, 14, 15, 16, 17, 18, 19, 20, 21, 22, 23, 24, 25, 26, 27, 28, 29, 30, 31, 32], [0, 210, 211, 212, 213, 214, 215, 216, 217, 218, 219, 220, 221, 222, 223, 224, 225, 226, 186, 185, 184, 183, 182, 181, 180, 179, 178, 177], [0, 129, 130, 131, 132, 133, 134, 135, 137, 138, 139, 140, 141, 142, 143, 144, 145, 146, 147, 148, 149, 109, 108, 107, 106, 105, 104, 103], [0, 33, 73, 113, 153, 154, 155, 156, 157, 158, 198, 197, 237, 238, 239, 199, 159, 160, 121, 122, 123, 124, 125, 126, 127, 86, 45, 44, 4], [0, 72, 112, 152, 192, 193, 194, 195, 196, 236, 235, 234, 233, 232, 231, 230, 229, 228, 227, 187, 188, 189, 190, 191, 151, 150, 110, 111]]

res = 5589.84
res_int = 5594
solution = [[0, 73, 113, 153, 154, 155, 156, 157, 158, 198, 197, 237, 238, 239, 199, 159, 160, 121, 122, 123, 124, 125, 126, 127, 86, 45, 44, 4], [0, 111, 110, 150, 151, 191, 190, 189, 188, 187, 227, 228, 229, 230, 231, 232, 233, 234, 235, 236, 196, 195, 194, 193, 192, 152, 112, 72], [0, 210, 211, 212, 213, 214, 215, 216, 217, 218, 219, 220, 221, 222, 223, 224, 225, 226, 186, 185, 184, 183, 182, 181, 180, 179, 178, 177], [0, 128, 168, 167, 166, 165, 164, 163, 162, 161, 200, 240, 201, 202, 203, 204, 205, 206, 207, 208, 209, 169, 170, 171, 172, 173, 174, 175, 176, 136, 96], [0, 129, 130, 131, 132, 133, 134, 135, 137, 138, 139, 140, 141, 142, 143, 144, 145, 146, 147, 148, 149, 109, 108, 107, 106, 105, 104, 103], [0, 114, 115, 116, 117, 118, 119, 120, 81, 82, 83, 84, 85, 87, 88, 89, 90, 91, 92, 93, 94, 95, 97, 98, 99, 100, 101, 102], [0, 2, 2, 1, 40, 39, 38, 37, 36, 35, 34, 33, 74, 75, 76, 77, 78, 79, 80, 41, 42, 43, 3], [0, 5, 46, 47, 48, 49, 50, 51, 52, 53, 54, 55, 56, 57, 58, 59, 60, 61, 62, 63, 64, 65, 66, 67, 68, 69, 70, 71], [0, 6, 7, 8, 9, 10, 11, 12, 13, 14, 15, 16, 17, 18, 19, 20, 21, 22, 23, 24, 25, 26, 27, 28, 29, 30, 31, 32]]

res = 5589.84
res_int = 5594
solution = [[0, 129, 130, 131, 132, 133, 134, 135, 137, 138, 139, 140, 141, 142, 143, 144, 145, 146, 147, 148, 149, 109, 108, 107, 106, 105, 104, 103], [0, 114, 115, 116, 117, 118, 119, 120, 81, 82, 83, 84, 85, 87, 88, 89, 90, 91, 92, 93, 94, 95, 97, 98, 99, 100, 101, 102], [0, 5, 46, 47, 48, 49, 50, 51, 52, 53, 54, 55, 56, 57, 58, 59, 60, 61, 62, 63, 64, 65, 66, 67, 68, 69, 70, 71], [0, 6, 7, 8, 9, 10, 11, 12, 13, 14, 15, 16, 17, 18, 19, 20, 21, 22, 23, 24, 25, 26, 27, 28, 29, 30, 31, 32], [0, 2, 2, 1, 40, 39, 38, 37, 36, 35, 34, 33, 74, 75, 76, 77, 78, 79, 80, 41, 42, 43, 3], [0, 111, 110, 150, 151, 191, 190, 189, 188, 187, 227, 228, 229, 230, 231, 232, 233, 234, 235, 236, 196, 195, 194, 193, 192, 152, 112, 72], [0, 73, 113, 153, 154, 155, 156, 157, 158, 198, 197, 237, 238, 239, 199, 159, 160, 121, 122, 123, 124, 125, 126, 127, 86, 45, 44, 4], [0, 210, 211, 212, 213, 214, 215, 216, 217, 218, 219, 220, 221, 222, 223, 224, 225, 226, 186, 185, 184, 183, 182, 181, 180, 179, 178, 177], [0, 128, 168, 167, 166, 165, 164, 163, 162, 161, 200, 240, 201, 202, 203, 204, 205, 206, 207, 208, 209, 169, 170, 171, 172, 173, 174, 175, 176, 136, 96]]

res = 5597.768
res_int = 5602
solution = [[0, 114, 115, 116, 117, 118, 119, 120, 81, 82, 83, 84, 85, 87, 88, 89, 90, 91, 92, 93, 94, 95, 97, 98, 99, 100, 101, 102], [0, 5, 46, 47, 48, 49, 50, 51, 52, 53, 54, 55, 56, 57, 58, 59, 60, 61, 62, 63, 64, 65, 66, 67, 68, 69, 70, 71], [0, 32, 31, 30, 29, 28, 27, 26, 25, 24, 23, 22, 21, 20, 19, 18, 17, 16, 15, 14, 13, 12, 11, 10, 9, 8, 7, 6], [0, 171, 211, 212, 213, 214, 215, 216, 217, 218, 219, 220, 221, 222, 223, 224, 225, 226, 186, 185, 184, 183, 182, 181, 180, 179, 178, 177], [0, 96, 136, 176, 175, 174, 173, 172, 210, 209, 208, 207, 206, 205, 204, 203, 202, 201, 240, 200, 161, 162, 163, 164, 165, 166, 167, 168, 169, 170, 129, 128], [0, 130, 131, 132, 133, 134, 135, 137, 138, 139, 140, 141, 142, 143, 144, 145, 146, 147, 148, 149, 109, 108, 107, 106, 105, 104, 103], [0, 73, 113, 153, 154, 155, 156, 157, 197, 196, 236, 237, 238, 239, 199, 198, 158, 159, 160, 121, 122, 123, 124, 125, 126, 127, 86, 45, 44, 4], [0, 3, 43, 42, 41, 80, 79, 78, 77, 76, 75, 74, 34, 35, 36, 37, 38, 39, 40, 1, 2, 2], [0, 111, 110, 150, 151, 191, 190, 189, 188, 187, 227, 228, 229, 230, 231, 232, 233, 234, 235, 195, 194, 193, 192, 152, 112, 72, 33]]

res = 5598.468
res_int = 5603
solution = [[0, 114, 154, 155, 156, 157, 158, 198, 197, 196, 236, 237, 238, 239, 199, 159, 160, 121, 122, 123, 124, 125, 126, 127, 86, 45, 44, 4], [0, 111, 110, 150, 151, 191, 190, 189, 188, 187, 227, 228, 229, 230, 231, 232, 233, 234, 235, 195, 194, 193, 192, 152, 153, 113, 112, 72], [0, 210, 211, 212, 213, 214, 215, 216, 217, 218, 219, 220, 221, 222, 223, 224, 225, 226, 186, 185, 184, 183, 182, 181, 180, 179, 178, 177], [0, 128, 168, 167, 166, 165, 164, 163, 162, 161, 200, 240, 201, 202, 203, 204, 205, 206, 207, 208, 209, 169, 170, 171, 172, 173, 174, 175, 176, 136, 96], [0, 129, 130, 131, 132, 133, 134, 135, 137, 138, 139, 140, 141, 142, 143, 144, 145, 146, 147, 148, 149, 109, 108, 107, 106, 105, 104, 103], [0, 102, 101, 100, 99, 98, 97, 95, 94, 93, 92, 91, 90, 89, 88, 87, 85, 84, 83, 82, 81, 120, 119, 118, 117, 116, 115, 75], [0, 2, 2, 1, 40, 39, 38, 37, 36, 35, 34, 33, 73, 74, 76, 77, 78, 79, 80, 41, 42, 43, 3], [0, 5, 46, 47, 48, 49, 50, 51, 52, 53, 54, 55, 56, 57, 58, 59, 60, 61, 62, 63, 64, 65, 66, 67, 68, 69, 70, 71], [0, 6, 7, 8, 9, 10, 11, 12, 13, 14, 15, 16, 17, 18, 19, 20, 21, 22, 23, 24, 25, 26, 27, 28, 29, 30, 31, 32]]

res = 5599.097
res_int = 5604
solution = [[0, 5, 46, 47, 48, 49, 50, 51, 52, 53, 54, 55, 56, 57, 58, 59, 60, 61, 62, 63, 64, 65, 66, 67, 68, 69, 70, 71], [0, 6, 7, 8, 9, 10, 11, 12, 13, 14, 15, 16, 17, 18, 19, 20, 21, 22, 23, 24, 25, 26, 27, 28, 29, 30, 31, 32], [0, 130, 131, 132, 133, 134, 135, 137, 138, 139, 140, 141, 142, 143, 144, 145, 146, 147, 148, 149, 109, 108, 107, 106, 105, 104, 103], [0, 114, 115, 116, 117, 118, 119, 120, 81, 82, 83, 84, 85, 87, 88, 89, 90, 91, 92, 93, 94, 95, 97, 98, 99, 100, 101, 102], [0, 96, 136, 176, 175, 174, 173, 172, 171, 210, 209, 208, 207, 206, 205, 204, 203, 202, 201, 240, 200, 161, 162, 163, 164, 165, 166, 167, 168, 169, 129, 128], [0, 170, 211, 212, 213, 214, 215, 216, 217, 218, 219, 220, 221, 222, 223, 224, 225, 226, 186, 185, 184, 183, 182, 181, 180, 179, 178, 177], [0, 2, 2, 1, 40, 39, 38, 37, 36, 35, 34, 74, 75, 76, 77, 78, 79, 80, 41, 42, 43, 3], [0, 111, 110, 150, 151, 191, 190, 189, 188, 187, 227, 228, 229, 230, 231, 232, 233, 234, 195, 196, 156, 155, 154, 153, 113, 73, 33], [0, 72, 112, 152, 192, 193, 194, 235, 236, 237, 238, 239, 199, 198, 197, 157, 158, 159, 160, 121, 122, 123, 124, 125, 126, 127, 86, 45, 44, 4]]

res = 5599.306
res_int = 5603
solution = [[0, 129, 130, 131, 172, 173, 174, 175, 176, 177, 137, 138, 139, 140, 141, 142, 143, 144, 145, 146, 147, 148, 149, 109, 108, 107, 106, 105, 104, 103], [0, 102, 101, 100, 99, 98, 97, 95, 94, 93, 92, 91, 90, 89, 88, 87, 85, 84, 83, 82, 81, 120, 119, 118, 117, 116, 115, 114], [0, 30, 29, 28, 27, 26, 25, 24, 23, 22, 21, 20, 19, 18, 17, 16, 15, 14, 13, 12, 11, 10, 9, 8, 7, 6, 5], [0, 47, 48, 49, 50, 51, 52, 53, 54, 55, 56, 57, 58, 59, 60, 61, 62, 63, 64, 65, 66, 67, 68, 69, 70, 71, 31, 32], [0, 169, 170, 211, 212, 213, 214, 215, 216, 217, 218, 219, 220, 221, 222, 223, 224, 225, 226, 186, 185, 184, 183, 182, 181, 180, 179, 178], [0, 113, 153, 154, 155, 156, 157, 158, 198, 197, 237, 238, 239, 199, 159, 160, 121, 122, 123, 124, 125, 126, 86, 46, 45, 44, 4], [0, 96, 136, 135, 134, 133, 132, 171, 210, 209, 208, 207, 206, 205, 204, 203, 202, 201, 240, 200, 161, 162, 163, 164, 165, 166, 167, 168, 128, 127], [0, 3, 43, 42, 41, 80, 79, 78, 77, 76, 75, 74, 73, 33, 34, 35, 36, 37, 38, 39, 40, 1, 2, 2], [0, 72, 112, 152, 192, 193, 194, 195, 196, 236, 235, 234, 233, 232, 231, 230, 229, 228, 227, 187, 188, 189, 190, 191, 151, 150, 110, 111]]

res = 5603.604
res_int = 5608
solution = [[0, 210, 211, 212, 213, 214, 215, 216, 217, 218, 219, 220, 221, 222, 223, 224, 225, 226, 186, 185, 184, 183, 182, 181, 180, 179, 178, 177], [0, 128, 168, 167, 166, 165, 164, 163, 162, 161, 200, 240, 201, 202, 203, 204, 205, 206, 207, 208, 209, 169, 170, 171, 172, 173, 174, 175, 176, 136, 96, 56], [0, 129, 130, 131, 132, 133, 134, 135, 137, 138, 139, 140, 141, 142, 143, 144, 145, 146, 147, 148, 149, 108, 107, 106, 105, 104, 103], [0, 115, 116, 117, 118, 119, 120, 81, 82, 83, 84, 85, 86, 87, 88, 89, 90, 91, 92, 93, 94, 95, 97, 98, 99, 100, 101, 102], [0, 5, 46, 47, 48, 49, 50, 51, 52, 53, 54, 55, 57, 58, 59, 60, 61, 62, 63, 64, 65, 66, 67, 68, 69, 70, 71, 72], [0, 6, 7, 8, 9, 10, 11, 12, 13, 14, 15, 16, 17, 18, 19, 20, 21, 22, 23, 24, 25, 26, 27, 28, 29, 30, 31, 32], [0, 2, 2, 1, 40, 39, 38, 37, 36, 35, 34, 74, 75, 76, 77, 78, 79, 80, 41, 42, 43, 3], [0, 109, 110, 150, 151, 191, 190, 189, 188, 187, 227, 228, 229, 230, 231, 232, 233, 234, 235, 195, 194, 193, 192, 152, 111, 112, 73, 33], [0, 114, 113, 153, 154, 155, 156, 157, 197, 196, 236, 237, 238, 239, 199, 198, 158, 159, 160, 121, 122, 123, 124, 125, 126, 127, 45, 44, 4]]

res = 5616.721
res_int = 5621
solution = [[0, 210, 211, 212, 213, 214, 215, 216, 217, 218, 219, 220, 221, 222, 223, 224, 225, 226, 186, 185, 184, 183, 182, 181, 180, 179, 178, 177], [0, 128, 168, 167, 166, 165, 164, 163, 162, 161, 200, 240, 201, 202, 203, 204, 205, 206, 207, 208, 209, 169, 170, 171, 172, 173, 174, 175, 176, 136, 96], [0, 32, 31, 30, 29, 28, 27, 26, 25, 24, 23, 22, 21, 20, 19, 18, 17, 16, 15, 14, 13, 12, 11, 6, 7, 8, 9, 10], [0, 129, 130, 131, 132, 133, 134, 135, 137, 138, 139, 140, 141, 142, 143, 144, 145, 146, 147, 148, 149, 109, 108, 107, 106, 105, 104, 103], [0, 5, 46, 47, 48, 49, 50, 51, 52, 53, 54, 55, 56, 57, 58, 59, 60, 61, 62, 63, 64, 65, 66, 67, 68, 69, 70, 71], [0, 102, 101, 100, 99, 98, 97, 95, 94, 93, 92, 91, 90, 89, 88, 87, 85, 84, 83, 82, 81, 120, 119, 118, 117, 116, 115, 75], [0, 114, 154, 155, 156, 157, 158, 198, 197, 196, 236, 237, 238, 239, 199, 159, 160, 121, 122, 123, 124, 125, 126, 127, 86, 45, 44, 4], [0, 111, 110, 150, 151, 191, 190, 189, 188, 187, 227, 228, 229, 230, 231, 232, 233, 234, 235, 195, 194, 193, 192, 152, 153, 113, 112, 72], [0, 3, 43, 42, 41, 80, 79, 78, 77, 76, 74, 73, 33, 34, 35, 36, 37, 38, 39, 40, 1, 2, 2]]

res = 5623.756
res_int = 5628
solution = [[0, 210, 211, 212, 213, 214, 215, 216, 217, 218, 219, 220, 221, 222, 223, 224, 225, 226, 186, 185, 184, 183, 182, 181, 180, 179, 178, 177], [0, 129, 128, 168, 167, 166, 165, 164, 163, 162, 161, 200, 240, 201, 202, 203, 204, 205, 206, 207, 208, 209, 169, 170, 171, 172, 173, 174, 175, 176, 136, 96], [0, 6, 7, 8, 9, 10, 11, 12, 13, 14, 15, 16, 17, 18, 19, 20, 21, 22, 23, 24, 25, 26, 27, 28, 29, 30, 31, 32], [0, 117, 116, 115, 114, 154, 155, 156, 157, 158, 198, 197, 237, 238, 239, 199, 159, 160, 121, 122, 123, 124, 125, 126, 127, 87], [0, 105, 104, 103, 102, 101, 100, 99, 98, 97, 95, 94, 93, 92, 91, 89, 88, 86, 85, 84, 83, 82, 81, 120, 119, 118, 78], [0, 46, 47, 48, 49, 50, 51, 52, 53, 54, 55, 56, 57, 58, 59, 60, 61, 62, 63, 64, 65, 66, 67, 68, 69, 70, 71, 72], [0, 90, 130, 131, 132, 133, 134, 135, 137, 138, 139, 140, 141, 142, 143, 144, 145, 146, 147, 106, 107, 108, 109, 110, 111, 112], [0, 5, 45, 44, 43, 42, 41, 80, 79, 77, 76, 75, 74, 34, 35, 36, 37, 38, 39, 40, 1, 2, 2, 3, 4], [0, 148, 149, 150, 151, 191, 190, 189, 188, 187, 227, 228, 229, 230, 231, 232, 233, 234, 235, 236, 196, 195, 194, 193, 192, 152, 153, 113, 73, 33]]

Mean = 5600.280354875133
Execution = 11439.449647426605

Instance : Golden_02.xml
Time = 368.70880818367004
