Instance : Golden_01.xml
Time = 40.64214897155762
Instance : Golden_01.xml
Time = 82.0367693901062
Instance : Golden_01.xml
Time = 102.60557651519775

res = 5568.916
res_int = 5573
solution = [[0, 36, 37, 77, 76, 75, 114, 115, 116, 117, 157, 156, 155, 154, 153, 193, 194, 195, 235, 234, 233, 232, 192, 152, 111, 110, 71, 70, 69, 68], [0, 9, 8, 7, 6, 5, 4, 3, 2, 1, 40, 39, 38, 78, 79, 80, 42, 43, 45, 46, 47, 48, 49, 50, 51, 52, 53], [0, 120, 119, 118, 158, 198, 197, 196, 236, 237, 238, 239, 240, 201, 202, 203, 163, 162, 161, 200, 199, 159, 160, 121, 122, 82, 81, 41], [0, 10, 11, 12, 13, 14, 15, 16, 17, 18, 19, 20, 21, 23, 24, 25, 26, 27, 28, 29, 30, 31, 32, 33, 34, 35], [0, 74, 73, 72, 113, 112, 151, 191, 231, 230, 229, 228, 227, 226, 225, 185, 186, 187, 188, 189, 190, 150, 149, 148, 109, 108, 67, 66, 65, 64], [0, 85, 86, 87, 88, 128, 127, 167, 168, 169, 170, 210, 209, 208, 207, 206, 205, 204, 164, 165, 166, 126, 125, 124, 123, 83, 84, 44], [0, 54, 94, 93, 92, 91, 90, 89, 129, 130, 131, 171, 211, 212, 213, 214, 174, 173, 172, 132, 133, 134, 135, 95, 55, 56, 57], [0, 58, 98, 97, 96, 136, 137, 138, 178, 177, 176, 175, 215, 216, 217, 218, 219, 220, 221, 181, 180, 179, 139, 140, 100, 99, 59, 60, 61], [0, 63, 103, 104, 105, 106, 107, 147, 146, 145, 144, 143, 183, 184, 224, 223, 222, 182, 142, 141, 101, 102, 62, 22]]

res = 5588.992
res_int = 5591
solution = [[0, 10, 11, 12, 13, 14, 15, 17, 18, 19, 20, 21, 22, 64, 65, 66, 67, 68, 69, 70, 30, 29, 28, 27, 26, 25, 24, 23], [0, 36, 37, 38, 39, 40, 1, 2, 4, 5, 6, 7, 47, 46, 45, 44, 42, 41, 80, 79, 78, 77, 76, 75, 74, 34, 33], [0, 73, 114, 115, 155, 156, 157, 158, 198, 197, 237, 238, 239, 240, 201, 202, 162, 161, 200, 199, 159, 160, 120, 119, 118, 117, 116, 35], [0, 50, 51, 52, 53, 54, 94, 93, 92, 132, 133, 134, 135, 175, 215, 216, 176, 136, 97, 98, 99, 100, 60, 59, 58, 57, 56, 16], [0, 71, 111, 110, 109, 108, 148, 149, 150, 151, 152, 153, 193, 192, 191, 190, 189, 188, 187, 186, 146, 147, 107, 106, 105, 104, 63], [0, 9, 49, 89, 90, 91, 131, 171, 172, 173, 174, 214, 213, 212, 211, 210, 209, 169, 170, 130, 129, 128, 127, 87, 88, 48, 8], [0, 84, 85, 86, 126, 125, 124, 164, 165, 166, 167, 168, 208, 207, 206, 205, 204, 203, 163, 123, 122, 121, 81, 82, 83, 43, 3], [0, 101, 102, 142, 182, 183, 184, 224, 223, 222, 221, 220, 219, 218, 217, 177, 178, 179, 180, 181, 141, 140, 139, 138, 137, 96, 95, 55], [0, 61, 62, 103, 143, 144, 145, 185, 225, 226, 227, 228, 229, 230, 231, 232, 233, 234, 235, 236, 196, 195, 194, 154, 113, 112, 72, 32, 31]]

res = 5594.06
res_int = 5597
solution = [[0, 29, 28, 27, 26, 25, 24, 23, 22, 21, 19, 18, 16, 15, 14, 13, 12, 11, 10, 9, 8, 5, 4, 1, 40, 39, 38, 37, 36, 35], [0, 20, 59, 60, 61, 102, 101, 100, 99, 98, 97, 96, 95, 94, 93, 92, 91, 90, 89, 49, 50, 51, 52, 53, 54, 55, 56, 57, 58, 17], [0, 80, 120, 160, 200, 199, 198, 197, 237, 238, 239, 240, 201, 202, 203, 204, 205, 206, 207, 167, 166, 165, 164, 163, 162, 161, 121, 81, 41, 2], [0, 62, 63, 64, 65, 66, 67, 68, 69, 70, 71, 72, 113, 114, 115, 116, 117, 118, 119, 79, 78, 77, 76, 75, 74, 34], [0, 6, 47, 46, 45, 85, 86, 87, 127, 126, 125, 124, 123, 122, 82, 83, 84, 44, 43, 42, 3], [0, 7, 48, 88, 128, 129, 130, 131, 171, 170, 169, 168, 208, 209, 210, 211, 212, 213, 214, 215, 216, 176, 175, 174, 173, 172, 132, 133, 134, 135], [0, 159, 158, 157, 156, 155, 154, 153, 193, 194, 195, 196, 236, 235, 234, 233, 232, 231, 190, 189, 188, 187, 147, 148, 108, 30, 31, 32], [0, 136, 137, 138, 139, 140, 141, 181, 180, 179, 178, 177, 217, 218, 219, 220, 221, 222, 223, 224, 184, 183, 182, 142, 143, 144, 104, 103], [0, 107, 106, 105, 145, 146, 186, 185, 225, 226, 227, 228, 229, 230, 191, 192, 152, 151, 150, 149, 109, 110, 111, 112, 73, 33]]

res = 5606.848
res_int = 5609
solution = [[0, 29, 28, 27, 26, 25, 65, 66, 67, 68, 69, 71, 72, 73, 113, 112, 152, 153, 154, 155, 156, 116, 115, 114, 74, 75, 76, 77], [0, 22, 21, 19, 18, 17, 15, 14, 13, 12, 11, 9, 8, 7, 6, 5, 4, 3, 2, 1, 40, 39, 38, 37, 36, 35, 34, 33], [0, 47, 48, 88, 128, 168, 167, 166, 165, 164, 163, 203, 204, 205, 206, 207, 208, 209, 210, 170, 169, 129, 130, 90, 89, 49, 50, 10], [0, 46, 45, 85, 86, 87, 127, 126, 125, 124, 123, 122, 162, 202, 201, 240, 200, 161, 121, 160, 120, 81, 82, 83, 84, 44, 43, 42], [0, 41, 80, 79, 78, 118, 119, 159, 158, 198, 199, 239, 238, 237, 236, 235, 234, 233, 232, 192, 193, 194, 195, 196, 197, 157, 117], [0, 51, 91, 131, 132, 133, 173, 172, 171, 211, 212, 213, 214, 215, 216, 176, 175, 174, 134, 94, 93, 92, 52, 53, 54, 55, 56, 16], [0, 57, 58, 98, 97, 96, 95, 135, 136, 137, 138, 178, 177, 217, 218, 219, 220, 180, 179, 139, 140, 141, 100, 99, 61, 62, 63, 23], [0, 24, 64, 104, 105, 106, 107, 108, 109, 149, 148, 147, 146, 145, 144, 143, 183, 223, 222, 221, 181, 182, 142, 103, 102, 101, 60, 59, 20], [0, 30, 70, 110, 150, 190, 189, 188, 187, 186, 185, 184, 224, 225, 226, 227, 228, 229, 230, 231, 191, 151, 111, 31, 32]]

res = 5619.904
res_int = 5625
solution = [[0, 80, 79, 78, 118, 158, 157, 197, 198, 238, 237, 236, 235, 234, 233, 232, 231, 191, 192, 193, 194, 195, 196, 156, 116, 117, 77, 76, 75], [0, 26, 27, 28, 29, 30, 31, 71, 111, 110, 150, 151, 152, 153, 154, 155, 115, 114, 113, 112, 72, 73, 74, 34, 33], [0, 35, 36, 37, 38, 39, 40, 1, 2, 3, 4, 7, 8, 9, 10, 11, 12, 13, 14, 15, 55, 54, 53, 52, 50, 49, 48, 47], [0, 43, 42, 82, 122, 162, 163, 164, 165, 166, 206, 205, 204, 203, 202, 201, 240, 239, 199, 200, 161, 121, 160, 159, 119, 120, 81, 41], [0, 16, 56, 57, 58, 98, 97, 96, 95, 135, 136, 137, 138, 178, 177, 217, 218, 219, 220, 180, 179, 139, 140, 100, 99, 59, 60, 21, 22], [0, 5, 44, 45, 85, 84, 83, 123, 124, 125, 126, 127, 128, 168, 167, 207, 208, 209, 210, 170, 169, 129, 89, 88, 87, 86, 46, 6], [0, 92, 93, 94, 134, 133, 132, 172, 173, 174, 175, 176, 216, 215, 214, 213, 212, 211, 171, 131, 130, 90, 91, 51], [0, 25, 65, 66, 106, 146, 186, 185, 225, 226, 227, 228, 229, 230, 190, 189, 188, 187, 147, 148, 149, 109, 108, 107, 67, 68, 69, 70, 32], [0, 23, 24, 64, 63, 62, 102, 103, 104, 105, 145, 144, 143, 183, 184, 224, 223, 222, 221, 181, 182, 142, 141, 101, 61, 20, 19, 18, 17]]

res = 5639.567
res_int = 5641
solution = [[0, 60, 59, 58, 98, 99, 139, 179, 180, 220, 219, 218, 217, 216, 215, 175, 176, 177, 178, 138, 137, 136, 96, 97, 57, 56, 55, 15], [0, 47, 46, 86, 126, 166, 165, 205, 206, 207, 208, 209, 210, 170, 169, 168, 167, 127, 87, 48, 49, 50, 51, 11], [0, 54, 94, 95, 135, 134, 174, 214, 213, 212, 211, 171, 172, 173, 133, 132, 131, 130, 129, 128, 88, 89, 90, 91, 92, 93, 53, 52, 12], [0, 35, 36, 37, 38, 39, 40, 1, 2, 3, 4, 6, 7, 8, 9, 10, 13, 14, 16, 17, 18, 19, 20, 21, 22, 23, 24], [0, 61, 62, 63, 103, 102, 101, 100, 140, 141, 142, 182, 181, 221, 222, 223, 224, 184, 183, 143, 144, 145, 146, 106, 105, 104, 64, 65, 25], [0, 34, 33, 32, 72, 73, 113, 112, 111, 110, 149, 148, 188, 228, 227, 226, 225, 185, 186, 187, 147, 107, 108, 68, 67, 66, 26, 27], [0, 28, 29, 30, 31, 71, 70, 69, 109, 150, 190, 189, 229, 230, 231, 232, 233, 234, 195, 196, 156, 155, 115, 116, 76, 75, 74], [0, 41, 80, 79, 78, 77, 117, 118, 119, 120, 81, 122, 162, 161, 200, 240, 201, 202, 203, 204, 164, 163, 123, 124, 125, 85, 84, 83, 44, 45, 5], [0, 43, 42, 82, 121, 160, 159, 158, 157, 197, 198, 199, 239, 238, 237, 236, 235, 194, 193, 192, 191, 151, 152, 153, 154, 114]]

res = 5639.993
res_int = 5643
solution = [[0, 51, 91, 130, 131, 171, 211, 212, 213, 214, 174, 173, 172, 132, 133, 134, 135, 95, 94, 93, 92, 52, 53, 54, 55, 15], [0, 14, 13, 12, 11, 10, 48, 49, 50, 90, 129, 169, 170, 210, 209, 208, 207, 167, 168, 128, 89, 88, 47, 46, 45, 5, 6, 7, 8, 9], [0, 64, 63, 62, 61, 60, 59, 58, 98, 138, 137, 177, 178, 179, 180, 220, 219, 218, 217, 216, 215, 175, 176, 136, 96, 97, 57, 56, 16, 17], [0, 75, 76, 77, 78, 80, 82, 122, 123, 124, 164, 204, 205, 206, 166, 165, 125, 126, 127, 87, 86, 85, 84, 83, 43, 44, 4, 3], [0, 104, 103, 102, 101, 100, 99, 139, 140, 141, 142, 182, 181, 221, 222, 223, 224, 184, 183, 143, 144, 145, 146, 147, 107, 106, 105, 65], [0, 79, 120, 119, 118, 158, 198, 197, 237, 238, 239, 240, 201, 202, 203, 163, 162, 161, 200, 199, 159, 160, 121, 81, 41, 42], [0, 18, 19, 20, 21, 22, 23, 24, 25, 26, 27, 28, 29, 30, 31, 32, 33, 35, 36, 37, 38, 39, 40, 1, 2], [0, 71, 70, 69, 109, 110, 111, 152, 153, 154, 194, 193, 233, 234, 235, 236, 196, 195, 155, 156, 157, 117, 116, 115, 114, 74, 34], [0, 72, 73, 113, 112, 151, 150, 149, 189, 190, 191, 192, 232, 231, 230, 229, 228, 227, 226, 225, 185, 186, 187, 188, 148, 108, 68, 67, 66]]

res = 5646.205
res_int = 5649
solution = [[0, 39, 79, 119, 159, 199, 239, 238, 237, 236, 235, 234, 233, 193, 194, 195, 196, 197, 198, 158, 118, 78, 77, 76, 36], [0, 42, 82, 122, 123, 125, 126, 127, 128, 129, 169, 209, 208, 207, 206, 205, 204, 203, 163, 162, 202, 201, 240, 200, 161, 121, 160, 120, 81, 41, 80, 40], [0, 4, 5, 6, 7, 8, 9, 10, 11, 12, 13, 53, 52, 51, 50, 49, 48, 47, 46, 45, 44, 43, 3, 2, 1, 38, 37, 35], [0, 124, 164, 165, 166, 167, 168, 210, 211, 212, 213, 214, 215, 216, 176, 175, 174, 173, 133, 134, 135, 136, 137, 138, 98, 97, 96, 56, 57, 18], [0, 32, 31, 71, 111, 110, 109, 108, 148, 149, 150, 151, 152, 153, 154, 155, 156, 157, 117, 116, 115, 114, 113, 112, 72, 73, 74, 75, 34, 33], [0, 106, 105, 144, 143, 182, 183, 184, 224, 223, 222, 221, 220, 219, 218, 217, 177, 178, 179, 180, 181, 142, 141, 140, 139, 99, 58], [0, 83, 84, 85, 86, 87, 88, 89, 90, 130, 170, 171, 172, 132, 131, 91, 92, 93, 94, 95, 55, 54, 14, 17, 16, 15], [0, 22, 23, 24, 25, 26, 27, 28, 29, 30, 70, 69, 68, 67, 66, 65, 64, 63, 62, 61, 60, 20, 19], [0, 107, 147, 187, 188, 189, 190, 191, 192, 232, 231, 230, 229, 228, 227, 226, 225, 185, 186, 146, 145, 104, 103, 102, 101, 100, 59, 21]]

res = 5648.91
res_int = 5654
solution = [[0, 96, 95, 135, 134, 133, 173, 174, 214, 213, 212, 211, 210, 209, 169, 170, 171, 172, 132, 131, 130, 129, 89, 90, 91, 92, 93, 94], [0, 6, 7, 47, 46, 45, 44, 43, 42, 82, 83, 84, 85, 86, 87, 49, 50, 51, 52, 53, 54, 13, 14], [0, 136, 137, 138, 139, 140, 180, 179, 178, 177, 176, 175, 215, 216, 217, 218, 219, 220, 221, 222, 223, 224, 184, 183, 182, 181, 141, 142], [0, 16, 17, 58, 59, 60, 61, 62, 63, 64, 65, 66, 67, 107, 106, 105, 104, 103, 102, 101, 100, 99, 98, 97, 57, 56, 55, 15], [0, 41, 81, 121, 122, 123, 124, 165, 166, 167, 168, 208, 207, 206, 205, 204, 163, 162, 161, 200, 199, 198, 197, 157, 158, 159, 160, 120, 80, 40], [0, 143, 144, 145, 186, 187, 188, 229, 230, 231, 232, 233, 234, 235, 236, 237, 238, 239, 240, 201, 202, 203, 164, 125, 126, 127, 128, 88, 48], [0, 37, 36, 76, 77, 78, 79, 119, 118, 117, 116, 115, 154, 153, 152, 151, 150, 149, 109, 110, 111, 112, 113, 74, 75, 35], [0, 32, 72, 71, 70, 69, 68, 108, 148, 147, 146, 185, 225, 226, 227, 228, 189, 190, 191, 192, 193, 194, 195, 196, 156, 155, 114, 73, 34], [0, 18, 19, 20, 21, 22, 23, 24, 25, 26, 27, 28, 29, 30, 31, 33, 38, 39, 1, 2, 3, 4, 5, 8, 9, 10, 11, 12]]

res = 5651.844
res_int = 5656
solution = [[0, 15, 55, 95, 94, 134, 174, 214, 215, 216, 217, 218, 219, 220, 180, 179, 178, 177, 176, 175, 135, 136, 137, 97, 96, 56, 16], [0, 69, 70, 110, 109, 149, 150, 190, 189, 188, 187, 186, 185, 225, 226, 227, 228, 229, 230, 231, 232, 233, 193, 192, 191, 151, 111, 71], [0, 13, 14, 54, 53, 52, 92, 93, 133, 173, 213, 212, 211, 171, 172, 132, 131, 130, 89, 88, 87, 86, 46, 47, 48, 49, 50, 11, 12], [0, 19, 20, 21, 22, 62, 61, 60, 98, 138, 139, 140, 141, 142, 182, 181, 221, 222, 223, 224, 184, 183, 143, 144, 105, 106, 107, 68], [0, 18, 17, 57, 58, 59, 99, 100, 101, 102, 103, 104, 145, 146, 147, 148, 108, 67, 66, 65, 64, 63, 23, 24, 25, 26, 27], [0, 80, 41, 42, 43, 44, 85, 125, 126, 166, 165, 205, 206, 207, 208, 209, 210, 170, 169, 168, 167, 127, 128, 129, 90, 91, 51, 10], [0, 72, 73, 113, 112, 152, 153, 154, 155, 156, 196, 195, 194, 234, 235, 236, 237, 238, 198, 197, 157, 158, 117, 116, 115, 114, 74, 35, 36], [0, 9, 8, 7, 6, 5, 4, 3, 2, 1, 40, 39, 38, 79, 78, 77, 76, 75, 34, 33, 32, 31, 30, 29, 28], [0, 37, 118, 119, 120, 159, 160, 161, 200, 199, 239, 240, 201, 202, 162, 163, 203, 204, 164, 124, 123, 122, 121, 81, 82, 83, 84, 45]]

Mean = 5620.523812323046
Execution = 15954.216820001602

Instance : Golden_02.xml
Time = 231.92282938957214

res = 8560.789
res_int = 8572
solution = [[0, 35, 75, 74, 73, 72, 112, 113, 153, 152, 192, 193, 194, 234, 233, 232, 272, 312, 313, 273, 274, 314, 315, 275, 235, 195, 196, 156, 155, 154, 114, 115, 116, 76, 36], [0, 40, 1, 2, 3, 4, 5, 6, 7, 8, 9, 47, 46, 45, 44, 43, 42, 41, 80, 79, 39, 38], [0, 101, 102, 142, 141, 181, 182, 222, 221, 261, 301, 302, 262, 263, 303, 304, 264, 265, 305, 306, 266, 267, 307, 308, 268, 228, 227, 226, 225, 224, 223, 183, 184, 185, 145, 144, 143], [0, 61, 100, 140, 139, 138, 137, 177, 178, 179, 180, 220, 219, 218, 217, 257, 258, 259, 260, 300, 299, 298, 297, 296, 256, 216, 215, 214, 174, 175, 176, 136, 96, 97, 98, 99, 60, 20], [0, 59, 58, 57, 56, 55, 54, 53, 92, 93, 94, 95, 135, 134, 133, 132, 131, 130, 91, 90, 89, 88, 48, 49, 50, 51, 52, 12, 11, 10], [0, 34, 33, 32, 31, 30, 71, 111, 151, 150, 190, 191, 231, 271, 311, 310, 309, 269, 270, 230, 229, 189, 188, 187, 186, 146, 147, 148, 149, 29], [0, 28, 27, 26, 25, 24, 23, 63, 64, 65, 66, 67, 68, 69, 70, 110, 109, 108, 107, 106, 105, 104, 103, 62, 22, 21, 19, 18, 17, 16, 15, 14, 13], [0, 129, 128, 168, 169, 170, 171, 172, 173, 213, 253, 254, 255, 295, 294, 293, 292, 252, 212, 211, 251, 291, 290, 250, 210, 209, 249, 289, 288, 248, 208, 207, 206, 166, 126, 125, 85], [0, 78, 119, 118, 158, 198, 238, 239, 240, 201, 241, 242, 243, 283, 282, 281, 320, 280, 279, 319, 318, 278, 277, 317, 316, 276, 236, 237, 197, 157, 117, 77, 37], [0, 84, 83, 82, 81, 120, 160, 159, 199, 200, 161, 121, 122, 123, 124, 164, 163, 162, 202, 203, 204, 244, 284, 285, 286, 287, 247, 246, 245, 205, 165, 167, 127, 87, 86]]

res = 8606.204
res_int = 8620
solution = [[0, 80, 79, 119, 120, 121, 122, 123, 162, 161, 200, 240, 281, 241, 201, 202, 242, 282, 283, 243, 203, 163, 164, 124, 84, 83, 82, 81, 41, 42, 43, 44, 46, 47, 8], [0, 23, 22, 21, 20, 19, 18, 17, 16, 9, 10, 11, 12, 13, 14, 15], [0, 36, 77, 78, 118, 117, 157, 158, 159, 160, 199, 239, 279, 280, 320, 319, 318, 317, 277, 278, 238, 198, 197, 196, 195, 194, 154, 155, 156, 116, 115, 114, 35], [0, 143, 144, 145, 185, 184, 183, 223, 224, 264, 304, 305, 265, 225, 226, 266, 306, 307, 267, 227, 228, 268, 308, 309, 310, 311, 312, 272, 271, 270, 269, 229, 189, 188, 187, 186, 146], [0, 63, 62, 61, 101, 100, 140, 139, 138, 178, 179, 180, 220, 221, 261, 301, 302, 303, 263, 262, 222, 182, 181, 141, 142, 102, 103, 104, 105, 106, 64, 24], [0, 55, 56, 57, 58, 59, 60, 99, 98, 137, 177, 217, 218, 219, 259, 260, 300, 299, 298, 258, 257, 297, 296, 295, 255, 256, 216, 215, 176, 136, 97, 96, 95, 94, 54], [0, 32, 31, 30, 29, 28, 27, 26, 25, 65, 66, 67, 68, 69, 70, 71, 72, 73, 74, 75, 76, 37, 38, 39, 40, 1, 2, 3, 4, 5, 7, 6], [0, 34, 113, 153, 152, 192, 193, 234, 235, 236, 237, 276, 316, 315, 275, 274, 314, 313, 273, 233, 232, 231, 230, 190, 191, 151, 150, 149, 148, 147, 107, 108, 109, 110, 111, 112, 33], [0, 86, 87, 127, 128, 129, 169, 168, 208, 209, 210, 250, 291, 290, 249, 289, 288, 248, 247, 287, 286, 246, 245, 285, 284, 244, 204, 205, 206, 207, 167, 166, 165, 125, 126, 85, 45], [0, 51, 50, 49, 48, 88, 89, 90, 91, 92, 132, 131, 130, 170, 171, 211, 251, 252, 292, 293, 253, 294, 254, 214, 213, 212, 172, 173, 174, 175, 135, 134, 133, 93, 52, 53]]

res = 8613.581
res_int = 8628
solution = [[0, 79, 78, 118, 119, 159, 158, 198, 199, 200, 240, 239, 238, 278, 318, 319, 279, 280, 320, 281, 241, 201, 202, 162, 161, 121, 160, 120, 81, 82, 43], [0, 2, 1, 40, 39, 80, 41, 42, 83, 122, 123, 124, 125, 85, 84, 44, 4, 3], [0, 45, 86, 126, 166, 165, 164, 163, 203, 243, 242, 282, 283, 284, 244, 204, 205, 206, 246, 245, 285, 286, 287, 247, 207, 167, 127, 128, 129, 89, 88, 87, 46], [0, 142, 141, 181, 182, 222, 221, 220, 180, 179, 219, 218, 258, 259, 299, 300, 260, 261, 301, 262, 302, 303, 263, 264, 304, 305, 265, 225, 224, 223, 183, 143, 103, 63], [0, 24, 23, 62, 102, 101, 100, 140, 139, 138, 178, 177, 217, 257, 298, 297, 296, 256, 255, 295, 294, 254, 214, 215, 216, 176, 136, 137, 98, 99, 59, 60, 61, 22], [0, 21, 20, 19, 18, 17, 16, 15, 14, 13, 54, 55, 56, 57, 58, 97, 96, 95, 94, 93, 52, 51, 50, 49, 48, 47, 5, 6, 7, 8, 9, 12, 11, 10], [0, 91, 90, 130, 131, 171, 170, 169, 168, 208, 209, 249, 248, 288, 289, 290, 291, 251, 250, 210, 211, 252, 292, 293, 253, 213, 212, 172, 173, 174, 175, 135, 134, 133, 132, 92, 53], [0, 37, 36, 76, 116, 115, 114, 113, 112, 152, 153, 193, 194, 234, 233, 273, 272, 312, 313, 314, 274, 315, 275, 235, 236, 276, 316, 317, 277, 237, 197, 196, 195, 154, 155, 156, 157, 117, 77, 38], [0, 32, 72, 71, 70, 69, 68, 67, 109, 108, 107, 106, 105, 145, 146, 147, 187, 227, 267, 307, 306, 266, 226, 186, 185, 184, 144, 104, 64, 65, 66, 25, 26, 27], [0, 33, 34, 35, 75, 74, 73, 111, 151, 191, 192, 232, 231, 271, 311, 310, 270, 269, 309, 308, 268, 228, 229, 230, 190, 189, 188, 148, 149, 150, 110, 31, 30, 29, 28]]

res = 8615.221
res_int = 8628
solution = [[0, 7, 6, 5, 4, 3, 2, 1, 40, 39, 34, 35, 36, 37, 38], [0, 24, 25, 65, 64, 104, 105, 145, 144, 143, 183, 184, 185, 225, 265, 305, 306, 266, 226, 227, 187, 186, 146, 147, 148, 149, 189, 190, 191, 150, 110, 109, 108, 69, 68, 67, 27, 28, 29], [0, 70, 71, 111, 151, 152, 192, 193, 194, 234, 233, 273, 313, 312, 272, 232, 231, 271, 311, 310, 270, 230, 229, 269, 309, 308, 307, 267, 268, 228, 188, 107, 106, 66, 26], [0, 97, 136, 176, 216, 256, 296, 295, 255, 215, 214, 213, 253, 254, 254, 294, 293, 292, 291, 290, 250, 251, 252, 212, 211, 171, 172, 173, 174, 175, 135, 134, 94, 93], [0, 75, 76, 77, 78, 79, 80, 41, 42, 43, 44, 45, 85, 86, 87, 88, 89, 90, 130, 131, 132, 133, 92, 91, 52, 51, 50, 49, 48, 47, 46, 8, 9, 11, 10], [0, 84, 124, 125, 126, 127, 128, 129, 169, 170, 210, 209, 249, 289, 288, 248, 247, 287, 286, 246, 245, 285, 284, 244, 204, 205, 206, 207, 208, 168, 167, 166, 165, 164, 163, 123, 83], [0, 74, 114, 115, 116, 156, 157, 158, 198, 197, 237, 238, 278, 318, 317, 277, 276, 316, 315, 314, 274, 275, 235, 236, 196, 195, 155, 154, 153, 113, 112, 72, 73], [0, 30, 31, 32, 33, 117, 118, 159, 199, 239, 240, 280, 279, 319, 320, 281, 241, 201, 202, 242, 282, 283, 243, 203, 162, 161, 200, 160, 121, 122, 82, 81, 120, 119], [0, 17, 16, 15, 14, 13, 12, 53, 54, 55, 56, 57, 58, 59, 60, 101, 100, 140, 141, 181, 221, 222, 182, 142, 102, 103, 63, 62, 61, 23, 22, 21, 20, 19, 18], [0, 98, 99, 139, 179, 180, 220, 219, 259, 260, 261, 262, 263, 223, 224, 264, 304, 303, 302, 301, 300, 299, 298, 258, 297, 257, 217, 218, 178, 177, 138, 137, 96, 95]]

res = 8617.518
res_int = 8632
solution = [[0, 28, 29, 30, 31, 32, 33, 34], [0, 27, 26, 66, 67, 107, 106, 146, 147, 148, 188, 187, 227, 228, 268, 267, 307, 308, 309, 310, 270, 269, 229, 230, 190, 189, 149, 109, 108, 68, 69, 70], [0, 72, 73, 113, 112, 152, 153, 193, 233, 274, 234, 235, 275, 315, 314, 313, 273, 272, 312, 311, 271, 231, 232, 192, 191, 151, 150, 110, 111, 71], [0, 2, 1, 40, 39, 38, 78, 79, 80, 41, 42, 43, 44, 45, 46, 47, 49, 50, 51, 52, 12, 11, 10, 9, 8, 7, 6, 5, 4, 3], [0, 19, 18, 17, 57, 97, 137, 138, 178, 177, 176, 175, 135, 136, 96, 95, 55, 56, 16, 15], [0, 25, 65, 105, 145, 144, 183, 184, 185, 186, 226, 225, 265, 266, 306, 305, 304, 264, 224, 223, 263, 303, 302, 301, 261, 262, 222, 182, 142, 143, 104, 64, 24, 23], [0, 58, 98, 99, 139, 179, 219, 218, 217, 257, 297, 298, 258, 259, 299, 300, 260, 220, 221, 181, 180, 140, 141, 100, 101, 102, 103, 63, 62, 61, 60, 59, 20, 21, 22], [0, 74, 114, 115, 155, 154, 194, 195, 196, 236, 276, 316, 277, 317, 318, 319, 320, 281, 241, 280, 240, 239, 279, 278, 238, 237, 197, 198, 158, 157, 156, 116, 75, 35], [0, 82, 83, 84, 85, 86, 126, 125, 124, 123, 122, 162, 163, 203, 243, 283, 282, 242, 202, 201, 161, 200, 199, 159, 160, 121, 81, 120, 119, 118, 117, 77, 76, 36, 37], [0, 14, 54, 94, 93, 133, 134, 174, 173, 213, 214, 215, 216, 256, 296, 295, 255, 294, 254, 253, 293, 292, 252, 251, 291, 290, 250, 210, 211, 212, 172, 132, 92, 53, 13], [0, 87, 127, 128, 129, 168, 167, 208, 207, 206, 166, 165, 164, 205, 204, 244, 284, 285, 245, 246, 286, 287, 247, 248, 288, 289, 249, 209, 169, 170, 171, 131, 130, 91, 90, 89, 88, 48]]

res = 8626.421
res_int = 8641
solution = [[0, 12, 13, 14, 15, 16, 17, 18, 56, 57, 58, 59, 60, 99, 98, 97, 137, 138, 178, 179, 139, 140, 100, 101, 61, 62, 63, 64, 65, 26, 25, 24, 23, 22, 21, 20, 19], [0, 105, 104, 103, 143, 144, 145, 146, 186, 185, 184, 183, 182, 222, 223, 224, 225, 226, 266, 306, 305, 265, 264, 304, 303, 263, 262, 302, 301, 261, 221, 220, 180, 181, 141, 142, 102], [0, 52, 92, 133, 134, 174, 173, 213, 214, 254, 294, 295, 255, 215, 216, 256, 296, 297, 257, 258, 298, 299, 300, 260, 259, 219, 218, 217, 177, 176, 175, 135, 136, 96, 95, 53], [0, 78, 77, 117, 118, 159, 199, 200, 240, 239, 279, 319, 280, 320, 281, 241, 201, 202, 242, 282, 283, 243, 203, 164, 163, 162, 161, 121, 160, 81, 120, 119, 79, 80, 39], [0, 55, 54, 94, 93, 132, 172, 212, 252, 253, 293, 292, 291, 251, 211, 171, 170, 210, 250, 290, 289, 288, 287, 247, 248, 249, 209, 208, 168, 169, 129, 130, 131, 91, 90, 89, 48], [0, 76, 116, 156, 157, 158, 198, 197, 237, 238, 278, 318, 317, 277, 276, 316, 315, 275, 274, 314, 273, 313, 312, 272, 232, 233, 234, 235, 236, 196, 195, 155, 115, 75, 74, 73, 72], [0, 114, 154, 194, 193, 192, 191, 190, 189, 229, 230, 231, 271, 311, 310, 270, 269, 309, 308, 307, 267, 268, 228, 227, 187, 188, 149, 148, 147, 107, 106, 66], [0, 27, 67, 68, 108, 109, 110, 150, 151, 152, 153, 113, 112, 111, 71, 70, 69, 29, 28], [0, 10, 11, 51, 50, 49, 88, 128, 127, 167, 207, 206, 246, 286, 285, 245, 284, 244, 204, 205, 165, 166, 87, 47, 46, 6, 7, 8, 9], [0, 30, 31, 32, 33, 34, 35, 36, 37, 38, 41, 42, 43, 83, 82, 122, 123, 124, 125, 126, 86, 85, 84, 44, 45, 5, 4, 3, 2, 1, 40]]

res = 8635.463
res_int = 8650
solution = [[0, 57, 97, 137, 138, 178, 177, 176, 216, 217, 218, 258, 259, 260, 300, 299, 298, 297, 257, 256, 296, 295, 255, 215, 214, 213, 173, 174, 175, 135, 136, 96, 95, 94, 93, 133, 134], [0, 9, 8, 7, 6, 5, 47, 48, 88, 87, 127, 126, 166, 206, 246, 286, 287, 247, 207, 208, 209, 210, 170, 169, 168, 167, 128, 129, 89, 49, 50, 10, 11], [0, 77, 116, 117, 157, 158, 159, 199, 198, 197, 237, 277, 317, 318, 319, 279, 278, 238, 239, 240, 280, 320, 281, 241, 201, 200, 161, 162, 122, 121, 160, 120, 119, 118, 78, 79, 39], [0, 4, 3, 43, 44, 45, 46, 86, 85, 125, 165, 205, 245, 285, 284, 244, 243, 283, 282, 242, 202, 203, 204, 164, 163, 123, 124, 84, 83, 82, 81, 42, 41, 80, 40, 1, 2], [0, 16, 56, 55, 54, 53, 92, 132, 172, 212, 252, 253, 254, 294, 293, 292, 291, 290, 289, 288, 248, 249, 250, 251, 211, 171, 131, 130, 90, 91, 51, 52, 12, 13, 14], [0, 74, 73, 113, 112, 152, 153, 193, 194, 234, 233, 273, 272, 312, 313, 314, 274, 275, 315, 316, 276, 236, 235, 195, 196, 156, 155, 154, 114, 115, 75, 76, 36, 37, 38], [0, 24, 23, 22, 21, 20, 19, 59, 60, 100, 139, 99, 98, 58, 15], [0, 62, 102, 142, 182, 222, 223, 224, 225, 226, 266, 306, 305, 265, 264, 304, 303, 263, 262, 302, 301, 261, 221, 220, 219, 179, 180, 181, 141, 140, 101, 61, 18, 17], [0, 35, 34, 33, 32, 31, 30, 29, 28, 27, 26, 66, 67, 68, 108, 107, 106, 146, 147, 187, 188, 189, 229, 230, 190, 150, 149, 148, 109, 110, 71, 72], [0, 69, 70, 111, 151, 191, 192, 232, 231, 271, 311, 310, 270, 269, 309, 308, 307, 267, 268, 228, 227, 186, 185, 184, 183, 143, 144, 145, 105, 104, 103, 63, 64, 65, 25]]

res = 8637.586
res_int = 8655
solution = [[0, 100, 140, 141, 142, 182, 181, 221, 222, 262, 302, 263, 303, 304, 264, 265, 305, 306, 307, 308, 309, 269, 229, 228, 268, 267, 266, 226, 225, 224, 223, 183, 184, 185, 145, 144, 143, 102, 101], [0, 27, 26, 25, 64, 65, 66, 67, 68, 69, 30, 31, 32], [0, 75, 76, 77, 117, 118, 158, 157, 197, 196, 236, 276, 316, 317, 277, 237, 238, 278, 318, 319, 279, 280, 320, 281, 282, 242, 241, 240, 239, 199, 198, 159, 160, 120, 119, 78, 39], [0, 51, 50, 49, 48, 88, 89, 90, 129, 128, 168, 169, 210, 250, 290, 291, 251, 252, 292, 293, 294, 295, 255, 254, 253, 212, 211, 171, 170, 130, 131, 91, 92, 52, 13], [0, 14, 56, 96, 97, 137, 177, 178, 218, 217, 216, 256, 296, 297, 257, 258, 298, 299, 300, 301, 261, 260, 259, 219, 220, 180, 179, 139, 138, 99, 98, 57, 58, 59, 60, 61, 62, 24], [0, 8, 9, 10, 11, 12, 53, 93, 133, 132, 172, 173, 213, 214, 215, 174, 175, 176, 136, 135, 134, 94, 95, 55, 54, 15, 16, 17, 18, 19, 20, 21, 22, 23], [0, 40, 1, 2, 3, 4, 44, 43, 83, 84, 124, 123, 163, 164, 204, 203, 202, 201, 200, 161, 162, 122, 121, 81, 82, 42, 41, 80, 79, 38, 37, 36, 35, 34, 33], [0, 5, 6, 46, 45, 85, 125, 165, 166, 206, 205, 244, 243, 283, 284, 285, 245, 246, 286, 287, 247, 248, 288, 289, 249, 209, 208, 207, 167, 127, 126, 86, 87, 47, 7], [0, 63, 103, 104, 105, 106, 107, 108, 109, 149, 148, 147, 146, 186, 187, 227, 188, 189, 190, 230, 231, 191, 150, 151, 152, 112, 111, 110, 70, 29, 28], [0, 71, 72, 73, 113, 153, 154, 194, 193, 192, 232, 271, 270, 310, 311, 312, 272, 313, 273, 233, 234, 274, 314, 315, 275, 235, 195, 155, 156, 116, 115, 114, 74]]

res = 8639.953
res_int = 8654
solution = [[0, 166, 165, 164, 163, 162, 201, 240, 239, 238, 278, 318, 319, 279, 280, 320, 281, 241, 202, 242, 282, 283, 243, 203, 204, 205, 206, 207, 167, 168, 127, 88], [0, 30, 31, 32, 33, 75, 76, 77, 117, 118, 119, 120, 81, 160, 159, 158, 157, 197, 198, 199, 200, 161, 121, 122, 123, 124, 125, 126, 84, 83, 82, 41, 80, 79, 78, 37, 38], [0, 39, 40, 1, 42, 43, 44, 45, 7, 6, 5, 4, 3, 2], [0, 169, 170, 210, 209, 208, 248, 247, 246, 245, 244, 284, 285, 286, 287, 288, 289, 249, 250, 290, 291, 251, 252, 292, 293, 253, 214, 213, 212, 211, 171, 172, 173, 174, 175, 135, 95], [0, 9, 8, 48, 47, 46, 85, 86, 87, 128, 129, 130, 131, 132, 133, 134, 94, 93, 92, 91, 90, 89, 49, 50, 51, 52, 53, 54, 55, 15, 14, 13, 12, 11, 10], [0, 26, 27, 28, 29, 69, 68, 108, 109, 149, 189, 190, 230, 229, 269, 309, 270, 310, 311, 312, 313, 273, 272, 271, 231, 232, 192, 191, 151, 150, 110, 111, 71, 70], [0, 36, 35, 34, 74, 73, 113, 114, 115, 116, 155, 156, 196, 195, 235, 236, 237, 277, 317, 316, 276, 275, 315, 314, 274, 234, 233, 193, 194, 154, 153, 152, 112, 72], [0, 17, 16, 56, 96, 97, 137, 136, 176, 177, 217, 216, 215, 255, 254, 294, 295, 296, 256, 257, 297, 298, 299, 259, 258, 218, 178, 138, 139, 99, 98, 58, 57, 18], [0, 25, 65, 66, 67, 107, 147, 148, 188, 187, 227, 228, 268, 308, 307, 267, 266, 306, 305, 265, 264, 304, 303, 302, 262, 263, 224, 225, 226, 186, 146, 106, 105, 64, 24], [0, 23, 63, 104, 144, 145, 185, 184, 183, 223, 222, 221, 261, 301, 300, 260, 220, 219, 179, 180, 181, 182, 143, 142, 141, 140, 100, 101, 102, 103, 62, 61, 60, 59, 19, 20, 21, 22]]

res = 8641.516
res_int = 8654
solution = [[0, 5, 6, 46, 47, 87, 86, 85, 126, 125, 124, 123, 122, 82, 83, 84, 43, 44, 45, 4, 3], [0, 21, 61, 62, 63, 103, 102, 101, 141, 181, 222, 221, 261, 301, 300, 260, 259, 299, 298, 258, 218, 219, 220, 180, 140, 100, 99, 98, 58, 59, 60, 20, 19, 18, 17, 16], [0, 26, 66, 106, 146, 186, 187, 188, 228, 268, 308, 307, 267, 266, 306, 305, 265, 264, 304, 303, 302, 262, 263, 223, 224, 184, 183, 182, 142, 143, 144, 104, 64], [0, 39, 40, 1, 2, 42, 41, 81, 121, 161, 162, 163, 164, 203, 243, 283, 282, 242, 202, 201, 241, 281, 320, 280, 240, 239, 199, 200, 160, 120, 80, 79, 78, 38], [0, 8, 9, 49, 50, 90, 129, 130, 170, 169, 209, 249, 289, 288, 248, 247, 287, 286, 246, 245, 285, 284, 244, 204, 205, 165, 166, 206, 207, 208, 168, 167, 127, 128, 88, 89, 48, 7], [0, 36, 37, 77, 76, 75, 116, 117, 118, 119, 159, 158, 198, 238, 278, 279, 319, 318, 317, 316, 315, 275, 276, 277, 237, 197, 157, 156, 155, 154, 114, 115, 74, 73, 33], [0, 28, 29, 30, 31, 32, 34, 35], [0, 14, 15, 55, 56, 57, 96, 97, 137, 138, 139, 179, 178, 177, 217, 216, 176, 175, 174, 173, 133, 134, 135, 136, 95, 94, 53, 52, 12, 11, 10], [0, 13, 54, 93, 92, 132, 172, 212, 213, 214, 215, 255, 256, 257, 297, 296, 295, 294, 254, 253, 293, 292, 252, 251, 291, 290, 250, 210, 211, 171, 131, 91, 51], [0, 70, 71, 111, 110, 150, 151, 152, 192, 232, 272, 312, 313, 314, 274, 273, 233, 234, 235, 236, 196, 195, 194, 193, 153, 113, 112, 72], [0, 22, 23, 24, 25, 65, 105, 145, 185, 225, 226, 227, 229, 269, 309, 310, 311, 271, 270, 230, 231, 191, 190, 189, 149, 148, 147, 107, 108, 109, 69, 68, 67, 27]]

Mean = 8619.425279855874
Execution = 15609.946049928665

Instance : Golden_03.xml
Time = 503.3639373779297

res = 11286.13
res_int = 11295
solution = [[0, 7, 47, 87, 127, 128, 168, 167, 207, 208, 248, 247, 287, 327, 367, 368, 369, 329, 328, 288, 289, 249, 250, 290, 330, 370, 371, 331, 291, 251, 210, 209, 169, 170, 130, 129, 88, 89, 90, 50, 49, 48, 8], [0, 17, 16, 55, 54, 94, 93, 133, 134, 174, 173, 172, 212, 213, 253, 254, 214, 215, 255, 295, 335, 375, 374, 334, 294, 293, 333, 373, 372, 332, 292, 252, 211, 171, 131, 132, 92, 91, 51, 52, 53, 13, 14], [0, 15, 56, 57, 58, 98, 97, 96, 95, 136, 135, 175, 176, 216, 256, 296, 336, 376, 377, 337, 297, 298, 338, 378, 379, 339, 299, 259, 258, 257, 217, 218, 179, 178, 177, 137, 138, 139, 99, 100, 60, 59, 19, 18], [0, 43, 83, 84, 124, 164, 244, 284, 324, 364, 363, 323, 283, 243, 202, 242, 282, 322, 362, 361, 321, 281, 241, 201, 240, 280, 320, 360, 400, 399, 359, 319, 279, 239, 198, 199, 200, 161, 162, 122, 121, 160, 120, 119, 117, 116, 77, 37, 36], [0, 12, 11, 10, 9, 6, 5, 4, 3, 2, 1, 40, 39, 38, 78, 79, 80, 41, 42, 44, 45, 46, 85, 86, 126, 125, 165, 166, 206, 246, 286, 326, 366, 365, 325, 285, 245, 205, 204, 203, 163, 123, 82, 81], [0, 22, 21, 20, 61, 101, 141, 140, 180, 181, 222, 221, 220, 219, 260, 300, 340, 380, 381, 341, 301, 261, 262, 302, 342, 382, 383, 343, 303, 263, 264, 224, 223, 183, 182, 142, 143, 103, 102, 62, 63, 23], [0, 31, 30, 29, 28], [0, 32, 73, 113, 114, 115, 155, 154, 153, 194, 195, 196, 236, 235, 275, 315, 355, 354, 353, 393, 394, 395, 396, 356, 316, 276, 277, 317, 357, 397, 398, 358, 318, 278, 238, 237, 197, 156, 157, 158, 159, 118, 76, 75, 74], [0, 35, 34, 33, 72, 112, 152, 192, 193, 233, 234, 274, 314, 313, 273, 232, 272, 312, 352, 392, 391, 351, 311, 310, 350, 390, 389, 349, 309, 269, 270, 271, 231, 230, 229, 189, 190, 191, 151, 150, 110, 111, 71, 70, 69], [0, 26, 25, 24, 64, 104, 105, 106, 107, 146, 145, 144, 184, 185, 186, 226, 225, 265, 305, 304, 344, 384, 345, 385, 386, 346, 306, 266, 267, 307, 347, 387, 388, 348, 308, 268, 228, 227, 187, 188, 147, 148, 149, 109, 108, 68, 67, 66, 65, 27]]

res = 11352.878
res_int = 11359
solution = [[0, 38, 39, 40, 1, 2, 3, 4, 5, 43, 42, 81, 121, 122, 162, 161, 200, 240, 201, 241, 281, 321, 361, 400, 360, 320, 280, 319, 359, 399, 398, 358, 318, 278, 279, 239, 199, 160, 120, 119, 80, 79, 78, 77, 37, 36], [0, 30, 29, 28], [0, 41, 82, 83, 84, 124, 123, 163, 164, 204, 203, 202, 242, 282, 322, 362, 363, 323, 283, 243, 244, 284, 324, 364, 365, 325, 285, 245, 205, 206, 166, 165, 125, 126, 86, 85, 44, 45, 46, 47, 8, 9, 10, 12, 11], [0, 15, 56, 57, 97, 96, 95, 135, 175, 215, 216, 256, 296, 336, 376, 377, 337, 297, 257, 258, 298, 338, 378, 379, 339, 299, 259, 219, 218, 217, 178, 177, 176, 136, 137, 138, 139, 98, 99, 100, 61, 60, 59, 58, 18], [0, 144, 183, 224, 223, 222, 262, 263, 303, 343, 383, 384, 344, 304, 264, 265, 305, 345, 385, 386, 346, 306, 266, 226, 225, 186, 187, 227, 267, 307, 347, 387, 388, 348, 308, 268, 228, 188, 148, 147, 107, 68, 69, 70], [0, 27, 26, 66, 65, 64, 104, 105, 106, 146, 145, 185, 184, 143, 142, 182, 181, 221, 261, 301, 302, 342, 382, 341, 381, 380, 340, 300, 260, 220, 180, 179, 140, 141, 101, 102, 103, 62, 63, 25, 24, 23, 22, 21, 20, 19], [0, 14, 13, 51, 52, 53, 93, 92, 91, 131, 132, 133, 172, 171, 211, 210, 250, 251, 292, 332, 372, 373, 333, 293, 294, 334, 374, 375, 335, 295, 255, 254, 253, 252, 212, 213, 214, 174, 173, 134, 94, 54, 55, 16, 17], [0, 49, 50, 90, 89, 129, 130, 170, 169, 209, 249, 290, 291, 331, 371, 370, 330, 289, 329, 369, 368, 328, 288, 287, 327, 367, 366, 326, 286, 246, 247, 248, 208, 207, 167, 168, 128, 127, 87, 88, 48, 7, 6], [0, 31, 32, 74, 73, 72, 71, 111, 110, 150, 151, 152, 113, 114, 115, 154, 155, 195, 196, 236, 235, 275, 276, 316, 356, 396, 397, 357, 317, 277, 237, 238, 198, 197, 156, 157, 158, 159, 118, 117, 116, 76, 75, 35, 34, 33], [0, 112, 153, 193, 194, 234, 233, 273, 274, 314, 315, 355, 395, 354, 394, 393, 353, 313, 272, 312, 352, 392, 391, 351, 350, 390, 389, 349, 309, 269, 270, 310, 311, 271, 231, 232, 192, 191, 190, 230, 229, 189, 149, 109, 108, 67]]

res = 11362.531
res_int = 11369
solution = [[0, 20, 21, 22, 23, 24, 64, 63, 62, 101, 100, 140, 141, 181, 222, 262, 302, 342, 382, 381, 341, 301, 300, 260, 261, 221, 220, 180, 179, 139, 99, 98, 97, 96, 95, 56, 57, 58, 59, 60, 61, 19, 18, 17, 16, 15, 14, 13, 12, 8, 9], [0, 29, 28, 68, 69, 70, 110, 109, 108, 147, 146, 145, 144, 184, 185, 186, 226, 225, 265, 266, 306, 346, 386, 385, 345, 305, 304, 344, 384, 383, 343, 303, 263, 264, 224, 223, 183, 182, 142, 143, 102, 103, 104, 105, 65, 25, 26], [0, 136, 135, 175, 215, 214, 254, 255, 295, 294, 334, 374, 375, 335, 336, 376, 377, 337, 338, 378, 379, 380, 340, 339, 299, 298, 297, 296, 256, 216, 176, 217, 257, 218, 258, 259, 219, 178, 177, 137, 138], [0, 85, 125, 165, 205, 204, 244, 245, 285, 284, 324, 364, 363, 323, 283, 243, 242, 282, 322, 362, 361, 321, 281, 241, 280, 320, 360, 400, 399, 359, 319, 279, 278, 277, 237, 238, 239, 240, 201, 202, 203, 163, 164, 124, 123, 84, 43, 3], [0, 34, 35, 36, 37, 76, 75, 115, 116, 156, 155, 153, 194, 195, 196, 197, 198, 199, 200, 161, 162, 122, 121, 160, 159, 158, 157, 117, 118, 119, 120, 81, 82, 83, 42, 41, 80, 79, 78, 77, 38, 39, 40, 1, 2], [0, 7, 6, 5, 4, 44, 45, 46, 47, 48, 90, 91, 92, 132, 131, 171, 170, 210, 250, 290, 291, 251, 211, 212, 252, 292, 332, 372, 373, 333, 293, 253, 213, 172, 173, 174, 134, 133, 93, 94, 55, 54, 53, 52, 51, 11], [0, 49, 88, 87, 86, 126, 166, 206, 246, 286, 326, 325, 365, 366, 367, 327, 287, 247, 248, 288, 328, 368, 369, 370, 371, 331, 330, 329, 289, 249, 209, 169, 168, 208, 207, 167, 127, 128, 129, 130, 89, 50, 10], [0, 33, 74, 114, 154, 193, 233, 234, 235, 236, 276, 275, 315, 316, 317, 318, 358, 398, 397, 357, 356, 396, 355, 395, 394, 354, 314, 274, 273, 313, 353, 393, 392, 391, 351, 352, 312, 272, 232, 231, 191, 192, 152, 112, 113, 73, 72, 32], [0, 30, 31, 71, 111, 151, 150, 149, 189, 190, 230, 229, 269, 270, 271, 311, 310, 350, 390, 389, 349, 309, 308, 348, 388, 387, 347, 307, 267, 268, 228, 227, 187, 188, 148, 107, 106, 66, 67, 27]]

res = 11381.502
res_int = 11387
solution = [[0, 84, 124, 125, 126, 165, 166, 206, 207, 247, 287, 288, 328, 368, 327, 367, 366, 326, 286, 246, 245, 244, 284, 285, 325, 365, 364, 324, 363, 323, 283, 243, 203, 204, 205, 164, 163, 162, 161, 121, 122, 123, 83, 82, 81], [0, 120, 119, 159, 160, 200, 199, 239, 240, 201, 202, 242, 282, 322, 362, 361, 321, 281, 241, 280, 320, 360, 400, 399, 359, 358, 398, 397, 357, 317, 318, 319, 279, 278, 238, 237, 197, 198, 158, 157, 118, 117, 116, 115, 114], [0, 39, 40, 1, 2, 4, 5, 6, 11, 10, 9, 8, 7], [0, 16, 56, 55, 95, 96, 97, 137, 136, 135, 175, 176, 177, 178, 218, 217, 257, 258, 298, 338, 378, 379, 339, 299, 259, 300, 340, 380, 381, 341, 301, 261, 260, 220, 219, 179, 139, 138, 98, 99, 58, 57, 17, 18], [0, 3, 44, 45, 85, 86, 87, 127, 167, 168, 208, 248, 249, 289, 329, 369, 370, 330, 290, 291, 331, 371, 372, 332, 292, 252, 251, 250, 210, 209, 169, 128, 129, 90, 89, 88, 46, 47, 48, 49, 50, 51, 52, 12], [0, 14, 13, 53, 93, 92, 91, 131, 130, 170, 171, 211, 212, 213, 253, 293, 333, 373, 374, 334, 294, 254, 255, 295, 335, 375, 376, 336, 377, 337, 297, 296, 256, 216, 215, 214, 174, 173, 172, 132, 133, 134, 94, 54, 15], [0, 27, 26, 25, 24, 23, 22, 64, 65, 66, 67, 68, 69, 70, 71, 72, 73, 74, 75, 76, 77, 78, 79, 80, 41, 42, 43, 38, 37, 36, 35, 34, 33, 32, 31, 30, 29, 28], [0, 156, 155, 154, 195, 196, 236, 235, 275, 276, 277, 316, 356, 396, 395, 355, 315, 314, 354, 394, 393, 353, 313, 352, 392, 391, 351, 350, 390, 389, 349, 309, 310, 311, 312, 272, 273, 274, 234, 233, 232, 192, 193, 194, 153, 152, 112, 113], [0, 111, 110, 109, 108, 107, 147, 148, 149, 150, 151, 191, 190, 189, 188, 187, 227, 228, 229, 230, 231, 271, 270, 269, 268, 308, 348, 388, 387, 347, 307, 267, 266, 306, 346, 386, 385, 345, 384, 344, 304, 264, 305, 265, 146], [0, 19, 59, 60, 100, 101, 102, 142, 141, 140, 180, 181, 182, 221, 222, 262, 302, 342, 382, 383, 343, 303, 263, 223, 224, 225, 226, 186, 185, 184, 183, 143, 144, 145, 106, 105, 104, 103, 63, 62, 61, 20, 21]]

res = 11403.981
res_int = 11415
solution = [[0, 11, 51, 91, 92, 132, 131, 130, 129, 169, 170, 210, 251, 291, 292, 332, 331, 371, 372, 373, 333, 293, 294, 334, 374, 335, 375, 376, 336, 296, 295, 255, 254, 214, 213, 253, 252, 212, 211, 171, 172, 173, 133, 93, 53, 52, 12], [0, 1, 42, 81, 120, 160, 121, 122, 162, 161, 200, 159, 198, 199, 239, 279, 319, 320, 360, 400, 399, 359, 358, 398, 397, 357, 396, 356, 316, 276, 277, 317, 318, 278, 238, 237, 197, 156, 157, 158, 118, 119, 78, 79, 80, 41, 40], [0, 16, 15, 55, 56, 57, 97, 98, 138, 137, 136, 176, 177, 178, 218, 258, 298, 299, 259, 260, 300, 340, 380, 379, 339, 338, 378, 377, 337, 297, 257, 217, 256, 216, 215, 175, 174, 134, 135, 96, 95, 94, 54, 14, 13], [0, 64, 104, 144, 184, 185, 225, 226, 266, 265, 305, 304, 344, 384, 345, 385, 386, 346, 306, 307, 267, 227, 228, 268, 308, 348, 347, 387, 388, 389, 349, 309, 269, 270, 271, 231, 230, 229, 189, 188, 187, 186, 147, 146, 145, 105, 67, 68, 69, 70], [0, 18, 19, 59, 60, 100, 101, 102, 103, 143, 142, 141, 140, 180, 181, 221, 222, 182, 183, 223, 224, 264, 263, 303, 343, 383, 382, 342, 381, 341, 301, 302, 262, 261, 220, 219, 179, 139, 99, 58, 17], [0, 2, 3, 4, 43, 82, 83, 123, 163, 203, 202, 201, 240, 280, 241, 281, 321, 361, 362, 363, 323, 283, 322, 282, 242, 243, 244, 284, 324, 364, 365, 325, 326, 366, 367, 327, 286, 285, 245, 204, 164, 124, 84, 44, 45, 5], [0, 10, 9, 8, 47, 48, 49, 50, 90, 89, 88, 87, 128, 127, 167, 168, 208, 248, 209, 249, 289, 250, 290, 330, 370, 369, 329, 368, 328, 288, 287, 247, 207, 246, 206, 205, 165, 166, 126, 125, 85, 86, 46, 7, 6], [0, 71, 151, 190, 191, 192, 193, 194, 234, 233, 232, 272, 312, 311, 310, 350, 390, 391, 351, 352, 392, 393, 353, 313, 273, 274, 314, 354, 394, 395, 355, 315, 275, 235, 236, 196, 195, 155, 154, 153, 152, 72, 32], [0, 31, 30, 29, 28, 27, 26, 25, 24, 23, 22, 21, 20, 61, 62, 63, 65, 66, 106, 107, 108, 148, 149, 150, 109, 110, 111, 112, 113, 114, 115, 116, 117, 77, 76, 75, 74, 73, 33, 34, 35, 36, 37, 39, 38]]

res = 11437.575
res_int = 11447
solution = [[0, 22, 21, 20, 59, 60, 61, 62, 103, 102, 101, 141, 181, 180, 179, 219, 259, 299, 339, 379, 378, 338, 298, 297, 337, 377, 376, 336, 296, 256, 257, 258, 218, 217, 216, 176, 177, 178, 139, 140, 100, 99, 58, 57, 18, 19], [0, 17, 16, 15, 14, 13, 54, 55, 56, 96, 97, 98, 138, 137, 136, 175, 174, 173, 172, 133, 134, 135, 95, 94, 93, 92, 91, 53, 52, 51, 50, 8, 9, 10, 11, 12], [0, 7, 6, 45, 46, 47, 48, 49, 90, 89, 88, 86, 85, 84, 83, 82, 41, 42, 43, 44, 3, 4, 5], [0, 168, 208, 249, 289, 329, 369, 368, 328, 288, 248, 247, 287, 327, 367, 366, 326, 286, 246, 245, 285, 325, 365, 364, 324, 363, 323, 283, 284, 244, 243, 242, 282, 322, 362, 361, 321, 281, 241, 202, 203, 204, 205, 206, 207, 167, 127], [0, 87, 128, 129, 130, 170, 169, 209, 210, 250, 290, 330, 370, 371, 331, 291, 251, 252, 292, 332, 372, 373, 333, 293, 294, 334, 374, 375, 335, 295, 255, 215, 214, 254, 253, 213, 212, 211, 171, 131, 132], [0, 24, 23, 63, 64, 65, 105, 104, 144, 143, 142, 183, 182, 222, 221, 220, 260, 300, 340, 380, 381, 341, 301, 261, 262, 302, 342, 382, 383, 343, 303, 263, 223, 224, 225, 185, 184, 145, 146, 147, 107, 108, 67, 66, 26, 25], [0, 118, 119, 120, 81, 122, 123, 124, 125, 126, 166, 165, 164, 163, 162, 161, 201, 240, 280, 320, 360, 400, 399, 359, 319, 279, 239, 238, 278, 318, 358, 398, 397, 357, 317, 277, 237, 197, 198, 199, 200, 121, 160, 159, 158, 157, 117], [0, 148, 188, 187, 227, 228, 268, 269, 229, 230, 270, 271, 311, 351, 391, 390, 350, 310, 309, 349, 389, 388, 348, 308, 267, 307, 347, 387, 386, 346, 306, 305, 345, 385, 384, 344, 304, 264, 265, 266, 226, 186, 106], [0, 27, 28, 68, 69, 109, 110, 150, 149, 189, 190, 191, 231, 232, 233, 234, 274, 273, 272, 312, 352, 392, 393, 353, 313, 314, 354, 394, 395, 396, 356, 316, 355, 315, 275, 276, 236, 235, 196, 195, 194, 193, 192, 151, 112, 72], [0, 33, 34, 35, 36, 37, 38, 39, 40, 1, 2, 80, 79, 78, 77, 76, 75, 74, 73, 113, 114, 115, 116, 156, 155, 154, 153, 152, 111, 71, 70, 29, 30, 31, 32]]

res = 11470.703
res_int = 11481
solution = [[0, 63, 64, 65, 66, 67, 68, 108, 107, 106, 105, 104, 145, 146, 185, 186, 187, 227, 226, 225, 224, 264, 265, 305, 345, 385, 384, 344, 304, 263, 262, 222, 223, 183, 184, 144, 143, 142, 102, 103, 62, 61, 60, 59, 19], [0, 79, 80, 120, 199, 239, 240, 201, 202, 243, 242, 282, 283, 284, 324, 364, 363, 323, 322, 362, 361, 321, 281, 241, 280, 320, 360, 400, 399, 359, 358, 398, 397, 357, 317, 318, 319, 279, 278, 277, 237, 238, 198, 197, 157, 156, 116], [0, 13, 53, 95, 135, 134, 133, 132, 131, 172, 171, 211, 212, 252, 253, 293, 333, 292, 332, 372, 373, 374, 334, 335, 375, 376, 336, 296, 297, 257, 218, 217, 256, 216, 215, 255, 295, 294, 254, 214, 213, 173, 174, 175, 176, 177, 178, 137, 136, 96, 56], [0, 57, 97, 98, 138, 139, 140, 180, 179, 219, 259, 258, 298, 338, 337, 377, 378, 379, 339, 299, 300, 340, 380, 381, 341, 342, 382, 383, 343, 303, 302, 301, 261, 260, 220, 221, 181, 182, 141, 101, 100, 99, 58, 18], [0, 36, 37, 38, 39, 40, 1, 2, 3, 41, 42, 43, 44, 45, 46, 86, 126, 125, 123, 122, 121, 160, 159, 158, 119, 118, 117, 78, 77, 76, 75, 34, 33, 32, 31, 29, 28, 27, 26, 22, 23, 24, 25], [0, 4, 5, 6, 7, 8, 9, 10, 11, 12, 52, 51, 50, 49, 48, 47, 87, 128, 127, 167, 166, 246, 247, 288, 248, 168, 169, 170, 130, 129, 88, 89, 90, 91, 92, 93, 94, 54, 55, 14, 15, 16, 17, 21, 20], [0, 83, 82, 81, 200, 161, 162, 163, 203, 204, 244, 245, 285, 325, 365, 366, 326, 286, 287, 327, 367, 328, 368, 369, 329, 289, 249, 250, 290, 330, 370, 371, 331, 291, 251, 210, 209, 208, 207, 206, 205, 165, 164, 124, 84, 85], [0, 69, 109, 149, 148, 147, 188, 228, 268, 267, 266, 306, 346, 386, 387, 347, 307, 308, 348, 388, 389, 349, 309, 269, 270, 310, 350, 390, 391, 351, 311, 312, 272, 271, 231, 230, 229, 189, 190, 150, 110, 70, 30], [0, 71, 72, 112, 111, 151, 191, 192, 232, 233, 234, 274, 273, 313, 353, 352, 392, 393, 394, 354, 314, 315, 355, 395, 396, 356, 316, 276, 275, 235, 236, 196, 195, 194, 193, 152, 153, 154, 155, 115, 114, 113, 73, 74, 35]]

res = 11509.76
res_int = 11516
solution = [[0, 177, 178, 218, 217, 257, 216, 256, 296, 336, 376, 377, 337, 297, 258, 298, 338, 378, 379, 339, 299, 259, 219, 220, 260, 300, 340, 380, 381, 341, 301, 261, 262, 302, 342, 382, 383, 343, 303, 264, 224, 223, 263, 222, 221, 180, 179], [0, 92, 133, 132, 172, 173, 174, 215, 255, 295, 335, 375, 374, 334, 294, 254, 214, 213, 253, 293, 333, 373, 372, 332, 292, 252, 212, 211, 251, 291, 331, 371, 370, 330, 290, 250, 210, 170, 171, 131, 91], [0, 17, 16, 15, 14, 13, 10, 11, 12], [0, 27, 26, 65, 66, 67, 68, 69, 70, 71, 109, 110, 111, 112, 113, 75, 76, 77, 78, 79, 80, 41, 42, 2, 1, 40, 39, 38, 37, 36, 35, 33, 32, 31, 30, 29, 28], [0, 108, 107, 106, 105, 145, 146, 147, 186, 187, 188, 148, 149, 150, 190, 189, 229, 228, 227, 267, 268, 269, 309, 349, 389, 388, 348, 308, 307, 347, 387, 386, 346, 306, 345, 385, 384, 344, 304, 305, 265, 266, 226, 225, 185, 184, 183, 142, 104, 64, 25], [0, 24, 23, 22, 21, 20, 19, 18, 56, 55, 54, 53, 52, 93, 94, 95, 96, 135, 134, 175, 176, 136, 137, 138, 139, 140, 141, 181, 182, 143, 144, 103, 63, 62, 61, 102, 101, 100, 99, 98, 97, 57, 58, 59, 60], [0, 165, 164, 163, 203, 204, 205, 206, 246, 286, 247, 248, 249, 289, 329, 369, 368, 328, 288, 287, 327, 367, 366, 326, 365, 325, 285, 245, 244, 284, 324, 364, 363, 323, 283, 243, 242, 282, 322, 362, 361, 321, 281, 241, 201, 202, 162, 161, 121], [0, 7, 6, 5, 4, 3, 43, 44, 45, 46, 47, 89, 88, 87, 86, 85, 84, 83, 82, 81, 122, 123, 124, 125, 126, 166, 167, 207, 208, 209, 169, 168, 127, 128, 129, 130, 90, 51, 50, 49, 48, 8, 9], [0, 72, 152, 153, 154, 195, 194, 193, 233, 234, 235, 275, 315, 355, 395, 394, 354, 314, 274, 273, 313, 353, 393, 392, 352, 312, 272, 271, 311, 351, 391, 390, 350, 310, 270, 230, 231, 232, 192, 191, 151], [0, 73, 114, 155, 156, 157, 158, 159, 199, 198, 197, 196, 236, 276, 316, 356, 396, 397, 357, 317, 277, 237, 238, 278, 279, 319, 318, 358, 398, 399, 359, 400, 360, 320, 280, 240, 239, 200, 160, 120, 119, 118, 117, 116, 115, 74, 34]]

res = 11510.217
res_int = 11516
solution = [[0, 21, 22, 24, 26, 27, 28, 29, 31, 32, 35, 34, 33], [0, 107, 147, 146, 186, 226, 227, 228, 268, 308, 348, 388, 387, 347, 307, 267, 266, 306, 346, 386, 385, 345, 384, 344, 304, 303, 343, 383, 382, 342, 302, 262, 263, 223, 224, 264, 305, 265, 225, 185, 145, 106, 65], [0, 23, 64, 105, 104, 144, 184, 183, 222, 221, 261, 260, 300, 301, 341, 381, 380, 340, 339, 379, 378, 338, 298, 299, 259, 219, 220, 180, 140, 141, 181, 182, 142, 143, 103, 102, 63, 62, 61, 60, 101, 100, 99, 98, 58, 59, 20], [0, 39, 40, 1, 2, 3, 4, 5, 6, 7, 48, 49, 50, 51, 52, 53, 54, 55, 56, 57, 19, 18, 17, 16, 15, 14, 13, 8, 9, 10, 11, 12], [0, 25, 66, 67, 68, 108, 109, 110, 150, 149, 148, 187, 188, 189, 190, 230, 229, 269, 309, 349, 389, 390, 350, 310, 270, 311, 351, 391, 392, 352, 312, 272, 271, 231, 232, 192, 191, 151, 152, 112, 111, 72, 71, 70, 69, 30], [0, 73, 74, 114, 113, 153, 154, 194, 193, 233, 234, 274, 273, 313, 353, 393, 394, 354, 314, 355, 395, 396, 356, 357, 397, 398, 358, 318, 317, 277, 276, 316, 315, 275, 235, 236, 196, 195, 155, 115, 116, 78, 79, 38, 37], [0, 126, 125, 165, 166, 167, 168, 208, 207, 247, 287, 286, 246, 206, 205, 245, 285, 325, 365, 364, 324, 363, 323, 283, 284, 244, 204, 203, 243, 202, 242, 282, 322, 362, 361, 321, 281, 241, 201, 162, 163, 164, 124, 123, 83], [0, 36, 75, 76, 77, 118, 117, 156, 157, 158, 159, 199, 198, 197, 237, 238, 278, 279, 319, 359, 399, 400, 360, 320, 280, 240, 239, 200, 161, 122, 121, 160, 119, 120, 81, 82, 84, 85, 86, 47, 46, 45, 44, 43, 42, 41, 80], [0, 88, 89, 90, 91, 92, 93, 132, 133, 173, 172, 212, 213, 214, 254, 255, 215, 216, 256, 296, 336, 295, 335, 375, 376, 377, 337, 297, 257, 217, 258, 218, 178, 179, 139, 138, 137, 177, 176, 175, 174, 134, 135, 136, 97, 96, 95, 94], [0, 129, 130, 131, 171, 211, 251, 252, 253, 293, 294, 334, 374, 333, 373, 372, 332, 292, 291, 331, 371, 370, 330, 290, 289, 329, 369, 368, 367, 366, 326, 327, 328, 288, 248, 249, 250, 210, 209, 170, 169, 128, 127, 87]]

res = 11524.626
res_int = 11536
solution = [[0, 170, 210, 250, 290, 330, 370, 371, 331, 291, 251, 211, 212, 171, 172, 173, 213, 214, 254, 294, 293, 253, 252, 292, 332, 372, 373, 333, 334, 374, 375, 335, 295, 255, 215, 176, 175, 174, 134, 133, 93], [0, 56, 96, 95, 94, 135, 136, 137, 177, 178, 218, 217, 216, 256, 296, 336, 376, 377, 337, 297, 257, 258, 298, 338, 378, 379, 339, 299, 259, 219, 220, 260, 300, 340, 380, 381, 341, 301, 261, 221, 182, 181, 180, 179, 138, 139, 140, 99, 98, 97, 57], [0, 9, 8, 7, 6, 5, 4, 3, 2, 1, 40, 39, 79, 80, 41, 42, 44, 45, 46, 47, 48, 51, 52, 53, 54, 55, 16, 15, 14, 13, 12, 11, 10], [0, 38, 78, 77, 117, 116, 115, 114, 74, 73, 72, 71, 70, 69, 68, 67, 29, 30, 31, 32, 33, 34, 35, 36, 37], [0, 19, 18, 17, 58, 59, 60, 100, 101, 102, 103, 104, 105, 106, 147, 148, 187, 188, 189, 190, 150, 149, 109, 108, 107, 66, 65, 64, 63, 62, 61, 20, 21, 22, 23, 24, 25, 26, 27, 28], [0, 141, 142, 143, 144, 145, 146, 186, 185, 184, 183, 224, 223, 222, 262, 302, 342, 382, 383, 343, 303, 263, 264, 304, 344, 384, 385, 345, 305, 265, 225, 226, 266, 227, 267, 307, 347, 387, 386, 346, 306], [0, 110, 111, 151, 191, 230, 229, 228, 268, 308, 348, 388, 389, 349, 309, 269, 270, 310, 350, 390, 391, 351, 311, 271, 231, 232, 192, 193, 194, 195, 196, 197, 157, 156, 155, 154, 153, 152, 112, 113, 75, 76], [0, 50, 90, 91, 92, 132, 131, 130, 129, 169, 209, 249, 289, 329, 369, 368, 328, 288, 248, 208, 207, 247, 287, 327, 367, 366, 326, 286, 246, 245, 205, 206, 166, 167, 168, 128, 127, 126, 125, 85, 86, 87, 88, 89, 49], [0, 119, 159, 240, 280, 320, 360, 400, 399, 359, 319, 279, 278, 318, 358, 398, 397, 357, 317, 277, 276, 316, 356, 396, 355, 395, 394, 354, 314, 313, 353, 393, 392, 352, 312, 272, 273, 233, 234, 274, 315, 275, 235, 236, 237, 158, 118], [0, 120, 81, 82, 121, 160, 199, 198, 238, 239, 200, 161, 201, 241, 281, 321, 361, 362, 322, 282, 242, 243, 283, 323, 363, 324, 364, 365, 325, 285, 284, 244, 204, 165, 164, 163, 203, 202, 162, 122, 123, 124, 84, 83, 43]]

Mean = 11423.990478692931
Execution = 18279.544951677322

Instance : Golden_04.xml
Time = 784.0262653827667
