Instance : Golden_01.xml
Time = 115.02480030059814
Instance : Golden_01.xml

res = 5570.135
res_int = 5574
solution = [[0, 1, 40, 39, 38, 37, 36, 35, 34, 33, 32, 31, 29, 28, 27, 26, 25, 24, 23, 22, 21, 20, 19, 18, 17, 16, 15, 14, 13, 12], [0, 57, 97, 98, 138, 137, 136, 135, 175, 176, 216, 215, 214, 213, 173, 174, 134, 133, 132, 92, 93, 94, 95, 96, 56, 55, 54, 53, 52, 11], [0, 106, 107, 147, 146, 186, 187, 188, 189, 190, 191, 192, 193, 194, 195, 155, 154, 153, 152, 151, 150, 149, 148, 108, 68, 69], [0, 65, 66, 67, 109, 110, 111, 112, 113, 114, 115, 116, 117, 118, 119, 79, 78, 77, 76, 75, 74, 73, 72, 71, 70, 30], [0, 58, 59, 99, 139, 140, 141, 142, 182, 181, 180, 179, 178, 177, 217, 218, 219, 220, 221, 222, 223, 224, 184, 183, 143, 144, 105, 64], [0, 10, 9, 49, 50, 90, 89, 88, 127, 126, 125, 165, 166, 206, 205, 204, 203, 163, 164, 124, 84, 85, 86, 46, 45, 44, 43, 4], [0, 5, 6, 7, 8, 48, 47, 87, 128, 168, 167, 207, 208, 209, 210, 211, 212, 172, 171, 170, 169, 129, 130, 131, 91, 51], [0, 3, 42, 82, 83, 123, 122, 162, 202, 201, 240, 239, 238, 237, 197, 198, 199, 200, 161, 121, 81, 41, 80, 2], [0, 63, 62, 61, 60, 100, 101, 102, 103, 104, 145, 185, 225, 226, 227, 228, 229, 230, 231, 232, 233, 234, 235, 236, 196, 156, 157, 158, 159, 160, 120]]

res = 5590.941
res_int = 5596
solution = [[0, 120, 160, 121, 161, 200, 199, 198, 197, 237, 238, 239, 240, 201, 202, 162, 163, 164, 203, 204, 205, 206, 166, 165, 125, 124, 123, 122, 82, 81], [0, 83, 84, 85, 86, 126, 127, 128, 129, 169, 168, 167, 207, 208, 209, 210, 211, 212, 172, 171, 170, 130, 90, 89, 88, 87, 47], [0, 16, 55, 56, 96, 95, 94, 93, 92, 91, 131, 132, 133, 134, 174, 173, 213, 214, 215, 216, 176, 175, 135, 136, 137, 138, 98, 97, 57, 17], [0, 103, 143, 142, 182, 183, 223, 222, 221, 220, 219, 218, 217, 177, 178, 179, 180, 181, 141, 140, 139, 99, 100, 101, 102, 61], [0, 12, 11, 10, 9, 8, 7, 6, 5, 4, 3, 2, 42, 43, 44, 45, 46, 48, 49, 50, 51, 52, 53, 54, 13, 14, 15], [0, 159, 158, 157, 156, 155, 154, 153, 152, 192, 193, 194, 195, 196, 236, 235, 234, 233, 232, 231, 230, 229, 228, 227, 226, 225, 224, 184, 144, 104], [0, 40, 1, 41, 80, 79, 119, 118, 117, 116, 115, 114, 113, 112, 111, 110, 109, 108, 107, 66, 65, 26, 25, 24, 23, 22, 21, 20, 19], [0, 35, 36, 37, 38, 39, 78, 77, 76, 75, 74, 73, 72, 71, 70, 69, 68, 27, 28, 29, 30, 31, 32, 33, 34], [0, 67, 106, 146, 147, 148, 149, 150, 151, 191, 190, 189, 188, 187, 186, 185, 145, 105, 64, 63, 62, 60, 59, 58, 18]]

res = 5618.783
res_int = 5623
solution = [[0, 39, 38, 37, 36, 35, 34, 33, 32, 31, 30, 29, 28, 27, 26, 25, 23, 22, 21, 20, 19, 58, 57, 16, 15, 14, 13, 12], [0, 10, 50, 90, 89, 88, 127, 128, 168, 167, 207, 208, 209, 210, 211, 212, 172, 171, 170, 169, 129, 130, 131, 91, 51, 11], [0, 8, 9, 49, 48, 47, 46, 45, 85, 86, 87, 126, 166, 206, 205, 204, 203, 163, 164, 165, 125, 124, 123, 122, 82, 83, 84, 44], [0, 66, 67, 68, 69, 70, 71, 72, 73, 74, 75, 76, 77, 78, 79, 80, 40, 1, 2, 3, 4, 5, 6, 7], [0, 43, 42, 41, 81, 121, 161, 162, 202, 201, 240, 239, 238, 237, 236, 235, 194, 193, 153, 154, 155, 156, 157, 158, 159, 119, 118], [0, 120, 160, 200, 199, 198, 197, 196, 195, 234, 233, 232, 231, 230, 229, 228, 227, 226, 225, 224, 184, 185, 145, 104, 103, 102, 101, 61, 62, 63, 64, 24], [0, 117, 116, 115, 114, 113, 112, 111, 110, 109, 108, 148, 149, 150, 151, 152, 192, 191, 190, 189, 188, 187, 186, 146, 147, 107, 106], [0, 52, 53, 93, 92, 132, 133, 174, 173, 213, 214, 215, 216, 176, 175, 134, 135, 136, 137, 138, 98, 97, 96, 95, 94, 54, 55, 56, 17], [0, 65, 105, 144, 143, 183, 223, 222, 221, 220, 219, 218, 217, 177, 178, 179, 180, 181, 182, 142, 141, 140, 139, 99, 100, 60, 59, 18]]

res = 5618.981
res_int = 5624
solution = [[0, 18, 19, 20, 21, 22, 23, 24, 26, 31, 32, 33, 34, 35, 36, 37, 38, 39, 40, 1, 2, 3, 4, 5, 6, 7, 8, 9], [0, 45, 44, 83, 82, 81, 120, 160, 159, 158, 157, 156, 155, 154, 153, 152, 112, 113, 114, 115, 116, 117, 118, 119, 80, 79, 78, 77, 76, 75], [0, 41, 121, 161, 200, 199, 198, 197, 196, 195, 194, 193, 192, 232, 233, 234, 235, 236, 237, 238, 239, 240, 201, 202, 162, 122, 123, 124, 84, 42], [0, 15, 16, 17, 57, 56, 55, 95, 96, 97, 98, 99, 139, 138, 137, 136, 135, 134, 133, 92, 91, 90, 49, 50, 51, 52, 53, 13], [0, 58, 59, 60, 100, 140, 180, 179, 178, 177, 217, 218, 219, 220, 221, 222, 223, 183, 182, 181, 141, 142, 143, 144, 105, 65, 25], [0, 14, 54, 94, 93, 132, 171, 170, 169, 168, 167, 166, 126, 127, 128, 88, 87, 86, 46, 47, 48, 10, 11, 12], [0, 89, 129, 130, 131, 172, 173, 174, 175, 176, 216, 215, 214, 213, 212, 211, 210, 209, 208, 207, 206, 205, 204, 203, 163, 164, 165, 125, 85, 43], [0, 74, 73, 72, 71, 110, 109, 108, 148, 188, 187, 186, 146, 147, 107, 106, 66, 67, 68, 69, 30, 29, 28, 27], [0, 64, 63, 62, 61, 101, 102, 103, 104, 145, 185, 184, 224, 225, 226, 227, 228, 229, 230, 231, 191, 190, 189, 149, 150, 151, 111, 70]]

res = 5621.738
res_int = 5626
solution = [[0, 16, 15, 14, 13, 12, 11, 10, 9, 7, 4, 3, 2, 1, 40, 39, 38, 37, 36, 35, 34, 33, 73, 74, 75, 76, 77, 78], [0, 159, 160, 121, 122, 123, 163, 162, 202, 203, 204, 205, 206, 166, 165, 164, 124, 125, 126, 86, 85, 45, 46, 47, 6, 5], [0, 102, 103, 104, 144, 143, 142, 141, 181, 182, 183, 223, 222, 221, 220, 219, 218, 217, 177, 178, 179, 180, 140, 139, 99, 100, 101, 61], [0, 24, 23, 22, 21, 20, 19, 18, 17, 57, 58, 59, 60, 62, 63, 64, 65, 66, 67, 68, 69, 31, 30, 29, 28, 27, 26, 25], [0, 54, 53, 52, 51, 50, 49, 89, 90, 130, 129, 169, 170, 171, 172, 212, 211, 210, 209, 208, 207, 167, 168, 128, 127, 87, 88, 48, 8], [0, 56, 96, 97, 98, 138, 137, 136, 176, 216, 215, 214, 213, 173, 174, 175, 135, 134, 133, 132, 131, 91, 92, 93, 94, 95, 55], [0, 107, 106, 105, 145, 146, 186, 185, 184, 224, 225, 226, 227, 228, 229, 230, 231, 232, 192, 191, 190, 189, 188, 187, 147, 148, 149, 108, 109, 70], [0, 72, 112, 113, 154, 194, 193, 233, 234, 235, 236, 237, 238, 239, 240, 201, 161, 200, 199, 198, 197, 196, 195, 155, 156, 157, 158, 118, 79, 80], [0, 32, 71, 111, 110, 150, 151, 152, 153, 114, 115, 116, 117, 119, 120, 81, 82, 83, 84, 44, 43, 42, 41]]

res = 5632.828
res_int = 5639
solution = [[0, 66, 65, 105, 146, 186, 185, 184, 183, 224, 225, 226, 227, 228, 229, 230, 231, 232, 192, 191, 190, 189, 188, 187, 147, 148, 149, 109, 108, 67], [0, 35, 36, 76, 75, 74, 73, 72, 71, 70, 69, 68, 107, 106, 145, 144, 143, 142, 141, 140, 100, 101, 102, 103, 104, 64, 63, 62], [0, 61, 60, 99, 139, 179, 180, 181, 182, 223, 222, 221, 220, 219, 218, 217, 177, 178, 138, 137, 136, 135, 95, 96, 97, 98, 59], [0, 34, 33, 32, 31, 30, 29, 28, 27, 26, 25, 24, 23, 22, 21, 20, 19, 18, 58, 57, 56, 55, 54, 53, 14, 15, 16, 17], [0, 78, 118, 158, 157, 196, 195, 194, 193, 233, 234, 235, 236, 237, 238, 239, 240, 201, 161, 121, 122, 123, 83, 82, 81, 41, 1, 2], [0, 77, 117, 116, 115, 114, 113, 112, 111, 110, 150, 151, 152, 153, 154, 155, 156, 197, 198, 199, 200, 160, 159, 119, 120, 80, 79, 39], [0, 13, 52, 93, 94, 134, 174, 175, 176, 216, 215, 214, 213, 212, 211, 210, 209, 208, 168, 169, 170, 171, 172, 173, 133, 132, 92, 51, 12], [0, 3, 4, 5, 6, 7, 8, 50, 90, 91, 131, 130, 129, 128, 127, 86, 85, 44, 43, 42, 40, 38, 37], [0, 9, 48, 47, 46, 45, 84, 124, 164, 163, 162, 202, 203, 204, 205, 206, 207, 167, 166, 165, 125, 126, 87, 88, 89, 49, 10, 11]]

res = 5649.304
res_int = 5652
solution = [[0, 41, 42, 82, 81, 120, 119, 118, 117, 116, 115, 154, 153, 193, 194, 195, 196, 197, 198, 159, 160, 121, 122, 123, 83, 43, 44, 4], [0, 111, 112, 152, 192, 191, 190, 189, 188, 228, 229, 230, 231, 232, 233, 234, 235, 236, 237, 238, 239, 199, 158, 157, 156, 155, 114, 113], [0, 10, 11, 12, 14, 15, 16, 19, 20, 21, 22], [0, 13, 53, 54, 55, 95, 94, 93, 92, 132, 133, 134, 174, 173, 213, 214, 215, 216, 176, 175, 135, 136, 137, 138, 98, 97, 96, 56, 57, 17], [0, 52, 51, 91, 131, 171, 172, 212, 211, 210, 209, 208, 207, 167, 168, 169, 170, 130, 129, 89, 90, 50, 49, 48, 7], [0, 45, 85, 84, 124, 164, 163, 162, 161, 200, 240, 201, 202, 203, 204, 205, 206, 166, 165, 125, 126, 127, 128, 88, 87, 86, 46, 47, 8, 9], [0, 59, 60, 100, 101, 141, 181, 182, 183, 184, 185, 225, 224, 223, 222, 221, 220, 219, 218, 217, 177, 178, 179, 180, 140, 139, 99, 58, 18], [0, 67, 109, 110, 151, 150, 149, 148, 147, 187, 227, 226, 186, 146, 145, 144, 143, 142, 102, 103, 104, 63, 62, 61], [0, 6, 5, 3, 2, 1, 40, 80, 79, 78, 77, 76, 75, 74, 73, 72, 71, 70, 69, 68, 108, 107, 106, 105, 66, 65, 64], [0, 39, 38, 37, 36, 35, 34, 33, 32, 31, 30, 29, 28, 27, 26, 25, 24, 23]]

res = 5651.639
res_int = 5657
solution = [[0, 27, 28, 29, 30, 31, 32, 33, 34, 35, 36, 37, 38, 39, 40, 41, 42, 43, 44, 45, 46, 47, 48, 50, 51, 10, 9, 8], [0, 5, 6, 7, 87, 86, 85, 84, 83, 82, 81, 120, 119, 118, 117, 116, 115, 74, 75, 76, 77, 78, 79, 2, 3, 4], [0, 100, 139, 179, 178, 177, 217, 218, 219, 220, 221, 222, 223, 224, 225, 226, 227, 228, 229, 230, 231, 232, 233, 234, 194, 193, 153, 113, 112, 72], [0, 73, 114, 154, 155, 156, 157, 158, 159, 199, 198, 197, 196, 195, 235, 236, 236, 237, 238, 239, 240, 201, 202, 162, 161, 200, 160, 121, 80, 1], [0, 70, 71, 111, 110, 150, 151, 152, 192, 191, 190, 189, 188, 187, 186, 146, 147, 148, 149, 109, 69, 26, 25, 24, 23, 22], [0, 65, 66, 67, 68, 108, 107, 106, 105, 104, 103, 143, 144, 145, 185, 184, 183, 182, 181, 180, 140, 141, 142, 102, 101, 61, 62, 63, 64], [0, 16, 17, 18, 19, 20, 21, 60, 59, 58, 57, 56, 97, 96, 95, 94, 93, 92, 91, 90, 52, 53, 54, 55, 15, 14, 13], [0, 122, 123, 124, 125, 165, 164, 163, 203, 204, 205, 206, 207, 208, 209, 210, 211, 212, 213, 214, 215, 216, 176, 175, 133, 133, 132, 131, 130], [0, 99, 98, 138, 137, 136, 135, 134, 174, 173, 172, 171, 170, 169, 168, 167, 166, 126, 127, 128, 129, 89, 88, 49, 11, 12]]

res = 5656.304
res_int = 5661
solution = [[0, 156, 196, 195, 234, 233, 232, 231, 230, 229, 228, 227, 226, 225, 224, 223, 222, 221, 220, 219, 218, 217, 216, 176, 177, 178, 179, 180, 181, 182], [0, 9, 50, 91, 90, 130, 131, 171, 170, 169, 209, 210, 211, 212, 213, 214, 215, 175, 174, 173, 172, 132, 92, 93, 94, 55], [0, 30, 31, 32, 33, 34, 35, 36, 1, 2, 3, 4, 5, 6, 7, 8, 51, 52, 53, 54, 14, 15, 16, 17, 18, 19, 20, 21], [0, 13, 12, 49, 89, 129, 128, 168, 208, 207, 167, 166, 165, 206, 205, 204, 203, 202, 162, 163, 164, 123, 124, 125, 126, 127, 88, 48, 10, 11], [0, 107, 108, 109, 110, 111, 112, 113, 114, 115, 116, 117, 118, 119, 120, 81, 83, 84, 85, 86, 87, 47, 46, 45, 44, 43, 42], [0, 29, 28, 27, 26, 66, 67, 68, 69, 70, 71, 72, 73, 74, 75, 76, 77, 78, 79, 39, 38, 37], [0, 40, 80, 41, 82, 122, 121, 160, 159, 158, 157, 197, 198, 199, 200, 161, 201, 240, 239, 238, 237, 237, 236, 235, 194, 193, 192, 152, 153, 154, 155], [0, 25, 65, 106, 105, 104, 144, 145, 146, 147, 148, 149, 150, 151, 191, 190, 189, 188, 187, 186, 185, 184, 183, 143, 103, 64, 24, 23], [0, 56, 57, 97, 96, 95, 133, 134, 135, 136, 137, 138, 139, 140, 141, 142, 102, 101, 100, 99, 98, 58, 59, 60, 61, 62, 63, 22]]

res = 5658.226
res_int = 5663
solution = [[0, 14, 13, 12, 11, 10, 9, 8, 7, 6, 5, 4, 3, 2, 1, 40, 39, 38, 36, 35, 34, 33, 32, 31, 30, 29, 28, 27], [0, 76, 75, 115, 155, 154, 153, 193, 194, 195, 235, 234, 233, 232, 231, 230, 229, 228, 227, 226, 225, 185, 145, 105, 106, 66, 65, 25], [0, 50, 49, 89, 90, 130, 129, 169, 170, 171, 172, 212, 211, 210, 209, 208, 207, 206, 205, 204, 203, 163, 164, 165, 166, 167, 168, 128, 88, 48], [0, 74, 114, 113, 112, 111, 110, 109, 108, 148, 149, 150, 151, 152, 192, 191, 190, 189, 188, 187, 186, 146, 147, 107, 67, 26], [0, 68, 69, 70, 71, 72, 73], [0, 43, 83, 82, 81, 120, 160, 121, 122, 123, 124, 125, 126, 127, 87, 86, 85, 84, 44, 45, 46, 47], [0, 42, 41, 80, 79, 78, 118, 119, 159, 199, 200, 161, 162, 202, 201, 240, 239, 238, 237, 236, 196, 197, 198, 158, 157, 156, 116, 117, 77, 37], [0, 24, 23, 22, 21, 61, 62, 63, 103, 102, 101, 100, 140, 141, 142, 182, 181, 180, 179, 139, 99, 59, 60, 20, 19, 18], [0, 51, 52, 92, 91, 131, 132, 133, 134, 174, 173, 213, 214, 215, 216, 176, 175, 135, 136, 97, 98, 58, 57, 56, 16, 17], [0, 64, 104, 144, 143, 183, 184, 224, 223, 222, 221, 220, 219, 218, 217, 177, 178, 138, 137, 96, 95, 94, 93, 53, 54, 55, 15]]

Mean = 5626.888019532211
Execution = 8961.181030035019

Instance : Golden_02.xml
Time = 267.2833354473114
