Instance : Golden_01.xml


Time = 28.989173412322998
Instance : Golden_01.xml
Time = 72.02966046333313

res = 5732.783
solution = [[0, 92, 132, 133, 173, 172, 212, 213, 214, 215, 216, 217, 218, 219, 220, 221, 181, 180, 179, 140, 139, 138, 137, 178, 177, 176, 175, 174, 134, 135, 136, 56], [0, 101, 102, 103, 143, 183, 184, 185, 186, 187, 188, 189, 190, 191, 192, 193, 153, 152, 151, 150, 149, 148, 147, 146, 145, 144, 104, 63, 64], [0, 114, 154, 194, 195, 235, 234, 233, 232, 231, 230, 229, 228, 227, 226, 225, 224, 223, 222, 182, 142, 141, 100, 62, 61, 60], [0, 5, 6, 48, 47, 46, 45, 86, 87, 88, 128, 129, 130, 169, 170, 210, 211, 171, 131, 91, 90, 89, 49, 50, 51, 8], [0, 113, 112, 111, 110, 109, 108, 107, 106, 105, 65, 66, 67, 68, 69, 30, 29, 28, 27, 26, 25, 24, 23, 22, 19, 20, 21], [0, 16, 17, 18, 57, 58, 59, 99, 98, 97, 96, 95, 94, 93, 52, 53, 54, 55, 15, 14, 13, 12, 11, 10, 9, 7], [0, 33, 34, 35, 36, 37, 38, 76, 77, 78, 79, 80, 120, 119, 118, 117, 116, 115, 75, 74, 73, 72, 71, 70, 31, 32], [0, 39, 40, 1, 2, 43, 42, 41, 81, 82, 122, 121, 160, 159, 199, 200, 240, 239, 238, 237, 236, 196, 197, 198, 158, 157, 156, 155], [0, 3, 83, 123, 163, 162, 161, 201, 202, 203, 204, 205, 206, 207, 208, 209, 168, 167, 166, 165, 164, 124, 125, 126, 127, 85, 84, 44, 4]]

res = 5761.928
solution = [[0, 92, 132, 133, 173, 172, 212, 213, 214, 215, 216, 217, 218, 219, 220, 221, 181, 180, 179, 140, 139, 138, 137, 178, 177, 176, 175, 174, 134, 135, 136, 56], [0, 101, 102, 103, 143, 183, 184, 185, 186, 187, 188, 189, 190, 191, 192, 193, 153, 152, 151, 150, 149, 148, 147, 146, 145, 144, 105, 104, 63, 64], [0, 5, 6, 48, 47, 46, 45, 86, 87, 88, 128, 129, 130, 169, 170, 210, 211, 171, 131, 91, 90, 89, 49, 50, 51, 8], [0, 26, 27, 28, 29, 68, 69, 70, 71, 111, 110, 109, 108, 107, 106, 67, 66, 65, 25, 24, 23, 22, 19, 20, 21], [0, 16, 17, 18, 57, 58, 59, 99, 98, 97, 96, 95, 94, 93, 52, 53, 54, 55, 15, 14, 13, 12, 11, 10, 9, 7], [0, 39, 40, 1, 2, 41, 42, 43, 82, 122, 121, 160, 159, 199, 200, 240, 239, 238, 237, 236, 196, 197, 198, 158, 157, 116], [0, 127, 126, 125, 124, 164, 165, 166, 167, 168, 209, 208, 207, 206, 205, 204, 203, 202, 201, 161, 162, 163, 123, 83, 84, 85, 44, 4, 3], [0, 30, 31, 32, 33, 34, 74, 73, 72, 112, 113, 114, 155, 156, 117, 118, 119, 120, 81, 80, 79, 78, 77, 76, 75, 35, 36, 37, 38], [0, 115, 154, 194, 195, 235, 234, 233, 232, 231, 230, 229, 228, 227, 226, 225, 224, 223, 222, 182, 142, 141, 100, 62, 61, 60]]

res = 5776.644
solution = [[0, 92, 132, 133, 173, 172, 212, 213, 214, 215, 216, 217, 218, 219, 220, 221, 181, 180, 179, 140, 139, 138, 137, 178, 177, 176, 175, 174, 134, 135, 136, 56], [0, 101, 102, 103, 143, 183, 184, 185, 186, 187, 188, 189, 190, 191, 192, 193, 153, 152, 151, 150, 149, 148, 147, 146, 145, 144, 104, 63, 64], [0, 114, 154, 194, 195, 235, 234, 233, 232, 231, 230, 229, 228, 227, 226, 225, 224, 223, 222, 182, 142, 141, 100, 62, 61, 60], [0, 127, 126, 125, 124, 164, 165, 166, 167, 168, 209, 208, 207, 206, 205, 204, 203, 202, 161, 162, 163, 123, 83, 84, 85, 44, 43, 3], [0, 5, 6, 48, 47, 46, 45, 86, 87, 88, 128, 129, 130, 169, 170, 210, 211, 171, 131, 91, 90, 89, 49, 50, 51, 8], [0, 16, 17, 18, 57, 58, 59, 99, 98, 97, 96, 95, 94, 93, 52, 53, 54, 55, 15, 14, 13, 12, 11, 10, 9, 7], [0, 72, 73, 155, 156, 157, 158, 159, 160, 200, 199, 198, 197, 196, 236, 237, 238, 239, 240, 201, 121, 122, 82, 81, 41, 42, 4, 2, 1, 40, 39], [0, 38, 37, 36, 35, 34, 33, 32, 31, 30, 71, 111, 112, 113, 115, 116, 117, 118, 119, 120, 80, 79, 78, 77, 76, 75, 74], [0, 29, 28, 68, 69, 70, 110, 109, 108, 107, 106, 105, 65, 66, 67, 27, 26, 25, 24, 23, 22, 19, 20, 21]]

res = 5776.644
solution = [[0, 92, 132, 133, 173, 172, 212, 213, 214, 215, 216, 217, 218, 219, 220, 221, 181, 180, 179, 140, 139, 138, 137, 178, 177, 176, 175, 174, 134, 135, 136, 56], [0, 101, 102, 103, 143, 183, 184, 185, 186, 187, 188, 189, 190, 191, 192, 193, 153, 152, 151, 150, 149, 148, 147, 146, 145, 144, 104, 63, 64], [0, 114, 154, 194, 195, 235, 234, 233, 232, 231, 230, 229, 228, 227, 226, 225, 224, 223, 222, 182, 142, 141, 100, 62, 61, 60], [0, 127, 126, 125, 124, 164, 165, 166, 167, 168, 209, 208, 207, 206, 205, 204, 203, 202, 161, 162, 163, 123, 83, 84, 85, 44, 43, 3], [0, 5, 6, 48, 47, 46, 45, 86, 87, 88, 128, 129, 130, 169, 170, 210, 211, 171, 131, 91, 90, 89, 49, 50, 51, 8], [0, 16, 17, 18, 57, 58, 59, 99, 98, 97, 96, 95, 94, 93, 52, 53, 54, 55, 15, 14, 13, 12, 11, 10, 9, 7], [0, 72, 73, 155, 156, 157, 158, 159, 160, 200, 199, 198, 197, 196, 236, 237, 238, 239, 240, 201, 121, 122, 82, 81, 41, 42, 4, 2, 1, 40, 39], [0, 38, 37, 36, 35, 34, 33, 32, 31, 30, 71, 111, 112, 113, 115, 116, 117, 118, 119, 120, 80, 79, 78, 77, 76, 75, 74], [0, 29, 28, 68, 69, 70, 110, 109, 108, 107, 106, 105, 65, 66, 67, 27, 26, 25, 24, 23, 22, 19, 20, 21]]

res = 5778.601
solution = [[0, 102, 141, 142, 143, 182, 222, 223, 224, 225, 226, 227, 228, 229, 230, 231, 232, 233, 234, 235, 195, 194, 154, 114], [0, 85, 86, 87, 127, 126, 125, 165, 166, 167, 168, 209, 208, 207, 206, 205, 204, 203, 202, 161, 162, 163, 164, 124, 123, 83, 84, 44], [0, 42, 82, 122, 121, 201, 240, 239, 238, 237, 236, 196, 197, 198, 199, 200, 160, 159, 158, 157, 156, 155, 115, 116, 117, 118, 119, 120, 81, 41], [0, 50, 51, 92, 91, 90, 89, 130, 131, 171, 211, 210, 170, 169, 129, 128, 88, 49, 48, 47, 46, 45, 43, 5, 6, 7], [0, 52, 132, 133, 173, 172, 212, 213, 214, 215, 216, 217, 218, 219, 220, 221, 181, 180, 179, 140, 139, 138, 137, 178, 177, 176, 175, 174, 134, 135, 53, 13], [0, 23, 22, 20, 19, 18, 57, 58, 59, 60, 101, 100, 99, 98, 97, 96, 136, 95, 94, 93, 54, 55, 56, 14, 15, 16, 17], [0, 113, 153, 193, 192, 191, 190, 189, 188, 187, 186, 185, 184, 183, 144, 145, 146, 147, 107, 106, 105, 104, 103, 63, 62, 61, 21], [0, 12, 11, 10, 9, 8, 4, 3, 2, 1, 40, 39, 38, 80, 79, 78, 77, 76, 75, 74, 73, 72, 32, 33, 34, 35, 36, 37], [0, 25, 26, 27, 28, 29, 30, 31, 71, 70, 69, 109, 110, 111, 112, 152, 151, 150, 149, 148, 108, 68, 67, 66, 65, 64, 24]]

res = 5781.654
solution = [[0, 92, 132, 133, 173, 172, 212, 213, 214, 215, 216, 217, 218, 219, 220, 221, 181, 180, 179, 140, 139, 138, 137, 178, 177, 176, 175, 174, 134, 135, 136, 56], [0, 101, 102, 103, 143, 183, 184, 185, 186, 187, 188, 189, 190, 191, 192, 193, 153, 152, 151, 150, 149, 148, 147, 146, 145, 144, 104, 63, 64], [0, 114, 154, 194, 195, 235, 234, 233, 232, 231, 230, 229, 228, 227, 226, 225, 224, 223, 222, 182, 142, 141, 100, 62, 61, 60], [0, 127, 126, 125, 124, 164, 165, 166, 167, 168, 209, 208, 207, 206, 205, 204, 203, 202, 161, 162, 163, 123, 83, 84, 85, 44, 43, 3], [0, 5, 6, 48, 47, 46, 45, 86, 87, 88, 128, 129, 130, 169, 170, 210, 211, 171, 131, 91, 90, 89, 49, 50, 51, 8], [0, 30, 71, 110, 109, 108, 107, 106, 105, 65, 66, 67, 68, 69, 29, 28, 27, 26, 25, 24, 23, 22, 19, 20, 21], [0, 16, 17, 18, 57, 58, 59, 99, 98, 97, 96, 95, 94, 93, 52, 53, 54, 55, 15, 14, 13, 12, 11, 10, 9, 7], [0, 38, 37, 36, 35, 34, 33, 32, 31, 70, 111, 112, 113, 115, 116, 117, 118, 119, 120, 80, 79, 78, 77, 76, 75, 74], [0, 72, 73, 155, 156, 157, 158, 159, 160, 200, 199, 198, 197, 196, 236, 237, 238, 239, 240, 201, 121, 122, 82, 81, 41, 42, 4, 2, 1, 40, 39]]

res = 5781.745
solution = [[0, 102, 141, 142, 143, 182, 222, 223, 224, 225, 226, 227, 228, 229, 230, 231, 232, 233, 234, 235, 195, 194, 154, 114], [0, 85, 86, 87, 127, 126, 125, 165, 166, 167, 168, 209, 208, 207, 206, 205, 204, 203, 202, 161, 162, 163, 164, 124, 123, 83, 84, 44], [0, 42, 82, 122, 121, 201, 240, 239, 238, 237, 236, 196, 197, 198, 199, 200, 160, 159, 158, 157, 156, 155, 115, 116, 117, 118, 119, 120, 81, 41], [0, 113, 112, 152, 153, 193, 192, 191, 190, 189, 188, 187, 186, 185, 184, 183, 144, 145, 146, 147, 107, 106, 105, 104, 103, 63, 62, 61, 21], [0, 50, 51, 92, 91, 90, 89, 130, 131, 171, 211, 210, 170, 169, 129, 128, 88, 49, 48, 47, 46, 45, 43, 5, 6, 7], [0, 52, 132, 133, 173, 172, 212, 213, 214, 215, 216, 217, 218, 219, 220, 221, 181, 180, 179, 140, 139, 138, 137, 178, 177, 176, 175, 174, 134, 135, 53, 13], [0, 24, 23, 22, 20, 19, 18, 58, 59, 60, 101, 100, 99, 98, 97, 96, 136, 95, 94, 93, 54, 55, 56, 57, 14, 15, 16, 17], [0, 30, 31, 71, 111, 151, 150, 149, 148, 108, 109, 110, 70, 69, 68, 67, 66, 65, 64, 25, 26, 27, 28, 29], [0, 12, 11, 10, 9, 8, 4, 3, 2, 1, 40, 39, 38, 80, 79, 78, 77, 76, 75, 74, 73, 72, 32, 33, 34, 35, 36, 37]]

res = 5794.531
solution = [[0, 136, 135, 134, 174, 175, 176, 177, 178, 137, 138, 139, 140, 179, 180, 181, 221, 220, 219, 218, 217, 216, 215, 214, 213, 212, 172, 173, 133, 132, 92, 93], [0, 156, 155, 154, 194, 195, 235, 234, 233, 232, 231, 230, 229, 228, 227, 226, 225, 224, 223, 222, 182, 142, 141, 101, 100, 99], [0, 88, 127, 126, 125, 124, 164, 165, 166, 206, 207, 208, 209, 168, 167, 128, 129, 169, 170, 210, 211, 171, 131, 130, 91, 90, 89, 49], [0, 74, 117, 118, 119, 120, 160, 159, 199, 200, 240, 239, 238, 237, 236, 196, 197, 198, 158, 157, 116, 115, 114, 113, 112, 73, 72, 71, 70, 32], [0, 43, 44, 45, 46, 47, 48, 87, 86, 85, 84, 83, 123, 122, 162, 163, 205, 204, 203, 202, 201, 161, 121, 81, 82, 42, 41, 1], [0, 5, 6, 7, 8, 9, 10, 11, 12, 13, 14, 15, 55, 56, 57, 58, 98, 97, 96, 95, 94, 54, 53, 52, 50, 51], [0, 27, 28, 29, 30, 31, 33, 75, 76, 77, 78, 79, 80, 4, 3, 2, 40, 39, 38, 37, 36, 35, 34], [0, 20, 21, 22, 23, 24, 25, 26, 66, 67, 68, 69, 111, 110, 109, 108, 107, 106, 63, 61, 60, 59, 19, 18, 17, 16], [0, 64, 65, 105, 145, 146, 147, 148, 149, 150, 151, 152, 153, 193, 192, 191, 190, 189, 188, 187, 186, 185, 184, 183, 143, 144, 104, 103, 102, 62]]

res = 5797.572
solution = [[0, 136, 135, 134, 174, 175, 176, 177, 178, 137, 138, 139, 140, 179, 180, 181, 221, 220, 219, 218, 217, 216, 215, 214, 213, 212, 172, 173, 133, 132, 92, 93], [0, 156, 155, 154, 194, 195, 235, 234, 233, 232, 231, 230, 229, 228, 227, 226, 225, 224, 223, 222, 182, 142, 141, 101, 100, 99], [0, 88, 127, 126, 125, 124, 164, 165, 166, 206, 207, 208, 209, 168, 167, 128, 129, 169, 170, 210, 211, 171, 131, 130, 91, 90, 89, 49], [0, 63, 104, 144, 145, 146, 147, 148, 149, 150, 151, 152, 153, 193, 192, 191, 190, 189, 188, 187, 186, 185, 184, 183, 143, 103, 102, 61], [0, 43, 44, 45, 46, 47, 48, 87, 86, 85, 84, 83, 123, 122, 162, 163, 205, 204, 203, 202, 201, 161, 121, 81, 82, 42, 41, 1], [0, 5, 6, 7, 8, 9, 10, 11, 12, 13, 14, 15, 16, 55, 56, 57, 58, 98, 97, 96, 95, 94, 54, 53, 52, 50, 51], [0, 20, 21, 22, 23, 24, 25, 26, 27, 66, 67, 68, 69, 111, 110, 109, 108, 107, 106, 105, 65, 64, 62, 60, 59, 19, 18, 17], [0, 4, 3, 2, 40, 39, 38, 80, 79, 78, 77, 76, 75, 74, 37, 36, 35, 30, 31, 32, 33, 34], [0, 117, 118, 119, 120, 160, 159, 199, 200, 240, 239, 238, 237, 236, 196, 197, 198, 158, 157, 116, 115, 114, 113, 112, 73, 72, 71, 70, 28, 29]]

res = 5801.185
solution = [[0, 102, 141, 142, 143, 182, 222, 223, 224, 225, 226, 227, 228, 229, 230, 231, 232, 233, 234, 235, 195, 194, 154, 114], [0, 85, 86, 87, 127, 126, 125, 165, 166, 167, 168, 209, 208, 207, 206, 205, 204, 203, 202, 161, 162, 163, 164, 124, 123, 83, 84, 44], [0, 42, 82, 122, 121, 201, 240, 239, 238, 237, 236, 196, 197, 198, 199, 200, 160, 159, 158, 157, 156, 155, 115, 116, 117, 118, 119, 120, 81, 41], [0, 50, 51, 92, 91, 90, 89, 130, 131, 171, 211, 210, 170, 169, 129, 128, 88, 49, 48, 47, 46, 45, 43, 5, 6, 7], [0, 52, 132, 133, 173, 172, 212, 213, 214, 215, 216, 217, 218, 219, 220, 221, 181, 180, 179, 140, 139, 138, 137, 178, 177, 176, 175, 174, 134, 135, 53, 13], [0, 23, 22, 20, 19, 18, 57, 58, 59, 60, 61, 101, 100, 99, 98, 97, 96, 136, 95, 94, 93, 54, 55, 56, 14, 15, 16, 17], [0, 12, 11, 10, 9, 8, 4, 3, 2, 1, 40, 80, 79, 78, 77, 76, 75, 29, 30, 31, 32, 33, 34, 35, 36, 39, 38, 37], [0, 74, 73, 72, 113, 153, 193, 192, 191, 190, 189, 188, 187, 186, 185, 184, 183, 144, 145, 146, 147, 107, 106, 105, 104, 103, 63, 62, 21], [0, 25, 26, 27, 28, 71, 70, 69, 109, 110, 111, 112, 152, 151, 150, 149, 148, 108, 68, 67, 66, 65, 64, 24]]

Mean = 5778.328908597202
Execution = 1176.6972885131836

Instance : Golden_02.xml
Time = 165.44733262062073

res = 8728.056
solution = [[0, 192, 191, 190, 189, 188, 187, 227, 228, 229, 269, 309, 308, 268, 267, 307, 306, 266, 226, 225, 265, 305, 304, 303, 302, 262, 263, 264, 224, 223, 183, 184, 185, 186, 145, 106], [0, 87, 128, 129, 130, 170, 169, 168, 209, 210, 211, 251, 291, 290, 250, 249, 289, 288, 248, 208, 207, 247, 287, 286, 246, 206, 205, 205, 165, 166, 167, 127, 86], [0, 6, 7, 8, 49, 50, 51, 52, 53, 55, 56, 57, 58, 98, 99, 100, 101, 61, 60, 59, 17, 16, 15, 14, 13, 12, 9, 10, 11], [0, 3, 2, 1, 40, 39, 38, 37, 36, 35, 34, 33, 32, 31, 30, 21, 22, 23, 24, 25, 26, 27, 28, 29], [0, 48, 47, 46, 126, 125, 124, 123, 163, 164, 204, 244, 245, 285, 284, 283, 282, 242, 243, 203, 202, 200, 199, 160, 159, 158, 117, 79, 80, 41, 42, 43, 44, 45, 4, 5], [0, 85, 84, 83, 82, 81, 120, 119, 121, 122, 162, 161, 201, 241, 281, 320, 280, 240, 239, 279, 319, 318, 278, 238, 198, 197, 237, 277, 317, 316, 276, 236, 235, 195, 196, 157, 118, 78], [0, 88, 89, 90, 91, 92, 133, 132, 131, 171, 172, 212, 252, 292, 293, 253, 254, 294, 295, 255, 256, 296, 297, 257, 217, 216, 215, 214, 213, 173, 174, 175, 176, 177, 97, 96, 95, 94, 54], [0, 93, 134, 135, 136, 137, 138, 139, 180, 179, 178, 218, 258, 298, 299, 259, 219, 220, 260, 300, 301, 261, 221, 222, 182, 181, 140, 141, 142, 102, 103, 143, 144, 105, 104], [0, 73, 113, 153, 193, 233, 232, 271, 231, 230, 270, 310, 311, 312, 272, 273, 313, 314, 315, 275, 274, 234, 194, 154, 155, 156, 116, 115, 114, 74, 75, 76, 77], [0, 72, 112, 152, 151, 150, 149, 148, 147, 146, 107, 108, 109, 110, 111, 71, 70, 69, 68, 67, 66, 65, 64, 63, 62, 18, 19, 20]]

res = 8730.464
solution = [[0, 192, 191, 190, 189, 188, 187, 227, 228, 229, 269, 309, 308, 268, 267, 307, 306, 266, 226, 225, 265, 305, 304, 303, 302, 262, 263, 264, 224, 223, 183, 184, 185, 186, 145, 106], [0, 87, 128, 129, 130, 170, 169, 168, 209, 210, 211, 251, 291, 290, 250, 249, 289, 288, 248, 208, 207, 247, 287, 286, 246, 206, 205, 205, 165, 166, 167, 127, 86], [0, 6, 7, 8, 49, 50, 51, 52, 53, 55, 56, 57, 58, 97, 98, 99, 100, 101, 60, 59, 17, 16, 15, 14, 13, 12, 9, 10, 11], [0, 3, 2, 1, 40, 39, 38, 37, 36, 35, 34, 33, 32, 31, 30, 20, 21, 22, 23, 24, 25, 26, 27, 28, 29], [0, 48, 47, 46, 126, 125, 124, 123, 163, 164, 204, 244, 245, 285, 284, 283, 282, 242, 243, 203, 202, 200, 199, 160, 159, 158, 117, 79, 80, 41, 42, 43, 44, 45, 4, 5], [0, 85, 84, 83, 82, 81, 120, 119, 121, 122, 162, 161, 201, 241, 281, 320, 280, 240, 239, 279, 319, 318, 278, 238, 198, 197, 237, 277, 317, 316, 276, 236, 235, 195, 196, 157, 118, 78], [0, 73, 113, 153, 193, 233, 232, 271, 231, 230, 270, 310, 311, 312, 272, 273, 313, 314, 315, 275, 274, 234, 194, 154, 155, 156, 116, 115, 114, 74, 75, 76, 77], [0, 72, 112, 152, 151, 150, 149, 148, 147, 146, 107, 108, 109, 110, 111, 71, 70, 69, 68, 67, 66, 65, 64, 63, 62, 61, 18, 19], [0, 88, 89, 90, 91, 92, 133, 132, 131, 171, 172, 212, 252, 292, 293, 253, 254, 294, 295, 255, 256, 296, 297, 257, 217, 216, 215, 214, 213, 173, 174, 175, 176, 177, 96, 95, 94, 54], [0, 93, 134, 135, 136, 137, 138, 139, 180, 179, 178, 218, 258, 298, 299, 259, 219, 220, 260, 300, 301, 261, 221, 222, 182, 181, 140, 141, 142, 102, 103, 143, 144, 104, 105]]

res = 8767.437
solution = [[0, 192, 191, 190, 189, 188, 187, 227, 228, 229, 269, 309, 308, 268, 267, 307, 306, 266, 226, 225, 265, 305, 304, 303, 302, 262, 263, 264, 224, 223, 183, 184, 185, 186, 145, 106], [0, 87, 128, 129, 130, 170, 169, 168, 209, 210, 211, 251, 291, 290, 250, 249, 289, 288, 248, 208, 207, 247, 287, 286, 246, 206, 205, 205, 165, 166, 167, 127, 86], [0, 85, 84, 83, 82, 81, 120, 121, 122, 162, 161, 201, 241, 281, 320, 280, 240, 239, 279, 319, 318, 278, 238, 198, 197, 237, 277, 317, 316, 276, 236, 235, 195, 196, 118, 119, 78], [0, 48, 47, 46, 126, 125, 124, 123, 163, 164, 204, 244, 245, 285, 284, 283, 282, 242, 243, 203, 202, 200, 199, 160, 159, 158, 157, 79, 80, 41, 42, 43, 44, 45, 4, 5], [0, 77, 117, 116, 115, 156, 155, 154, 194, 234, 274, 275, 315, 314, 313, 273, 272, 312, 311, 310, 270, 230, 231, 271, 232, 233, 193, 153, 114, 72, 73, 74, 75, 76], [0, 113, 112, 152, 151, 150, 149, 148, 147, 146, 107, 108, 109, 110, 111, 71, 70, 69, 68, 67, 66, 65, 64, 63, 62, 18, 19, 20], [0, 6, 7, 8, 49, 50, 51, 52, 53, 55, 56, 57, 58, 98, 99, 100, 101, 61, 60, 59, 17, 16, 15, 14, 13, 12, 9, 10, 11], [0, 3, 2, 1, 40, 39, 38, 37, 36, 35, 34, 33, 32, 31, 30, 21, 22, 23, 24, 25, 26, 27, 28, 29], [0, 88, 89, 90, 91, 92, 133, 132, 131, 171, 172, 212, 252, 292, 293, 253, 254, 294, 295, 255, 256, 296, 297, 257, 217, 216, 215, 214, 213, 173, 174, 175, 176, 177, 97, 96, 95, 94, 54], [0, 93, 134, 135, 136, 137, 138, 139, 180, 179, 178, 218, 258, 298, 299, 259, 219, 220, 260, 300, 301, 261, 221, 222, 182, 181, 140, 141, 142, 102, 103, 143, 144, 104, 105]]

res = 8781.56
solution = [[0, 192, 191, 190, 189, 188, 187, 227, 228, 229, 269, 309, 308, 268, 267, 307, 306, 266, 226, 225, 265, 305, 304, 303, 302, 262, 263, 264, 224, 223, 183, 184, 185, 186, 145, 106], [0, 87, 128, 129, 130, 170, 169, 168, 209, 210, 211, 251, 291, 290, 250, 249, 289, 288, 248, 208, 207, 247, 287, 286, 246, 206, 205, 205, 165, 166, 167, 127, 86], [0, 133, 134, 135, 136, 137, 138, 139, 180, 179, 178, 218, 258, 298, 299, 259, 219, 220, 260, 300, 301, 261, 221, 222, 182, 181, 140, 141, 142, 102, 103, 143, 144, 105, 104], [0, 85, 84, 83, 82, 81, 120, 121, 122, 162, 161, 201, 241, 281, 320, 280, 240, 239, 279, 319, 318, 278, 238, 198, 197, 237, 277, 317, 316, 276, 236, 235, 195, 196, 118, 119, 78], [0, 88, 89, 90, 91, 92, 93, 132, 131, 171, 172, 212, 252, 292, 293, 253, 254, 294, 295, 255, 256, 296, 297, 257, 217, 216, 215, 214, 213, 173, 174, 175, 176, 177, 97, 96, 95, 94, 54], [0, 48, 47, 46, 126, 125, 124, 123, 163, 164, 204, 244, 245, 285, 284, 283, 282, 242, 243, 203, 202, 200, 199, 160, 159, 158, 157, 79, 80, 41, 42, 43, 44, 45, 4, 5], [0, 77, 117, 116, 115, 156, 155, 154, 194, 234, 274, 275, 315, 314, 313, 273, 272, 312, 311, 310, 270, 230, 231, 271, 232, 233, 193, 153, 114, 72, 73, 74, 75, 76], [0, 113, 112, 152, 151, 150, 149, 148, 147, 146, 107, 108, 109, 110, 111, 71, 70, 69, 68, 67, 66, 65, 64, 63, 62, 18, 19, 20], [0, 6, 7, 8, 49, 50, 51, 52, 53, 55, 56, 57, 58, 98, 99, 100, 101, 61, 60, 59, 17, 16, 15, 14, 13, 12, 9, 10, 11], [0, 3, 2, 1, 40, 39, 38, 37, 36, 35, 34, 33, 32, 31, 30, 21, 22, 23, 24, 25, 26, 27, 28, 29]]

res = 8787.645
solution = [[0, 192, 191, 190, 189, 188, 187, 227, 228, 229, 269, 309, 308, 268, 267, 307, 306, 266, 226, 225, 265, 305, 304, 303, 302, 262, 263, 264, 224, 223, 183, 184, 185, 186, 145, 106], [0, 87, 128, 129, 130, 170, 169, 168, 209, 210, 211, 251, 291, 290, 250, 249, 289, 288, 248, 208, 207, 247, 287, 286, 246, 206, 205, 205, 165, 166, 167, 127, 86], [0, 133, 134, 135, 136, 137, 138, 139, 180, 179, 178, 218, 258, 298, 299, 259, 219, 220, 260, 300, 301, 261, 221, 222, 182, 181, 140, 141, 142, 102, 103, 143, 144, 104, 105], [0, 85, 84, 83, 82, 81, 120, 121, 122, 162, 161, 201, 241, 281, 320, 280, 240, 239, 279, 319, 318, 278, 238, 198, 197, 237, 277, 317, 316, 276, 236, 235, 195, 196, 118, 119, 78], [0, 88, 89, 90, 91, 92, 93, 132, 131, 171, 172, 212, 252, 292, 293, 253, 254, 294, 295, 255, 256, 296, 297, 257, 217, 216, 215, 214, 213, 173, 174, 175, 176, 177, 97, 96, 95, 94, 54, 52], [0, 48, 47, 46, 126, 125, 124, 123, 163, 164, 204, 244, 245, 285, 284, 283, 282, 242, 243, 203, 202, 200, 199, 160, 159, 158, 157, 117, 79, 80, 41, 42, 43, 44, 45, 4, 5], [0, 6, 7, 8, 49, 50, 51, 53, 55, 56, 57, 58, 98, 99, 100, 101, 61, 60, 59, 17, 16, 15, 14, 13, 12, 9, 10, 11], [0, 3, 2, 1, 40, 39, 38, 37, 35, 34, 33, 32, 31, 30, 20, 21, 22, 23, 24, 25, 26, 27, 28, 29], [0, 72, 111, 112, 113, 153, 152, 151, 150, 149, 148, 147, 146, 107, 108, 109, 110, 70, 69, 68, 67, 66, 65, 64, 63, 62, 18, 19], [0, 71, 73, 74, 75, 115, 114, 154, 193, 233, 232, 271, 231, 230, 270, 310, 311, 312, 272, 273, 313, 314, 315, 275, 274, 234, 194, 155, 156, 116, 76, 77, 36]]

res = 8800.79
solution = [[0, 147, 146, 186, 185, 184, 183, 223, 224, 264, 263, 262, 302, 303, 304, 305, 265, 225, 226, 266, 306, 307, 267, 268, 308, 309, 269, 229, 228, 227, 187, 188, 189, 190, 191], [0, 209, 210, 211, 251, 291, 290, 250, 249, 289, 288, 248, 208, 207, 247, 287, 286, 246, 206, 205, 205, 204, 244, 245, 285, 284, 283, 282, 242, 243, 203, 163, 164, 124, 125], [0, 165, 166, 167, 168, 169, 170, 171, 172, 212, 252, 292, 293, 253, 213, 214, 254, 294, 295, 255, 215, 216, 256, 296, 297, 257, 217, 177, 176, 137, 136, 135, 175, 174, 173, 133, 134, 94, 95], [0, 148, 149, 150, 151, 152, 192, 193, 233, 273, 232, 231, 230, 270, 310, 311, 271, 272, 312, 313, 314, 315, 275, 274, 234, 194, 154, 153, 113, 114, 115, 116, 117], [0, 96, 97, 98, 99, 100, 101, 102, 103, 145, 144, 143, 142, 141, 140, 139, 138, 178, 219, 218, 258, 298, 299, 259, 300, 301, 261, 260, 220, 221, 222, 182, 181, 180, 179], [0, 33, 32, 31, 30, 70, 69, 68, 67, 66, 65, 64, 104, 105, 106, 107, 108, 109, 110, 111, 112, 71, 72, 73, 74, 75, 34, 35], [0, 17, 16, 15, 14, 13, 12, 52, 51, 91, 90, 89, 88, 126, 127, 128, 129, 130, 131, 132, 92, 93, 53, 54, 55, 56, 57, 58, 59, 60, 61, 62, 63, 21, 20, 19, 18], [0, 22, 23, 24, 25, 26, 27, 28, 29, 4, 5, 6, 7, 8, 9, 10, 11], [0, 155, 156, 157, 158, 198, 197, 196, 195, 235, 236, 276, 316, 317, 277, 237, 238, 278, 318, 319, 279, 239, 240, 280, 320, 281, 241, 201, 202, 162, 161, 200, 199, 159, 160, 120, 80, 41, 3], [0, 37, 36, 76, 77, 78, 79, 118, 119, 81, 82, 121, 122, 123, 83, 84, 85, 86, 87, 50, 49, 48, 47, 46, 45, 44, 43, 42, 2, 1, 40, 39, 38]]

res = 8801.845
solution = [[0, 147, 146, 186, 185, 184, 183, 223, 224, 264, 263, 262, 302, 303, 304, 305, 265, 225, 226, 266, 306, 307, 267, 268, 308, 309, 269, 229, 228, 227, 187, 188, 189, 190, 191], [0, 209, 210, 211, 251, 291, 290, 250, 249, 289, 288, 248, 208, 207, 247, 287, 286, 246, 206, 205, 205, 204, 244, 245, 285, 284, 283, 282, 242, 243, 203, 163, 164, 124, 125], [0, 165, 166, 167, 168, 169, 170, 171, 172, 212, 252, 292, 293, 253, 213, 214, 254, 294, 295, 255, 215, 216, 256, 296, 297, 257, 217, 177, 176, 137, 136, 135, 175, 174, 173, 133, 134, 94, 95], [0, 148, 149, 150, 151, 152, 192, 193, 233, 273, 232, 231, 230, 270, 310, 311, 271, 272, 312, 313, 314, 315, 275, 274, 234, 194, 154, 153, 113, 114, 115, 116, 117, 118], [0, 96, 97, 98, 99, 100, 101, 102, 103, 145, 144, 143, 142, 141, 140, 139, 138, 178, 219, 218, 258, 298, 299, 259, 300, 301, 261, 260, 220, 221, 222, 182, 181, 180, 179], [0, 33, 32, 31, 70, 69, 68, 67, 66, 65, 64, 63, 104, 105, 106, 107, 108, 109, 110, 111, 112, 71, 72, 73, 74, 75, 34, 35], [0, 17, 16, 15, 14, 13, 12, 52, 51, 91, 90, 89, 88, 87, 126, 127, 128, 129, 130, 131, 132, 92, 93, 53, 54, 55, 56, 57, 58, 59, 60, 61, 62, 21, 20, 19, 18], [0, 22, 23, 24, 25, 26, 27, 28, 29, 30, 2, 3, 4, 5, 6, 7, 8, 9, 10, 11], [0, 37, 36, 76, 77, 78, 79, 120, 81, 122, 123, 82, 83, 84, 85, 86, 50, 49, 48, 47, 46, 45, 44, 43, 42, 41, 1, 40, 39, 38], [0, 155, 156, 157, 158, 198, 197, 196, 195, 235, 236, 276, 316, 317, 277, 237, 238, 278, 318, 319, 279, 239, 240, 280, 320, 281, 241, 201, 202, 162, 161, 200, 199, 159, 160, 121, 119, 80]]

res = 8802.741
solution = [[0, 147, 146, 186, 185, 184, 183, 223, 224, 264, 263, 262, 302, 303, 304, 305, 265, 225, 226, 266, 306, 307, 267, 268, 308, 309, 269, 229, 228, 227, 187, 188, 189, 190, 191], [0, 209, 210, 211, 251, 291, 290, 250, 249, 289, 288, 248, 208, 207, 247, 287, 286, 246, 206, 205, 205, 204, 244, 245, 285, 284, 283, 282, 242, 243, 203, 163, 164, 124, 125], [0, 165, 166, 167, 168, 169, 170, 171, 172, 212, 252, 292, 293, 253, 213, 214, 254, 294, 295, 255, 215, 216, 256, 296, 297, 257, 217, 177, 176, 137, 136, 135, 175, 174, 173, 133, 134, 94, 95], [0, 148, 149, 150, 151, 152, 192, 193, 233, 273, 232, 231, 230, 270, 310, 311, 271, 272, 312, 313, 314, 315, 275, 274, 234, 194, 154, 153, 113, 114, 115, 116, 117, 118], [0, 96, 97, 98, 99, 100, 101, 102, 103, 145, 144, 143, 142, 141, 140, 139, 138, 178, 219, 218, 258, 298, 299, 259, 300, 301, 261, 260, 220, 221, 222, 182, 181, 180, 179], [0, 155, 156, 157, 158, 198, 197, 196, 195, 235, 236, 276, 316, 317, 277, 237, 238, 278, 318, 319, 279, 239, 240, 280, 320, 281, 241, 201, 202, 162, 161, 200, 199, 159, 160, 120, 119, 80], [0, 38, 39, 40, 1, 42, 43, 44, 45, 46, 47, 48, 49, 50, 51, 86, 85, 84, 83, 123, 122, 121, 81, 82, 41, 79, 78, 77, 76, 36, 37], [0, 33, 32, 31, 30, 70, 69, 68, 67, 66, 65, 64, 63, 104, 105, 106, 107, 108, 109, 110, 111, 112, 71, 72, 73, 74, 75, 34, 35], [0, 21, 20, 19, 18, 17, 16, 15, 14, 13, 52, 91, 90, 89, 88, 87, 126, 127, 128, 129, 130, 131, 132, 92, 93, 53, 54, 55, 56, 57, 58, 59, 60, 61, 62, 22], [0, 23, 24, 25, 26, 27, 28, 29, 2, 3, 4, 5, 6, 7, 8, 9, 10, 11, 12]]

res = 8805.45
solution = [[0, 147, 146, 186, 185, 184, 183, 223, 224, 264, 263, 262, 302, 303, 304, 305, 265, 225, 226, 266, 306, 307, 267, 268, 308, 309, 269, 229, 228, 227, 187, 188, 189, 190, 191], [0, 209, 210, 211, 251, 291, 290, 250, 249, 289, 288, 248, 208, 207, 247, 287, 286, 246, 206, 205, 205, 204, 244, 245, 285, 284, 283, 282, 242, 243, 203, 163, 164, 124, 125], [0, 165, 166, 167, 168, 169, 170, 171, 172, 212, 252, 292, 293, 253, 213, 214, 254, 294, 295, 255, 215, 216, 256, 296, 297, 257, 217, 177, 176, 137, 136, 135, 175, 174, 173, 133, 134, 94, 95], [0, 148, 149, 150, 151, 152, 192, 193, 233, 273, 232, 231, 230, 270, 310, 311, 271, 272, 312, 313, 314, 315, 275, 274, 234, 194, 154, 153, 113, 114, 115, 116, 117, 118], [0, 96, 97, 98, 99, 100, 101, 102, 103, 145, 144, 143, 142, 141, 140, 139, 138, 178, 219, 218, 258, 298, 299, 259, 300, 301, 261, 260, 220, 221, 222, 182, 181, 180, 179], [0, 155, 156, 157, 158, 198, 197, 196, 195, 235, 236, 276, 316, 317, 277, 237, 238, 278, 318, 319, 279, 239, 240, 280, 320, 281, 241, 201, 202, 162, 161, 200, 199, 159, 160, 120, 119, 80], [0, 38, 39, 40, 1, 2, 3, 42, 43, 44, 45, 46, 47, 48, 49, 87, 86, 85, 84, 83, 123, 122, 121, 81, 82, 41, 79, 78, 77, 76, 36, 37], [0, 33, 32, 31, 70, 69, 68, 67, 66, 65, 64, 63, 62, 104, 105, 106, 107, 108, 109, 110, 111, 112, 71, 72, 73, 74, 75, 34, 35], [0, 18, 17, 16, 15, 14, 54, 53, 52, 51, 50, 91, 90, 89, 88, 126, 127, 128, 129, 130, 131, 132, 92, 93, 55, 56, 57, 58, 59, 60, 61, 19, 20, 21, 22], [0, 23, 24, 25, 26, 27, 28, 29, 30, 4, 5, 6, 7, 8, 9, 10, 11, 12, 13]]

res = 8809.426
solution = [[0, 147, 146, 186, 185, 184, 183, 223, 224, 264, 263, 262, 302, 303, 304, 305, 265, 225, 226, 266, 306, 307, 267, 268, 308, 309, 269, 229, 228, 227, 187, 188, 189, 190, 191], [0, 209, 210, 211, 251, 291, 290, 250, 249, 289, 288, 248, 208, 207, 247, 287, 286, 246, 206, 205, 205, 204, 244, 245, 285, 284, 283, 282, 242, 243, 203, 163, 164, 124, 125], [0, 165, 166, 167, 168, 169, 170, 171, 172, 212, 252, 292, 293, 253, 213, 214, 254, 294, 295, 255, 215, 216, 256, 296, 297, 257, 217, 177, 176, 137, 136, 135, 175, 174, 173, 133, 134, 94, 95], [0, 148, 149, 150, 151, 152, 192, 193, 233, 273, 232, 231, 230, 270, 310, 311, 271, 272, 312, 313, 314, 315, 275, 274, 234, 194, 154, 153, 113, 114, 115, 116, 117], [0, 96, 97, 98, 99, 100, 101, 102, 103, 145, 144, 143, 142, 141, 140, 139, 138, 178, 219, 218, 258, 298, 299, 259, 300, 301, 261, 260, 220, 221, 222, 182, 181, 180, 179], [0, 33, 32, 31, 30, 70, 69, 68, 67, 66, 65, 64, 63, 104, 105, 106, 107, 108, 109, 110, 111, 112, 71, 72, 73, 74, 75, 34, 35], [0, 21, 20, 19, 18, 17, 16, 15, 14, 13, 52, 91, 90, 89, 88, 87, 126, 127, 128, 129, 130, 131, 132, 92, 93, 53, 54, 55, 56, 57, 58, 59, 60, 61, 62, 22], [0, 23, 24, 25, 26, 27, 28, 29, 2, 3, 4, 5, 6, 7, 8, 9, 10, 11, 12], [0, 155, 156, 157, 158, 198, 197, 196, 195, 235, 236, 276, 316, 317, 277, 237, 238, 278, 318, 319, 279, 239, 240, 280, 320, 281, 241, 201, 202, 162, 161, 200, 199, 159, 160, 120, 41, 80, 79], [0, 37, 36, 76, 77, 78, 118, 119, 81, 82, 121, 122, 123, 83, 84, 85, 86, 51, 50, 49, 48, 47, 46, 45, 44, 43, 42, 1, 40, 39, 38]]

Mean = 8781.541408523293
Execution = 1961.7488083839417

Instance : Golden_03.xml
Time = 364.1132445335388

res = 11601.786
solution = [[0, 192, 232, 231, 230, 229, 269, 309, 349, 389, 350, 390, 391, 351, 311, 310, 270, 271, 272, 312, 352, 392, 393, 353, 313, 273, 233, 193, 194, 234, 235, 275, 274, 314, 354, 394, 395, 355, 315, 316, 356, 396, 397, 357, 317, 277, 276, 236, 196], [0, 167, 166, 165, 205, 206, 246, 245, 244, 204, 203, 243, 202, 201, 240, 280, 320, 360, 400, 361, 321, 281, 241, 242, 282, 322, 362, 363, 323, 283, 284, 324, 364, 365, 325, 285, 286, 326, 366, 367, 327, 287, 247, 207, 208, 168, 128], [0, 149, 188, 227, 228, 268, 308, 348, 388, 387, 347, 307, 267, 306, 346, 386, 385, 345, 305, 266, 265, 264, 304, 344, 384, 383, 343, 303, 263, 262, 302, 342, 382, 381, 341, 301, 261, 221, 222, 223, 224, 225, 226, 187, 148, 108], [0, 97, 137, 136, 176, 177, 217, 218, 219, 220, 260, 300, 340, 380, 379, 339, 299, 259, 258, 298, 338, 378, 377, 337, 297, 257, 216, 256, 296, 336, 376, 375, 335, 374, 334, 294, 295, 255, 255, 215, 214, 174, 175, 135, 96], [0, 90, 91, 131, 130, 129, 169, 170, 171, 210, 209, 248, 288, 328, 368, 369, 329, 289, 249, 250, 290, 330, 370, 371, 331, 331, 291, 251, 211, 212, 252, 292, 332, 372, 373, 333, 293, 253, 254, 213, 173, 172, 132, 133, 134, 95, 94, 93, 92], [0, 80, 120, 81, 121, 160, 159, 158, 198, 197, 237, 238, 278, 318, 358, 398, 399, 359, 319, 279, 279, 239, 199, 200, 161, 162, 163, 164, 122, 123, 124, 125, 126, 127, 87, 86, 85, 84, 83, 82, 41], [0, 18, 58, 59, 60, 61, 100, 99, 98, 138, 178, 179, 180, 181, 141, 140, 139, 101, 102, 103, 104, 144, 143, 142, 182, 183, 184, 185, 186, 145, 146, 147, 107, 106, 105, 66, 65, 64, 63, 62, 21, 20, 19], [0, 30, 70, 71, 111, 112, 113, 114, 115, 116, 117, 157, 156, 155, 195, 154, 153, 152, 151, 191, 190, 189, 150, 110, 109, 69, 68, 67, 29, 28, 27, 26, 22, 23, 24, 25], [0, 2, 1, 40, 39, 38, 79, 119, 118, 78, 77, 76, 75, 74, 73, 72, 31, 32, 33, 34, 35, 36, 37], [0, 17, 16, 15, 14, 13, 12, 11, 10, 9, 8, 7, 6, 5, 4, 3, 42, 43, 44, 45, 46, 47, 48, 88, 89, 49, 50, 51, 52, 53, 57, 56, 55, 54]]

res = 11605.89
solution = [[0, 192, 193, 194, 233, 232, 231, 230, 229, 269, 309, 349, 389, 350, 390, 391, 351, 311, 310, 270, 271, 272, 312, 352, 392, 393, 353, 313, 273, 234, 235, 275, 274, 314, 354, 394, 395, 355, 315, 316, 356, 396, 397, 357, 317, 277, 276, 236, 196], [0, 165, 205, 206, 207, 208, 247, 246, 286, 287, 327, 367, 366, 326, 365, 325, 285, 245, 244, 204, 203, 243, 283, 284, 324, 364, 323, 363, 362, 322, 282, 242, 241, 281, 321, 361, 400, 360, 320, 280, 240, 201, 202, 162, 163, 164, 124], [0, 134, 174, 214, 215, 255, 255, 295, 294, 334, 374, 335, 375, 376, 336, 296, 256, 216, 257, 297, 337, 377, 378, 338, 298, 258, 259, 299, 339, 379, 380, 340, 300, 260, 220, 219, 218, 217, 177, 176, 175, 135, 136], [0, 90, 89, 129, 130, 131, 172, 173, 213, 254, 253, 293, 333, 373, 372, 332, 292, 252, 251, 291, 331, 331, 371, 370, 330, 290, 250, 249, 289, 329, 369, 368, 328, 288, 248, 209, 210, 211, 212, 171, 170, 169, 168, 167, 166, 126, 127, 128, 88], [0, 65, 105, 106, 107, 108, 109, 110, 150, 151, 191, 190, 189, 149, 148, 147, 188, 187, 227, 228, 268, 308, 348, 388, 387, 347, 307, 267, 306, 346, 386, 385, 345, 305, 266, 226, 186, 146, 145, 144, 143, 103, 104, 64], [0, 63, 62, 101, 102, 142, 182, 183, 184, 185, 224, 225, 265, 264, 304, 344, 384, 383, 343, 303, 263, 223, 222, 262, 302, 342, 382, 381, 341, 301, 261, 221, 181, 180, 179, 178, 140, 141, 100, 99, 98, 58, 59, 60, 61, 21], [0, 39, 40, 80, 41, 82, 81, 120, 119, 160, 159, 199, 198, 197, 237, 238, 278, 318, 358, 398, 399, 359, 319, 279, 279, 239, 200, 161, 121, 122, 123, 125, 86, 85, 84, 83, 44, 43, 42, 1], [0, 22, 23, 25, 24], [0, 37, 36, 35, 34, 33, 32, 31, 30, 29, 28, 27, 26, 66, 67, 68, 69, 70, 71, 111, 112, 152, 153, 154, 155, 195, 156, 157, 158, 118, 117, 116, 115, 114, 113, 72, 73, 74, 75, 76, 77, 78, 79, 38], [0, 20, 19, 18, 17, 16, 15, 14, 13, 12, 11, 10, 53, 54, 55, 56, 57, 97, 139, 138, 137, 96, 95, 94, 93, 133, 132, 92, 91, 52, 51, 50, 49, 48, 87, 47, 46, 45, 2, 3, 4, 5, 9, 8, 7, 6]]

res = 11605.89
solution = [[0, 192, 193, 194, 233, 232, 231, 230, 229, 269, 309, 349, 389, 350, 390, 391, 351, 311, 310, 270, 271, 272, 312, 352, 392, 393, 353, 313, 273, 234, 235, 275, 274, 314, 354, 394, 395, 355, 315, 316, 356, 396, 397, 357, 317, 277, 276, 236, 196], [0, 165, 205, 206, 207, 208, 247, 246, 286, 287, 327, 367, 366, 326, 365, 325, 285, 245, 244, 204, 203, 243, 283, 284, 324, 364, 323, 363, 362, 322, 282, 242, 241, 281, 321, 361, 400, 360, 320, 280, 240, 201, 202, 162, 163, 164, 124], [0, 134, 174, 214, 215, 255, 255, 295, 294, 334, 374, 335, 375, 376, 336, 296, 256, 216, 257, 297, 337, 377, 378, 338, 298, 258, 259, 299, 339, 379, 380, 340, 300, 260, 220, 219, 218, 217, 177, 176, 175, 135, 136], [0, 90, 89, 129, 130, 131, 172, 173, 213, 254, 253, 293, 333, 373, 372, 332, 292, 252, 251, 291, 331, 331, 371, 370, 330, 290, 250, 249, 289, 329, 369, 368, 328, 288, 248, 209, 210, 211, 212, 171, 170, 169, 168, 167, 166, 126, 127, 128, 88], [0, 65, 105, 106, 107, 108, 109, 110, 150, 151, 191, 190, 189, 149, 148, 147, 188, 187, 227, 228, 268, 308, 348, 388, 387, 347, 307, 267, 306, 346, 386, 385, 345, 305, 266, 226, 186, 146, 145, 144, 143, 103, 104, 64], [0, 63, 62, 101, 102, 142, 182, 183, 184, 185, 224, 225, 265, 264, 304, 344, 384, 383, 343, 303, 263, 223, 222, 262, 302, 342, 382, 381, 341, 301, 261, 221, 181, 180, 179, 178, 140, 141, 100, 99, 98, 58, 59, 60, 61, 21], [0, 39, 40, 80, 41, 82, 81, 120, 119, 160, 159, 199, 198, 197, 237, 238, 278, 318, 358, 398, 399, 359, 319, 279, 279, 239, 200, 161, 121, 122, 123, 125, 86, 85, 84, 83, 44, 43, 42, 1], [0, 22, 23, 25, 24], [0, 37, 36, 35, 34, 33, 32, 31, 30, 29, 28, 27, 26, 66, 67, 68, 69, 70, 71, 111, 112, 152, 153, 154, 155, 195, 156, 157, 158, 118, 117, 116, 115, 114, 113, 72, 73, 74, 75, 76, 77, 78, 79, 38], [0, 20, 19, 18, 17, 16, 15, 14, 13, 12, 11, 10, 53, 54, 55, 56, 57, 97, 139, 138, 137, 96, 95, 94, 93, 133, 132, 92, 91, 52, 51, 50, 49, 48, 87, 47, 46, 45, 2, 3, 4, 5, 9, 8, 7, 6]]

res = 11622.397
solution = [[0, 192, 193, 194, 233, 232, 231, 230, 229, 269, 309, 349, 389, 350, 390, 391, 351, 311, 310, 270, 271, 272, 312, 352, 392, 393, 353, 313, 273, 234, 235, 275, 274, 314, 354, 394, 395, 355, 315, 316, 356, 396, 397, 357, 317, 277, 276, 236, 196], [0, 165, 205, 206, 207, 208, 247, 246, 286, 287, 327, 367, 366, 326, 365, 325, 285, 245, 244, 204, 203, 243, 283, 284, 324, 364, 323, 363, 362, 322, 282, 242, 241, 281, 321, 361, 400, 360, 320, 280, 240, 201, 202, 162, 163, 164, 124], [0, 134, 174, 214, 215, 255, 255, 295, 294, 334, 374, 335, 375, 376, 336, 296, 256, 216, 257, 297, 337, 377, 378, 338, 298, 258, 259, 299, 339, 379, 380, 340, 300, 260, 220, 219, 218, 217, 177, 176, 175, 135, 136], [0, 90, 89, 129, 130, 131, 172, 173, 213, 254, 253, 293, 333, 373, 372, 332, 292, 252, 251, 291, 331, 331, 371, 370, 330, 290, 250, 249, 289, 329, 369, 368, 328, 288, 248, 209, 210, 211, 212, 171, 170, 169, 168, 167, 166, 126, 127, 128, 88], [0, 65, 105, 106, 107, 108, 109, 110, 150, 151, 191, 190, 189, 149, 148, 147, 188, 187, 227, 228, 268, 308, 348, 388, 387, 347, 307, 267, 306, 346, 386, 385, 345, 305, 266, 226, 186, 146, 145, 144, 143, 103, 104, 64], [0, 63, 62, 102, 101, 141, 142, 184, 185, 225, 265, 264, 304, 344, 384, 383, 343, 303, 263, 262, 302, 342, 382, 381, 341, 301, 261, 221, 222, 223, 224, 183, 182, 181, 180, 179, 178, 140, 100, 99, 98, 58, 59, 60, 61, 21], [0, 39, 40, 80, 41, 82, 81, 120, 119, 160, 159, 199, 198, 197, 237, 238, 278, 318, 358, 398, 399, 359, 319, 279, 279, 239, 200, 161, 121, 122, 123, 125, 86, 85, 84, 83, 44, 43, 42, 1], [0, 22, 23, 25, 24], [0, 37, 36, 35, 34, 33, 32, 31, 30, 29, 28, 27, 26, 66, 67, 68, 69, 70, 71, 111, 112, 152, 153, 154, 155, 195, 156, 157, 158, 118, 117, 116, 115, 114, 113, 72, 73, 74, 75, 76, 77, 78, 79, 38], [0, 20, 19, 18, 17, 16, 15, 14, 13, 12, 11, 10, 53, 54, 55, 56, 57, 97, 139, 138, 137, 96, 95, 94, 93, 133, 132, 92, 91, 52, 51, 50, 49, 48, 87, 47, 46, 45, 2, 3, 4, 5, 9, 8, 7, 6]]

res = 11622.397
solution = [[0, 192, 193, 194, 233, 232, 231, 230, 229, 269, 309, 349, 389, 350, 390, 391, 351, 311, 310, 270, 271, 272, 312, 352, 392, 393, 353, 313, 273, 234, 235, 275, 274, 314, 354, 394, 395, 355, 315, 316, 356, 396, 397, 357, 317, 277, 276, 236, 196], [0, 165, 205, 206, 207, 208, 247, 246, 286, 287, 327, 367, 366, 326, 365, 325, 285, 245, 244, 204, 203, 243, 283, 284, 324, 364, 323, 363, 362, 322, 282, 242, 241, 281, 321, 361, 400, 360, 320, 280, 240, 201, 202, 162, 163, 164, 124], [0, 134, 174, 214, 215, 255, 255, 295, 294, 334, 374, 335, 375, 376, 336, 296, 256, 216, 257, 297, 337, 377, 378, 338, 298, 258, 259, 299, 339, 379, 380, 340, 300, 260, 220, 219, 218, 217, 177, 176, 175, 135, 136], [0, 90, 89, 129, 130, 131, 172, 173, 213, 254, 253, 293, 333, 373, 372, 332, 292, 252, 251, 291, 331, 331, 371, 370, 330, 290, 250, 249, 289, 329, 369, 368, 328, 288, 248, 209, 210, 211, 212, 171, 170, 169, 168, 167, 166, 126, 127, 128, 88], [0, 65, 105, 106, 107, 108, 109, 110, 150, 151, 191, 190, 189, 149, 148, 147, 188, 187, 227, 228, 268, 308, 348, 388, 387, 347, 307, 267, 306, 346, 386, 385, 345, 305, 266, 226, 186, 146, 145, 144, 143, 103, 104, 64], [0, 63, 62, 102, 101, 141, 142, 184, 185, 225, 265, 264, 304, 344, 384, 383, 343, 303, 263, 262, 302, 342, 382, 381, 341, 301, 261, 221, 222, 223, 224, 183, 182, 181, 180, 179, 178, 140, 100, 99, 98, 58, 59, 60, 61, 21], [0, 39, 40, 80, 41, 82, 81, 120, 119, 160, 159, 199, 198, 197, 237, 238, 278, 318, 358, 398, 399, 359, 319, 279, 279, 239, 200, 161, 121, 122, 123, 125, 86, 85, 84, 83, 44, 43, 42, 1], [0, 22, 23, 25, 24], [0, 37, 36, 35, 34, 33, 32, 31, 30, 29, 28, 27, 26, 66, 67, 68, 69, 70, 71, 111, 112, 152, 153, 154, 155, 195, 156, 157, 158, 118, 117, 116, 115, 114, 113, 72, 73, 74, 75, 76, 77, 78, 79, 38], [0, 20, 19, 18, 17, 16, 15, 14, 13, 12, 11, 10, 53, 54, 55, 56, 57, 97, 139, 138, 137, 96, 95, 94, 93, 133, 132, 92, 91, 52, 51, 50, 49, 48, 87, 47, 46, 45, 2, 3, 4, 5, 9, 8, 7, 6]]

res = 11640.022
solution = [[0, 192, 193, 194, 233, 232, 231, 230, 229, 269, 309, 349, 389, 350, 390, 391, 351, 311, 310, 270, 271, 272, 312, 352, 392, 393, 353, 313, 273, 234, 235, 275, 274, 314, 354, 394, 395, 355, 315, 316, 356, 396, 397, 357, 317, 277, 276, 236, 196], [0, 134, 174, 214, 215, 255, 255, 295, 294, 334, 374, 335, 375, 376, 336, 296, 256, 216, 257, 297, 337, 377, 378, 338, 298, 258, 259, 299, 339, 379, 380, 340, 300, 260, 220, 219, 218, 217, 177, 176, 175, 135, 136], [0, 205, 206, 207, 208, 247, 246, 286, 287, 327, 367, 366, 326, 365, 325, 285, 245, 244, 204, 203, 243, 283, 284, 324, 364, 323, 363, 362, 322, 282, 242, 241, 281, 321, 361, 400, 360, 320, 280, 240, 201, 202, 162, 161, 121, 81, 120], [0, 102, 103, 104, 144, 145, 105, 106, 107, 147, 146, 185, 225, 265, 264, 304, 344, 384, 383, 343, 303, 263, 262, 302, 342, 382, 381, 341, 301, 261, 221, 222, 223, 224, 184, 183, 182, 143, 142, 181, 180, 179, 178, 140, 141, 100, 101], [0, 30, 31, 71, 110, 111, 112, 113, 114, 153, 152, 151, 191, 190, 189, 188, 227, 228, 268, 308, 348, 388, 387, 347, 307, 267, 306, 346, 386, 385, 345, 305, 266, 226, 186, 187, 148, 149, 150, 109, 108, 68, 69, 70, 29], [0, 9, 48, 89, 129, 130, 171, 211, 212, 172, 173, 213, 254, 253, 293, 333, 373, 372, 332, 292, 252, 251, 291, 331, 331, 371, 370, 330, 290, 250, 249, 289, 329, 369, 368, 328, 288, 248, 209, 210, 170, 169, 168, 128, 88, 87, 47, 8], [0, 23, 24, 25, 26, 27, 28, 67, 66, 65, 64, 63, 62, 61, 60, 22, 21, 20], [0, 80, 79, 78, 118, 119, 159, 160, 200, 199, 239, 279, 279, 319, 359, 399, 398, 358, 318, 278, 238, 237, 197, 198, 158, 157, 156, 195, 155, 154, 115, 116, 117, 77, 76, 75, 74, 73, 72], [0, 19, 18, 17, 16, 15, 14, 54, 55, 56, 57, 58, 59, 98, 99, 139, 138, 137, 97, 96, 95, 94, 133, 132, 131, 90, 91, 92, 93, 53, 52, 51, 50, 49, 10, 11, 12, 13], [0, 7, 6, 5, 46, 86, 85, 84, 124, 125, 126, 127, 167, 166, 165, 164, 163, 123, 122, 83, 82, 41, 42, 43, 44, 45, 4, 3, 2, 1, 40, 39, 38, 37, 36, 32, 33, 34, 35]]

res = 11640.022
solution = [[0, 192, 193, 194, 233, 232, 231, 230, 229, 269, 309, 349, 389, 350, 390, 391, 351, 311, 310, 270, 271, 272, 312, 352, 392, 393, 353, 313, 273, 234, 235, 275, 274, 314, 354, 394, 395, 355, 315, 316, 356, 396, 397, 357, 317, 277, 276, 236, 196], [0, 134, 174, 214, 215, 255, 255, 295, 294, 334, 374, 335, 375, 376, 336, 296, 256, 216, 257, 297, 337, 377, 378, 338, 298, 258, 259, 299, 339, 379, 380, 340, 300, 260, 220, 219, 218, 217, 177, 176, 175, 135, 136], [0, 205, 206, 207, 208, 247, 246, 286, 287, 327, 367, 366, 326, 365, 325, 285, 245, 244, 204, 203, 243, 283, 284, 324, 364, 323, 363, 362, 322, 282, 242, 241, 281, 321, 361, 400, 360, 320, 280, 240, 201, 202, 162, 161, 121, 81, 120], [0, 102, 103, 104, 144, 145, 105, 106, 107, 147, 146, 185, 225, 265, 264, 304, 344, 384, 383, 343, 303, 263, 262, 302, 342, 382, 381, 341, 301, 261, 221, 222, 223, 224, 184, 183, 182, 143, 142, 181, 180, 179, 178, 140, 141, 100, 101], [0, 30, 31, 71, 110, 111, 112, 113, 114, 153, 152, 151, 191, 190, 189, 188, 227, 228, 268, 308, 348, 388, 387, 347, 307, 267, 306, 346, 386, 385, 345, 305, 266, 226, 186, 187, 148, 149, 150, 109, 108, 68, 69, 70, 29], [0, 9, 48, 89, 129, 130, 171, 211, 212, 172, 173, 213, 254, 253, 293, 333, 373, 372, 332, 292, 252, 251, 291, 331, 331, 371, 370, 330, 290, 250, 249, 289, 329, 369, 368, 328, 288, 248, 209, 210, 170, 169, 168, 128, 88, 87, 47, 8], [0, 23, 24, 25, 26, 27, 28, 67, 66, 65, 64, 63, 62, 61, 60, 22, 21, 20], [0, 80, 79, 78, 118, 119, 159, 160, 200, 199, 239, 279, 279, 319, 359, 399, 398, 358, 318, 278, 238, 237, 197, 198, 158, 157, 156, 195, 155, 154, 115, 116, 117, 77, 76, 75, 74, 73, 72], [0, 19, 18, 17, 16, 15, 14, 54, 55, 56, 57, 58, 59, 98, 99, 139, 138, 137, 97, 96, 95, 94, 133, 132, 131, 90, 91, 92, 93, 53, 52, 51, 50, 49, 10, 11, 12, 13], [0, 7, 6, 5, 46, 86, 85, 84, 124, 125, 126, 127, 167, 166, 165, 164, 163, 123, 122, 83, 82, 41, 42, 43, 44, 45, 4, 3, 2, 1, 40, 39, 38, 37, 36, 32, 33, 34, 35]]

res = 11651.841
solution = [[0, 192, 232, 231, 230, 229, 269, 309, 349, 389, 350, 390, 391, 351, 311, 310, 270, 271, 272, 312, 352, 392, 393, 353, 313, 273, 233, 193, 194, 234, 235, 275, 274, 314, 354, 394, 395, 355, 315, 316, 356, 396, 397, 357, 317, 277, 276, 236, 196], [0, 167, 166, 165, 205, 206, 246, 245, 244, 204, 203, 243, 202, 201, 240, 280, 320, 360, 400, 361, 321, 281, 241, 242, 282, 322, 362, 363, 323, 283, 284, 324, 364, 365, 325, 285, 286, 326, 366, 367, 327, 287, 247, 207, 208, 168, 128], [0, 149, 188, 227, 228, 268, 308, 348, 388, 387, 347, 307, 267, 306, 346, 386, 385, 345, 305, 266, 265, 264, 304, 344, 384, 383, 343, 303, 263, 262, 302, 342, 382, 381, 341, 301, 261, 221, 222, 223, 224, 225, 226, 187, 148, 108], [0, 97, 137, 136, 176, 177, 217, 218, 219, 220, 260, 300, 340, 380, 379, 339, 299, 259, 258, 298, 338, 378, 377, 337, 297, 257, 216, 256, 296, 336, 376, 375, 335, 374, 334, 294, 295, 255, 255, 215, 214, 174, 175, 135, 96], [0, 90, 91, 131, 130, 129, 169, 170, 171, 210, 209, 248, 288, 328, 368, 369, 329, 289, 249, 250, 290, 330, 370, 371, 331, 331, 291, 251, 211, 212, 252, 292, 332, 372, 373, 333, 293, 253, 254, 213, 173, 172, 132, 133, 134, 95, 94, 93, 92], [0, 80, 120, 81, 121, 160, 159, 158, 198, 197, 237, 238, 278, 318, 358, 398, 399, 359, 319, 279, 279, 239, 199, 200, 161, 162, 163, 164, 122, 123, 124, 125, 126, 127, 87, 86, 85, 84, 83, 82, 41], [0, 53, 58, 59, 60, 61, 100, 99, 98, 138, 178, 179, 180, 181, 141, 140, 139, 101, 102, 103, 104, 144, 143, 142, 182, 183, 184, 185, 186, 145, 146, 147, 107, 106, 105, 66, 65, 64, 63, 62, 21, 20, 19], [0, 30, 70, 71, 111, 112, 113, 114, 115, 116, 117, 157, 156, 155, 195, 154, 153, 152, 151, 191, 190, 189, 150, 110, 109, 69, 68, 67, 29, 28, 27, 26, 22, 23, 24, 25], [0, 2, 1, 40, 39, 38, 79, 119, 118, 78, 77, 76, 75, 74, 73, 72, 31, 32, 33, 34, 35, 36, 37], [0, 18, 17, 16, 15, 14, 13, 12, 11, 10, 9, 8, 7, 6, 5, 4, 3, 42, 43, 44, 45, 46, 47, 48, 88, 89, 49, 50, 51, 52, 57, 56, 55, 54]]

res = 11666.852
solution = [[0, 192, 232, 231, 230, 229, 269, 309, 349, 389, 350, 390, 391, 351, 311, 310, 270, 271, 272, 312, 352, 392, 393, 353, 313, 273, 233, 193, 194, 234, 235, 275, 274, 314, 354, 394, 395, 355, 315, 316, 356, 396, 397, 357, 317, 277, 276, 236, 196], [0, 167, 166, 165, 205, 206, 246, 245, 244, 204, 203, 243, 202, 201, 240, 280, 320, 360, 400, 361, 321, 281, 241, 242, 282, 322, 362, 363, 323, 283, 284, 324, 364, 365, 325, 285, 286, 326, 366, 367, 327, 287, 247, 207, 208, 168, 128], [0, 149, 188, 227, 228, 268, 308, 348, 388, 387, 347, 307, 267, 306, 346, 386, 385, 345, 305, 266, 265, 264, 304, 344, 384, 383, 343, 303, 263, 262, 302, 342, 382, 381, 341, 301, 261, 221, 222, 223, 224, 225, 226, 187, 148, 108], [0, 97, 137, 136, 176, 177, 217, 218, 219, 220, 260, 300, 340, 380, 379, 339, 299, 259, 258, 298, 338, 378, 377, 337, 297, 257, 216, 256, 296, 336, 376, 375, 335, 374, 334, 294, 295, 255, 255, 215, 214, 174, 175, 135, 96], [0, 90, 91, 131, 130, 129, 169, 170, 171, 210, 209, 248, 288, 328, 368, 369, 329, 289, 249, 250, 290, 330, 370, 371, 331, 331, 291, 251, 211, 212, 252, 292, 332, 372, 373, 333, 293, 253, 254, 213, 173, 172, 132, 133, 134, 95, 94, 93, 92], [0, 80, 120, 81, 121, 160, 159, 158, 198, 197, 237, 238, 278, 318, 358, 398, 399, 359, 319, 279, 279, 239, 199, 200, 161, 162, 163, 164, 122, 123, 124, 125, 126, 127, 87, 86, 85, 84, 83, 82, 41], [0, 53, 58, 59, 60, 61, 100, 99, 98, 138, 178, 179, 180, 181, 141, 140, 139, 101, 102, 103, 104, 144, 143, 142, 182, 183, 184, 185, 186, 145, 146, 147, 107, 106, 105, 66, 65, 64, 63, 62, 21, 20, 19], [0, 30, 70, 71, 72, 113, 114, 115, 116, 117, 157, 156, 155, 195, 154, 153, 152, 191, 190, 189, 150, 151, 112, 111, 110, 109, 69, 68, 67, 29, 28, 27, 26, 22, 23, 24, 25], [0, 2, 1, 40, 39, 38, 79, 119, 118, 78, 77, 76, 75, 74, 73, 31, 32, 33, 34, 35, 36, 37], [0, 18, 17, 16, 15, 14, 13, 12, 11, 10, 9, 8, 7, 6, 5, 4, 3, 42, 43, 44, 45, 46, 47, 48, 88, 89, 49, 50, 51, 52, 57, 56, 55, 54]]

res = 11668.066
solution = [[0, 192, 232, 231, 230, 229, 269, 309, 349, 389, 350, 390, 391, 351, 311, 310, 270, 271, 272, 312, 352, 392, 393, 353, 313, 273, 233, 193, 194, 234, 235, 275, 274, 314, 354, 394, 395, 355, 315, 316, 356, 396, 397, 357, 317, 277, 276, 236, 196], [0, 167, 166, 165, 205, 206, 246, 245, 244, 204, 203, 243, 202, 201, 240, 280, 320, 360, 400, 361, 321, 281, 241, 242, 282, 322, 362, 363, 323, 283, 284, 324, 364, 365, 325, 285, 286, 326, 366, 367, 327, 287, 247, 207, 208, 168, 128], [0, 149, 188, 227, 228, 268, 308, 348, 388, 387, 347, 307, 267, 306, 346, 386, 385, 345, 305, 266, 265, 264, 304, 344, 384, 383, 343, 303, 263, 262, 302, 342, 382, 381, 341, 301, 261, 221, 222, 223, 224, 225, 226, 187, 148, 108], [0, 97, 137, 136, 176, 177, 217, 218, 219, 220, 260, 300, 340, 380, 379, 339, 299, 259, 258, 298, 338, 378, 377, 337, 297, 257, 216, 256, 296, 336, 376, 375, 335, 374, 334, 294, 295, 255, 255, 215, 214, 174, 175, 135, 96], [0, 90, 91, 131, 130, 129, 169, 170, 171, 210, 209, 248, 288, 328, 368, 369, 329, 289, 249, 250, 290, 330, 370, 371, 331, 331, 291, 251, 211, 212, 252, 292, 332, 372, 373, 333, 293, 253, 254, 213, 173, 172, 132, 133, 134, 95, 94, 93, 92], [0, 80, 120, 81, 121, 160, 159, 158, 198, 197, 237, 238, 278, 318, 358, 398, 399, 359, 319, 279, 279, 239, 199, 200, 161, 162, 163, 164, 122, 123, 124, 125, 126, 127, 87, 86, 85, 84, 83, 82, 41], [0, 19, 58, 59, 60, 61, 100, 99, 98, 138, 178, 179, 180, 181, 141, 140, 139, 101, 102, 103, 104, 144, 143, 142, 182, 183, 184, 185, 186, 145, 146, 147, 107, 106, 105, 67, 66, 65, 64, 63, 62, 21, 20], [0, 30, 70, 71, 111, 112, 113, 114, 115, 116, 117, 157, 156, 155, 195, 154, 153, 152, 151, 191, 190, 189, 150, 110, 109, 69, 68, 29, 28, 27, 26, 22, 23, 24, 25], [0, 2, 1, 40, 39, 38, 79, 119, 118, 78, 77, 76, 75, 74, 73, 72, 31, 32, 33, 34, 35, 36, 37], [0, 6, 5, 4, 3, 42, 43, 44, 45, 46, 47, 7, 8, 9, 10, 11, 12, 13, 14, 15, 16, 17, 18, 57, 56, 55, 52, 51, 50, 49, 48, 88, 89, 53, 54]]

Mean = 11632.516385989873
Execution = 3657.487847805023

Instance : Golden_04.xml
Time = 561.4240343570709
