Instance : Golden_01.xml
Instance : Golden_01.xml
Time = 72.97740292549133
Instance : Golden_01.xml
Time = 73.46087145805359
Instance : Golden_01.xml
Time = 71.43291091918945
Instance : Golden_01.xml
Time = 72.56659579277039
Instance : Golden_01.xml
Time = 144.42631268501282

res = 5672.465
res_int = 5675
solution = [[0, 58, 59, 60, 99, 98, 139, 179, 180, 220, 219, 218, 178, 138, 137, 177, 217, 216, 215, 176, 175, 174, 135, 136, 97, 57, 17], [0, 46, 47, 48, 49, 50, 51, 52, 92, 91, 90, 89, 129, 130, 131, 132, 133, 134, 93, 94, 95, 96, 56, 55, 54, 53, 14, 13], [0, 61, 62, 63, 64, 104, 103, 102, 101, 100, 140, 141, 142, 182, 181, 221, 222, 223, 224, 225, 226, 186, 185, 184, 183, 143, 144, 145, 105, 65, 25], [0, 15, 16, 18, 19, 20, 21, 22, 23, 24, 27, 28, 29, 36, 37, 38, 39, 40, 1, 2, 4, 5, 6, 7, 8, 9, 10, 11, 12], [0, 86, 87, 88, 128, 127, 126, 166, 167, 168, 169, 170, 171, 172, 173, 214, 213, 212, 211, 210, 209, 208, 207, 206, 205, 165, 125, 124, 85, 45], [0, 44, 84, 83, 123, 122, 162, 163, 164, 204, 203, 202, 201, 240, 239, 199, 200, 161, 121, 160, 159, 119, 120, 81, 82, 43, 3], [0, 42, 41, 80, 79, 78, 77, 117, 118, 158, 198, 238, 237, 236, 196, 197, 157, 156, 155, 154, 153, 152, 112, 113, 114, 115, 116, 76, 75, 35], [0, 110, 150, 190, 189, 188, 187, 227, 228, 229, 230, 231, 232, 233, 234, 235, 195, 194, 193, 192, 191, 151, 111, 73, 74], [0, 26, 66, 67, 107, 106, 146, 147, 148, 149, 109, 108, 68, 69, 70, 71, 72, 30, 31, 32, 33, 34]]

res = 5697.81
res_int = 5701
solution = [[0, 75, 115, 114, 154, 155, 156, 157, 158, 198, 197, 196, 236, 237, 238, 239, 240, 200, 199, 159, 160, 121, 81, 120, 119, 118, 117, 116, 76, 37], [0, 45, 85, 125, 165, 205, 206, 207, 208, 209, 210, 211, 212, 172, 171, 170, 169, 168, 167, 166, 126, 127, 128, 88, 87, 86, 46, 7], [0, 77, 78, 79, 80, 41, 42, 43, 83, 82, 122, 162, 161, 201, 202, 203, 204, 164, 163, 123, 124, 84, 44, 3, 4, 5, 6], [0, 2, 1, 40, 39, 38, 36, 35, 34, 33, 32, 31, 30, 29, 27, 26, 25, 24, 23, 22, 21, 20, 19, 17, 16, 54, 55, 56], [0, 141, 142, 143, 183, 184, 185, 186, 226, 225, 224, 223, 222, 182, 181, 221, 220, 219, 218, 178, 179, 180, 140, 139, 138, 97, 57], [0, 65, 66, 67, 107, 106, 105, 103, 102, 101, 100, 99, 98, 137, 177, 217, 216, 215, 214, 213, 173, 174, 175, 176, 136, 96, 95, 15], [0, 10, 9, 8, 47, 48, 49, 89, 129, 130, 131, 132, 133, 134, 135, 94, 93, 92, 91, 90, 50, 51, 52, 53, 11, 12, 13, 14], [0, 74, 73, 72, 71, 70, 110, 111, 112, 113, 153, 152, 151, 150, 147, 146, 145, 144, 104, 64, 63, 62, 61, 60, 59, 58, 18], [0, 69, 109, 149, 189, 190, 191, 192, 193, 194, 195, 235, 234, 233, 232, 231, 230, 229, 228, 227, 187, 188, 148, 108, 68, 28]]

res = 5737.128
res_int = 5742
solution = [[0, 72, 73, 74, 114, 113, 112, 152, 153, 154, 155, 156, 196, 236, 237, 238, 198, 197, 157, 158, 159, 119, 118, 117, 116, 115, 75, 76, 77, 37], [0, 124, 125, 165, 205, 206, 207, 208, 209, 210, 211, 212, 213, 214, 174, 173, 172, 171, 170, 169, 168, 167, 166, 126, 127, 128, 129, 89, 88, 49], [0, 2, 1, 40, 39, 38, 78, 79, 80, 41, 42, 43, 44, 45, 46, 4, 5, 6, 7, 8, 54, 55, 58, 19, 18, 17], [0, 10, 11, 12, 13, 14, 15, 16, 56, 96, 95, 94, 134, 133, 132, 131, 130, 90, 91, 92, 93, 53, 52, 51, 50, 48, 47, 9], [0, 61, 101, 100, 140, 141, 142, 182, 181, 221, 222, 223, 224, 225, 226, 186, 185, 184, 183, 143, 144, 145, 105, 104, 103, 102, 62, 63, 64, 65, 25, 24], [0, 23, 22, 21, 20, 60, 59, 99, 139, 179, 180, 220, 219, 218, 217, 216, 215, 175, 135, 136, 176, 177, 178, 138, 137, 97, 98, 57], [0, 87, 86, 85, 84, 83, 123, 163, 164, 204, 203, 202, 201, 240, 239, 199, 200, 161, 162, 122, 121, 160, 120, 81, 82, 3], [0, 71, 111, 151, 191, 192, 193, 194, 195, 235, 234, 233, 232, 231, 230, 229, 228, 227, 187, 188, 189, 190, 150, 110, 28], [0, 36, 35, 34, 33, 32, 31, 30, 29, 70, 69, 68, 108, 109, 149, 148, 147, 146, 106, 107, 67, 66, 26, 27]]

res = 5748.834
res_int = 5750
solution = [[0, 64, 104, 103, 102, 101, 141, 142, 182, 181, 221, 222, 223, 224, 225, 226, 227, 228, 188, 187, 186, 185, 184, 183, 143, 144, 145, 105, 65, 66], [0, 209, 210, 211, 212, 213, 214, 215, 216, 217, 177, 176, 175, 174, 134, 135, 136, 137, 138, 97, 96, 95, 94, 54, 55, 56, 14], [0, 120, 81, 82, 84, 124, 164, 163, 162, 202, 203, 204, 205, 206, 207, 208, 168, 167, 166, 165, 125, 126, 127, 128, 88, 87, 86, 85, 45, 44], [0, 1, 42, 41, 80, 79, 119, 118, 117, 157, 158, 198, 197, 237, 238, 239, 240, 201, 161, 200, 199, 159, 160, 121, 122, 123, 83, 43], [0, 46, 47, 48, 49, 50, 51, 89, 90, 91, 131, 130, 129, 169, 170, 171, 172, 173, 133, 132, 92, 93, 53, 52, 13, 11, 10, 9], [0, 22, 60, 59, 58, 57, 98, 99, 139, 179, 178, 218, 219, 220, 180, 140, 100, 61, 62, 63, 23, 24], [0, 37, 36, 35, 34, 33, 32, 30, 29, 28, 26, 25, 21, 20, 19, 18, 17, 16, 15, 12, 8, 7, 6, 5, 4, 3, 2, 40, 39, 38], [0, 78, 77, 76, 75, 116, 115, 114, 154, 155, 156, 196, 236, 235, 195, 194, 234, 233, 232, 231, 191, 192, 193, 153, 152, 112, 113, 74, 73, 72], [0, 31, 71, 70, 69, 68, 108, 109, 110, 111, 151, 150, 190, 230, 229, 189, 149, 148, 147, 146, 106, 107, 67, 27]]

res = 5756.754
res_int = 5760
solution = [[0, 64, 63, 62, 61, 102, 101, 100, 140, 141, 142, 182, 181, 221, 222, 223, 183, 184, 224, 225, 226, 186, 185, 145, 144, 143, 103, 104, 105, 65, 25], [0, 29, 28, 27, 24, 23, 22, 21, 20, 19, 18, 16, 15, 12, 11, 8, 7, 6, 5, 4, 2, 1, 40, 39, 38, 37, 36, 33, 32, 31], [0, 60, 59, 99, 139, 138, 137, 177, 178, 179, 180, 220, 219, 218, 217, 216, 215, 214, 174, 175, 176, 136, 96, 97, 98, 58, 57, 17], [0, 13, 14, 56, 55, 54, 53, 93, 94, 95, 135, 134, 133, 132, 131, 130, 129, 89, 90, 91, 92, 52, 51, 50, 49, 48, 9, 10], [0, 3, 43, 84, 83, 82, 123, 122, 162, 163, 164, 204, 203, 202, 201, 240, 239, 199, 200, 161, 121, 160, 159, 119, 120, 81], [0, 35, 75, 76, 116, 115, 114, 73, 72, 71, 70, 69, 30, 26, 66, 67, 68, 108, 107, 106, 146, 147, 148, 149, 109, 110], [0, 45, 85, 124, 125, 165, 205, 206, 207, 208, 209, 210, 211, 212, 213, 173, 172, 171, 170, 169, 168, 167, 166, 126, 127, 128, 88, 87, 86, 47], [0, 77, 117, 156, 155, 154, 153, 152, 151, 191, 192, 193, 194, 195, 196, 197, 157, 118, 79, 80, 41, 42, 44, 46], [0, 78, 158, 198, 238, 237, 236, 235, 234, 233, 232, 231, 230, 229, 228, 227, 187, 188, 189, 190, 150, 111, 112, 113, 74, 34]]

res = 5759.977
res_int = 5763
solution = [[0, 41, 80, 120, 81, 82, 123, 163, 164, 204, 203, 202, 201, 240, 239, 199, 200, 161, 162, 122, 121, 160, 159, 158, 119, 118, 117, 77, 36, 37], [0, 7, 6, 5, 4, 3, 43, 42, 2, 1, 40, 39, 38, 35, 34, 33, 32, 31, 30, 29, 28, 27, 24, 21, 22, 23], [0, 13, 53, 93, 134, 174, 214, 215, 175, 135, 96, 97, 98, 99, 60, 59, 58, 57, 56, 55, 15, 16, 17, 18, 19, 20], [0, 87, 88, 89, 131, 171, 170, 169, 168, 167, 166, 165, 205, 206, 207, 208, 209, 210, 211, 212, 213, 173, 172, 132, 133, 94, 54, 14], [0, 12, 11, 51, 52, 92, 91, 90, 130, 129, 128, 127, 126, 125, 124, 83, 84, 85, 86, 44, 45, 46, 47, 48, 49, 50, 10, 9, 8], [0, 61, 62, 63, 104, 183, 184, 185, 225, 224, 223, 222, 182, 181, 221, 220, 219, 180, 179, 178, 218, 217, 216, 176, 177, 138, 137, 136, 95], [0, 25, 65, 64, 103, 102, 101, 100, 139, 140, 141, 142, 143, 144, 145, 146, 147, 148, 108, 107, 106, 105, 66, 67, 68, 26], [0, 71, 70, 110, 111, 152, 153, 154, 194, 193, 233, 234, 235, 236, 237, 238, 198, 197, 196, 195, 155, 156, 157, 116, 115, 114, 73, 72], [0, 69, 109, 149, 189, 188, 187, 186, 226, 227, 228, 229, 230, 231, 232, 192, 191, 190, 150, 151, 112, 113, 74, 75, 76, 78, 79]]

res = 5760.036
res_int = 5764
solution = [[0, 45, 85, 124, 125, 126, 166, 165, 205, 206, 207, 208, 209, 210, 211, 212, 213, 214, 173, 172, 171, 170, 169, 168, 167, 127, 128, 88, 87, 86], [0, 41, 42, 43, 82, 81, 120, 119, 159, 160, 121, 161, 200, 199, 239, 240, 201, 202, 203, 204, 164, 163, 162, 122, 123, 83, 84, 44], [0, 25, 65, 64, 104, 105, 145, 144, 143, 183, 184, 185, 186, 226, 225, 224, 223, 222, 221, 181, 182, 142, 141, 140, 100, 101, 102, 103, 63, 62, 61], [0, 58, 59, 60, 99, 98, 137, 138, 139, 179, 180, 220, 219, 218, 178, 177, 217, 216, 215, 176, 175, 174, 135, 136, 97, 57, 17], [0, 46, 47, 48, 49, 50, 51, 52, 53, 92, 91, 90, 89, 129, 130, 131, 132, 133, 134, 93, 94, 95, 96, 56, 55, 54, 14, 13], [0, 29, 28, 27, 24, 23, 22, 21, 20, 19, 18, 15, 16], [0, 12, 11, 10, 9, 8, 7, 6, 5, 4, 3, 2, 1, 33, 34], [0, 40, 39, 38, 37, 36, 32, 31, 30, 70, 69, 68, 108, 109, 110, 150, 149, 148, 147, 146, 106, 107, 67, 66, 26], [0, 35, 75, 76, 116, 115, 114, 113, 112, 152, 153, 154, 155, 156, 157, 197, 196, 236, 237, 238, 198, 158, 117, 118, 80, 79, 78, 77], [0, 72, 71, 111, 151, 191, 190, 189, 188, 187, 227, 228, 229, 230, 231, 232, 233, 234, 235, 195, 194, 193, 192, 73, 74]]

res = 5771.974
res_int = 5776
solution = [[0, 3, 43, 82, 81, 120, 119, 159, 160, 121, 161, 200, 199, 239, 240, 201, 202, 203, 204, 164, 163, 162, 122, 123, 83, 84, 44, 4], [0, 45, 85, 126, 125, 124, 165, 205, 206, 166, 207, 208, 209, 210, 211, 212, 213, 214, 173, 172, 171, 170, 169, 168, 167, 127, 128, 88, 87, 86], [0, 35, 75, 76, 116, 115, 114, 113, 112, 152, 153, 154, 155, 156, 157, 197, 196, 236, 237, 238, 198, 158, 118, 117, 77, 78, 79, 80, 41, 42], [0, 14, 53, 54, 55, 56, 96, 95, 94, 93, 134, 133, 132, 131, 130, 129, 89, 90, 91, 92, 52, 51, 50, 49, 48, 47, 46, 9], [0, 34, 36, 37, 38, 39, 40, 1, 2, 5, 6, 7, 8, 10, 11, 12, 13, 18, 19, 20, 21, 22, 23, 24, 25, 26, 28, 27], [0, 150, 190, 189, 229, 230, 231, 232, 233, 234, 235, 195, 194, 193, 192, 191, 151, 111, 71], [0, 66, 65, 105, 104, 143, 183, 184, 145, 146, 147, 148, 149, 110, 109, 108, 107, 106, 67, 68, 69, 70, 72, 73, 74, 33, 32, 31, 30, 29], [0, 64, 63, 62, 61, 101, 102, 103, 144, 185, 186, 187, 188, 228, 227, 226, 225, 224, 223, 222, 221, 180, 179, 139, 98, 58, 17], [0, 15, 16, 57, 97, 136, 135, 174, 175, 176, 215, 216, 217, 177, 137, 138, 178, 218, 219, 220, 181, 182, 142, 141, 140, 100, 99, 59, 60]]

res = 5778.887
res_int = 5783
solution = [[0, 37, 36, 35, 34, 33, 32, 31, 30, 29, 28, 27, 69, 68, 108, 109, 149, 150, 191, 190, 189, 188, 148, 147, 107, 67, 66, 26], [0, 72, 71, 70, 110, 111, 151, 192, 193, 194, 195, 235, 234, 233, 232, 231, 230, 229, 228, 227, 187, 146, 106, 105, 65, 25], [0, 73, 74, 114, 113, 112, 152, 153, 154, 155, 156, 196, 236, 237, 238, 198, 197, 157, 158, 159, 120, 119, 118, 117, 116, 115, 75, 76, 77, 38], [0, 44, 45, 46, 86, 85, 84, 83, 123, 122, 162, 163, 164, 204, 203, 202, 201, 240, 239, 199, 200, 161, 121, 160, 81, 82, 43, 3], [0, 57, 97, 137, 138, 178, 177, 176, 175, 174, 214, 215, 216, 217, 218, 219, 220, 180, 179, 139, 99, 98, 59, 58], [0, 64, 63, 102, 103, 104, 145, 144, 143, 183, 184, 185, 186, 226, 225, 224, 223, 222, 221, 181, 182, 142, 141, 140, 100, 101, 60, 61, 62, 22], [0, 2, 1, 40, 39, 78, 79, 80, 41, 42, 4, 5, 6, 24, 23, 21, 20, 19, 18, 17, 16, 15, 14, 56, 55, 54, 53, 13], [0, 12, 11, 10, 9, 8, 48, 49, 50, 51, 93, 94, 95, 96, 136, 135, 134, 133, 132, 131, 130, 89, 88, 87, 47, 7], [0, 124, 125, 165, 205, 206, 207, 208, 209, 210, 211, 212, 213, 173, 172, 171, 170, 169, 168, 167, 166, 126, 127, 128, 129, 90, 91, 92, 52]]

res = 5782.377
res_int = 5784
solution = [[0, 21, 63, 64, 65, 104, 105, 145, 144, 143, 183, 184, 185, 186, 226, 225, 224, 223, 222, 221, 181, 182, 142, 141, 140, 100, 101, 102, 103, 62, 61, 20], [0, 71, 72, 73, 74, 75, 76, 77, 117, 116, 115, 114, 113, 112, 111, 110, 70, 69, 68, 67, 66, 26], [0, 3, 43, 42, 82, 83, 123, 122, 162, 163, 203, 202, 201, 240, 239, 199, 200, 161, 121, 160, 159, 119, 120, 81], [0, 11, 51, 91, 90, 89, 129, 130, 131, 171, 170, 169, 209, 210, 211, 212, 213, 214, 173, 172, 132, 133, 134, 94, 93, 92, 52, 12], [0, 17, 18, 58, 57, 95, 55, 54, 53, 13, 14, 15], [0, 16, 56, 97, 96, 135, 136, 176, 175, 174, 215, 216, 217, 177, 137, 138, 178, 218, 219, 220, 180, 179, 139, 99, 98, 59, 60, 19], [0, 22, 23, 24, 25, 27, 28, 29, 30, 31, 32, 33, 34, 35, 36, 37, 38, 39, 40, 1, 2, 4, 5, 6, 7, 8, 9], [0, 10, 50, 49, 48, 87, 88, 128, 127, 126, 166, 167, 168, 208, 207, 206, 205, 204, 164, 165, 125, 124, 84, 85, 86, 44, 45, 46, 47], [0, 106, 146, 147, 187, 227, 228, 229, 230, 231, 232, 233, 234, 194, 193, 192, 191, 190, 189, 188, 148, 107], [0, 108, 109, 149, 150, 151, 152, 153, 154, 155, 156, 157, 197, 196, 195, 235, 236, 237, 238, 198, 158, 118, 78, 79, 80, 41]]

Mean = 5746.6241436805385
Execution = 1566.1403813362122

Instance : Golden_02.xml
Time = 332.32036685943604

res = 8734.861
res_int = 8748
solution = [[0, 97, 138, 137, 177, 176, 215, 216, 217, 218, 178, 179, 219, 220, 260, 259, 299, 298, 258, 257, 297, 296, 256, 255, 295, 294, 293, 253, 254, 214, 213, 173, 133, 174, 175, 136, 96], [0, 61, 101, 100, 99, 98, 139, 140, 141, 142, 180, 181, 182, 183, 223, 222, 221, 261, 300, 301, 302, 262, 263, 303, 304, 264, 224, 225, 185, 184, 144, 143, 103, 102, 63, 62], [0, 10, 11, 13, 14, 15, 16, 55, 54, 53, 52, 93, 94, 134, 135, 95, 56, 57, 58, 59, 60, 22, 21, 20, 19, 18, 17], [0, 23, 24, 25, 26, 27, 28, 74, 75, 76, 77, 78, 79, 39, 38, 37, 36, 35, 34, 33, 31, 30], [0, 6, 7, 8, 9, 48, 49, 90, 89, 88, 128, 129, 130, 170, 171, 211, 210, 209, 169, 168, 208, 249, 289, 290, 250, 251, 291, 292, 252, 212, 172, 132, 131, 91, 92, 51, 50, 12], [0, 40, 1, 2, 44, 84, 83, 123, 124, 164, 204, 205, 165, 166, 206, 246, 245, 244, 284, 285, 286, 287, 288, 248, 247, 207, 167, 127, 126, 125, 85, 86, 87, 47, 46, 45, 5], [0, 73, 113, 114, 115, 155, 154, 153, 152, 192, 191, 231, 232, 272, 273, 313, 312, 311, 271, 270, 310, 309, 269, 229, 230, 190, 189, 188, 148, 149, 150, 151, 111, 112, 72, 32], [0, 71, 70, 110, 109, 108, 107, 147, 187, 227, 228, 268, 308, 307, 267, 266, 306, 305, 265, 226, 186, 146, 145, 106, 105, 104, 64, 65, 66, 67, 68, 69, 29], [0, 116, 156, 196, 195, 194, 193, 233, 234, 274, 314, 315, 316, 276, 275, 235, 236, 237, 277, 317, 318, 278, 279, 319, 320, 281, 282, 242, 202, 201, 200, 199, 160, 159, 158], [0, 80, 41, 81, 120, 119, 118, 117, 157, 197, 198, 238, 239, 240, 280, 241, 283, 243, 203, 163, 162, 161, 121, 122, 82, 42, 43, 3, 4]]

res = 8741.386
res_int = 8755
solution = [[0, 95, 96, 136, 137, 138, 177, 176, 175, 216, 256, 296, 297, 257, 217, 178, 179, 220, 219, 218, 258, 298, 299, 259, 260, 300, 301, 261, 221, 222, 223, 183, 182, 181, 180, 139, 100, 61], [0, 55, 54, 53, 52, 93, 94, 135, 134, 133, 173, 174, 215, 255, 295, 294, 293, 253, 254, 214, 213, 212, 172, 132, 131, 130, 90, 91, 92, 51, 50, 49, 48, 8, 9], [0, 40, 39, 38, 37, 35, 34, 33, 31, 32], [0, 89, 88, 128, 129, 170, 171, 211, 251, 252, 292, 291, 290, 250, 210, 209, 169, 168, 208, 248, 249, 289, 288, 287, 247, 207, 167, 166, 165, 125, 126, 127, 87, 86, 85, 44, 4], [0, 118, 119, 120, 81, 82, 122, 121, 160, 200, 161, 162, 202, 201, 240, 280, 241, 242, 243, 203, 163, 164, 124, 123, 83, 84, 45, 46, 47, 7, 6, 5, 3, 2, 1], [0, 114, 115, 116, 117, 158, 159, 199, 239, 279, 278, 318, 319, 320, 281, 282, 283, 284, 244, 245, 285, 286, 246, 206, 205, 204, 43, 42, 41, 80, 79, 78, 77], [0, 60, 59, 58, 57, 56, 97, 98, 99, 140, 141, 142, 143, 184, 224, 264, 263, 262, 302, 303, 304, 305, 306, 307, 308, 268, 228, 227, 267, 266, 265, 225, 226, 186, 185, 144], [0, 26, 25, 65, 66, 67, 68, 108, 107, 106, 105, 146, 145, 104, 103, 102, 101, 62, 63, 64, 24, 23, 22, 21, 20, 19, 18, 17, 16, 15, 14, 13, 10, 11, 12], [0, 27, 28, 29, 30, 69, 70, 110, 109, 149, 148, 147, 187, 188, 189, 229, 269, 309, 310, 311, 271, 270, 230, 190, 150, 151, 112, 113, 73, 74, 75, 76, 36], [0, 72, 71, 111, 152, 153, 154, 194, 193, 192, 191, 231, 232, 272, 312, 313, 273, 233, 234, 274, 314, 315, 275, 235, 236, 276, 316, 317, 277, 237, 238, 198, 197, 157, 156, 196, 195, 155]]

res = 8773.737
res_int = 8791
solution = [[0, 10, 11, 12, 13, 14, 15, 16, 17, 22, 21, 20, 19, 18], [0, 57, 56, 55, 54, 53, 93, 94, 95, 96, 136, 135, 134, 175, 176, 216, 256, 296, 297, 298, 219, 220, 179, 139, 140, 101, 100, 99, 98, 58, 59, 60, 61, 23, 24], [0, 63, 62, 102, 142, 141, 180, 181, 221, 222, 182, 183, 223, 224, 264, 304, 303, 263, 262, 302, 301, 261, 260, 300, 299, 259, 258, 257, 217, 218, 178, 177, 137, 138, 97], [0, 30, 31, 32, 33, 34, 35, 36, 37, 38, 39, 40, 1, 2, 3, 4, 5, 6, 7, 47, 46, 45, 84, 83, 43, 42, 41, 80, 79, 78, 81, 82], [0, 44, 85, 86, 87, 127, 126, 125, 124, 165, 164, 163, 203, 202, 201, 240, 280, 279, 319, 318, 278, 238, 239, 199, 200, 161, 162, 123, 122, 121, 160, 120, 119], [0, 117, 157, 156, 155, 154, 153, 193, 192, 191, 231, 232, 272, 312, 313, 273, 233, 274, 314, 315, 275, 276, 316, 317, 277, 237, 236, 235, 234, 194, 195, 196, 197, 198, 158, 159, 118], [0, 8, 9, 49, 48, 88, 128, 168, 167, 166, 206, 205, 204, 243, 242, 241, 320, 281, 282, 283, 284, 244, 245, 285, 286, 246, 207, 208, 248, 247, 287, 288, 289, 249, 209, 169, 129, 89, 50, 51], [0, 90, 130, 170, 171, 211, 210, 250, 290, 251, 291, 292, 252, 212, 172, 213, 214, 254, 253, 293, 294, 295, 255, 215, 174, 173, 133, 132, 131, 91, 92, 52], [0, 26, 27, 28, 29, 70, 69, 68, 67, 66, 65, 105, 106, 107, 108, 147, 228, 227, 267, 268, 308, 307, 306, 305, 265, 266, 226, 225, 185, 184, 143, 144, 145, 104, 103, 64, 25], [0, 75, 76, 77, 116, 115, 114, 113, 112, 152, 151, 150, 190, 230, 270, 271, 311, 310, 309, 269, 229, 189, 188, 187, 186, 146, 148, 149, 109, 110, 111, 71, 72, 73, 74]]

res = 8794.563
res_int = 8808
solution = [[0, 95, 135, 134, 133, 132, 172, 212, 253, 293, 294, 254, 214, 213, 173, 174, 175, 176, 216, 215, 255, 295, 296, 256, 297, 257, 217, 177, 178, 179, 138, 137, 136, 96, 97, 98, 58], [0, 87, 88, 89, 128, 129, 130, 170, 169, 168, 167, 166, 207, 247, 287, 248, 288, 289, 249, 208, 209, 210, 250, 290, 291, 292, 252, 251, 211, 171, 131, 91, 90], [0, 4, 46, 45, 44, 84, 85, 86, 127, 126, 125, 165, 205, 206, 246, 286, 285, 245, 244, 284, 283, 282, 241, 280, 240, 201, 161, 162, 203, 243, 204, 164, 163, 123, 124, 83, 41, 80, 79], [0, 78, 77, 76, 75, 116, 117, 118, 158, 159, 160, 121, 200, 199, 239, 279, 278, 318, 319, 320, 281, 242, 202, 122, 82, 81, 120, 119, 42, 43, 3], [0, 30, 72, 113, 114, 155, 196, 195, 235, 234, 233, 232, 271, 311, 312, 272, 273, 313, 314, 274, 275, 315, 316, 317, 277, 276, 236, 237, 238, 198, 197, 157, 156, 115, 74, 73, 33], [0, 20, 21, 22, 23, 64, 63, 62, 101, 100, 59, 57, 56, 55, 54, 94, 93, 92, 53, 52, 51, 50, 49, 48, 47, 8, 9, 10, 11, 12, 13, 14, 15, 16, 17, 18, 19], [0, 60, 99, 139, 140, 141, 181, 180, 219, 218, 258, 298, 259, 299, 300, 301, 261, 260, 220, 221, 222, 262, 302, 303, 304, 264, 263, 223, 183, 182, 142, 143, 104, 105, 65], [0, 24, 25, 27, 28, 29, 31, 32, 34, 35, 36, 37, 38, 39, 40, 1, 2, 7, 6, 5], [0, 67, 148, 149, 189, 229, 230, 231, 270, 310, 309, 269, 268, 308, 307, 267, 227, 228, 188, 187, 147, 146, 145, 185, 186, 226, 266, 306, 305, 265, 225, 224, 184, 144, 103, 102, 61], [0, 26, 66, 106, 107, 108, 109, 110, 111, 151, 150, 190, 191, 192, 193, 194, 154, 153, 152, 112, 71, 70, 69, 68]]

res = 8800.948
res_int = 8820
solution = [[0, 50, 89, 90, 91, 92, 131, 130, 129, 170, 171, 211, 212, 213, 214, 254, 253, 293, 294, 295, 255, 215, 174, 173, 172, 132, 133, 134, 135, 94, 93, 51, 52], [0, 56, 57, 58, 59, 99, 98, 97, 138, 137, 177, 178, 218, 219, 220, 221, 261, 301, 260, 300, 299, 259, 258, 298, 297, 296, 256, 257, 217, 216, 176, 175, 136, 96, 95, 55], [0, 74, 115, 116, 117, 158, 159, 160, 121, 162, 163, 164, 204, 205, 206, 246, 286, 285, 245, 244, 284, 283, 282, 281, 320, 280, 240, 201, 241, 242, 243, 203, 202, 161, 200, 199, 198], [0, 62, 63, 103, 102, 101, 141, 142, 143, 183, 223, 263, 264, 265, 305, 304, 303, 302, 262, 222, 182, 181, 180, 179, 139, 140, 100, 61, 60, 18], [0, 6, 5, 4, 3, 2, 1, 40, 39, 38, 37, 79, 80, 41, 42, 43, 44, 46, 47, 124, 123, 122, 83, 82, 81, 120, 119], [0, 9, 8, 7, 45, 84, 85, 86, 87, 126, 125, 165, 166, 207, 247, 287, 288, 289, 290, 291, 292, 252, 251, 250, 210, 169, 209, 249, 248, 208, 168, 167, 127, 128, 88, 48, 49, 53, 54], [0, 36, 35, 75, 76, 77, 78, 118, 157, 197, 237, 238, 239, 279, 319, 318, 278, 277, 317, 316, 276, 236, 235, 195, 196, 156, 155, 154, 114, 113, 73, 33, 34], [0, 10, 11, 12, 13, 14, 15, 16, 17, 29, 30, 70, 69, 68, 27, 26, 25, 24, 23, 22, 21, 20, 19], [0, 28, 67, 66, 65, 105, 106, 107, 108, 109, 110, 150, 149, 189, 188, 148, 147, 187, 227, 228, 268, 308, 307, 267, 306, 266, 226, 225, 224, 184, 185, 186, 146, 145, 144, 104, 64], [0, 32, 72, 112, 152, 153, 194, 193, 192, 231, 232, 272, 273, 233, 234, 274, 275, 315, 314, 313, 312, 311, 271, 270, 310, 309, 269, 229, 230, 190, 191, 151, 111, 71, 31]]

res = 8813.927
res_int = 8829
solution = [[0, 95, 135, 174, 215, 175, 176, 177, 178, 179, 218, 217, 216, 256, 296, 297, 257, 258, 298, 299, 300, 260, 259, 219, 220, 180, 140, 139, 138, 137, 136, 96, 97, 98, 99, 100, 60], [0, 52, 91, 132, 133, 134, 173, 213, 214, 254, 255, 295, 294, 293, 253, 292, 252, 251, 291, 290, 250, 210, 209, 169, 170, 171, 211, 212, 172, 131, 130, 90, 9], [0, 77, 78, 79, 80, 41, 42, 43, 44, 85, 86, 87, 88, 128, 127, 126, 125, 165, 205, 245, 285, 286, 246, 206, 166, 167, 207, 247, 287, 288, 289, 249, 248, 208, 168, 129, 89], [0, 141, 181, 221, 222, 263, 262, 261, 301, 302, 303, 304, 305, 306, 307, 308, 268, 228, 227, 267, 266, 265, 264, 224, 223, 183, 184, 185, 225, 226, 186, 187, 188, 147, 148, 149, 109], [0, 22, 21, 20, 19, 18, 17, 16, 56, 57, 58, 59, 61, 62, 101, 102, 142, 182, 143, 144, 145, 146, 108, 107, 106, 105, 104, 103, 63, 64, 65, 66, 67, 24, 23], [0, 36, 76, 75, 74, 73, 71, 30, 29, 28, 25, 26], [0, 154, 153, 152, 191, 231, 232, 233, 234, 235, 275, 315, 314, 274, 273, 313, 312, 272, 271, 311, 310, 309, 269, 270, 230, 229, 189, 190, 150, 110, 69, 68, 27], [0, 72, 112, 113, 114, 115, 116, 117, 118, 119, 159, 158, 157, 156, 155, 196, 197, 237, 238, 279, 319, 278, 318, 317, 277, 316, 276, 236, 195, 194, 193, 192, 151, 111, 70], [0, 1, 2, 82, 81, 120, 160, 121, 122, 162, 161, 200, 199, 198, 239, 240, 201, 202, 242, 241, 280, 320, 281, 282, 283, 284, 244, 243, 203, 204, 164, 163, 123, 124, 83, 84, 45, 5], [0, 31, 32, 33, 34, 35, 37, 38, 39, 40, 3, 4, 6, 7, 8, 10, 11, 12, 13, 14, 15, 55, 54, 53, 94, 93, 92, 51, 50, 49, 48, 47, 46]]

res = 8823.93
res_int = 8839
solution = [[0, 118, 117, 116, 156, 155, 154, 153, 193, 192, 191, 231, 232, 272, 312, 313, 273, 233, 274, 314, 315, 275, 276, 316, 317, 277, 237, 236, 235, 234, 194, 195, 196, 197, 198, 157, 158, 199, 160], [0, 10, 11, 12, 13, 14, 15, 16, 17, 22, 21, 20, 19, 18], [0, 26, 27, 28, 29, 30, 69, 68, 67, 66, 65, 105, 106, 107, 108, 146, 186, 226, 227, 228, 268, 308, 307, 267, 306, 266, 265, 225, 185, 184, 143, 144, 145, 104, 103, 64, 25], [0, 24, 63, 62, 102, 142, 141, 180, 181, 221, 222, 182, 183, 223, 224, 264, 305, 304, 303, 263, 262, 302, 301, 261, 260, 300, 299, 259, 258, 257, 217, 218, 178, 177, 137, 97], [0, 57, 56, 55, 54, 53, 93, 94, 95, 96, 136, 135, 134, 175, 176, 216, 256, 296, 297, 298, 219, 220, 179, 138, 139, 140, 101, 100, 99, 98, 58, 59, 60, 61, 23], [0, 44, 86, 87, 127, 126, 125, 165, 164, 163, 203, 202, 201, 240, 280, 279, 319, 318, 278, 238, 239, 200, 161, 162, 122, 121, 81, 82, 43, 42, 41, 80, 1], [0, 115, 114, 113, 112, 152, 151, 150, 190, 230, 270, 271, 311, 310, 309, 269, 229, 189, 188, 187, 147, 148, 149, 109, 110, 111, 70, 71, 72, 31, 32], [0, 6, 5, 4, 3, 2, 40, 39, 38, 37, 36, 35, 34, 33, 73, 74, 75, 76, 77, 78, 79, 119, 159, 120, 83, 123, 124, 84, 85, 45, 46, 47, 7], [0, 8, 9, 49, 48, 88, 128, 168, 167, 166, 206, 205, 204, 243, 242, 241, 320, 281, 282, 283, 284, 244, 245, 285, 286, 246, 207, 208, 248, 247, 287, 288, 289, 249, 209, 169, 129, 89, 50, 51], [0, 90, 130, 170, 171, 211, 210, 250, 290, 251, 291, 292, 252, 212, 172, 213, 214, 254, 253, 293, 294, 295, 255, 215, 174, 173, 133, 132, 131, 91, 92, 52]]

res = 8823.989
res_int = 8844
solution = [[0, 206, 246, 286, 285, 245, 244, 284, 283, 282, 281, 320, 319, 279, 239, 200, 199, 198, 197, 196, 237, 238, 278, 318, 317, 277, 236, 235, 195, 194, 154, 155, 156, 157], [0, 72, 73, 113, 112, 152, 153, 193, 192, 232, 231, 271, 272, 273, 233, 234, 274, 275, 276, 316, 315, 314, 313, 312, 311, 310, 270, 309, 269, 229, 230, 190, 191, 151, 150, 111, 71], [0, 20, 19, 18, 17, 16, 15, 14, 13, 12, 11, 10, 9, 8, 51, 52, 91, 92, 132, 131, 130, 129, 90, 49, 48, 47, 46, 5, 6, 7], [0, 23, 24, 25, 26, 27, 28, 29, 70, 69, 68, 67, 66, 65, 105, 106, 107, 108, 148, 147, 146, 145, 144, 143, 103, 104, 64, 22, 21], [0, 110, 109, 149, 189, 188, 187, 186, 185, 184, 224, 225, 226, 227, 228, 268, 308, 307, 267, 266, 306, 305, 265, 264, 304, 303, 302, 262, 263, 223, 183, 182, 142, 141, 102], [0, 30, 31, 32, 33, 34, 35, 75, 74, 114, 115, 116, 117, 118, 158, 159, 160, 121, 122, 123, 82, 83, 84, 43, 42, 41, 80, 79, 78, 77, 76, 36, 37], [0, 38, 119, 120, 81, 161, 162, 202, 201, 240, 280, 241, 242, 243, 203, 204, 205, 164, 163, 124, 85, 45, 4, 3, 2, 1, 40, 39], [0, 44, 86, 87, 127, 126, 125, 165, 166, 167, 207, 247, 287, 288, 289, 249, 248, 208, 209, 210, 250, 290, 291, 292, 252, 251, 211, 171, 170, 169, 168, 128, 88, 89, 50], [0, 53, 54, 95, 94, 93, 133, 134, 174, 173, 172, 212, 213, 214, 254, 253, 293, 294, 295, 255, 215, 216, 256, 296, 297, 257, 217, 176, 175, 135, 136, 96, 97, 58, 57, 56, 55], [0, 63, 62, 101, 140, 181, 220, 221, 222, 261, 301, 300, 260, 259, 299, 298, 258, 218, 219, 180, 179, 178, 177, 137, 138, 139, 100, 99, 98, 59, 60, 61]]

res = 8834.754
res_int = 8849
solution = [[0, 117, 157, 158, 159, 160, 121, 200, 240, 280, 241, 242, 202, 201, 161, 162, 163, 203, 243, 283, 282, 281, 320, 319, 279, 239, 199, 198, 197, 237, 277, 317, 318, 278, 238], [0, 9, 10, 11, 12, 13, 14, 15, 16, 17, 18, 19, 59, 58, 57, 56, 96, 95, 135, 134, 133, 94, 93, 92, 52, 55, 54, 53], [0, 35, 36, 37, 38, 39, 42, 41, 80, 79, 78, 118, 119, 120, 81, 82, 122, 123, 83, 84, 43, 3, 2, 1, 40], [0, 28, 29, 30, 31, 72, 73, 114, 113, 112, 152, 153, 154, 194, 193, 233, 234, 235, 275, 274, 314, 315, 316, 276, 236, 196, 195, 155, 156, 115, 116, 77, 76, 75, 74, 34, 33], [0, 20, 60, 100, 99, 138, 139, 140, 180, 181, 221, 261, 301, 302, 262, 222, 223, 183, 182, 142, 141, 101, 102, 103, 63, 62, 61, 21, 22, 23, 24], [0, 98, 137, 177, 176, 215, 216, 217, 218, 178, 179, 219, 220, 260, 300, 259, 299, 298, 258, 257, 297, 296, 256, 255, 295, 294, 293, 253, 254, 214, 213, 173, 174, 175, 136, 97], [0, 8, 49, 50, 90, 129, 128, 127, 166, 206, 246, 245, 244, 284, 285, 286, 287, 247, 207, 248, 288, 289, 290, 291, 292, 252, 251, 211, 212, 172, 171, 131, 132, 91, 51], [0, 6, 5, 4, 44, 45, 85, 124, 164, 204, 205, 165, 125, 126, 167, 168, 208, 209, 249, 250, 210, 170, 169, 130, 89, 88, 87, 86, 46, 47, 48, 7], [0, 32, 71, 111, 151, 150, 190, 230, 231, 191, 192, 232, 272, 273, 313, 312, 311, 271, 270, 310, 309, 269, 229, 189, 188, 148, 149, 68, 67, 66, 65, 25, 26, 27], [0, 69, 70, 110, 109, 108, 107, 106, 147, 146, 145, 185, 186, 187, 227, 228, 268, 308, 307, 267, 306, 266, 226, 225, 265, 305, 304, 303, 263, 264, 224, 184, 144, 143, 104, 105, 64]]

res = 8834.882
res_int = 8851
solution = [[0, 124, 164, 163, 202, 242, 243, 203, 204, 205, 206, 207, 168, 209, 249, 289, 288, 248, 208, 247, 287, 286, 246, 285, 245, 244, 284, 283, 282, 281, 241, 280, 240, 201, 200, 161, 162, 123, 83], [0, 76, 116, 156, 157, 197, 237, 238, 198, 158, 159, 199, 239, 279, 320, 319, 318, 278, 277, 317, 316, 276, 275, 235, 236, 196, 195, 194, 154, 155, 115, 114, 75], [0, 48, 89, 88, 87, 127, 128, 129, 130, 131, 171, 211, 251, 252, 292, 291, 290, 250, 210, 170, 169, 167, 166, 165, 125, 126, 86, 85, 84, 44, 45, 46, 47], [0, 5, 6, 7, 8], [0, 12, 11, 10, 9, 49, 50, 51, 52, 53, 93, 92, 91, 90, 132, 172, 212, 213, 214, 254, 253, 293, 294, 295, 255, 215, 174, 173, 133, 134, 135, 94, 54, 13, 14], [0, 29, 30, 31, 32, 33, 34, 35, 80, 79, 78, 77, 117, 118, 119, 120, 160, 121, 122, 82, 81, 41, 42, 43, 4, 3, 2, 1, 40, 39, 38, 37, 36], [0, 27, 26, 25, 65, 66, 67, 68, 28], [0, 19, 100, 140, 180, 179, 178, 218, 217, 257, 258, 259, 299, 298, 297, 296, 256, 216, 177, 176, 175, 136, 137, 138, 139, 99, 98, 97, 96, 95, 55, 56, 57, 17, 16, 15], [0, 20, 21, 22, 62, 102, 103, 143, 183, 223, 263, 224, 264, 304, 303, 302, 262, 222, 261, 301, 300, 260, 219, 220, 221, 181, 182, 142, 141, 101, 61, 60, 59, 58, 18], [0, 74, 73, 72, 71, 70, 69, 109, 110, 151, 150, 149, 148, 147, 187, 188, 189, 190, 191, 231, 232, 272, 312, 313, 314, 315, 274, 273, 233, 234, 193, 192, 152, 153, 113, 112, 111], [0, 108, 107, 106, 105, 145, 146, 186, 226, 227, 228, 229, 230, 270, 271, 311, 310, 309, 269, 268, 308, 307, 267, 266, 306, 305, 265, 225, 185, 184, 144, 104, 64, 63, 23, 24]]

Mean = 8797.697580171813
Execution = 2502.2327518463135

Instance : Golden_03.xml
Time = 711.0425174236298

res = 11619.618
res_int = 11626
solution = [[0, 144, 145, 185, 184, 182, 181, 221, 261, 301, 302, 342, 341, 381, 382, 383, 343, 303, 263, 262, 222, 223, 224, 264, 304, 344, 384, 385, 345, 305, 265, 225, 226, 266, 306, 346, 386, 387, 347, 307, 267, 227, 187, 186], [0, 49, 88, 128, 168, 208, 209, 249, 289, 329, 369, 370, 330, 290, 250, 210, 251, 291, 331, 371, 372, 332, 292, 252, 212, 211, 172, 171, 170, 169, 129, 89, 50, 51, 52, 11], [0, 47, 46, 86, 126, 166, 165, 205, 206, 246, 286, 287, 327, 326, 366, 367, 368, 328, 288, 248, 247, 207, 167, 127, 87, 48], [0, 7, 8, 9, 10, 12, 13, 14, 54, 53, 93, 92, 91, 90, 130, 131, 132, 133, 134, 173, 174, 214, 213, 253, 293, 333, 373, 374, 334, 294, 254, 255, 215, 216, 176, 175, 135, 95, 94, 55, 15], [0, 17, 58, 59, 60, 100, 99, 98, 138, 139, 140, 180, 179, 219, 220, 260, 300, 340, 380, 339, 379, 378, 377, 376, 336, 375, 335, 295, 256, 296, 297, 337, 338, 298, 299, 259, 258, 257, 217, 218, 178, 177, 137, 136, 96, 97, 57, 56, 16], [0, 72, 112, 152, 151, 191, 231, 232, 272, 312, 352, 392, 393, 353, 313, 273, 274, 314, 354, 394, 395, 355, 396, 356, 316, 276, 315, 275, 235, 234, 233, 194, 193, 192, 153, 154, 155, 156, 157, 117, 116, 115, 114, 113, 73, 74, 75, 76], [0, 65, 146, 147, 148, 188, 228, 268, 308, 348, 388, 389, 349, 309, 269, 270, 310, 350, 390, 391, 351, 311, 271, 230, 229, 189, 190, 150, 149, 109, 110, 111, 71, 70, 69, 33, 34, 35, 36, 37], [0, 18, 19, 20, 21, 22, 23, 24, 64, 63, 62, 61, 102, 101, 141, 142, 183, 143, 103, 104, 105, 106, 107, 108, 68, 67, 66, 25, 26, 27, 28, 29, 30, 31, 32], [0, 3, 4, 5, 6, 45, 85, 125, 124, 164, 163, 203, 204, 244, 245, 285, 325, 365, 364, 324, 284, 363, 323, 283, 243, 242, 281, 321, 360, 320, 280, 201, 202, 162, 122, 123, 82, 83, 84, 44, 43, 42, 80, 79, 78, 39, 40], [0, 2, 1, 41, 81, 120, 160, 121, 161, 200, 199, 239, 240, 241, 282, 322, 362, 361, 400, 399, 359, 319, 279, 238, 238, 278, 318, 358, 398, 397, 357, 317, 277, 237, 236, 195, 196, 197, 198, 158, 159, 119, 118, 77, 38]]

res = 11653.592
res_int = 11660
solution = [[0, 42, 43, 44, 84, 83, 82, 81, 122, 123, 124, 164, 163, 203, 204, 244, 284, 245, 285, 325, 365, 364, 324, 363, 323, 283, 243, 242, 281, 321, 360, 320, 280, 201, 202, 162, 161, 200, 121, 160, 159, 118, 119, 120, 80, 79, 78, 77, 76, 37], [0, 16, 17, 58, 57, 56, 97, 96, 136, 137, 177, 178, 218, 217, 257, 258, 259, 299, 298, 297, 296, 256, 295, 335, 375, 336, 376, 377, 337, 338, 378, 379, 339, 380, 340, 300, 260, 220, 219, 179, 180, 140, 139, 138, 98, 99, 100, 60, 59], [0, 9, 10, 12, 13, 14, 54, 53, 93, 92, 91, 90, 130, 131, 132, 133, 134, 173, 174, 214, 213, 253, 293, 333, 373, 374, 334, 294, 254, 255, 215, 216, 176, 175, 135, 95, 94, 55, 15], [0, 38, 39, 40, 1, 2, 41, 85, 125, 165, 205, 206, 246, 247, 287, 286, 326, 366, 367, 327, 368, 328, 288, 248, 207, 167, 166, 126, 127, 86, 87, 48, 47, 46, 45, 6, 5, 4, 3], [0, 11, 52, 51, 50, 89, 129, 169, 170, 171, 172, 211, 210, 250, 251, 212, 252, 292, 332, 372, 371, 331, 291, 290, 330, 370, 369, 329, 289, 249, 209, 208, 168, 128, 88, 49, 7, 8], [0, 36, 35, 34, 33, 32, 31, 70, 71, 72, 111, 110, 109, 149, 150, 190, 230, 231, 271, 311, 351, 391, 390, 350, 310, 270, 269, 309, 349, 389, 388, 348, 308, 268, 228, 229, 189, 188, 148, 108], [0, 144, 184, 185, 225, 226, 186, 187, 227, 267, 307, 347, 387, 386, 346, 306, 266, 265, 305, 345, 385, 384, 344, 304, 264, 224, 223, 222, 262, 263, 303, 343, 383, 382, 381, 341, 342, 302, 301, 261, 221, 181, 141, 101, 61], [0, 18, 19, 20, 21, 22, 64, 63, 62, 102, 142, 182, 183, 143, 103, 104, 105, 145, 146, 147, 107, 106, 65, 66, 67, 68, 69, 28, 27, 26, 25, 24, 23], [0, 158, 198, 199, 239, 240, 241, 282, 322, 362, 361, 400, 399, 359, 319, 279, 238, 238, 278, 318, 358, 398, 397, 357, 317, 277, 237, 236, 197, 196, 195, 194, 113, 74, 75], [0, 73, 114, 115, 116, 117, 157, 156, 155, 154, 153, 152, 193, 233, 234, 235, 275, 276, 316, 315, 355, 356, 396, 395, 394, 354, 314, 274, 273, 313, 353, 393, 392, 352, 312, 272, 232, 192, 191, 151, 112, 29, 30]]

res = 11664.51
res_int = 11671
solution = [[0, 137, 177, 178, 219, 220, 260, 300, 340, 380, 379, 339, 338, 378, 377, 337, 297, 257, 298, 299, 259, 258, 218, 217, 216, 256, 296, 336, 376, 375, 335, 295, 255, 254, 294, 334, 374, 373, 333, 293, 253, 213, 214, 215, 175, 176, 136], [0, 148, 188, 187, 227, 267, 307, 347, 387, 386, 346, 306, 266, 226, 225, 265, 305, 345, 385, 384, 344, 304, 264, 224, 223, 263, 303, 303, 302, 342, 343, 383, 382, 381, 341, 301, 261, 262, 222, 182, 183, 184, 185], [0, 87, 86, 126, 127, 128, 168, 167, 207, 206, 246, 287, 247, 208, 248, 249, 209, 210, 250, 290, 330, 370, 369, 329, 289, 288, 328, 368, 327, 367, 366, 326, 286, 245, 285, 325, 365, 364, 324, 284, 244, 204, 205, 165, 166, 125, 84, 85], [0, 115, 114, 153, 152, 151, 191, 192, 193, 233, 234, 274, 273, 313, 353, 393, 392, 352, 312, 272, 232, 231, 230, 271, 311, 351, 391, 390, 350, 310, 270, 269, 309, 349, 389, 388, 348, 308, 268, 228, 229, 189, 190, 150, 149, 109, 110, 111, 112, 113], [0, 83, 82, 81, 121, 122, 123, 124, 164, 163, 162, 203, 202, 242, 243, 283, 323, 363, 362, 322, 282, 281, 321, 361, 400, 360, 399, 359, 319, 320, 279, 239, 280, 241, 201, 240, 161, 200, 199, 159, 160, 120, 41], [0, 119, 118, 158, 157, 197, 198, 238, 238, 278, 318, 358, 398, 397, 357, 317, 277, 237, 236, 276, 316, 356, 396, 355, 395, 394, 354, 314, 315, 275, 235, 196, 195, 194, 154, 155, 156, 117, 116, 73, 74, 75], [0, 23, 24, 25, 65, 66, 67, 68, 69, 70, 71, 72, 108, 107, 106, 147, 146, 186, 145, 144, 143, 142, 141, 181, 221, 180, 179, 138, 139, 140, 101, 102, 103, 104, 105, 64, 63, 62, 61, 21, 22], [0, 26, 27, 28, 29, 30, 31, 32, 33, 34, 35, 76, 77, 78, 79, 80, 42, 43, 44, 45, 36, 37], [0, 38, 39, 40, 1, 2, 3, 4, 5, 6, 7, 8, 46, 47, 129, 169, 170, 171, 211, 251, 291, 331, 371, 372, 332, 292, 252, 212, 172, 132, 131, 130, 9, 10], [0, 20, 19, 18, 56, 57, 58, 59, 60, 100, 99, 98, 97, 96, 95, 94, 135, 134, 174, 173, 133, 93, 92, 91, 90, 89, 88, 48, 49, 50, 51, 52, 53, 54, 55, 11, 12, 13, 14, 15, 16, 17]]

res = 11694.874
res_int = 11701
solution = [[0, 109, 110, 111, 112, 113, 153, 152, 151, 192, 191, 231, 232, 272, 312, 352, 392, 393, 353, 313, 273, 274, 314, 354, 394, 395, 355, 396, 356, 316, 315, 275, 235, 234, 233, 193, 194, 154, 114, 115, 116, 76, 75, 74, 73, 72], [0, 28, 29, 30, 69, 70, 71, 31, 32, 33, 35], [0, 1, 41, 81, 121, 160, 200, 161, 201, 242, 282, 322, 362, 361, 321, 360, 400, 399, 359, 319, 320, 281, 241, 280, 279, 239, 240, 199, 198, 238, 278, 318, 358, 398, 397, 357, 317, 277, 276, 236, 237, 197, 196, 195, 155, 156, 157, 158, 159, 120], [0, 40, 39, 38, 78, 79, 80, 42, 43, 44, 83, 84, 85, 125, 124, 164, 204, 244, 245, 285, 284, 324, 325, 326, 366, 365, 364, 363, 323, 283, 243, 203, 202, 162, 163, 123, 122, 82, 119, 118, 117, 77, 37, 36, 34], [0, 108, 148, 147, 187, 188, 228, 227, 226, 186, 185, 225, 265, 266, 306, 346, 386, 387, 347, 307, 267, 268, 308, 348, 388, 389, 349, 309, 269, 270, 310, 350, 390, 391, 351, 311, 271, 230, 229, 189, 190, 150, 149], [0, 23, 24, 64, 65, 66, 105, 104, 143, 142, 182, 183, 223, 222, 262, 263, 303, 302, 342, 382, 383, 343, 344, 384, 385, 345, 305, 304, 264, 224, 184, 144, 145, 146, 106, 107, 67, 68, 27, 26, 25], [0, 89, 129, 169, 170, 171, 210, 250, 249, 289, 290, 330, 370, 371, 331, 291, 292, 332, 372, 373, 374, 334, 294, 333, 293, 253, 252, 251, 211, 212, 213, 254, 214, 174, 173, 172, 132, 133, 93, 53, 54, 15, 16], [0, 9, 8, 7, 6, 5, 4, 3, 2, 45, 46, 87, 86, 126, 127, 167, 166, 165, 205, 206, 246, 286, 287, 327, 367, 368, 369, 329, 328, 288, 248, 247, 207, 208, 209, 168, 128, 88, 47, 48, 49, 50, 51, 10], [0, 96, 97, 138, 139, 179, 178, 177, 218, 217, 257, 258, 259, 219, 220, 260, 299, 298, 338, 337, 297, 296, 336, 295, 335, 375, 376, 377, 378, 379, 339, 300, 340, 380, 381, 341, 301, 261, 221, 181, 180, 140, 141, 100, 60, 59, 21, 22], [0, 18, 19, 20, 61, 62, 63, 103, 102, 101, 99, 98, 137, 136, 176, 216, 256, 255, 215, 175, 135, 134, 95, 94, 92, 131, 130, 90, 91, 52, 11, 12, 13, 14, 55, 56, 57, 58, 17]]

res = 11712.06
res_int = 11717
solution = [[0, 160, 121, 161, 200, 199, 238, 238, 278, 318, 358, 398, 397, 357, 317, 277, 237, 236, 235, 275, 315, 276, 316, 356, 396, 355, 395, 394, 354, 314, 313, 353, 393, 392, 352, 312, 272, 273, 274, 234, 233, 193, 194, 195, 196, 197, 198, 159], [0, 135, 175, 176, 216, 215, 255, 254, 294, 334, 374, 373, 333, 293, 253, 213, 214, 174, 173, 172, 171, 212, 252, 292, 332, 372, 371, 331, 291, 290, 330, 370, 369, 329, 289, 249, 250, 251, 211, 210, 170, 169, 129, 130], [0, 84, 124, 125, 166, 165, 164, 163, 203, 204, 245, 285, 325, 365, 364, 324, 284, 244, 243, 283, 323, 363, 362, 361, 321, 320, 360, 400, 399, 359, 319, 279, 239, 240, 280, 201, 241, 281, 322, 282, 242, 202, 162, 122, 123, 82, 83], [0, 106, 107, 109, 110, 111, 112, 113, 114, 115, 116, 117, 157, 156, 155, 154, 153, 152, 151, 150, 149, 188, 228, 268, 308, 348, 388, 389, 349, 309, 269, 270, 310, 350, 390, 391, 351, 311, 271, 231, 232, 192, 191, 190, 230, 229, 189], [0, 108, 148, 147, 146, 186, 187, 227, 267, 307, 347, 387, 386, 346, 306, 266, 226, 225, 265, 305, 345, 385, 384, 344, 304, 264, 263, 303, 343, 383, 382, 342, 302, 262, 222, 223, 224, 184, 185, 145, 144, 104, 105], [0, 16, 15, 8, 9, 10, 11, 12, 13, 14], [0, 1, 2, 3, 4, 44, 85, 126, 127, 167, 207, 247, 206, 205, 246, 286, 287, 327, 326, 366, 367, 368, 328, 288, 248, 208, 209, 168, 128, 89, 88, 87, 86, 46, 45, 5, 6, 7], [0, 40, 39, 38, 78, 79, 80, 41, 42, 43, 81, 120, 119, 158, 118, 77, 76, 75, 74, 73, 72, 71, 70, 69, 68, 26, 27, 28, 29, 30, 31, 32, 33, 34, 35, 36, 37], [0, 136, 137, 177, 178, 179, 180, 220, 219, 218, 217, 257, 258, 298, 338, 337, 297, 296, 256, 295, 335, 375, 336, 376, 377, 378, 379, 339, 299, 259, 260, 300, 340, 380, 381, 341, 301, 261, 221, 181, 182, 183, 143, 142, 141, 140, 139, 99], [0, 24, 64, 63, 62, 61, 103, 102, 101, 100, 138, 98, 97, 96, 95, 94, 134, 133, 132, 131, 93, 92, 91, 90, 47, 48, 49, 50, 51, 52, 53, 54, 55, 56, 57, 58, 59, 60, 17], [0, 18, 19, 20, 21, 22, 23, 65, 66, 67, 25]]

res = 11712.78
res_int = 11721
solution = [[0, 73, 74, 75, 76, 115, 114, 113, 153, 152, 192, 191, 231, 232, 272, 312, 352, 392, 393, 353, 313, 273, 274, 314, 354, 394, 395, 355, 396, 356, 316, 315, 275, 235, 234, 233, 193, 194, 195, 154, 155, 156, 157, 117, 116, 77, 38], [0, 37, 36, 35, 34, 33, 71, 72, 112, 111, 70, 69, 30, 31, 32], [0, 23, 24, 64, 103, 102, 142, 143, 144, 145, 185, 184, 183, 182, 181, 222, 221, 260, 300, 340, 380, 379, 339, 299, 298, 338, 378, 377, 376, 336, 337, 297, 257, 258, 259, 219, 220, 180, 179, 138, 139, 140, 141, 101, 61, 21, 22], [0, 17, 57, 58, 59, 60, 100, 99, 98, 97, 136, 137, 177, 178, 218, 217, 216, 215, 255, 256, 296, 295, 335, 375, 374, 334, 294, 373, 333, 293, 253, 254, 214, 213, 173, 174, 175, 176, 135, 134, 95, 96, 56, 55, 16], [0, 65, 66, 106, 147, 187, 227, 267, 266, 306, 305, 345, 385, 384, 344, 304, 303, 302, 342, 343, 383, 382, 381, 341, 301, 261, 262, 263, 223, 224, 264, 265, 225, 226, 186, 146, 105, 104, 63, 62, 20, 18, 19], [0, 25, 26, 27, 67, 107, 108, 149, 148, 188, 228, 268, 308, 307, 347, 346, 386, 387, 348, 388, 389, 349, 309, 269, 270, 310, 350, 390, 391, 351, 311, 271, 230, 229, 189, 190, 150, 151, 110, 109, 68, 28, 29], [0, 118, 119, 120, 159, 158, 199, 198, 197, 196, 236, 276, 277, 237, 238, 239, 279, 319, 359, 358, 318, 278, 317, 357, 397, 398, 399, 400, 360, 321, 361, 362, 322, 282, 281, 320, 280, 241, 201, 240, 200, 161, 121, 160, 81, 42, 1], [0, 40, 39, 78, 79, 80, 41, 82, 83, 43, 44, 4, 3, 2], [0, 15, 54, 53, 52, 92, 91, 131, 130, 90, 89, 88, 48, 49, 50, 51, 10, 11, 12, 13, 14], [0, 94, 93, 133, 132, 172, 171, 211, 212, 252, 292, 332, 372, 371, 331, 291, 251, 290, 330, 370, 369, 329, 289, 288, 328, 368, 327, 367, 366, 326, 286, 246, 287, 247, 248, 249, 250, 210, 209, 208, 169, 170, 129, 47], [0, 9, 8, 7, 6, 5, 45, 46, 87, 127, 128, 168, 167, 207, 206, 166, 165, 205, 204, 244, 245, 285, 325, 365, 364, 324, 284, 363, 323, 283, 243, 242, 202, 203, 164, 163, 162, 122, 123, 124, 125, 126, 86, 85, 84]]

res = 11718.303
res_int = 11726
solution = [[0, 14, 54, 53, 93, 92, 91, 90, 130, 131, 132, 133, 172, 171, 211, 251, 212, 252, 292, 332, 372, 371, 331, 291, 290, 330, 370, 369, 329, 289, 249, 208, 209, 250, 210, 170, 169, 129, 89, 50, 51, 52, 8, 9, 10, 11, 12], [0, 60, 100, 141, 181, 220, 260, 301, 341, 381, 342, 382, 383, 343, 303, 263, 262, 302, 261, 221, 222, 223, 264, 304, 344, 384, 345, 385, 386, 346, 387, 347, 307, 306, 305, 265, 225, 224, 184, 183, 182, 142, 102, 101], [0, 72, 111, 151, 191, 190, 150, 149, 189, 230, 270, 310, 350, 390, 391, 351, 392, 352, 312, 313, 353, 393, 394, 354, 314, 274, 273, 272, 311, 271, 231, 232, 233, 192, 193, 194, 154, 153, 152, 112, 113, 114, 115], [0, 32, 31, 30, 29, 69, 70, 71, 110, 109, 108, 107, 106, 146, 147, 148, 188, 187, 227, 228, 229, 269, 309, 349, 389, 388, 348, 308, 268, 267, 266, 226, 186, 185, 145, 144, 143, 103, 104, 105, 65, 66, 67, 68, 28, 27, 26, 25, 21], [0, 3, 2, 39, 38, 37, 36, 35, 76, 75, 74, 73, 34, 33], [0, 96, 135, 134, 173, 174, 175, 176, 216, 215, 214, 213, 253, 293, 333, 373, 374, 334, 294, 254, 255, 295, 335, 375, 336, 376, 377, 337, 297, 296, 256, 257, 258, 298, 338, 378, 379, 339, 380, 340, 300, 299, 259, 178, 97], [0, 13, 15, 16, 17, 59, 58, 57, 56, 55, 94, 95, 136, 137, 138, 177, 217, 218, 219, 179, 180, 140, 139, 98, 99, 61, 62, 63, 64, 24, 23, 22, 20, 19, 18], [0, 40, 80, 79, 78, 77, 118, 119, 159, 199, 238, 238, 278, 277, 276, 316, 317, 318, 358, 398, 397, 357, 356, 396, 395, 355, 315, 275, 235, 234, 195, 196, 236, 237, 197, 198, 158, 157, 156, 155, 116, 117], [0, 43, 42, 82, 121, 161, 200, 240, 239, 279, 319, 359, 399, 360, 400, 361, 321, 281, 320, 280, 201, 241, 242, 282, 322, 362, 363, 323, 283, 243, 244, 204, 203, 202, 162, 163, 164, 124, 83, 84, 85, 86, 44, 4], [0, 1, 41, 81, 120, 160, 122, 123, 125, 126, 166, 165, 205, 206, 246, 286, 245, 285, 325, 284, 324, 364, 365, 366, 326, 327, 367, 368, 328, 288, 248, 287, 247, 207, 167, 168, 128, 127, 87, 88, 49, 48, 47, 46, 45, 5, 6, 7]]

res = 11733.478
res_int = 11741
solution = [[0, 6, 7, 8, 9, 10, 50, 49, 89, 88, 128, 168, 208, 209, 249, 289, 329, 369, 370, 330, 290, 291, 331, 371, 372, 332, 292, 252, 251, 250, 210, 211, 212, 172, 133, 132, 131, 171, 170, 169, 129, 130, 90, 91, 51, 12, 11], [0, 41, 81, 120, 160, 159, 199, 198, 238, 278, 318, 358, 398, 397, 357, 317, 277, 237, 197, 158, 118, 119, 79, 80], [0, 40, 39, 38, 37, 78, 77, 76, 116, 117, 157, 156, 155, 154, 195, 196, 236, 276, 235, 275, 315, 316, 356, 396, 355, 395, 394, 393, 392, 352, 312, 313, 353, 354, 314, 274, 234, 194, 193, 153, 113, 114, 115, 75, 35, 36], [0, 26, 66, 65, 104, 103, 143, 183, 184, 224, 223, 222, 262, 263, 303, 343, 383, 382, 381, 341, 342, 302, 301, 261, 221, 181, 182, 142, 141, 101, 102, 63, 23], [0, 21, 22, 62, 61, 98, 138, 137, 177, 178, 218, 217, 257, 258, 259, 219, 220, 260, 300, 299, 339, 340, 380, 379, 378, 338, 298, 297, 337, 377, 376, 375, 335, 295, 336, 296, 256, 255, 215, 216, 176, 175, 135, 136, 96, 97, 57], [0, 17, 16, 15, 14, 13, 54, 53, 52, 92, 93, 173, 213, 253, 293, 333, 373, 374, 334, 294, 254, 214, 174, 134, 94, 95, 55, 56, 58, 59, 99, 139, 179, 180, 140, 100, 60, 20, 19, 18], [0, 1, 42, 82, 123, 164, 204, 203, 202, 242, 243, 244, 284, 324, 364, 365, 325, 285, 245, 246, 206, 205, 165, 166, 126, 127, 167, 207, 247, 248, 288, 328, 368, 327, 367, 366, 326, 286, 287], [0, 2, 3, 4, 43, 44, 84, 83, 122, 121, 161, 200, 240, 239, 279, 319, 359, 399, 400, 360, 320, 280, 281, 321, 361, 362, 363, 323, 283, 322, 282, 241, 201, 162, 163, 124, 125, 85, 86, 87, 48, 47, 46, 45, 5], [0, 25, 24, 64, 105, 144, 145, 146, 186, 185, 225, 265, 264, 304, 344, 384, 385, 345, 305, 306, 346, 386, 387, 347, 307, 308, 348, 388, 389, 349, 309, 269, 268, 267, 266, 226, 227, 187, 147, 106, 107, 108, 68, 67, 27, 28, 29, 30], [0, 33, 34, 74, 73, 72, 112, 111, 151, 152, 192, 191, 231, 232, 233, 273, 272, 271, 311, 351, 391, 390, 350, 310, 270, 230, 229, 228, 188, 189, 190, 150, 149, 148, 109, 110, 69, 70, 71, 31, 32]]

res = 11743.956
res_int = 11747
solution = [[0, 13, 12, 11, 10, 51, 50, 7, 8, 9], [0, 48, 49, 90, 89, 88, 87, 127, 128, 129, 130, 170, 169, 168, 167, 208, 209, 249, 289, 248, 288, 328, 329, 369, 368, 367, 366, 326, 327, 287, 286, 247, 207, 206, 246, 205, 165, 166, 126, 86, 47, 46, 45, 6, 5], [0, 105, 106, 146, 186, 187, 188, 228, 268, 308, 309, 269, 270, 310, 350, 349, 348, 388, 389, 390, 391, 392, 352, 351, 311, 271, 231, 230, 229, 189, 190, 150, 149, 148, 147, 107, 108, 109, 110, 111, 70, 30], [0, 18, 19, 59, 99, 98, 138, 139, 140, 180, 179, 219, 220, 260, 259, 258, 298, 338, 339, 299, 300, 340, 380, 379, 378, 377, 337, 336, 376, 375, 335, 295, 256, 296, 297, 257, 217, 218, 178, 177, 137, 136, 96, 97, 57, 17], [0, 102, 141, 181, 221, 222, 223, 263, 262, 261, 301, 302, 342, 341, 381, 382, 383, 343, 303, 304, 344, 384, 385, 345, 305, 265, 266, 306, 346, 386, 387, 347, 307, 267, 227, 226, 225, 264, 224, 184, 185, 145, 144, 104], [0, 20, 21, 22, 23, 24, 25, 26, 27, 28, 29, 69, 68, 67, 66, 65, 64, 63, 62, 103, 143, 183, 182, 142, 101, 100, 61, 60, 58, 56, 55, 54, 94, 93, 92, 132, 131, 91, 52, 53, 14, 15, 16], [0, 95, 135, 134, 133, 173, 213, 214, 174, 175, 176, 216, 215, 255, 254, 294, 334, 374, 373, 372, 371, 370, 330, 290, 250, 210, 251, 291, 331, 332, 333, 293, 253, 292, 252, 212, 211, 171, 172], [0, 2, 42, 41, 81, 82, 83, 123, 122, 121, 161, 162, 202, 242, 241, 201, 240, 280, 320, 281, 321, 360, 400, 361, 362, 363, 323, 322, 282, 243, 283, 284, 324, 364, 365, 325, 285, 245, 244, 204, 203, 163, 164, 124, 125, 85, 84, 44, 43, 3, 4], [0, 37, 36, 35, 34, 33, 32, 31, 71, 72, 113, 114, 115, 154, 155, 156, 197, 198, 238, 278, 318, 358, 398, 399, 359, 319, 279, 239, 199, 200, 160, 159, 120, 119, 118, 77, 76, 75, 74, 73], [0, 112, 153, 152, 151, 191, 192, 232, 272, 312, 313, 353, 393, 394, 354, 314, 315, 355, 395, 396, 397, 357, 356, 316, 317, 277, 237, 236, 276, 275, 235, 234, 274, 273, 233, 193, 194, 195, 196, 157, 158, 117, 116, 78, 79, 80, 1, 40, 39, 38]]

res = 11765.984
res_int = 11773
solution = [[0, 6, 7, 8, 9, 10, 50, 49, 89, 88, 128, 168, 208, 209, 249, 289, 329, 369, 370, 330, 290, 291, 331, 371, 372, 332, 292, 252, 251, 250, 210, 211, 212, 172, 133, 132, 131, 171, 170, 169, 129, 130, 90, 91, 51, 12, 11], [0, 20, 19, 18, 57, 56, 55, 95, 96, 97, 136, 135, 175, 176, 216, 215, 255, 256, 296, 336, 297, 337, 377, 376, 375, 335, 295, 294, 334, 374, 373, 333, 293, 253, 213, 254, 214, 174, 173, 134, 94, 93, 92, 52, 53, 54, 14, 13], [0, 15, 16, 17, 58, 59, 60, 100, 140, 180, 179, 139, 99, 98, 138, 137, 177, 178, 218, 217, 257, 258, 219, 220, 260, 300, 259, 299, 298, 338, 378, 379, 380, 340, 339], [0, 32, 33, 34, 74, 73, 72, 112, 152, 192, 232, 272, 273, 313, 312, 311, 351, 391, 390, 350, 310, 270, 271, 231, 230, 190, 191, 151, 150, 149, 148, 109, 110, 111, 71, 70, 69, 31, 30, 29, 28], [0, 22, 21, 61, 62, 63, 102, 101, 141, 142, 182, 181, 221, 261, 301, 302, 342, 341, 381, 382, 383, 343, 303, 263, 262, 222, 223, 224, 183, 143, 103, 104, 65, 66, 26, 25], [0, 23, 24, 64, 105, 106, 146, 145, 144, 184, 185, 186, 226, 225, 265, 264, 304, 344, 384, 385, 345, 305, 306, 346, 386, 387, 347, 307, 267, 266, 227, 228, 268, 308, 348, 388, 389, 349, 309, 269, 229, 189, 188, 187, 147, 107, 108, 68, 67, 27], [0, 2, 43, 44, 84, 83, 122, 121, 161, 162, 202, 201, 241, 242, 243, 283, 284, 324, 364, 365, 325, 326, 366, 367, 327, 368, 328, 288, 248, 246, 206, 205, 165, 164, 124, 125, 85, 45, 4, 3], [0, 1, 42, 82, 123, 163, 203, 204, 244, 245, 285, 286, 287, 247, 207, 167, 166, 126, 127, 86, 87, 48, 47, 46, 5], [0, 40, 39, 38, 78, 77, 76, 116, 117, 157, 156, 155, 195, 196, 236, 276, 316, 356, 396, 355, 395, 394, 393, 392, 352, 353, 354, 314, 315, 275, 235, 234, 274, 233, 193, 194, 154, 153, 113, 114, 115, 75, 35], [0, 41, 81, 120, 160, 159, 199, 200, 240, 239, 279, 280, 320, 360, 321, 281, 282, 322, 323, 363, 362, 361, 400, 399, 359, 319, 318, 358, 398, 397, 357, 317, 277, 278, 238, 237, 197, 198, 158, 118, 119, 80, 79, 37, 36]]

Mean = 11701.915702753717
Execution = 4122.867199897766

Instance : Golden_04.xml
Time = 1109.9335343837738

res = 14420.227
res_int = 14417
solution = [[0, 235, 275, 274, 234, 233, 272, 312, 352, 392, 432, 472, 431, 471, 470, 430, 390, 350, 391, 351, 311, 271, 310, 270, 231, 230, 229, 269, 268, 308, 348, 309, 349, 389, 429, 469, 468, 428, 388, 467, 427, 387, 347, 307, 267, 227, 228, 188, 189, 149, 148], [0, 127, 126, 125, 166, 165, 205, 206, 207, 208, 248, 288, 328, 368, 408, 448, 447, 407, 367, 327, 287, 247, 246, 286, 326, 366, 406, 446, 445, 405, 365, 325, 285, 245, 244, 284, 324, 364, 404, 444, 443, 403, 363, 323, 283, 243, 204, 164, 122, 123, 124], [0, 100, 140, 180, 181, 221, 220, 219, 259, 299, 339, 379, 419, 459, 460, 420, 380, 340, 300, 260, 261, 301, 341, 381, 421, 461, 462, 422, 382, 342, 302, 262, 222, 223, 263, 303, 343, 383, 423, 463, 464, 424, 384, 344, 304, 264, 224, 184, 183, 182, 142, 141, 101], [0, 151, 150, 190, 191, 192, 232, 273, 313, 353, 393, 433, 473, 474, 434, 394, 354, 314, 315, 355, 395, 435, 475, 476, 436, 396, 356, 316, 317, 357, 397, 437, 477, 478, 438, 398, 358, 318, 278, 238, 237, 277, 276, 236, 197, 196, 195, 194, 193, 153, 152, 112, 72], [0, 97, 96, 136, 135, 174, 173, 214, 213, 253, 293, 254, 255, 295, 294, 334, 374, 414, 454, 453, 413, 373, 333, 332, 372, 412, 452, 451, 411, 371, 331, 291, 251, 292, 252, 212, 172, 132, 133, 134, 95, 94, 93, 92, 131, 130, 129, 89, 90, 91, 52, 53, 13], [0, 83, 82, 81, 120, 159, 160, 121, 162, 163, 203, 202, 242, 282, 322, 362, 402, 442, 441, 401, 361, 321, 281, 241, 201, 161, 200, 240, 240, 280, 320, 360, 400, 440, 480, 479, 439, 399, 359, 319, 279, 239, 199, 198, 158, 119, 118, 77, 78], [0, 8, 9, 10, 51, 50, 49, 48, 88, 128, 169, 170, 171, 211, 210, 250, 290, 330, 370, 410, 450, 449, 409, 369, 329, 289, 249, 209, 168, 167, 87, 86, 85, 84, 47, 46, 45, 44, 43, 42, 41, 80, 79, 1, 2, 3, 4, 5, 6, 7], [0, 102, 103, 104, 143, 144, 145, 185, 225, 265, 305, 345, 385, 425, 465, 466, 426, 386, 346, 306, 266, 226, 186, 187, 147, 146, 105, 106, 107, 108, 109, 110, 111, 113, 114, 154, 155, 156, 157, 117, 116, 115, 76, 75, 74, 73, 32], [0, 17, 12, 54, 55, 56, 57, 58, 98, 138, 137, 176, 175, 215, 216, 256, 296, 336, 335, 375, 415, 455, 456, 416, 376, 377, 417, 457, 458, 418, 378, 338, 298, 337, 297, 257, 258, 218, 217, 177, 178, 179, 139, 99, 59, 60, 61, 62, 63, 28, 29], [0, 23, 22, 21, 20, 19, 18, 16, 15, 14, 11, 40, 39, 38, 37, 36, 35, 34, 33, 31, 30, 71, 70, 69, 68, 67, 66, 65, 64, 24, 25, 26, 27]]

res = 14529.343
res_int = 14529
solution = [[0, 214, 254, 255, 295, 294, 334, 335, 375, 415, 455, 456, 416, 376, 336, 337, 297, 296, 256, 215, 216, 217, 257, 258, 298, 338, 378, 377, 417, 457, 458, 418, 339, 379, 419, 459, 460, 420, 380, 340, 300, 299, 259, 219, 218, 179, 178], [0, 93, 133, 173, 213, 253, 293, 333, 373, 374, 414, 454, 453, 413, 412, 452, 451, 411, 371, 372, 332, 292, 331, 291, 251, 252, 212, 172, 211, 210, 250, 290, 330, 370, 410, 450, 449, 409, 369, 329, 289, 249, 209, 169, 170, 171, 132, 131, 130, 129, 89, 90, 91, 92], [0, 85, 125, 205, 206, 246, 286, 326, 366, 406, 446, 445, 405, 365, 325, 285, 245, 244, 284, 324, 364, 404, 444, 443, 403, 363, 323, 283, 243, 282, 322, 362, 402, 442, 441, 401, 361, 321, 281, 242, 202, 203, 204, 164, 163, 162, 122, 123, 124, 84, 44], [0, 60, 61, 62, 103, 102, 142, 141, 180, 181, 182, 183, 223, 222, 221, 220, 260, 261, 301, 341, 381, 421, 461, 462, 422, 382, 342, 302, 262, 263, 303, 343, 383, 423, 463, 464, 424, 384, 344, 304, 264, 224, 184, 185, 145, 144, 143, 104, 64, 63, 24, 25, 26], [0, 23, 22, 21, 20, 19, 18, 57, 58, 59, 98, 99, 100, 101, 140, 139, 138, 137, 136, 177, 176, 175, 174, 134, 135, 94, 95, 96, 97, 56, 55, 54, 53, 52, 51, 11, 12, 13, 14, 15, 16, 17], [0, 1, 2, 3, 4, 5, 6, 7, 8, 9, 10, 88, 87, 86, 126, 165, 166, 167, 207, 247, 287, 327, 367, 407, 447, 448, 408, 368, 328, 288, 248, 208, 168, 128, 127], [0, 36, 35, 34, 33, 32, 31, 30, 29, 27], [0, 38, 39, 40, 79, 80, 41, 42, 43, 50, 49, 48, 47, 46, 45, 83, 82, 81, 160, 121, 161, 201, 241, 280, 320, 360, 400, 440, 480, 479, 439, 399, 359, 319, 279, 239, 240, 240, 200, 199, 198, 158, 159, 120, 119, 118, 78, 77, 37], [0, 71, 70, 69, 108, 107, 147, 187, 227, 228, 268, 308, 348, 309, 349, 389, 429, 469, 468, 428, 388, 467, 427, 387, 347, 307, 267, 266, 306, 346, 386, 426, 466, 465, 425, 385, 345, 305, 265, 225, 226, 186, 146, 106, 105, 65, 66, 67, 68, 28], [0, 76, 75, 115, 116, 156, 155, 154, 153, 152, 151, 150, 190, 191, 231, 232, 272, 312, 352, 392, 432, 472, 391, 431, 471, 470, 430, 390, 350, 310, 351, 311, 271, 270, 269, 229, 230, 189, 188, 148, 149, 109, 110, 111, 112, 113, 73, 74], [0, 117, 157, 197, 196, 195, 235, 275, 236, 276, 277, 237, 238, 278, 318, 358, 398, 438, 478, 477, 437, 397, 357, 317, 316, 356, 396, 436, 476, 475, 435, 395, 355, 315, 314, 354, 394, 434, 474, 473, 433, 393, 353, 313, 273, 274, 234, 233, 192, 193, 194, 114, 72]]

res = 14566.354
res_int = 14566
solution = [[0, 92, 132, 172, 212, 251, 252, 292, 291, 331, 371, 411, 451, 452, 412, 413, 453, 454, 414, 374, 373, 372, 332, 333, 293, 253, 213, 173, 133, 93, 53], [0, 27, 67, 107, 147, 146, 186, 187, 227, 228, 268, 308, 309, 349, 348, 388, 428, 468, 467, 427, 387, 347, 307, 267, 266, 306, 346, 386, 426, 466, 465, 425, 385, 345, 305, 265, 225, 226, 185, 145, 105, 106, 66, 65, 26, 25], [0, 9, 49, 89, 129, 169, 209, 249, 289, 329, 369, 409, 449, 450, 410, 370, 330, 290, 250, 210, 211, 171, 170, 130, 131, 90, 91, 52, 51, 50, 10, 11, 12], [0, 24, 64, 103, 104, 144, 143, 183, 184, 224, 264, 304, 344, 384, 424, 464, 463, 423, 383, 343, 303, 263, 223, 222, 182, 142, 102, 61, 62, 63, 23, 22, 21], [0, 17, 16, 15, 14, 13, 54, 94, 134, 174, 214, 254, 255, 215, 216, 256, 296, 295, 294, 334, 335, 375, 415, 455, 456, 416, 376, 336, 337, 297, 257, 217, 177, 176, 175, 135, 136, 137, 98, 97, 96, 95, 55, 56, 57, 58, 59, 19, 18], [0, 101, 141, 140, 139, 179, 180, 181, 221, 220, 260, 261, 262, 302, 342, 382, 422, 462, 461, 421, 460, 420, 379, 419, 459, 418, 458, 457, 417, 377, 378, 338, 298, 339, 340, 380, 381, 341, 301, 300, 299, 259, 219, 258, 218, 178, 138, 99, 100, 60, 20], [0, 8, 7, 6, 47, 48, 88, 128, 168, 208, 248, 288, 328, 368, 408, 448, 447, 407, 367, 446, 406, 366, 326, 327, 287, 286, 246, 247, 207, 167, 127, 126, 86, 87, 46, 45, 44, 5, 4, 3, 2], [0, 34, 74, 73, 72, 113, 153, 154, 195, 194, 193, 233, 234, 274, 273, 313, 353, 393, 433, 473, 474, 434, 394, 354, 314, 315, 355, 395, 435, 475, 476, 436, 396, 356, 316, 276, 275, 235, 236, 196, 156, 155, 114, 115, 116, 76, 75, 36, 35], [0, 33, 71, 70, 111, 112, 152, 151, 191, 192, 232, 272, 312, 352, 311, 351, 391, 392, 432, 472, 471, 431, 430, 470, 469, 429, 389, 390, 350, 310, 270, 269, 229, 230, 271, 231, 190, 189, 188, 148, 149, 150, 110, 109, 108, 68, 69, 28, 29, 30, 31, 32], [0, 37, 77, 78, 118, 117, 157, 197, 237, 277, 317, 357, 397, 437, 477, 478, 438, 398, 358, 318, 278, 238, 279, 319, 359, 399, 439, 479, 480, 440, 400, 360, 320, 280, 239, 200, 160, 159, 199, 198, 158, 119, 120, 81, 41, 42, 43, 1, 40, 39, 38], [0, 83, 84, 85, 125, 124, 123, 122, 162, 163, 164, 165, 166, 206, 205, 204, 203, 202, 242, 243, 244, 245, 285, 325, 365, 405, 445, 444, 404, 364, 324, 284, 323, 283, 282, 322, 362, 402, 363, 403, 443, 442, 441, 401, 361, 321, 281, 241, 201, 240, 161, 121, 82, 80, 79]]

res = 14581.314
res_int = 14583
solution = [[0, 9, 49, 90, 91, 92, 132, 131, 130, 170, 171, 211, 210, 250, 209, 249, 289, 329, 369, 409, 449, 450, 410, 370, 330, 290, 291, 331, 371, 411, 451, 452, 412, 453, 413, 373, 372, 332, 292, 333, 293, 253, 213, 252, 251, 212, 172, 173, 133, 93, 53], [0, 6, 7, 8, 10, 11, 12, 13, 52, 51, 50, 48, 47, 88, 89, 128, 129, 169, 168, 208, 248, 288, 328, 368, 408, 448, 407, 447, 446, 406, 366, 326, 367, 327, 287, 286, 246, 247, 207, 167, 127, 126, 86, 87, 46, 45, 5], [0, 3, 43, 83, 82, 122, 123, 163, 162, 202, 242, 282, 322, 323, 283, 284, 324, 364, 404, 444, 445, 405, 365, 325, 285, 245, 244, 243, 203, 204, 205, 206, 166, 165, 164, 124, 125, 85, 84, 44, 4], [0, 31, 32, 72, 112, 111, 151, 152, 192, 191, 231, 232, 272, 312, 352, 392, 432, 472, 471, 431, 430, 470, 469, 429, 389, 349, 350, 390, 391, 351, 311, 271, 310, 270, 230, 229, 190, 189, 188, 148, 107, 108, 70, 71, 30, 29, 28, 27], [0, 39, 80, 120, 119, 159, 199, 239, 279, 319, 359, 399, 439, 479, 440, 480, 441, 401, 402, 442, 443, 403, 363, 362, 361, 400, 360, 320, 321, 281, 241, 201, 280, 240, 200, 161, 121, 160, 81, 41, 42, 2, 1, 40], [0, 26, 25, 65, 66, 67, 106, 105, 145, 185, 226, 225, 265, 305, 345, 385, 425, 465, 466, 426, 386, 346, 306, 266, 267, 307, 347, 387, 427, 467, 468, 428, 388, 348, 308, 309, 269, 268, 228, 227, 187, 186, 146, 147, 149, 150, 110, 109, 68, 69], [0, 21, 20, 60, 61, 101, 102, 103, 142, 141, 182, 222, 262, 302, 342, 382, 421, 461, 462, 422, 423, 463, 464, 424, 384, 383, 343, 303, 344, 304, 264, 263, 223, 224, 184, 183, 143, 144, 104, 64, 63, 62, 22, 23, 24], [0, 36, 35, 75, 74, 114, 115, 116, 155, 195, 235, 236, 276, 316, 356, 396, 436, 476, 475, 435, 395, 355, 315, 275, 274, 314, 354, 394, 434, 474, 473, 433, 393, 353, 313, 273, 233, 234, 194, 193, 153, 154, 113, 73, 33, 34], [0, 37, 76, 77, 117, 157, 156, 196, 197, 237, 277, 317, 357, 397, 437, 477, 478, 438, 398, 358, 318, 278, 238, 198, 158, 118, 78, 79, 38], [0, 19, 18, 57, 56, 55, 95, 96, 97, 137, 136, 135, 175, 176, 177, 217, 216, 215, 255, 256, 257, 297, 296, 336, 376, 416, 456, 455, 415, 375, 454, 414, 374, 334, 335, 295, 294, 254, 214, 174, 134, 94, 54], [0, 59, 99, 100, 140, 139, 179, 180, 181, 221, 220, 219, 259, 260, 261, 301, 341, 381, 340, 300, 299, 339, 379, 380, 420, 460, 459, 419, 418, 458, 457, 417, 377, 337, 378, 338, 298, 258, 218, 178, 138, 98, 58, 17, 16, 15, 14]]

res = 14766.004
res_int = 14762
solution = [[0, 94, 95, 96, 97, 137, 136, 176, 175, 135, 134, 174, 214, 213, 253, 293, 254, 255, 295, 294, 334, 374, 414, 454, 453, 413, 373, 333, 332, 372, 412, 452, 451, 411, 371, 331, 291, 251, 292, 252, 212, 172, 173, 133, 93, 92, 51, 50, 49, 8, 9, 10], [0, 124, 164, 204, 203, 202, 242, 243, 283, 323, 363, 403, 443, 444, 404, 364, 324, 284, 244, 245, 285, 325, 365, 405, 445, 446, 406, 366, 326, 286, 287, 327, 367, 407, 447, 448, 408, 368, 328, 288, 248, 247, 246, 206, 205, 165, 166, 125, 126, 87], [0, 4, 3, 2, 1, 40, 39, 79, 80, 41, 42, 43, 44, 83, 84, 85, 86, 127, 167, 207, 208, 209, 249, 289, 329, 369, 409, 449, 450, 410, 370, 330, 290, 250, 210, 211, 171, 170, 169, 168, 128, 88, 48, 47, 46, 45, 5, 6, 7], [0, 76, 75, 74, 73, 72, 110, 149, 189, 230, 229, 269, 309, 308, 348, 349, 350, 390, 391, 351, 311, 310, 270, 271, 231, 232, 272, 312, 352, 392, 432, 472, 471, 431, 430, 470, 469, 429, 389, 388, 428, 468, 467, 427, 387, 347, 307, 267, 268, 228, 227, 188, 148], [0, 60, 100, 140, 141, 181, 180, 220, 260, 300, 340, 380, 420, 460, 459, 419, 379, 339, 299, 259, 219, 218, 258, 298, 338, 378, 418, 458, 457, 417, 377, 337, 336, 376, 416, 456, 455, 415, 375, 335, 215, 216, 256, 296, 297, 257, 217, 177, 178, 179, 139, 99, 59], [0, 38, 78, 119, 120, 81, 82, 123, 163, 162, 122, 121, 160, 159, 199, 198, 197, 158, 118, 77, 37, 36, 35, 34, 33, 32, 31, 30, 29, 28, 27, 26, 25, 23, 22, 21, 20, 19, 18, 17, 16, 15, 14], [0, 161, 200, 240, 201, 241, 282, 281, 321, 322, 362, 402, 442, 441, 401, 361, 440, 480, 479, 439, 399, 400, 360, 320, 280, 239, 279, 319, 359, 318, 278, 238, 237, 277, 317, 316, 315, 355, 395, 435, 475, 476, 436, 396, 356, 357, 397, 437, 477, 478, 438, 398, 358], [0, 67, 107, 108, 109, 111, 112, 113, 114, 153, 152, 151, 150, 190, 191, 192, 233, 273, 313, 353, 393, 433, 473, 474, 434, 394, 354, 314, 274, 234, 235, 275, 276, 236, 196, 195, 194, 193, 154, 155, 156, 157, 117, 116, 115], [0, 24, 64, 65, 66, 105, 144, 143, 183, 184, 224, 264, 304, 344, 384, 424, 464, 463, 423, 383, 343, 303, 263, 223, 222, 262, 302, 342, 382, 422, 462, 461, 421, 381, 341, 301, 261, 221, 182, 142, 101, 62, 63], [0, 71, 70, 69, 68, 106, 146, 147, 187, 186, 226, 266, 306, 346, 386, 426, 466, 465, 425, 385, 345, 305, 265, 225, 185, 145, 104, 103, 102, 61, 13, 12, 11, 90, 89, 129, 130, 131, 132, 91, 52, 53, 54, 55, 56, 57, 58, 98, 138]]

res = 14796.808
res_int = 14798
solution = [[0, 9, 49, 90, 91, 92, 132, 131, 130, 129, 170, 171, 211, 210, 169, 209, 250, 249, 289, 329, 369, 409, 449, 450, 410, 370, 330, 290, 291, 331, 371, 411, 451, 452, 412, 453, 413, 373, 372, 332, 292, 333, 293, 253, 213, 252, 251, 212, 172, 173, 133, 93, 53], [0, 20, 21, 61, 100, 101, 102, 103, 142, 182, 222, 262, 302, 342, 382, 421, 461, 462, 422, 423, 463, 464, 424, 384, 383, 343, 303, 344, 304, 264, 263, 223, 224, 184, 183, 143, 144, 104, 64, 63, 62, 22, 23, 24], [0, 6, 7, 8, 10, 11, 12, 52, 51, 50, 48, 47, 88, 89, 128, 168, 208, 248, 288, 328, 368, 408, 448, 447, 446, 406, 366, 407, 367, 327, 287, 326, 286, 246, 247, 207, 167, 127, 126, 86, 87, 46, 45, 5], [0, 3, 43, 83, 82, 122, 123, 163, 162, 202, 242, 282, 322, 323, 283, 284, 324, 364, 404, 444, 445, 405, 365, 325, 285, 245, 244, 243, 203, 204, 205, 206, 166, 165, 164, 124, 125, 85, 84, 44, 4], [0, 28, 29, 30, 31, 32, 73, 112, 111, 151, 152, 153, 192, 191, 231, 271, 272, 312, 352, 392, 432, 472, 471, 431, 430, 470, 469, 429, 389, 349, 350, 390, 391, 351, 311, 310, 270, 269, 229, 230, 190, 189, 148, 107, 67, 27], [0, 26, 25, 65, 66, 106, 105, 145, 185, 226, 225, 265, 305, 345, 385, 425, 465, 466, 426, 386, 346, 306, 266, 267, 307, 347, 387, 427, 467, 468, 428, 388, 348, 308, 309, 268, 228, 227, 187, 186, 146, 147, 188, 149, 150, 110, 109, 108, 68, 69, 70], [0, 15, 16, 17, 58, 59, 60, 141, 140, 139, 179, 180, 181, 221, 220, 219, 259, 260, 261, 301, 341, 381, 380, 340, 300, 299, 339, 379, 420, 460, 459, 419, 418, 458, 457, 417, 377, 337, 378, 338, 298, 258, 218, 178, 138, 99, 98, 97, 55, 14, 13], [0, 19, 18, 57, 56, 96, 137, 136, 135, 175, 176, 177, 217, 216, 215, 255, 256, 257, 297, 296, 336, 376, 416, 456, 455, 415, 375, 454, 414, 374, 334, 335, 295, 294, 254, 214, 174, 134, 94, 95, 54], [0, 1, 40, 80, 120, 119, 159, 199, 239, 279, 319, 359, 399, 439, 479, 440, 480, 441, 401, 402, 442, 443, 403, 363, 362, 361, 400, 360, 320, 321, 281, 241, 201, 280, 240, 200, 161, 121, 160, 81, 41, 42, 2], [0, 39, 79, 78, 118, 158, 198, 238, 237, 277, 278, 318, 358, 398, 438, 478, 477, 437, 476, 436, 396, 356, 397, 357, 317, 316, 276, 315, 275, 235, 236, 196, 197, 157, 117, 77, 38], [0, 37, 36, 35, 76, 75, 74, 114, 115, 116, 156, 155, 195, 234, 274, 314, 354, 355, 395, 435, 475, 394, 434, 474, 473, 433, 393, 353, 313, 273, 233, 232, 193, 194, 154, 113, 72, 71, 33, 34]]

res = 14797.146
res_int = 14798
solution = [[0, 121, 160, 200, 161, 201, 240, 240, 239, 279, 319, 320, 280, 241, 281, 282, 322, 362, 402, 442, 441, 401, 361, 321, 360, 400, 440, 480, 479, 439, 399, 359, 358, 398, 438, 478, 477, 437, 397, 357, 356, 316, 317, 318, 278, 238, 237, 197, 198, 199, 159, 158, 157, 117], [0, 39, 40, 41, 80, 79, 118, 119, 120, 81, 82, 122, 123, 124, 163, 162, 202, 242, 203, 243, 283, 323, 363, 403, 443, 444, 404, 364, 324, 284, 244, 245, 204, 164, 165, 125, 126, 85, 84, 83, 42, 43, 44, 45, 46, 47, 48, 49, 50], [0, 74, 114, 113, 153, 152, 192, 193, 194, 233, 234, 274, 273, 313, 353, 393, 433, 473, 474, 475, 476, 436, 396, 395, 435, 434, 394, 354, 314, 355, 315, 275, 276, 277, 236, 235, 196, 195, 154, 155, 156, 116, 115, 75, 76, 77, 78, 38], [0, 10, 9, 8, 88, 128, 169, 168, 167, 207, 208, 248, 288, 328, 368, 408, 448, 447, 407, 367, 327, 287, 247, 246, 286, 326, 366, 406, 446, 445, 405, 365, 325, 285, 205, 206, 166, 127, 87, 86, 7, 6, 5, 4, 1, 2, 3], [0, 17, 57, 58, 59, 99, 98, 137, 138, 139, 180, 219, 259, 300, 260, 220, 221, 261, 301, 302, 262, 222, 223, 183, 182, 181, 140, 141, 142, 143, 103, 102, 101, 100, 60, 61, 62, 63, 23, 22, 21, 20, 19, 18], [0, 263, 303, 343, 342, 341, 381, 380, 340, 379, 339, 299, 258, 298, 338, 378, 377, 417, 457, 458, 418, 419, 459, 460, 420, 421, 461, 462, 422, 382, 383, 423, 463, 464, 424, 425, 465, 466, 426, 386, 346, 345, 385, 384, 344, 304, 264, 224, 184, 144], [0, 73, 72, 112, 151, 191, 231, 230, 270, 310, 350, 391, 351, 311, 271, 232, 272, 312, 352, 392, 432, 472, 431, 471, 470, 430, 390, 349, 389, 429, 469, 468, 428, 467, 427, 387, 347, 388, 348, 308, 309, 269, 268, 228, 229, 190, 150, 111, 71, 31], [0, 37, 36, 35, 34, 33, 32, 30, 29, 28, 27, 26, 25, 24, 64, 65, 66, 67, 68, 69, 108, 107, 106, 105, 104, 145, 146, 185, 186, 226, 225, 265, 305, 306, 266, 307, 267, 227, 187, 147, 148, 188, 189, 149, 109, 110, 70], [0, 16, 15, 14, 53, 91, 90, 89, 129, 130, 131, 171, 170, 210, 211, 251, 291, 290, 250, 209, 249, 289, 329, 369, 409, 449, 450, 410, 370, 330, 331, 371, 411, 451, 452, 412, 413, 453, 454, 414, 374, 333, 373, 372, 332, 292, 252, 212, 172, 132, 92], [0, 13, 54, 55, 56, 97, 96, 95, 94, 134, 135, 136, 175, 176, 177, 178, 179, 218, 217, 257, 256, 216, 215, 255, 295, 296, 297, 337, 336, 376, 416, 456, 455, 415, 375, 335, 334, 294, 293, 253, 254, 214, 213, 173, 174, 133, 93, 52, 51, 11, 12]]

res = 14807.858
res_int = 14807
solution = [[0, 34, 74, 73, 113, 152, 153, 154, 195, 194, 193, 233, 234, 274, 273, 313, 353, 393, 433, 473, 474, 434, 394, 354, 314, 315, 355, 395, 435, 475, 476, 436, 396, 356, 316, 276, 275, 235, 236, 196, 156, 155, 114, 115, 116, 76, 75, 36, 35], [0, 20, 60, 100, 99, 138, 139, 140, 101, 141, 181, 180, 179, 178, 218, 258, 219, 259, 299, 339, 298, 338, 377, 417, 457, 458, 418, 378, 379, 419, 459, 460, 420, 380, 340, 300, 301, 261, 260, 220, 221, 262, 302, 342, 382, 422, 462, 461, 421, 381, 341], [0, 6, 7, 47, 48, 88, 128, 168, 208, 209, 249, 289, 329, 369, 409, 449, 450, 410, 370, 330, 331, 291, 290, 250, 210, 211, 251, 252, 292, 332, 372, 371, 411, 451, 452, 412, 413, 453, 454, 414, 374, 373, 333, 293, 253, 213, 212, 171, 170, 169, 129, 89, 49, 9, 8], [0, 59, 58, 57, 56, 55, 53, 91, 90, 130, 131, 132, 172, 173, 174, 134, 133, 92, 93, 135, 95, 96, 97, 98, 137, 136, 175, 176, 177, 217, 257, 297, 337, 336, 376, 416, 456, 455, 415, 375, 335, 334, 294, 254, 214, 215, 216, 256, 296, 295, 255], [0, 38, 39, 40, 1, 2, 3, 4, 5, 44, 45, 46, 87, 86, 85, 84, 83, 124, 123, 122, 162, 202, 242, 243, 244, 284, 285, 245, 206, 205, 204, 203, 163, 164, 165, 166, 127, 126, 125], [0, 17, 16, 15, 14, 13, 12, 11, 10, 50, 51, 52, 54, 94], [0, 37, 77, 78, 79, 118, 117, 157, 197, 237, 277, 317, 357, 397, 437, 477, 478, 438, 398, 358, 318, 278, 238, 279, 319, 359, 399, 439, 479, 480, 440, 400, 360, 320, 280, 240, 239, 199, 198, 158, 159, 119, 120, 81, 82, 43, 42, 41, 80], [0, 121, 160, 200, 161, 201, 241, 281, 321, 361, 401, 441, 442, 402, 362, 322, 282, 283, 323, 363, 403, 443, 444, 404, 364, 324, 325, 365, 405, 445, 446, 406, 366, 326, 286, 246, 247, 287, 327, 367, 407, 447, 448, 408, 368, 328, 288, 248, 207, 167], [0, 32, 31, 30, 70, 69, 109, 110, 150, 149, 148, 188, 189, 190, 231, 271, 230, 229, 269, 270, 310, 350, 390, 389, 429, 469, 470, 430, 431, 471, 472, 432, 392, 391, 351, 311, 352, 312, 272, 232, 192, 191, 151, 111, 112, 72, 71, 33], [0, 29, 28, 27, 67, 68, 108, 107, 147, 146, 186, 187, 227, 228, 268, 308, 309, 349, 348, 388, 428, 468, 467, 427, 387, 347, 307, 267, 266, 306, 346, 386, 426, 466, 465, 425, 385, 345, 305, 265, 225, 226, 185, 145, 104, 64, 24], [0, 18, 19, 21, 22, 23, 63, 62, 61, 102, 103, 143, 142, 182, 222, 263, 303, 343, 383, 423, 463, 464, 424, 384, 344, 304, 264, 224, 223, 183, 184, 144, 105, 106, 66, 65, 26, 25]]

res = 14843.901
res_int = 14847
solution = [[0, 163, 162, 161, 201, 242, 202, 203, 204, 245, 285, 325, 365, 405, 445, 444, 404, 364, 363, 323, 324, 284, 244, 243, 283, 282, 322, 362, 402, 403, 443, 442, 441, 401, 361, 321, 281, 241, 280, 320, 360, 400, 440, 480, 479, 439, 399, 359, 319, 279, 239, 240, 200, 160, 121], [0, 194, 193, 233, 234, 274, 273, 313, 353, 393, 433, 473, 474, 434, 394, 354, 314, 315, 355, 395, 435, 475, 476, 436, 396, 356, 316, 276, 275, 235, 236, 195, 196, 197, 237, 277, 317, 357, 397, 437, 477, 478, 438, 398, 358, 318, 278, 238, 199, 198, 157], [0, 89, 169, 170, 171, 211, 210, 250, 290, 330, 370, 410, 450, 449, 409, 369, 329, 289, 249, 209, 248, 208, 207, 247, 287, 327, 288, 328, 368, 408, 448, 447, 407, 367, 446, 406, 366, 326, 286, 246, 206, 205, 164, 165, 166, 167, 168, 128, 88], [0, 182, 222, 262, 302, 342, 382, 422, 462, 461, 421, 420, 460, 459, 419, 379, 339, 299, 300, 340, 380, 381, 341, 301, 261, 260, 259, 219, 180, 179, 218, 258, 298, 338, 378, 418, 458, 457, 417, 377, 337, 297, 257, 217, 177, 176, 175, 135, 136, 137, 97], [0, 93, 92, 132, 133, 173, 172, 212, 213, 253, 293, 294, 334, 333, 332, 292, 252, 251, 291, 331, 371, 411, 451, 452, 412, 372, 373, 413, 453, 454, 414, 374, 375, 415, 455, 456, 416, 376, 336, 335, 295, 295, 296, 256, 216, 215, 255, 254, 214, 174, 134, 95, 96], [0, 24, 23, 22, 21, 20, 19, 18, 17, 16, 15, 14, 13, 12, 11, 10, 54, 55, 94, 53, 52, 51, 50, 90, 91, 131, 130, 129, 127, 126, 125, 124, 123, 122, 82, 83, 84, 85, 44, 45, 46, 47, 86, 87, 48, 49, 9], [0, 62, 61, 60, 59, 58, 57, 56, 98, 99, 100, 101, 102, 142, 141, 140, 139, 138, 178, 220, 221, 181, 223, 263, 303, 343, 383, 423, 463, 464, 424, 384, 344, 304, 264, 224, 184, 183, 143, 144, 104, 103, 63, 64, 65, 28, 29, 30, 31, 32], [0, 33, 34, 35, 36, 37, 38, 39, 40, 1, 2, 3, 4, 5, 6, 7, 8, 43, 42, 81, 41, 80, 79, 78, 119, 120, 159, 158, 118, 117, 77, 70, 71, 72, 73, 74, 75, 76], [0, 68, 107, 148, 149, 150, 189, 230, 270, 310, 350, 390, 308, 267, 266, 306, 307, 348, 388, 428, 468, 467, 427, 387, 347, 346, 386, 426, 466, 465, 425, 385, 345, 305, 265, 225, 226, 227, 187, 186, 185, 145, 146, 105], [0, 25, 26, 67, 66, 106, 147, 188, 229, 228, 268, 269, 309, 349, 389, 429, 469, 470, 430, 391, 431, 471, 472, 432, 392, 352, 312, 351, 311, 271, 272, 232, 231, 190, 191, 192, 151, 152, 153, 154, 155, 156, 116, 115, 114, 113, 112, 111, 110, 109, 108, 69, 27]]

res = 14856.35
res_int = 14854
solution = [[0, 93, 133, 173, 174, 214, 213, 253, 292, 332, 372, 371, 411, 451, 452, 412, 413, 453, 454, 414, 374, 334, 373, 333, 293, 294, 254, 255, 295, 335, 375, 415, 455, 456, 416, 376, 336, 337, 297, 296, 256, 215, 216, 217, 177, 139, 138, 137, 136, 176, 175, 134, 135], [0, 19, 20, 21, 22, 62, 61, 60, 100, 101, 102, 103, 142, 141, 140, 180, 179, 219, 259, 299, 300, 340, 380, 420, 460, 459, 419, 379, 339, 418, 458, 457, 417, 377, 378, 338, 298, 258, 257, 218, 178, 98, 99, 59, 58, 57, 18], [0, 11, 51, 89, 90, 91, 92, 131, 130, 129, 169, 170, 210, 250, 209, 249, 289, 329, 369, 409, 449, 450, 410, 370, 330, 290, 331, 291, 251, 252, 212, 211, 171, 172, 132, 94, 95, 96, 97, 56, 55, 54, 53, 52, 12, 13, 14, 15, 16, 17], [0, 34, 33, 32, 31, 30, 29, 27, 64, 104, 144, 145, 185, 184, 183, 223, 224, 264, 304, 344, 384, 424, 464, 463, 423, 383, 343, 303, 263, 262, 302, 342, 382, 422, 462, 461, 421, 381, 341, 301, 261, 260, 220, 221, 222, 181, 182, 143, 63, 23, 24, 25, 26], [0, 85, 165, 205, 245, 285, 325, 365, 364, 324, 323, 283, 284, 244, 243, 282, 322, 321, 361, 401, 441, 442, 402, 362, 363, 403, 443, 444, 404, 405, 445, 446, 406, 366, 326, 286, 246, 206, 166], [0, 9, 8, 7, 6, 5, 4, 3, 2, 40, 39, 38, 79, 80, 41, 42, 43, 45, 46, 47, 87, 86, 125, 126, 127, 167, 207, 247, 287, 327, 367, 407, 447, 448, 408, 368, 328, 288, 248, 208, 168, 128, 88, 48, 49, 50, 10], [0, 238, 278, 317, 277, 276, 316, 355, 395, 394, 354, 314, 273, 313, 353, 393, 433, 473, 474, 434, 435, 475, 476, 436, 396, 356, 357, 397, 437, 477, 478, 438, 398, 358, 318, 279, 319, 359, 399, 439, 479, 480, 440, 400, 360, 320, 281, 241, 201, 161, 122, 83, 1], [0, 44, 84, 124, 123, 82, 81, 120, 119, 118, 158, 159, 160, 121, 162, 163, 164, 204, 203, 202, 242, 280, 240, 240, 239, 200, 199, 198, 197, 237, 236, 196, 195, 235, 275, 315, 274, 234, 233, 194, 193, 192, 152, 72, 73, 74, 77, 78, 37], [0, 65, 105, 106, 107, 146, 186, 225, 226, 267, 307, 306, 266, 265, 305, 345, 385, 425, 465, 466, 426, 386, 346, 347, 387, 427, 467, 388, 428, 468, 469, 429, 389, 349, 309, 348, 308, 268, 228, 227, 187, 147, 108, 109, 110, 70, 69, 68, 67, 66, 28], [0, 71, 111, 151, 150, 149, 148, 188, 189, 229, 269, 270, 310, 350, 390, 430, 470, 471, 431, 472, 432, 392, 352, 391, 351, 311, 271, 312, 272, 232, 231, 230, 190, 191, 153, 154, 155, 156, 157, 117, 116, 115, 114, 113, 112, 75, 76, 36, 35]]

Mean = 14696.530650566783
Execution = 6148.503686904907

Instance : Golden_05.xml
Time = 261.48879075050354

res = 6509.344
res_int = 6510
solution = [[0, 3, 4, 5, 25, 24, 44, 64, 84, 104, 124, 144, 164, 184, 183, 163, 143, 123, 103, 83, 63, 62, 82, 102, 122, 142, 162, 182, 181, 161, 141, 121, 101, 81, 61, 41, 42, 43, 23, 22, 2, 1], [0, 8, 28, 48, 68, 88, 108, 128, 148, 168, 188, 187, 167, 147, 127, 107, 87, 67, 66, 86, 106, 126, 146, 166, 186, 185, 165, 145, 125, 105, 85, 65, 45, 46, 47, 27, 26, 6, 7], [0, 9, 29, 30, 31, 51, 50, 49, 69, 89, 109, 129, 149, 169, 189, 190, 170, 150, 130, 110, 90, 70, 71, 91, 111, 131, 151, 171, 191, 192, 172, 152, 132, 112, 92, 72, 52, 53, 33, 32, 11, 10], [0, 15, 16, 36, 35, 55, 56, 76, 96, 116, 136, 156, 176, 196, 195, 175, 155, 135, 115, 95, 75, 74, 94, 114, 134, 154, 174, 194, 193, 173, 153, 133, 113, 93, 73, 54, 34, 14, 13, 12], [0, 19, 18, 17, 37, 38, 39, 59, 58, 57, 77, 97, 117, 137, 157, 177, 197, 198, 178, 158, 138, 118, 98, 78, 79, 99, 119, 139, 159, 179, 199, 200, 180, 160, 140, 120, 100, 80, 60, 40, 21, 20]]

res = 6539.796
res_int = 6541
solution = [[0, 10, 9, 29, 30, 50, 49, 69, 89, 109, 129, 149, 169, 189, 190, 170, 150, 130, 110, 90, 70, 71, 91, 111, 131, 151, 171, 191, 192, 172, 152, 132, 112, 92, 72, 52, 51, 31, 32, 11, 12], [0, 4, 25, 26, 46, 45, 65, 85, 105, 125, 145, 165, 185, 186, 166, 146, 126, 106, 86, 66, 67, 87, 107, 127, 147, 167, 187, 188, 168, 148, 128, 108, 88, 68, 48, 47, 27, 28, 8, 7, 6, 5], [0, 15, 16, 36, 35, 55, 56, 76, 96, 116, 136, 156, 176, 196, 195, 175, 155, 135, 115, 95, 75, 74, 94, 114, 134, 154, 174, 194, 193, 173, 153, 133, 113, 93, 73, 53, 54, 34, 33, 14, 13], [0, 20, 39, 38, 58, 59, 80, 100, 120, 140, 160, 180, 200, 199, 179, 159, 139, 119, 99, 79, 78, 98, 118, 138, 158, 178, 198, 197, 177, 157, 137, 117, 97, 77, 57, 37, 17], [0, 3, 2, 1, 21, 22, 23, 24, 43, 44, 64, 84, 104, 124, 144, 164, 184, 183, 163, 143, 123, 103, 83, 63, 62, 82, 102, 122, 142, 162, 182, 181, 161, 141, 121, 101, 81, 61, 42, 41, 60, 40, 19, 18]]

res = 6594.342
res_int = 6594
solution = [[0, 3, 4, 24, 23, 43, 63, 83, 103, 123, 143, 163, 183, 184, 164, 144, 124, 104, 84, 64, 44, 65, 85, 105, 125, 145, 165, 185, 186, 166, 146, 126, 106, 86, 66, 46, 45, 25, 26, 6, 5], [0, 7, 27, 47, 67, 87, 107, 127, 147, 167, 187, 188, 168, 148, 128, 108, 88, 68, 48, 28, 8], [0, 15, 16, 36, 35, 55, 56, 76, 96, 116, 136, 156, 176, 196, 195, 175, 155, 135, 115, 95, 75, 74, 94, 114, 134, 154, 174, 194, 193, 173, 153, 133, 113, 93, 73, 53, 54, 34, 33, 14, 13, 12, 11], [0, 10, 30, 31, 32, 52, 72, 92, 112, 132, 152, 172, 192, 191, 171, 151, 131, 111, 91, 71, 51, 50, 70, 90, 110, 130, 150, 170, 190, 189, 169, 149, 129, 109, 89, 69, 49, 29, 9], [0, 2, 22, 42, 62, 82, 102, 122, 142, 162, 182, 181, 161, 141, 121, 101, 81, 61, 41, 21], [0, 19, 18, 17, 37, 38, 39, 59, 58, 57, 77, 97, 117, 137, 157, 177, 197, 198, 178, 158, 138, 118, 98, 78, 79, 99, 119, 139, 159, 179, 199, 200, 180, 160, 140, 120, 100, 80, 60, 40, 20, 1]]

res = 6633.857
res_int = 6634
solution = [[0, 18, 19, 20, 1, 2, 3, 23, 22, 21, 40, 60, 41, 61, 81, 101, 121, 141, 161, 181, 182, 162, 142, 122, 102, 82, 62, 42, 63, 83, 103, 123, 143, 163, 183, 184, 164, 144, 124, 104, 84, 64, 44, 43, 24], [0, 14, 13, 33, 34, 54, 53, 73, 93, 113, 133, 153, 173, 193, 194, 174, 154, 134, 114, 94, 74, 75, 95, 115, 135, 155, 175, 195, 196, 176, 156, 136, 116, 96, 76, 56, 55, 35, 36, 16, 15], [0, 17, 37, 38, 39, 59, 58, 78, 57, 77, 97, 117, 137, 157, 177, 197, 198, 178, 158, 138, 118, 98, 79, 99, 119, 139, 159, 179, 199, 200, 180, 160, 140, 120, 100, 80], [0, 5, 6, 26, 46, 47, 48, 68, 88, 108, 128, 148, 168, 188, 187, 167, 147, 127, 107, 87, 67, 66, 86, 106, 126, 146, 166, 186, 185, 165, 145, 125, 105, 85, 65, 45, 25, 4], [0, 8, 9, 10, 11, 12, 32, 31, 51, 52, 72, 92, 112, 132, 152, 172, 192, 191, 171, 151, 131, 111, 91, 71, 90, 110, 130, 150, 170, 190, 189, 169, 149, 129, 109, 89, 69, 70, 50, 49, 30, 29, 28, 27, 7]]

res = 6648.702
res_int = 6648
solution = [[0, 16, 36, 56, 76, 96, 116, 136, 156, 176, 196, 195, 175, 155, 135, 115, 95, 75, 55, 35, 15], [0, 19, 18, 17, 37, 38, 39, 59, 58, 57, 77, 97, 117, 137, 157, 177, 197, 198, 178, 158, 138, 118, 98, 78, 79, 99, 119, 139, 159, 179, 199, 200, 180, 160, 140, 120, 100, 80, 60, 40, 21, 1, 20], [0, 7, 6, 26, 25, 24, 44, 64, 84, 104, 124, 144, 164, 184, 183, 163, 143, 123, 103, 83, 63, 62, 82, 102, 122, 142, 162, 182, 181, 161, 141, 121, 101, 81, 61, 41, 42, 43, 23, 22, 2, 3, 4, 5], [0, 27, 47, 46, 45, 65, 85, 105, 125, 145, 165, 185, 186, 166, 146, 126, 106, 86, 66, 67, 87, 107, 127, 147, 167, 187, 188, 168, 148, 128, 108, 88, 68], [0, 10, 11, 12, 13, 14, 34, 54, 74, 94, 114, 134, 154, 174, 194, 193, 173, 153, 133, 113, 93, 73, 53, 52, 72, 92, 112, 132, 152, 172, 192, 191, 171, 151, 131, 111, 91, 71, 51, 31, 32, 33], [0, 9, 29, 30, 50, 70, 90, 110, 130, 150, 170, 190, 189, 169, 149, 129, 109, 89, 69, 49, 48, 28, 8]]

res = 6673.589
res_int = 6673
solution = [[0, 22, 43, 63, 83, 103, 123, 143, 163, 183, 184, 164, 144, 124, 104, 84, 64, 44, 23], [0, 7, 6, 5, 4, 24, 25, 45, 65, 85, 105, 125, 145, 165, 185, 186, 166, 146, 126, 106, 86, 66, 46, 26, 27, 47, 67, 87, 107, 127, 147, 167, 187, 188, 168, 148, 128, 108, 88, 68, 48, 28, 9, 8], [0, 10, 11, 31, 30, 29, 49, 69, 89, 109, 129, 149, 169, 189, 190, 170, 150, 130, 110, 90, 70, 50, 51, 52, 32, 12], [0, 14, 34, 54, 74, 94, 114, 134, 154, 174, 194, 193, 173, 153, 133, 113, 112, 132, 152, 172, 192, 191, 171, 151, 131, 111, 91, 71, 72, 92, 93, 73, 53, 33, 13], [0, 39, 59, 79, 99, 119, 139, 159, 179, 199, 200, 180, 160, 140, 120, 100, 80, 61, 81, 101, 121, 141, 161, 181, 182, 162, 142, 122, 102, 82, 62, 42, 41, 60, 40, 21, 20, 1, 2, 3], [0, 19, 18, 17, 37, 38, 58, 78, 98, 118, 138, 158, 178, 198, 197, 177, 157, 137, 117, 97, 77, 57, 56, 76, 96, 116, 136, 156, 176, 196, 195, 175, 155, 135, 115, 95, 75, 55, 35, 36, 16, 15]]

res = 6715.067
res_int = 6716
solution = [[0, 2, 3, 4, 24, 23, 22, 42, 43, 44, 64, 84, 104, 124, 144, 164, 184, 183, 163, 143, 123, 103, 83, 63, 62, 82, 102, 122, 142, 162, 182, 181, 161, 141, 121, 101, 81, 61, 41, 60, 40, 21, 1, 20], [0, 11, 10, 9, 8, 28, 48, 68, 89, 109, 129, 149, 169, 189, 190, 170, 150, 130, 110, 90, 70, 69, 49, 50, 29, 30, 31, 51, 71, 91, 111, 131, 151, 171, 191, 192, 172, 152, 132, 112, 92, 72, 52, 32, 12], [0, 6, 5, 25, 26, 46, 45, 65, 85, 105, 125, 145, 165, 185, 186, 166, 146, 126, 106, 86, 66, 87, 107, 127, 147, 167, 187, 188, 168, 148, 128, 108, 88, 67, 47, 27, 7], [0, 17, 16, 15, 35, 36, 37, 57, 77, 97, 98, 118, 138, 158, 178, 198, 197, 177, 157, 137, 117, 116, 136, 156, 176, 196, 195, 175, 155, 135, 115, 95, 96, 76, 75, 54, 34, 14], [0, 18, 19, 39, 38, 58, 59, 80, 100, 120, 140, 160, 180, 200, 199, 179, 159, 139, 119, 99, 79, 78, 56, 55, 74, 94, 114, 134, 154, 174, 194, 193, 173, 153, 133, 113, 93, 73, 53, 33, 13]]

res = 6753.557
res_int = 6755
solution = [[0, 5, 6, 7, 8, 9, 29, 48, 68, 88, 108, 128, 148, 168, 188, 187, 167, 147, 127, 107, 87, 67, 66, 86, 106, 126, 146, 166, 186, 185, 165, 145, 125, 105, 85, 65, 45, 46, 47, 28, 27, 26, 25, 24, 4], [0, 11, 12, 32, 52, 72, 92, 112, 132, 152, 172, 192, 191, 171, 151, 131, 111, 91, 71, 70, 90, 110, 130, 150, 170, 190, 189, 169, 149, 129, 109, 89, 69, 49, 50, 51, 31, 30, 10], [0, 36, 35, 55, 56, 76, 96, 116, 136, 156, 176, 196, 195, 175, 155, 135, 115, 95, 75, 74, 94, 114, 134, 154, 174, 194, 193, 173, 153, 133, 113, 93, 73, 53, 54, 34, 33, 13, 14], [0, 20, 1, 2, 3, 22, 23, 43, 63, 83, 103, 82, 62, 42, 21, 40, 39, 18, 17, 16, 15], [0, 19, 38, 58, 59, 60, 80, 100, 120, 140, 160, 180, 200, 199, 179, 159, 139, 119, 99, 79, 78, 98, 118, 138, 158, 178, 198, 197, 177, 157, 137, 117, 97, 77, 57, 37], [0, 41, 61, 81, 101, 121, 141, 161, 181, 182, 162, 142, 122, 102, 123, 143, 163, 183, 184, 164, 144, 124, 104, 84, 64, 44]]

res = 6781.53
res_int = 6781
solution = [[0, 35, 36, 56, 55, 75, 95, 115, 135, 155, 175, 195, 196, 176, 156, 157, 177, 197, 198, 178, 158, 138, 118, 117, 137, 136, 116, 96, 76, 97, 77, 57, 58, 39, 38, 37, 16, 17, 18, 19], [0, 20, 21, 40, 60, 59, 79, 78, 98, 99, 119, 139, 159, 179, 199, 200, 180, 160, 140, 120, 100, 80, 41, 61, 81, 101, 121, 141, 161, 181, 182, 162, 142, 122, 102, 82, 62, 42, 43, 23, 22, 2, 1], [0, 31, 51, 50, 49, 69, 89, 109, 129, 149, 169, 189, 190, 170, 150, 130, 110, 90, 70, 71, 91, 111, 131, 151, 171, 191, 192, 172, 152, 132, 112, 92, 72, 52, 32, 33], [0, 10, 11, 12, 13, 14, 15, 34, 54, 74, 94, 114, 134, 154, 174, 194, 193, 173, 153, 133, 113, 93, 73, 53, 30, 29, 28, 48, 68, 88, 108, 128, 148, 168, 188, 187, 167, 147, 127, 107, 87, 67, 47, 8, 9], [0, 6, 7, 27, 26, 45, 46, 66, 86, 106, 126, 146, 166, 186, 185, 165, 145, 125, 105, 85, 65, 64, 84, 104, 124, 144, 164, 184, 183, 163, 143, 123, 103, 83, 63, 44, 24, 25, 5, 4, 3]]

res = 6790.666
res_int = 6792
solution = [[0, 31, 30, 29, 28, 48, 68, 88, 108, 128, 148, 168, 188, 187, 167, 147, 127, 107, 87, 67, 66, 86, 106, 126, 146, 166, 186, 185, 165, 145, 125, 105, 85, 65, 45, 46, 47, 27, 26, 6, 7, 8, 9], [0, 14, 13, 33, 34, 54, 53, 52, 72, 92, 112, 132, 152, 172, 192, 191, 171, 151, 131, 111, 91, 71, 70, 90, 110, 130, 150, 170, 190, 189, 169, 149, 129, 109, 89, 69, 49, 50, 51, 32, 12, 11, 10], [0, 5, 25, 44, 64, 84, 104, 124, 144, 164, 184, 183, 163, 143, 123, 103, 83, 63, 62, 82, 102, 122, 142, 162, 182, 181, 161, 141, 121, 101, 81, 61, 41, 42, 43, 24, 23, 22, 40, 1, 2, 3, 4], [0, 17, 37, 38, 39, 59, 58, 57, 77, 97, 117, 136, 155, 175, 195, 196, 176, 156, 137, 157, 177, 197, 198, 178, 158, 138, 118, 98, 78, 79, 99, 119, 139, 159, 179, 199, 200, 180, 160, 140, 120, 100, 80, 60, 21, 20], [0, 73, 93, 113, 133, 153, 173, 193, 194, 174, 154, 134, 114, 94, 74, 75, 95, 115, 135, 116, 96, 76, 56, 55, 35, 36, 15, 16, 18, 19]]

Mean = 6664.044864544933
Execution = 1569.1604549884796

Instance : Golden_06.xml
Instance : Golden_01.xml
Time = 57.95479989051819
Time = 3.53298020362854
Time = 3.4634780883789062
Instance : Golden_01.xml
Time = 59.439077615737915

res = 1791.356
res_int = 1788
solution = [[0, 74, 17, 29, 5, 23, 44, 12], [0, 64, 46, 25, 75, 57, 20, 59, 27, 31], [0, 33, 15, 41, 47, 19, 26, 35, 65, 69, 56, 55, 9, 54, 72, 70], [0, 42, 51, 77, 39, 60, 3, 13], [0, 49, 38, 58, 66, 67, 36, 73], [0, 53, 76, 50, 45, 22, 4, 32], [0, 34, 2, 37, 8, 68, 43, 16, 61, 78, 30], [0, 52, 28, 79, 18, 48, 14, 71], [0, 62, 6, 24, 11, 63, 10], [0, 1, 7, 21, 40]]

res = 1791.985
res_int = 1788
solution = [[0, 64, 46, 25, 75, 57, 20, 59, 27, 31], [0, 62, 12, 44, 5, 29, 17, 74], [0, 30, 78, 61, 16, 43, 68, 8, 37, 2], [0, 52, 28, 79, 18, 48, 14, 71], [0, 33, 15, 41, 47, 19, 26, 35, 65, 69, 56, 55, 9, 54, 72, 70], [0, 42, 51, 77, 39, 60, 3, 13], [0, 49, 73, 38, 66, 67, 53, 36], [0, 58, 32, 4, 22, 45, 50, 76], [0, 1, 7, 21, 40], [0, 23, 6, 24, 34, 11, 63, 10]]

res = 1797.857
res_int = 1796
solution = [[0, 12, 44, 23, 5, 29, 17, 74], [0, 57, 19, 47, 26, 35, 65, 69, 56, 55, 9, 54, 72], [0, 31, 27, 59, 20, 75, 25, 46, 41, 15, 33, 64], [0, 71, 14, 48, 18, 79, 28, 52], [0, 2, 37, 8, 68, 43, 16, 61, 78, 30], [0, 62, 6, 24, 34, 11, 63, 10], [0, 49, 73, 38, 66, 67, 53, 36], [0, 58, 32, 4, 22, 45, 50, 76, 70], [0, 42, 51, 77, 39, 60, 3, 13], [0, 1, 7, 21, 40]]

res = 1801.662
res_int = 1796
solution = [[0, 42, 36, 66, 67, 38, 73, 49], [0, 12, 44, 5, 23, 62, 63, 10], [0, 53, 64, 46, 25, 59, 27, 31, 17, 29], [0, 30, 6, 24, 8, 37, 2, 34, 11], [0, 33, 15, 41, 47, 19, 26, 35, 65, 69, 56, 55, 9, 54, 72], [0, 58, 32, 4, 22, 45, 50, 76, 70], [0, 30, 78, 68, 43, 16, 61, 57, 75, 20], [0, 51, 77, 3, 39, 60, 74, 13], [0, 52, 28, 79, 18, 48, 14, 71], [0, 1, 7, 21, 40]]

res = 1805.49
res_int = 1800
solution = [[0, 20, 75, 57, 61, 16, 43, 68, 78, 30], [0, 30, 6, 24, 8, 37, 2, 34, 11], [0, 52, 28, 79, 18, 48, 14, 71], [0, 40, 21, 7, 1], [0, 29, 17, 31, 27, 59, 25, 46, 64, 53], [0, 12, 44, 5, 23, 62, 63, 10], [0, 33, 15, 41, 47, 19, 26, 35, 65, 69, 56, 55, 9, 54, 72], [0, 58, 32, 4, 22, 45, 50, 76, 70], [0, 49, 38, 66, 67, 36, 42, 73], [0, 51, 77, 3, 39, 60, 74, 13]]

res = 1809.935
res_int = 1807
solution = [[0, 12, 44, 23, 5, 29, 74, 17], [0, 14, 48, 18, 79, 28, 71, 10], [0, 40, 21, 7, 1, 13], [0, 63, 11, 24, 6, 30, 62], [0, 78, 61, 16, 43, 68, 8, 37, 2, 34, 52], [0, 31, 27, 59, 20, 75, 25, 46, 41, 15, 33, 64], [0, 57, 19, 47, 26, 35, 65, 69, 56, 55, 9, 54, 72], [0, 53, 39, 60, 3, 77, 51, 42], [0, 58, 32, 4, 22, 45, 50, 76, 70], [0, 49, 73, 38, 66, 67, 36]]

res = 1819.64
res_int = 1816
solution = [[0, 57, 19, 47, 26, 35, 65, 69, 56, 55, 9, 54, 72], [0, 44, 5, 30, 30, 6, 24, 23, 62], [0, 12, 74, 60, 39, 3, 77, 51], [0, 78, 68, 43, 16, 61, 75, 20, 59, 27, 29], [0, 17, 31, 46, 25, 41, 15, 33, 64, 53, 36], [0, 58, 32, 4, 22, 45, 50, 76, 70], [0, 13, 42, 66, 67, 38, 73, 49], [0, 11, 34, 8, 37, 2, 18, 48, 14], [0, 40, 21, 7, 1], [0, 63, 52, 79, 28, 71, 10]]

res = 1824.119
res_int = 1821
solution = [[0, 24, 6, 8, 37, 2, 34, 52, 11], [0, 14, 48, 18, 79, 28, 71, 10], [0, 1, 63, 7, 21, 40], [0, 17, 31, 46, 25, 41, 55, 9, 54, 72], [0, 20, 75, 57, 19, 47, 26, 35, 65, 69, 56, 15, 33, 64], [0, 62, 23, 12, 44, 29, 74, 13], [0, 27, 59, 61, 16, 43, 68, 78, 30, 30, 5], [0, 58, 32, 4, 22, 45, 50, 76, 70], [0, 36, 66, 67, 38, 73, 49], [0, 53, 39, 60, 3, 77, 51, 42]]

res = 1825.093
res_int = 1822
solution = [[0, 57, 19, 47, 26, 35, 65, 69, 56, 55, 9, 54, 72], [0, 63, 52, 79, 28, 14, 71, 10], [0, 44, 5, 30, 30, 6, 24, 23, 62], [0, 11, 34, 8, 37, 2, 18, 48], [0, 78, 68, 43, 16, 61, 75, 20, 59, 27, 29], [0, 12, 74, 60, 39, 3, 77, 51], [0, 1, 7, 21, 40], [0, 13, 42, 66, 67, 38, 73, 49], [0, 58, 32, 4, 22, 45, 50, 76, 70], [0, 17, 31, 46, 25, 41, 15, 33, 64, 53, 36]]

res = 1826.442
res_int = 1822
solution = [[0, 70, 76, 50, 45, 22, 4, 32, 58], [0, 14, 48, 18, 79, 28, 71, 10], [0, 24, 6, 8, 37, 2, 34, 52, 11], [0, 1, 63, 7, 21, 40], [0, 64, 33, 15, 56, 69, 65, 35, 26, 26, 47, 19, 57, 75, 20, 27], [0, 17, 31, 46, 25, 41, 55, 9, 54, 72], [0, 59, 61, 16, 43, 68, 78, 30, 30, 23], [0, 62, 12, 44, 5, 29, 74, 13], [0, 42, 66, 67, 38, 49], [0, 51, 77, 3, 60, 39, 53, 36, 73]]

Mean = 1809.3576969026788
Execution = 816.9488492012024

Time = 3.389855146408081
