Instance : Golden_01.xml
Time = 60.18311095237732
Instance : Golden_01.xml
Time = 58.815024852752686
Instance : Golden_01.xml
Time = 58.52694225311279
Instance : Golden_01.xml
Time = 28.86471390724182

res = 5673.318
res_int = 5680
solution = [[0, 126, 166, 165, 164, 163, 162, 202, 203, 204, 205, 206, 207, 208, 209, 210, 211, 171, 170, 169, 168, 167, 127, 128, 129, 130], [0, 26, 27, 28, 29, 30, 31, 32, 33, 34, 35, 37, 38, 39, 40, 1, 2, 3, 4, 5, 6, 7, 8, 9, 10, 11, 12, 13], [0, 15, 14, 14, 54, 55, 95, 94, 93, 92, 132, 131, 91, 90, 89, 88, 87, 86, 85, 125, 124, 123, 122, 121, 160, 120, 80], [0, 16, 17, 57, 56, 96, 136, 135, 134, 133, 174, 173, 172, 212, 213, 214, 215, 175, 176, 216, 217, 218, 219, 179, 178, 177, 137, 97, 58, 18], [0, 19, 20, 21, 22, 23, 24, 25, 64, 63, 62, 61, 60, 59, 98, 99, 100, 101, 102, 103, 104, 105, 65, 66, 67, 68, 69, 70], [0, 138, 139, 140, 180, 220, 221, 222, 223, 224, 225, 226, 227, 228, 229, 230, 231, 232, 233, 234, 195, 196, 197, 198, 158, 157, 156, 76, 75, 36], [0, 106, 107, 147, 146, 145, 144, 143, 142, 141, 181, 182, 183, 184, 185, 186, 187, 188, 189, 149, 148, 108, 109, 110, 111, 71], [0, 44, 84, 83, 82, 81, 119, 159, 199, 200, 161, 201, 240, 239, 238, 237, 236, 235, 194, 193, 192, 191, 190, 150, 151, 152, 112, 72, 73], [0, 74, 114, 113, 153, 154, 155, 115, 116, 117, 118, 77, 78, 79, 41, 42, 43, 45, 46, 47, 48, 49, 50, 51, 52, 53]]

res = 5686.498
res_int = 5688
solution = [[0, 26, 27, 28, 29, 30, 31, 32, 33, 34, 35, 37, 38, 39, 40, 1, 2, 3, 4, 5, 6, 7, 8, 9, 10, 11, 12, 13], [0, 126, 166, 165, 164, 163, 162, 202, 203, 204, 205, 206, 207, 208, 209, 210, 211, 171, 170, 169, 168, 167, 127, 128, 129, 130], [0, 24, 25, 67, 68, 69, 70, 71, 72, 73, 76, 77, 78, 79, 80, 41, 42, 43, 44, 45, 46, 47, 48, 49, 50, 51, 52, 53, 14, 14], [0, 15, 55, 94, 134, 135, 176, 175, 174, 173, 133, 132, 131, 172, 212, 213, 214, 215, 216, 217, 218, 178, 177, 137, 136, 96, 95, 56, 16, 17], [0, 117, 116, 156, 157, 197, 198, 199, 200, 160, 159, 158, 118, 119, 120, 81, 82, 83, 84, 85, 86, 87, 88, 89, 90, 91, 92, 93, 54], [0, 125, 124, 123, 122, 121, 161, 201, 240, 239, 238, 237, 236, 235, 234, 233, 232, 231, 191, 192, 193, 194, 195, 196, 155, 115, 74, 36], [0, 75, 114, 154, 153, 152, 151, 150, 149, 189, 190, 230, 229, 228, 227, 187, 188, 148, 147, 66, 65, 64, 63, 62, 61, 20, 19], [0, 113, 112, 111, 110, 109, 108, 107, 106, 105, 104, 144, 145, 185, 184, 183, 142, 141, 140, 139, 138, 98, 97, 57, 58, 18], [0, 22, 21, 60, 59, 99, 100, 101, 102, 103, 143, 182, 181, 180, 179, 219, 220, 221, 222, 223, 224, 225, 226, 186, 146, 23]]

res = 5688.301
res_int = 5692
solution = [[0, 26, 27, 28, 29, 30, 31, 32, 33, 34, 35, 37, 38, 39, 40, 1, 2, 3, 4, 5, 6, 7, 8, 9, 10, 11, 12, 13], [0, 126, 166, 165, 164, 163, 162, 202, 203, 204, 205, 206, 207, 208, 209, 210, 211, 171, 170, 169, 168, 167, 127, 128, 129, 130], [0, 84, 83, 82, 81, 120, 119, 159, 160, 200, 240, 201, 161, 121, 122, 123, 124, 125, 85, 86, 87, 88, 89, 90, 91, 131, 132, 133, 94, 93, 92, 52], [0, 55, 95, 96, 136, 135, 134, 174, 173, 172, 212, 213, 214, 215, 175, 176, 216, 217, 218, 219, 179, 178, 177, 137, 138, 98, 97, 56], [0, 19, 20, 21, 22, 23, 24, 65, 66, 67, 107, 106, 105, 145, 186, 187, 188, 189, 190, 191, 151, 150, 111, 112, 113, 114], [0, 72, 71, 70, 69, 68, 108, 109, 110, 149, 148, 147, 146, 185, 184, 183, 142, 141, 140, 139, 99, 100, 60, 59, 58, 57, 18, 17, 16, 15], [0, 25, 64, 63, 62, 61, 101, 102, 103, 104, 144, 143, 182, 181, 180, 220, 221, 222, 223, 224, 225, 226, 227, 228, 229, 230, 231, 232, 192, 152], [0, 36, 74, 75, 76, 77, 78, 79, 80, 41, 42, 43, 44, 45, 46, 47, 48, 49, 50, 51, 53, 54, 14, 14], [0, 73, 153, 154, 155, 156, 196, 195, 194, 193, 233, 234, 235, 236, 237, 238, 239, 199, 198, 197, 157, 158, 118, 117, 116, 115]]

res = 5693.601
res_int = 5701
solution = [[0, 126, 166, 165, 164, 163, 162, 202, 203, 204, 205, 206, 207, 208, 209, 210, 211, 171, 170, 169, 168, 167, 127, 128, 129, 130], [0, 26, 27, 28, 29, 30, 31, 32, 33, 34, 35, 37, 38, 39, 40, 1, 2, 3, 4, 5, 6, 7, 8, 9, 10, 11, 12, 13], [0, 15, 14, 14, 54, 55, 95, 94, 93, 92, 132, 131, 91, 90, 89, 88, 87, 86, 85, 125, 124, 123, 122, 121, 160, 120, 80], [0, 19, 20, 21, 22, 23, 24, 25, 64, 63, 62, 61, 60, 59, 98, 99, 100, 101, 102, 103, 104, 105, 65, 66, 67, 68, 69, 70], [0, 138, 139, 140, 180, 220, 221, 222, 223, 224, 225, 226, 227, 228, 229, 230, 231, 232, 233, 234, 195, 196, 197, 198, 158, 157, 156, 76, 75, 36], [0, 44, 84, 83, 82, 81, 119, 159, 199, 200, 161, 201, 240, 239, 238, 237, 236, 235, 194, 193, 192, 191, 190, 150, 151, 152, 112, 72, 73], [0, 74, 114, 113, 153, 154, 155, 115, 116, 117, 118, 77, 78, 79, 41, 42, 43, 45, 46, 47, 48, 49, 50, 51, 52], [0, 71, 111, 110, 109, 108, 107, 147, 148, 149, 189, 188, 187, 186, 185, 184, 183, 182, 181, 141, 142, 143, 144, 145, 146, 106], [0, 18, 17, 16, 56, 57, 58, 97, 137, 177, 178, 179, 219, 218, 217, 216, 176, 175, 215, 214, 213, 212, 172, 173, 174, 133, 134, 135, 136, 96, 53]]

res = 5697.558
res_int = 5703
solution = [[0, 126, 166, 165, 164, 163, 162, 202, 203, 204, 205, 206, 207, 208, 209, 210, 211, 171, 170, 169, 168, 167, 127, 128, 129, 130], [0, 26, 27, 28, 29, 30, 31, 32, 33, 34, 35, 37, 38, 39, 40, 1, 2, 3, 4, 5, 6, 7, 8, 9, 10, 11, 12, 13], [0, 70, 69, 68, 67, 66, 106, 105, 104, 103, 102, 101, 100, 99, 59, 60, 61, 62, 63, 64, 65, 25, 24, 23, 22, 21, 20, 19], [0, 75, 115, 114, 113, 153, 154, 155, 156, 157, 117, 116, 76, 77, 78, 79, 80, 41, 42, 43, 44, 45, 46, 47, 48, 49, 50, 51, 52, 53], [0, 120, 81, 82, 83, 84, 85, 86, 87, 88, 89, 90, 91, 131, 132, 133, 92, 93, 94, 54, 55, 56, 14, 14, 15, 16, 17], [0, 125, 124, 123, 122, 121, 160, 159, 199, 200, 161, 201, 240, 239, 238, 237, 198, 197, 196, 195, 194, 193, 192, 191, 151, 152, 112, 72, 73, 74, 36], [0, 107, 147, 146, 145, 144, 143, 142, 141, 140, 181, 182, 183, 184, 185, 186, 187, 188, 189, 190, 150, 149, 148, 108, 109, 110, 111, 71], [0, 18, 57, 58, 98, 97, 137, 138, 139, 219, 218, 217, 216, 215, 214, 213, 212, 172, 173, 174, 175, 135, 134, 95], [0, 96, 136, 176, 177, 178, 179, 180, 220, 221, 222, 223, 224, 225, 226, 227, 228, 229, 230, 231, 232, 233, 234, 235, 236, 158, 119, 118]]

res = 5698.265
res_int = 5704
solution = [[0, 26, 27, 28, 29, 30, 31, 32, 33, 34, 35, 37, 38, 39, 40, 1, 2, 3, 4, 5, 6, 7, 8, 9, 10, 11, 12, 13], [0, 15, 14, 14, 54, 55, 95, 94, 93, 92, 132, 131, 91, 90, 89, 88, 87, 86, 85, 125, 124, 123, 122, 121, 160, 120, 80], [0, 16, 17, 57, 56, 96, 136, 135, 134, 133, 174, 173, 172, 212, 213, 214, 215, 175, 176, 216, 217, 218, 219, 179, 178, 177, 137, 97, 58, 18], [0, 127, 128, 129, 130, 170, 171, 211, 210, 209, 169, 168, 208, 207, 206, 205, 204, 203, 202, 162, 163, 164, 165, 166, 167, 126], [0, 25, 107, 147, 146, 145, 144, 143, 142, 141, 181, 182, 183, 184, 185, 186, 187, 188, 189, 190, 150, 149, 148, 108, 109, 110, 111, 71], [0, 70, 69, 68, 67, 66, 106, 105, 104, 103, 102, 101, 100, 99, 98, 59, 60, 61, 62, 63, 64, 65, 24, 23, 22, 21, 20, 19], [0, 44, 84, 83, 82, 81, 119, 159, 199, 200, 161, 201, 240, 239, 238, 237, 236, 235, 194, 193, 192, 191, 151, 152, 153, 112, 72], [0, 53, 52, 51, 50, 49, 48, 47, 46, 45, 43, 42, 41, 79, 78, 77, 118, 156, 155, 154, 115, 114, 113, 73, 74, 36], [0, 138, 139, 140, 180, 220, 221, 222, 223, 224, 225, 226, 227, 228, 229, 230, 231, 232, 233, 234, 195, 196, 197, 198, 158, 157, 117, 116, 75, 76]]

res = 5702.134
res_int = 5706
solution = [[0, 26, 27, 28, 29, 30, 31, 32, 33, 34, 35, 37, 38, 39, 40, 1, 2, 3, 4, 5, 6, 7, 8, 9, 10, 11, 12, 13], [0, 126, 166, 165, 164, 163, 162, 202, 203, 204, 205, 206, 207, 208, 209, 210, 211, 171, 170, 169, 168, 167, 127, 128, 129, 130], [0, 84, 83, 82, 81, 120, 119, 159, 160, 200, 240, 201, 161, 121, 122, 123, 124, 125, 85, 86, 87, 88, 89, 90, 91, 131, 132, 133, 94, 93, 92, 52], [0, 55, 95, 96, 136, 135, 134, 174, 173, 172, 212, 213, 214, 215, 175, 176, 216, 217, 218, 219, 179, 178, 177, 137, 138, 98, 97, 56], [0, 72, 71, 70, 69, 68, 108, 109, 110, 149, 148, 147, 146, 185, 184, 183, 142, 141, 140, 139, 99, 100, 60, 59, 58, 57, 18, 17, 16, 15], [0, 36, 74, 75, 76, 77, 78, 79, 80, 41, 42, 43, 44, 45, 46, 47, 48, 49, 50, 51, 53, 54, 14, 14], [0, 115, 116, 117, 118, 158, 157, 197, 198, 199, 239, 238, 237, 236, 235, 234, 233, 193, 194, 195, 196, 156, 155, 154, 153, 73], [0, 152, 192, 232, 231, 230, 229, 228, 227, 226, 225, 224, 223, 222, 221, 220, 180, 181, 182, 143, 144, 104, 103, 102, 101, 61, 62, 63, 64, 25], [0, 114, 113, 112, 111, 150, 151, 191, 190, 189, 188, 187, 186, 145, 105, 106, 107, 67, 66, 65, 24, 23, 19, 20, 21, 22]]

res = 5706.065
res_int = 5712
solution = [[0, 26, 27, 28, 29, 30, 31, 32, 33, 34, 35, 37, 38, 39, 40, 1, 2, 3, 4, 5, 6, 7, 8, 9, 10, 11, 12, 13], [0, 126, 166, 165, 164, 163, 162, 202, 203, 204, 205, 206, 207, 208, 209, 210, 211, 171, 170, 169, 168, 167, 127, 128, 129, 130], [0, 84, 83, 82, 81, 120, 160, 159, 199, 200, 240, 201, 161, 121, 122, 123, 124, 125, 85, 86, 87, 88, 89, 90, 91, 131, 132, 133, 94, 93, 92, 52], [0, 112, 111, 110, 150, 151, 152, 192, 232, 233, 234, 235, 236, 237, 238, 239, 198, 197, 196, 195, 194, 193, 153, 154, 155, 156, 157, 158], [0, 25, 24, 23, 22, 21, 61, 62, 63, 64, 65, 66, 68, 69, 70, 71, 72, 73, 74, 113, 114, 115, 116, 117, 118, 119, 79], [0, 56, 97, 98, 138, 137, 177, 178, 179, 219, 218, 217, 216, 176, 175, 215, 214, 213, 212, 172, 173, 174, 134, 135, 136, 96, 95, 55], [0, 36, 75, 76, 77, 78, 80, 41, 42, 43, 44, 45, 46, 47, 48, 49, 50, 51, 53, 54, 17, 16, 15, 14, 14], [0, 67, 107, 106, 105, 145, 186, 187, 188, 189, 190, 191, 231, 230, 229, 228, 227, 226, 225, 224, 223, 222, 221, 220, 180, 181, 182, 104], [0, 108, 109, 149, 148, 147, 146, 185, 184, 183, 144, 143, 142, 141, 140, 139, 99, 100, 101, 102, 103, 60, 59, 58, 57, 18, 19, 20]]

res = 5706.097
res_int = 5710
solution = [[0, 126, 166, 165, 164, 163, 162, 202, 203, 204, 205, 206, 207, 208, 209, 210, 211, 171, 170, 169, 168, 167, 127, 128, 129, 130], [0, 16, 17, 20, 21, 22, 23, 24, 25, 64, 63, 62, 61, 60, 59, 58, 98, 99, 100, 101, 102, 103, 104, 105, 65, 66, 67, 68, 69, 70], [0, 26, 27, 28, 29, 30, 31, 32, 33, 34, 35, 36, 38, 39, 40, 1, 2, 3, 4, 5, 6, 7, 8, 9, 10, 11, 12, 13], [0, 106, 107, 108, 109, 149, 148, 147, 146, 145, 144, 143, 183, 184, 185, 186, 187, 188, 189, 190, 191, 151, 150, 110, 111, 71], [0, 53, 52, 92, 93, 94, 135, 174, 173, 172, 212, 213, 214, 215, 175, 176, 216, 217, 218, 219, 220, 180, 179, 178, 177, 136, 96, 97, 56, 57, 19, 18], [0, 15, 14, 14, 54, 55, 95, 134, 133, 132, 131, 91, 90, 89, 88, 87, 86, 85, 125, 124, 123, 122, 121, 160, 119, 120], [0, 75, 76, 77, 78, 79, 80, 41, 42, 81, 82, 83, 84, 43, 44, 45, 46, 47, 48, 49, 50, 51], [0, 118, 157, 196, 195, 235, 234, 233, 232, 231, 230, 229, 228, 227, 226, 225, 224, 223, 222, 221, 181, 182, 142, 141, 140, 139, 138, 137], [0, 72, 112, 113, 153, 152, 192, 193, 194, 154, 155, 156, 198, 197, 236, 237, 238, 239, 240, 201, 161, 200, 199, 159, 158, 117, 116, 115, 114, 73, 74, 37]]

res = 5713.915
res_int = 5721
solution = [[0, 26, 27, 28, 29, 30, 31, 32, 33, 34, 35, 37, 38, 39, 40, 1, 2, 3, 4, 5, 6, 7, 8, 9, 10, 11, 12, 13], [0, 16, 17, 57, 56, 96, 136, 135, 134, 133, 174, 173, 172, 212, 213, 214, 215, 175, 176, 216, 217, 218, 219, 179, 178, 177, 137, 97, 58, 18], [0, 19, 20, 21, 22, 23, 24, 25, 64, 63, 62, 61, 60, 59, 98, 99, 100, 101, 102, 103, 104, 105, 65, 66, 67, 68, 69, 70], [0, 129, 130, 171, 211, 210, 170, 169, 209, 208, 168, 167, 207, 206, 205, 204, 203, 202, 162, 163, 164, 165, 166, 126, 127, 128], [0, 80, 120, 160, 121, 122, 123, 124, 125, 85, 86, 87, 88, 89, 90, 91, 131, 132, 92, 93, 94, 95, 55, 54, 53, 14, 14, 15], [0, 106, 107, 147, 146, 145, 144, 143, 142, 141, 181, 182, 183, 184, 185, 186, 187, 188, 189, 190, 110, 111, 72, 73, 74], [0, 71, 109, 108, 148, 149, 150, 151, 191, 192, 193, 194, 195, 196, 237, 238, 239, 240, 201, 161, 200, 199, 159, 119, 81, 82, 83, 84, 44], [0, 138, 139, 140, 180, 220, 221, 222, 223, 224, 225, 226, 227, 228, 229, 230, 231, 232, 233, 234, 235, 236, 197, 198, 158, 118, 77], [0, 52, 51, 50, 49, 48, 47, 46, 45, 43, 42, 41, 79, 78, 117, 157, 156, 155, 154, 153, 152, 112, 113, 114, 115, 116, 76, 75, 36]]

Mean = 5696.575228456704
Execution = 3211.2524077892303

Instance : Golden_02.xml
Time = 65.18412280082703
Instance : Golden_01.xml
Time = 29.064799785614014
Instance : Golden_01.xml
Time = 29.29595708847046
Instance : Golden_01.xml
Time = 29.00317406654358
Instance : Golden_01.xml
Time = 29.617329835891724
