apprentisage sur toutes les solutions trouvées lors de Hc avec crit = 0.5  

Instance : Golden_01.xml
Time = 98.8067455291748
Instance : Golden_01.xml
Time = 98.36603999137878
Instance : Golden_01.xml
Time = 98.8683032989502

res = 5570.611
res_int = 5576
solution = [[0, 102, 142, 143, 144, 145, 146, 186, 185, 184, 183, 182, 181, 180, 179, 178, 177, 176, 136, 137, 138, 139, 140, 141, 101, 100, 99, 98, 97, 96], [0, 88, 87, 86, 126, 127, 128, 129, 130, 131, 171, 170, 169, 209, 210, 211, 212, 213, 214, 174, 173, 172, 132, 92, 91, 90, 89, 49], [0, 148, 147, 187, 227, 226, 225, 224, 223, 222, 221, 220, 219, 218, 217, 216, 215, 175, 135, 134, 133, 93, 94, 95, 53, 54], [0, 41, 81, 82, 83, 84, 85, 125, 165, 166, 167, 168, 208, 207, 206, 205, 204, 203, 202, 162, 163, 164, 124, 123, 122, 121, 160, 159, 120, 80], [0, 18, 19, 20, 21, 22, 23, 64, 65, 66, 67, 68, 108, 107, 106, 105, 104, 103, 63, 62, 61, 60, 59, 58, 57, 56, 55, 17], [0, 11, 10, 9, 8, 7, 6, 5, 4, 3, 2, 1, 40, 42, 43, 44, 45, 46, 47, 48, 50, 51, 52, 12, 13, 14, 16, 15], [0, 24, 25, 26, 27, 28, 29, 30, 31, 32, 33, 34, 35, 74, 75, 76, 77, 78, 39, 38], [0, 69, 109, 149, 189, 188, 228, 229, 230, 231, 232, 233, 234, 235, 236, 237, 238, 239, 240, 201, 161, 200, 199, 198, 197, 157, 158, 118, 119, 79, 37, 36], [0, 73, 72, 71, 70, 110, 111, 151, 150, 190, 191, 192, 193, 194, 195, 196, 156, 155, 154, 153, 152, 112, 113, 114, 115, 116, 117]]

res = 5584.184
res_int = 5589
solution = [[0, 25, 26, 27, 28, 29, 30, 31, 32, 33, 34, 35, 36, 37, 38, 39, 1, 2, 3, 4, 5, 6, 7, 8, 9, 10, 11, 12], [0, 65, 66, 67, 68, 108, 109, 149, 148, 188, 228, 227, 226, 225, 224, 223, 222, 182, 183, 184, 185, 186, 187, 147, 107, 106, 105, 104, 64, 24], [0, 51, 50, 49, 48, 47, 87, 88, 128, 127, 167, 168, 169, 170, 171, 172, 173, 133, 132, 131, 130, 129, 89, 90, 91, 92, 93, 53, 52, 14], [0, 23, 63, 103, 102, 101, 100, 99, 98, 97, 96, 56, 57, 58, 59, 60, 61, 62, 22, 21, 20, 19, 18, 17, 16], [0, 45, 46, 86, 85, 84, 124, 125, 126, 166, 206, 207, 208, 209, 210, 211, 212, 213, 214, 175, 176, 136, 135, 95, 55, 15], [0, 146, 145, 144, 143, 142, 141, 140, 139, 138, 137, 177, 178, 179, 180, 181, 221, 220, 219, 218, 217, 216, 215, 174, 134, 94, 54, 13], [0, 112, 113, 114, 115, 155, 154, 153, 152, 191, 192, 193, 194, 234, 233, 232, 231, 230, 229, 189, 190, 150, 151, 111, 110, 69], [0, 79, 78, 118, 119, 159, 158, 157, 197, 198, 238, 237, 236, 235, 195, 196, 156, 116, 117, 77, 76, 75, 74, 73, 72, 71, 70], [0, 44, 43, 42, 82, 83, 123, 122, 162, 163, 164, 165, 205, 204, 203, 202, 201, 240, 239, 199, 200, 161, 121, 160, 120, 81, 41, 80, 40]]

res = 5599.084
res_int = 5602
solution = [[0, 25, 26, 27, 29, 30, 31, 32, 33, 34, 35, 36, 37, 38, 39, 40, 1, 4, 5, 6, 7, 8, 9, 10, 12, 16, 15, 14, 13], [0, 134, 174, 175, 215, 214, 213, 212, 211, 210, 209, 208, 207, 206, 166, 126, 125, 124, 84, 85, 86, 46, 45, 44, 43, 3], [0, 17, 56, 55, 54, 53, 52, 91, 90, 89, 129, 130, 131, 132, 133, 173, 172, 171, 170, 169, 168, 167, 127, 128, 88, 87, 47, 48, 49, 50], [0, 41, 81, 120, 160, 121, 161, 200, 199, 198, 238, 239, 240, 201, 202, 203, 204, 205, 165, 164, 163, 162, 122, 123, 83, 82, 42, 2], [0, 65, 105, 145, 144, 143, 142, 141, 140, 139, 179, 180, 181, 221, 220, 219, 218, 217, 216, 176, 177, 178, 138, 137, 136, 135, 94, 93, 92, 51, 11], [0, 24, 23, 22, 21, 20, 19, 18, 58, 59, 60, 61, 62, 63, 64, 104, 103, 102, 101, 100, 99, 98, 97, 96, 95, 57], [0, 66, 106, 146, 186, 185, 184, 183, 182, 222, 223, 224, 225, 226, 227, 228, 188, 187, 147, 107, 67, 68, 28], [0, 71, 111, 112, 113, 153, 152, 151, 191, 192, 193, 194, 234, 233, 232, 231, 230, 229, 189, 190, 150, 149, 148, 108, 109, 110, 70, 69], [0, 78, 79, 80, 119, 118, 159, 158, 157, 197, 237, 236, 235, 195, 196, 156, 155, 154, 114, 115, 116, 117, 77, 76, 75, 74, 73, 72]]

res = 5605.793
res_int = 5610
solution = [[0, 65, 64, 104, 103, 102, 101, 100, 140, 141, 142, 143, 144, 145, 146, 186, 185, 184, 183, 182, 181, 180, 179, 139, 99, 98, 58, 18], [0, 97, 137, 138, 178, 177, 217, 218, 219, 220, 221, 222, 223, 224, 225, 226, 227, 228, 188, 187, 147, 107, 106, 105, 66, 67, 68, 28], [0, 39, 40, 1, 2, 3, 4, 5, 6, 46, 45, 44, 43, 41, 80, 79, 78, 77, 76, 75, 74, 73, 27, 26, 22, 23, 24, 25], [0, 47, 87, 86, 85, 125, 165, 164, 204, 205, 206, 207, 208, 209, 169, 168, 167, 166, 126, 127, 128, 129, 130, 131, 91, 90, 89, 88, 48, 8], [0, 83, 84, 124, 123, 163, 203, 202, 201, 240, 239, 238, 237, 236, 235, 234, 233, 232, 231, 230, 229, 189, 190, 150, 149, 148, 108, 109, 69, 29], [0, 38, 37, 36, 35, 34, 33, 32, 71, 112, 152, 153, 154, 155, 195, 194, 193, 192, 191, 151, 111, 110, 70, 30], [0, 42, 82, 81, 120, 160, 121, 122, 162, 161, 200, 199, 198, 197, 196, 156, 157, 158, 159, 119, 118, 117, 116, 115, 114, 113, 72, 31], [0, 17, 16, 15, 13, 12, 11, 10, 9, 7, 49, 50, 51, 52, 53, 55, 56, 57, 59, 60, 61, 62, 63, 21, 20, 19], [0, 95, 96, 136, 135, 175, 176, 216, 215, 214, 213, 212, 211, 210, 170, 171, 172, 173, 174, 134, 133, 132, 92, 93, 94, 54, 14]]

res = 5624.871
res_int = 5630
solution = [[0, 23, 22, 21, 20, 19, 18, 17, 57, 58, 59, 60, 62, 63, 64, 65, 67, 68, 69, 70, 71, 72, 73, 74, 75, 31], [0, 24, 25, 26, 27, 28, 29, 30, 32, 33, 36, 37, 38, 39, 40, 1, 2, 3, 4, 5, 6, 7, 8, 9, 10, 11, 12, 13, 14, 15], [0, 51, 50, 49, 48, 47, 88, 89, 129, 128, 127, 167, 168, 169, 170, 171, 172, 132, 131, 130, 90, 91, 92, 52, 53, 54, 55, 56, 16], [0, 100, 99, 98, 97, 96, 95, 93, 133, 173, 174, 214, 213, 212, 211, 210, 209, 208, 207, 206, 205, 165, 166, 126, 86, 87, 46], [0, 45, 85, 125, 124, 164, 204, 203, 202, 201, 240, 239, 238, 237, 236, 235, 234, 233, 232, 231, 230, 229, 228, 188, 189, 190, 150, 110, 111, 112, 113], [0, 94, 134, 135, 175, 215, 216, 217, 218, 219, 220, 221, 222, 223, 224, 225, 226, 227, 187, 148, 149, 109, 108, 107, 106, 66], [0, 61, 101, 141, 140, 139, 138, 137, 136, 176, 177, 178, 179, 180, 181, 182, 183, 184, 185, 186, 147, 146, 145, 144, 143, 142, 102, 103, 104, 105], [0, 35, 76, 77, 117, 116, 115, 154, 153, 152, 151, 191, 192, 193, 194, 195, 196, 197, 198, 199, 200, 161, 162, 163, 123, 82, 81, 41], [0, 78, 79, 80, 42, 43, 44, 84, 83, 122, 121, 160, 120, 119, 118, 159, 158, 157, 156, 155, 114, 34]]

res = 5628.271
res_int = 5633
solution = [[0, 102, 103, 143, 144, 145, 146, 186, 185, 184, 183, 182, 181, 180, 179, 178, 177, 176, 136, 137, 138, 139, 140, 141, 142, 101, 100, 99], [0, 13, 12, 11, 10, 9, 8, 7, 6, 5, 4, 3, 2, 1, 40, 39, 38, 37, 36, 35, 34, 33, 32, 31, 30, 29, 28, 27], [0, 53, 52, 91, 131, 171, 172, 173, 174, 214, 213, 212, 211, 210, 209, 169, 170, 130, 129, 128, 127, 126, 87, 88, 89, 90, 49, 50], [0, 84, 83, 82, 81, 120, 158, 159, 160, 121, 122, 123, 163, 203, 204, 205, 206, 207, 208, 168, 167, 166, 165, 164, 124, 125, 86, 85], [0, 54, 55, 56, 57, 98, 97, 96, 95, 94, 93, 92, 51, 48, 47, 46, 45, 44, 43, 42, 41, 80, 79, 119, 118, 78], [0, 24, 23, 22, 21, 20, 19, 18, 17, 16, 15, 14, 58, 59, 60, 61, 62, 63, 65, 66, 67, 68, 26, 25], [0, 132, 133, 134, 135, 175, 215, 216, 217, 218, 219, 220, 221, 222, 223, 224, 225, 226, 227, 187, 147, 148, 108, 107, 106, 105, 104, 64], [0, 77, 76, 75, 74, 73, 114, 113, 112, 152, 153, 154, 155, 156, 196, 195, 194, 193, 192, 191, 190, 150, 151, 111, 110, 71, 72], [0, 70, 69, 109, 149, 189, 188, 228, 229, 230, 231, 232, 233, 234, 235, 236, 237, 238, 239, 240, 201, 202, 162, 161, 200, 199, 198, 197, 157, 117, 116, 115]]

res = 5629.616
res_int = 5633
solution = [[0, 4, 5, 6, 7, 47, 46, 45, 43, 3, 2, 1, 40, 39, 38, 36, 35, 34, 33, 32, 31, 30, 29, 28, 27, 26], [0, 17, 16, 15, 13, 12, 11, 10, 9, 8, 48, 49, 50, 51, 52, 53, 54, 55, 56, 57, 58, 59, 60, 61, 62, 22, 21, 20, 19, 18], [0, 41, 42, 83, 82, 81, 120, 160, 121, 122, 123, 163, 162, 202, 203, 204, 205, 206, 207, 208, 168, 167, 166, 165, 164, 124, 125, 85, 84, 44], [0, 94, 133, 173, 174, 214, 213, 212, 211, 210, 209, 169, 170, 171, 172, 132, 131, 130, 129, 128, 127, 126, 86, 87, 88, 89, 90], [0, 100, 99, 139, 140, 141, 142, 143, 144, 145, 146, 186, 185, 184, 183, 182, 181, 180, 179, 178, 177, 176, 135, 134, 93, 92, 91, 14], [0, 107, 147, 187, 188, 228, 227, 226, 225, 224, 223, 222, 221, 220, 219, 218, 217, 216, 215, 175, 136, 137, 138, 98, 97, 96, 95], [0, 75, 74, 73, 72, 71, 70, 69, 68, 67, 66, 106, 105, 104, 103, 102, 101, 63, 64, 65, 25, 23, 24], [0, 112, 152, 191, 190, 189, 229, 230, 231, 232, 233, 234, 235, 236, 237, 238, 239, 240, 201, 161, 200, 199, 159, 119, 118, 78, 77, 76, 37], [0, 80, 79, 117, 116, 115, 114, 113, 153, 154, 155, 156, 157, 158, 198, 197, 196, 195, 194, 193, 192, 151, 150, 149, 148, 108, 109, 110, 111]]

res = 5635.737
res_int = 5638
solution = [[0, 2, 3, 4, 44, 43, 42, 41, 82, 83, 84, 85, 86, 87, 88, 48, 47, 46, 45, 5, 6, 7, 8, 9, 10, 11, 12], [0, 1, 40, 39, 38, 37, 36, 35, 33, 32, 31, 30, 29, 28, 27, 25, 24, 23, 22, 21, 20, 19, 18, 17, 16, 15, 14, 13], [0, 59, 60, 61, 142, 141, 140, 139, 138, 137, 136, 176, 177, 178, 179, 180, 181, 182, 183, 184, 185, 186, 146, 145, 144, 143, 103, 104, 105], [0, 58, 57, 56, 55, 95, 96, 97, 98, 99, 100, 101, 102, 62, 63, 64, 65, 66, 67, 68, 69, 70, 71, 72, 73, 74, 34], [0, 125, 124, 164, 165, 166, 167, 168, 208, 207, 206, 205, 204, 203, 163, 123, 122, 121, 160, 159, 158, 118, 119, 120, 81, 78, 79, 80], [0, 53, 52, 91, 131, 171, 172, 173, 174, 214, 213, 212, 211, 210, 209, 169, 170, 130, 129, 128, 127, 126, 89, 90, 49, 50, 51], [0, 147, 187, 188, 228, 227, 226, 225, 224, 223, 222, 221, 220, 219, 218, 217, 216, 215, 175, 135, 134, 133, 132, 92, 93, 94, 54], [0, 75, 114, 113, 112, 152, 153, 154, 155, 156, 196, 195, 194, 193, 192, 191, 190, 150, 151, 111, 110, 109, 107, 106, 26], [0, 77, 76, 115, 116, 117, 157, 197, 198, 199, 200, 161, 162, 202, 201, 240, 239, 238, 237, 236, 235, 234, 233, 232, 231, 230, 229, 189, 149, 148, 108]]

res = 5638.413
res_int = 5643
solution = [[0, 40, 80, 79, 78, 77, 76, 117, 118, 119, 120, 160, 159, 158, 157, 197, 198, 199, 200, 161, 121, 81, 82, 83, 43, 42, 41, 1, 2], [0, 14, 13, 12, 51, 91, 92, 132, 133, 173, 172, 171, 170, 169, 129, 130, 131, 90, 89, 88, 87, 86, 46, 47, 48, 49, 50, 11], [0, 24, 64, 104, 105, 106, 146, 145, 185, 186, 187, 227, 226, 225, 224, 223, 222, 182, 183, 184, 144, 143, 103, 63, 62, 23], [0, 74, 73, 72, 112, 111, 110, 109, 108, 107, 147, 148, 149, 150, 151, 191, 190, 189, 188, 228, 229, 230, 231, 232, 192, 152, 153, 113, 114, 75], [0, 39, 38, 37, 36, 35, 34, 33, 32, 31, 30, 29, 28, 27, 26, 25, 65, 66, 67, 68, 69, 70, 71], [0, 4, 45, 85, 125, 126, 127, 128, 168, 167, 166, 165, 164, 163, 203, 204, 205, 206, 207, 208, 209, 210, 211, 212, 213, 214, 215, 216, 176, 177, 137, 97], [0, 115, 116, 156, 155, 154, 194, 193, 233, 234, 235, 195, 196, 236, 237, 238, 239, 240, 201, 202, 162, 122, 123, 124, 84, 44, 3], [0, 22, 21, 20, 19, 18, 17, 16, 55, 95, 96, 136, 135, 175, 174, 134, 94, 93, 54, 53, 52, 10, 9, 8, 7, 6, 5], [0, 61, 101, 102, 142, 141, 140, 139, 179, 180, 181, 221, 220, 219, 218, 217, 178, 138, 98, 99, 100, 60, 59, 58, 57, 56, 15]]

res = 5640.158
res_int = 5644
solution = [[0, 133, 173, 174, 175, 176, 217, 218, 219, 220, 221, 222, 223, 224, 225, 226, 227, 228, 188, 187, 147, 107, 106, 105, 65, 66, 67, 68], [0, 94, 134, 135, 136, 137, 138, 179, 180, 181, 182, 183, 184, 185, 186, 146, 145, 144, 143, 142, 141, 101, 102, 103, 104, 64, 25, 26], [0, 85, 84, 124, 125, 126, 166, 165, 205, 206, 207, 208, 209, 210, 211, 212, 213, 214, 215, 216, 177, 178, 139, 140, 100, 99, 98, 97, 96, 95], [0, 15, 16, 17, 18, 19, 20, 21, 22, 23, 24, 63, 62, 61, 60, 59, 58, 57, 56, 55, 54, 14, 13], [0, 123, 163, 164, 204, 203, 202, 201, 240, 239, 199, 198, 238, 237, 236, 235, 234, 233, 232, 231, 230, 229, 189, 190, 150, 149, 148, 108], [0, 75, 76, 77, 78, 79, 80, 41, 120, 119, 118, 117, 116, 115, 114, 113, 112, 111, 110, 109, 69, 70, 71, 72, 73, 74, 34], [0, 156, 155, 154, 153, 152, 151, 191, 192, 193, 194, 195, 196, 197, 157, 158, 159, 160, 200, 161, 162, 122, 121, 81, 82, 83, 43, 42], [0, 44, 45, 46, 86, 87, 88, 128, 127, 167, 168, 169, 170, 171, 172, 132, 131, 130, 129, 89, 90, 91, 92, 93, 53, 52, 51, 11, 12], [0, 9, 10, 50, 49, 48, 47, 8, 7, 6, 5, 4, 3, 2, 1, 40, 39, 38, 37, 36, 35, 33, 32, 31, 30, 29, 28, 27]]

Mean = 5615.673934498044
Execution = 12064.745140075684

Instance : Golden_02.xml
Time = 228.7964608669281

res = 8566.087
res_int = 8580
solution = [[0, 78, 118, 158, 159, 160, 200, 199, 198, 197, 237, 238, 278, 277, 317, 318, 319, 279, 239, 240, 280, 320, 281, 241, 201, 202, 162, 161, 121, 81, 120, 119, 79, 80, 41, 42], [0, 34, 74, 75, 115, 114, 113, 153, 154, 194, 193, 192, 232, 233, 273, 272, 312, 313, 314, 274, 234, 235, 275, 315, 316, 276, 236, 196, 195, 155, 156, 157, 117, 116, 76, 77, 37, 36, 35], [0, 18, 19, 20, 21, 22, 23, 24, 25, 66, 65, 64, 62, 61, 60, 59, 58, 98, 99, 100, 101, 102, 103, 143, 142, 141, 140, 139, 138, 137, 136, 135, 96, 97, 57, 16, 17], [0, 10, 11, 12, 13, 14, 15, 55, 54, 53, 52, 51, 50, 89, 90, 130, 131, 132, 172, 171, 170, 168, 167, 166, 126, 125, 85, 86, 87, 48, 49, 9, 8], [0, 181, 180, 179, 219, 259, 299, 298, 258, 257, 297, 296, 256, 216, 217, 218, 178, 177, 176, 175, 215, 255, 295, 294, 254, 214, 174, 134, 94, 95, 56], [0, 29, 30, 70, 69, 109, 110, 111, 71, 31, 32], [0, 27, 28, 68, 108, 107, 147, 148, 188, 187, 227, 267, 307, 308, 309, 269, 268, 228, 229, 230, 270, 310, 311, 271, 231, 191, 190, 189, 149, 150, 151, 152, 112, 72, 73, 33], [0, 63, 104, 144, 184, 183, 182, 222, 221, 220, 260, 300, 301, 261, 262, 302, 303, 263, 223, 224, 264, 304, 265, 305, 306, 266, 226, 225, 185, 186, 146, 145, 105, 106, 67, 26], [0, 5, 6, 46, 45, 84, 124, 164, 165, 205, 204, 244, 284, 283, 282, 242, 243, 203, 163, 123, 122, 82, 83, 43, 44, 4, 3, 2, 1, 40, 39, 38], [0, 91, 92, 93, 133, 173, 213, 253, 293, 292, 252, 212, 211, 210, 251, 291, 290, 250, 249, 289, 288, 248, 247, 287, 286, 285, 245, 246, 206, 207, 208, 209, 169, 129, 128, 127, 88, 47, 7]]

res = 8599.177
res_int = 8614
solution = [[0, 83, 84, 124, 123, 163, 164, 165, 205, 204, 203, 243, 244, 284, 283, 282, 242, 202, 201, 241, 281, 320, 280, 319, 279, 239, 240, 200, 199, 159, 160, 121, 161, 162, 122, 82, 81], [0, 41, 42, 43, 44, 45, 46, 47, 7, 8, 9, 10, 11, 12, 14, 15, 16, 17, 18, 19, 20, 21, 22, 23, 24, 25, 26, 27, 28, 29, 30, 31], [0, 64, 104, 103, 143, 142, 141, 140, 180, 220, 219, 259, 299, 300, 260, 261, 301, 302, 262, 222, 221, 181, 182, 183, 223, 224, 264, 263, 303, 304, 305, 265, 225, 186, 185, 184, 144, 145, 105, 65], [0, 86, 85, 125, 126, 166, 206, 206, 246, 245, 285, 286, 287, 247, 207, 208, 248, 288, 289, 290, 291, 292, 252, 251, 250, 249, 209, 169, 168, 167, 127, 87, 48], [0, 113, 153, 154, 155, 156, 157, 158, 198, 197, 196, 195, 194, 234, 235, 236, 237, 238, 278, 318, 317, 277, 276, 316, 315, 275, 274, 314, 313, 273, 312, 272, 232, 233, 193, 192, 152, 151, 112], [0, 6, 5, 4, 3, 2, 1, 40, 39, 38, 37, 36, 35, 34, 33, 32], [0, 51, 50, 90, 91, 92, 132, 172, 173, 174, 214, 255, 295, 296, 256, 257, 297, 298, 258, 218, 217, 177, 178, 179, 139, 138, 137, 98, 99, 58, 59], [0, 49, 89, 88, 128, 129, 130, 131, 171, 170, 210, 211, 212, 213, 253, 293, 294, 254, 215, 216, 176, 175, 136, 135, 134, 133, 93, 94, 95, 96, 97, 57, 56, 55, 54, 53, 52, 13], [0, 75, 76, 77, 78, 79, 80, 120, 119, 118, 117, 116, 115, 114, 74, 73, 72, 71, 111, 110, 109, 108, 70, 69, 68, 67, 66, 63, 62, 61, 60, 100, 101, 102], [0, 107, 106, 146, 147, 148, 187, 188, 228, 227, 226, 266, 306, 307, 267, 268, 308, 309, 269, 270, 310, 311, 271, 231, 230, 229, 189, 190, 191, 150, 149]]

res = 8606.844
res_int = 8621
solution = [[0, 7, 47, 87, 86, 126, 127, 167, 207, 206, 246, 286, 287, 247, 288, 248, 208, 209, 249, 289, 290, 291, 251, 250, 210, 170, 169, 168, 128, 88, 48, 8, 9], [0, 28, 27, 26, 25, 24, 23, 22, 21, 20, 19, 18, 17, 16, 58, 59, 60, 61, 100, 99, 98, 138, 139, 140, 141, 101, 102, 62, 63, 65, 66, 67, 68, 29, 30], [0, 103, 142, 143, 144, 184, 183, 182, 222, 221, 220, 260, 300, 301, 261, 262, 302, 303, 263, 223, 224, 264, 304, 265, 305, 306, 266, 226, 225, 185, 186, 146, 145, 105, 104, 64], [0, 34, 33, 73, 72, 112, 113, 114, 115, 116, 117, 118, 78, 77, 76, 75, 74, 35], [0, 106, 107, 147, 148, 188, 187, 227, 228, 268, 267, 307, 308, 309, 269, 229, 230, 270, 310, 311, 271, 272, 312, 313, 273, 233, 232, 231, 150, 110, 70], [0, 69, 108, 109, 149, 189, 190, 191, 192, 193, 194, 234, 274, 314, 315, 275, 276, 316, 317, 277, 237, 236, 235, 195, 196, 197, 157, 156, 155, 154, 153, 152, 151, 111, 71, 31, 32], [0, 1, 80, 79, 119, 159, 158, 198, 238, 278, 318, 319, 279, 280, 320, 281, 241, 242, 282, 283, 243, 244, 284, 285, 245, 205, 165, 166, 125, 124, 84, 85, 45, 46, 6, 5], [0, 36, 37, 38, 39, 40, 41, 81, 120, 160, 121, 161, 200, 199, 239, 240, 201, 202, 203, 204, 164, 163, 162, 122, 123, 83, 82, 42, 43, 44, 2, 3, 4], [0, 15, 14, 13, 12, 11, 51, 52, 53, 54, 55, 56, 96, 95, 94, 93, 133, 173, 213, 253, 293, 292, 252, 212, 211, 171, 172, 132, 131, 92, 91, 90, 130, 129, 89, 49, 50, 10], [0, 181, 180, 179, 219, 259, 299, 298, 258, 257, 297, 296, 256, 216, 217, 218, 178, 177, 176, 175, 215, 255, 295, 294, 254, 214, 174, 134, 135, 136, 137, 97, 57]]

res = 8607.447
res_int = 8620
solution = [[0, 38, 78, 79, 119, 120, 160, 159, 199, 200, 161, 201, 241, 281, 320, 280, 240, 239, 279, 319, 318, 278, 277, 317, 316, 276, 236, 237, 238, 198, 197, 196, 156, 157, 158, 118, 117, 116, 76, 77, 37], [0, 65, 105, 106, 146, 147, 187, 227, 228, 229, 230, 231, 232, 233, 273, 313, 312, 272, 271, 311, 310, 270, 269, 309, 308, 268, 267, 307, 306, 266, 226, 186, 185, 145, 144, 104, 64], [0, 88, 127, 167, 166, 165, 164, 204, 205, 206, 246, 286, 287, 247, 207, 208, 209, 249, 248, 288, 289, 290, 250, 251, 291, 292, 252, 212, 211, 210, 170, 171, 172, 132, 92, 93, 53], [0, 10, 11, 12, 13, 14, 15, 16, 17, 18, 19, 58, 59, 99, 98, 137, 177, 178, 218, 217, 216, 215, 175, 176, 136, 96, 95, 54, 52, 51, 50, 49, 9], [0, 44, 43, 42, 41, 80, 81, 82, 83, 84, 122, 121, 162, 202, 242, 282, 283, 284, 285, 245, 244, 243, 203, 163, 123, 124, 125, 126, 86, 85, 45, 5], [0, 6, 7, 8, 48, 89, 90, 91, 131, 130, 129, 169, 168, 128, 87, 47, 46, 4, 3, 2, 1, 40, 39, 36, 35, 34], [0, 29, 30, 31, 32, 33, 73, 72, 71, 111, 112, 113, 114, 154, 153, 152, 151, 150, 109, 108, 107, 67, 66, 26, 25], [0, 74, 75, 115, 155, 195, 235, 275, 315, 314, 274, 234, 194, 193, 192, 191, 190, 189, 188, 148, 149, 110, 70, 69, 68, 28, 27], [0, 55, 94, 135, 134, 133, 173, 174, 214, 213, 253, 293, 294, 254, 255, 295, 296, 256, 297, 257, 258, 298, 299, 259, 219, 220, 180, 179, 139, 138, 97, 56, 57], [0, 22, 21, 20, 60, 61, 101, 100, 140, 141, 181, 182, 222, 221, 261, 260, 300, 301, 302, 262, 263, 303, 304, 264, 305, 265, 225, 224, 223, 183, 184, 143, 142, 102, 103, 63, 62, 23, 24]]

res = 8615.204
res_int = 8629
solution = [[0, 172, 173, 174, 214, 213, 212, 252, 292, 293, 253, 254, 294, 295, 255, 215, 216, 256, 296, 297, 257, 217, 218, 258, 298, 299, 259, 219, 220, 180, 179, 178, 177, 176, 175, 95, 56], [0, 40, 1, 2, 3, 43, 42, 41, 80, 120, 81, 82, 83, 122, 121, 162, 202, 242, 282, 283, 284, 285, 245, 244, 243, 203, 163, 123, 124, 125, 126, 85, 84, 44, 45, 4, 5], [0, 89, 90, 170, 210, 209, 169, 168, 167, 166, 165, 164, 204, 205, 206, 246, 286, 287, 247, 207, 208, 248, 288, 289, 249, 250, 290, 291, 251, 211, 171, 131, 91], [0, 8, 9, 10, 11, 12, 58, 57, 55, 54, 53, 52, 51, 50, 49, 48, 47, 46, 86, 87, 88, 127, 128, 129, 130, 132, 133, 134, 135, 136, 137, 138, 97, 96, 94, 93, 92], [0, 18, 17, 16, 15, 14, 13, 6, 7], [0, 23, 24, 25, 26, 65, 64, 63, 103, 104, 105, 145, 144, 143, 183, 184, 185, 186, 226, 266, 306, 307, 267, 227, 228, 229, 189, 188, 187, 146, 106, 66, 27], [0, 22, 21, 20, 19, 60, 61, 62, 101, 102, 142, 182, 222, 223, 224, 225, 265, 305, 264, 304, 303, 263, 262, 302, 301, 300, 260, 261, 221, 181, 141, 140, 139, 100, 99, 98, 59], [0, 38, 78, 77, 76, 116, 117, 118, 158, 157, 197, 198, 238, 237, 236, 276, 316, 317, 277, 278, 318, 319, 279, 239, 240, 280, 320, 281, 241, 201, 161, 200, 199, 159, 160, 119, 79, 39], [0, 33, 34, 74, 73, 72, 112, 113, 114, 154, 153, 152, 192, 193, 194, 234, 233, 232, 272, 312, 313, 273, 274, 314, 315, 275, 235, 195, 196, 156, 155, 115, 75, 35, 36, 37], [0, 32, 31, 30, 71, 70, 69, 68, 108, 109, 110, 111, 151, 191, 231, 271, 311, 310, 309, 308, 268, 269, 270, 230, 190, 150, 149, 148, 147, 107, 67, 28, 29]]

res = 8617.578
res_int = 8632
solution = [[0, 55, 54, 94, 95, 96, 137, 179, 180, 220, 219, 259, 299, 298, 258, 218, 217, 257, 297, 296, 256, 216, 215, 255, 295, 294, 254, 214, 174, 134, 93, 53], [0, 12, 13, 14, 15, 16, 17, 18, 19, 56, 57, 58, 59, 99, 98, 97, 136, 135, 175, 176, 177, 178, 138, 139, 140, 141, 100, 60, 61, 62, 63, 20, 21, 22, 23, 24, 25], [0, 36, 35, 75, 76, 116, 115, 155, 156, 196, 195, 235, 275, 315, 314, 274, 234, 233, 273, 313, 312, 272, 232, 231, 191, 192, 193, 194, 154, 153, 113, 114, 74, 34, 33], [0, 38, 39, 40, 79, 78, 118, 119, 120, 160, 159, 199, 200, 161, 201, 241, 281, 320, 280, 240, 239, 279, 319, 318, 278, 277, 317, 316, 276, 236, 237, 238, 198, 197, 157, 158, 117, 77, 37], [0, 85, 84, 124, 125, 126, 166, 207, 208, 209, 210, 211, 212, 172, 171, 170, 169, 129, 130, 131, 132, 92, 91, 90, 89, 88, 48, 49, 50, 51, 11, 10], [0, 9, 8, 7, 6, 5, 44, 43, 42, 41, 80, 81, 121, 122, 162, 202, 242, 282, 283, 284, 244, 243, 203, 204, 205, 165, 164, 163, 123, 82, 83], [0, 52, 133, 173, 213, 253, 293, 292, 252, 251, 291, 290, 250, 249, 289, 288, 248, 247, 287, 286, 285, 245, 246, 206, 167, 168, 128, 127, 87, 86, 47, 46, 45, 4, 3, 2, 1], [0, 27, 28, 68, 67, 66, 106, 107, 108, 69, 70, 31, 30, 29], [0, 64, 104, 103, 102, 101, 181, 221, 261, 260, 300, 301, 302, 262, 263, 303, 304, 264, 265, 305, 306, 266, 226, 225, 224, 223, 222, 182, 183, 142, 143, 144, 184, 185, 145, 105, 65, 26], [0, 71, 111, 110, 109, 149, 148, 147, 146, 186, 187, 188, 228, 227, 267, 307, 308, 268, 269, 309, 310, 311, 271, 270, 230, 229, 189, 190, 150, 151, 152, 112, 72, 73, 32]]

res = 8637.363
res_int = 8653
solution = [[0, 33, 34, 35, 75, 76, 116, 115, 155, 156, 196, 195, 235, 275, 315, 314, 274, 234, 233, 273, 313, 312, 272, 232, 192, 193, 194, 154, 153, 152, 112, 113, 114, 74, 73, 72, 32], [0, 20, 19, 18, 17, 16, 15, 14, 54, 55, 56, 57, 58, 98, 97, 96, 95, 94, 135, 136, 176, 177, 178, 137, 138, 139, 99, 59, 21, 22, 23, 24], [0, 9, 8, 7, 6, 47, 48, 49, 50, 51, 90, 89, 88, 87, 127, 128, 129, 130, 131, 132, 92, 91, 52, 11, 10], [0, 39, 38, 78, 79, 119, 120, 160, 159, 199, 200, 161, 201, 241, 281, 320, 280, 240, 239, 279, 319, 318, 278, 277, 317, 316, 276, 236, 237, 238, 198, 197, 157, 158, 118, 117, 77, 37, 36], [0, 179, 180, 220, 219, 259, 299, 298, 258, 218, 217, 257, 297, 296, 256, 216, 215, 255, 295, 294, 293, 292, 252, 212, 213, 253, 254, 214, 174, 175, 134, 133, 93, 53, 12, 13], [0, 29, 28, 68, 69, 70, 110, 109, 108, 148, 149, 150, 191, 231, 271, 311, 310, 270, 230, 229, 269, 309, 308, 268, 228, 227, 186, 185, 184, 183, 143, 144, 104, 63, 62], [0, 30, 31, 71, 111, 151, 190, 189, 188, 187, 147, 146, 145, 105, 106, 107, 67, 66, 27, 26], [0, 61, 60, 100, 140, 181, 221, 261, 260, 300, 301, 302, 262, 263, 303, 304, 264, 265, 305, 306, 307, 267, 266, 226, 225, 224, 223, 222, 182, 142, 141, 101, 102, 103, 64, 65, 25], [0, 1, 40, 80, 41, 82, 81, 121, 122, 162, 202, 242, 282, 283, 284, 285, 245, 244, 243, 203, 163, 123, 124, 83, 84, 85, 46, 45, 44, 43, 42, 2, 3, 4, 5], [0, 173, 172, 171, 170, 169, 168, 167, 207, 208, 209, 210, 211, 251, 291, 290, 250, 249, 289, 288, 248, 247, 287, 286, 246, 206, 205, 204, 164, 165, 166, 126, 125, 86]]

res = 8637.77
res_int = 8650
solution = [[0, 175, 176, 177, 178, 179, 180, 220, 219, 259, 299, 298, 258, 218, 217, 257, 297, 296, 256, 216, 215, 255, 295, 294, 254, 253, 293, 292, 252, 212, 213, 214, 174, 173, 172, 132, 133, 93, 92], [0, 15, 16, 17, 18, 19, 58, 57, 56, 97, 98, 138, 137, 136, 135, 134, 94, 95, 96, 55, 54, 53, 14, 13], [0, 38, 39, 79, 78, 118, 119, 120, 160, 159, 199, 200, 161, 201, 241, 281, 320, 280, 240, 239, 279, 319, 318, 317, 316, 276, 277, 278, 238, 237, 197, 198, 158, 157, 117, 77, 37], [0, 1, 40, 80, 41, 81, 121, 122, 162, 202, 242, 282, 283, 284, 285, 245, 244, 243, 203, 163, 123, 124, 125, 86, 46, 45, 44, 43, 42, 2, 3, 4, 5], [0, 131, 171, 211, 251, 291, 290, 250, 249, 289, 288, 248, 208, 207, 247, 287, 286, 246, 206, 205, 204, 164, 165, 166, 167, 168, 128, 127, 126, 85, 84, 83, 82], [0, 6, 7, 8, 9, 10, 11, 12, 52, 51, 50, 49, 48, 47, 87, 88, 89, 90, 129, 169, 209, 210, 170, 130, 91], [0, 23, 24, 64, 63, 103, 104, 144, 143, 183, 184, 185, 186, 226, 266, 306, 307, 308, 309, 269, 268, 267, 227, 187, 146, 145, 105, 106, 66, 65, 25, 26, 28, 29, 30], [0, 22, 62, 61, 101, 102, 142, 182, 222, 223, 264, 224, 225, 265, 305, 304, 303, 263, 262, 302, 301, 300, 260, 261, 221, 181, 141, 140, 139, 99, 100, 60, 59, 20, 21], [0, 32, 31, 71, 111, 151, 150, 190, 191, 231, 271, 311, 310, 270, 230, 229, 228, 188, 189, 149, 148, 147, 107, 108, 109, 110, 70, 69, 68, 67, 27], [0, 35, 36, 76, 75, 115, 116, 156, 155, 195, 196, 236, 235, 275, 315, 314, 274, 273, 313, 312, 272, 232, 233, 234, 194, 193, 192, 152, 153, 154, 114, 113, 112, 72, 73, 74, 34, 33]]

res = 8642.485
res_int = 8658
solution = [[0, 39, 40, 1, 2, 3, 4, 5, 6, 7, 47, 46, 45, 44, 43, 42, 41, 80, 79, 120, 81, 121, 122, 82, 83, 84, 85, 86, 87, 127, 126, 125], [0, 22, 62, 61, 101, 141, 181, 221, 261, 260, 300, 301, 302, 262, 263, 303, 304, 264, 265, 305, 306, 266, 226, 225, 224, 223, 222, 182, 142, 102, 103, 63, 23, 24], [0, 77, 76, 116, 117, 157, 158, 198, 197, 237, 238, 278, 277, 276, 316, 317, 318, 319, 279, 239, 240, 280, 320, 281, 241, 201, 202, 162, 161, 200, 199, 159, 160, 119, 118, 78, 38], [0, 94, 93, 133, 134, 174, 214, 254, 294, 295, 255, 215, 216, 256, 296, 297, 257, 217, 218, 258, 298, 299, 259, 219, 220, 180, 140, 139, 138, 137, 97, 98, 57], [0, 21, 20, 19, 18, 58, 59, 60, 100, 99, 179, 178, 177, 176, 175, 135, 136, 96, 95, 55, 56, 17, 16, 15, 14], [0, 35, 34, 33, 32, 31, 30, 29, 28, 68, 108, 107, 106, 105, 145, 146, 186, 185, 184, 183, 143, 144, 104, 64, 65, 66, 67, 27, 26, 25], [0, 69, 109, 149, 148, 147, 187, 188, 228, 227, 267, 307, 308, 268, 269, 309, 310, 311, 271, 270, 230, 229, 189, 190, 150, 151, 111, 110, 70, 71, 72, 73], [0, 74, 114, 113, 112, 152, 153, 154, 194, 193, 192, 191, 231, 232, 272, 312, 313, 273, 233, 234, 274, 314, 315, 275, 235, 236, 196, 195, 155, 156, 115, 75, 36, 37], [0, 10, 50, 49, 89, 90, 130, 131, 172, 173, 213, 253, 293, 292, 252, 212, 211, 251, 291, 290, 250, 249, 289, 288, 248, 247, 287, 286, 246, 206, 167, 168, 169, 129, 128, 88, 48, 8, 9], [0, 123, 124, 164, 163, 203, 204, 244, 243, 242, 282, 283, 284, 285, 245, 205, 165, 166, 207, 208, 209, 210, 170, 171, 132, 92, 91, 51, 52, 53, 54, 13, 12, 11]]

res = 8644.462
res_int = 8661
solution = [[0, 10, 49, 48, 47, 87, 88, 89, 128, 129, 130, 170, 171, 172, 212, 252, 292, 293, 253, 254, 294, 295, 255, 214, 213, 173, 132, 131, 92, 91, 90, 50, 51, 52, 53, 11, 12], [0, 17, 16, 56, 57, 58, 98, 97, 96, 136, 176, 177, 178, 218, 258, 298, 297, 296, 256, 257, 217, 216, 215, 175, 174, 135, 134, 133, 93, 94, 95, 55, 54, 15, 14, 13], [0, 137, 138, 139, 140, 179, 180, 220, 219, 259, 299, 300, 260, 261, 301, 302, 262, 222, 221, 181, 182, 183, 223, 263, 303, 304, 264, 224, 184, 103, 102, 62, 25, 26], [0, 18, 19, 20, 21, 61, 60, 59, 99, 100, 101, 141, 142, 143, 144, 146, 147, 107, 106, 66, 65, 64, 63, 24, 23, 22], [0, 35, 36, 77, 76, 116, 117, 157, 156, 195, 196, 236, 235, 234, 233, 273, 313, 314, 274, 275, 315, 316, 276, 277, 317, 318, 319, 279, 278, 238, 237, 197, 198, 158, 118, 78, 37], [0, 27, 28, 29, 30, 31, 32, 33, 73, 72, 71, 70, 69, 109, 110, 111, 112, 113, 153, 152, 151, 191, 231, 232, 192, 193, 194, 154, 155, 115, 114, 74, 75, 34], [0, 104, 105, 145, 185, 186, 187, 188, 228, 227, 226, 225, 265, 305, 306, 266, 267, 307, 308, 268, 269, 309, 310, 311, 312, 272, 271, 270, 230, 229, 189, 190, 150, 149, 148, 108, 68, 67], [0, 40, 1, 41, 80, 120, 160, 200, 161, 162, 163, 164, 165, 205, 204, 203, 243, 283, 282, 242, 202, 201, 241, 281, 320, 280, 240, 239, 199, 159, 119, 79, 38, 39], [0, 9, 8, 7, 6, 5, 4, 3, 46, 45, 84, 124, 123, 122, 121, 81, 82, 83, 43, 42, 2], [0, 127, 167, 168, 169, 209, 210, 211, 251, 291, 290, 250, 249, 289, 288, 248, 208, 207, 247, 287, 286, 285, 284, 244, 245, 246, 206, 206, 166, 126, 125, 86, 85, 44]]

Mean = 8617.441773235145
Execution = 13026.212548732758

Instance : Golden_03.xml
Time = 502.55168628692627

res = 11266.265
res_int = 11271
solution = [[0, 11, 12, 52, 53, 54, 55, 94, 93, 133, 132, 172, 173, 174, 134, 135, 175, 215, 255, 254, 214, 213, 253, 293, 333, 373, 374, 334, 294, 295, 335, 375, 376, 336, 296, 256, 216, 176, 136, 137, 96, 95, 56, 16, 15, 14, 13], [0, 116, 115, 155, 195, 235, 236, 237, 277, 276, 316, 356, 396, 395, 355, 315, 275, 274, 314, 354, 394, 393, 353, 313, 273, 233, 234, 194, 154, 114, 113, 112, 111, 110], [0, 33, 34, 35, 36, 37, 38, 39, 40, 1, 2, 42, 41, 81, 82, 122, 121, 161, 200, 199, 197, 196, 156, 157, 117, 118, 119, 80, 79, 78, 77, 76, 75, 74, 73, 72, 71, 70, 31, 32], [0, 120, 160, 159, 158, 198, 238, 239, 279, 278, 317, 357, 397, 398, 358, 318, 319, 359, 399, 400, 360, 320, 280, 240, 201, 241, 281, 321, 361, 362, 322, 282, 242, 203, 164, 165, 126, 127, 87, 86, 46, 4, 3], [0, 28, 68, 108, 148, 188, 189, 190, 230, 229, 269, 269, 309, 349, 389, 390, 350, 310, 270, 271, 311, 351, 391, 392, 352, 312, 272, 232, 231, 191, 192, 193, 153, 152, 151, 150, 149, 109, 69, 30, 29], [0, 17, 57, 97, 98, 138, 178, 177, 217, 257, 297, 337, 377, 378, 338, 298, 258, 218, 219, 259, 299, 339, 379, 380, 340, 300, 260, 220, 180, 179, 139, 140, 100, 99, 59, 58, 18], [0, 19, 20, 60, 61, 101, 142, 141, 181, 182, 183, 223, 222, 221, 261, 301, 341, 381, 382, 342, 302, 262, 263, 303, 303, 343, 383, 384, 344, 304, 264, 224, 184, 185, 145, 144, 143, 102, 103, 104, 105, 65, 64, 63, 62, 21, 22], [0, 27, 67, 107, 147, 187, 227, 228, 268, 268, 308, 348, 388, 387, 347, 307, 267, 266, 306, 346, 386, 385, 345, 305, 265, 225, 226, 186, 146, 106, 66, 26, 25, 24, 23], [0, 9, 8, 7, 6, 47, 48, 88, 89, 129, 128, 168, 169, 170, 210, 209, 249, 289, 329, 369, 370, 330, 290, 250, 251, 291, 331, 371, 372, 332, 292, 252, 212, 211, 171, 131, 130, 90, 91, 92, 51, 50, 49, 10], [0, 44, 43, 83, 84, 124, 123, 163, 162, 202, 243, 283, 323, 363, 364, 324, 284, 244, 204, 205, 245, 285, 325, 365, 366, 326, 327, 367, 368, 328, 288, 248, 208, 207, 247, 287, 286, 246, 206, 167, 166, 125, 85, 45, 5]]

res = 11352.523
res_int = 11358
solution = [[0, 9, 8, 7, 6, 5, 45, 46, 47, 48, 88, 87, 86, 85, 125, 126, 127, 166, 206, 246, 245, 285, 325, 365, 366, 326, 286, 287, 247, 208, 209, 210, 170, 169, 168, 128, 129, 130, 90, 89, 49, 50, 10, 11, 12], [0, 4, 3, 2, 1, 40, 39, 38, 79, 80, 41, 42, 43, 44, 84, 83, 82, 81, 120, 121, 122, 123, 124, 164, 165, 205, 204, 244, 284, 324, 364, 363, 323, 283, 243, 203, 163, 162, 161, 160, 159, 119, 78], [0, 17, 57, 97, 98, 138, 178, 218, 258, 298, 338, 378, 379, 339, 299, 259, 219, 220, 180, 179, 139, 99, 59, 58, 18, 19, 21, 22, 23, 25, 26, 27, 29, 28], [0, 24, 64, 65, 105, 104, 143, 144, 184, 183, 182, 222, 223, 263, 264, 224, 225, 265, 305, 345, 385, 384, 344, 304, 303, 343, 383, 382, 342, 302, 262, 261, 301, 341, 381, 380, 340, 300, 260, 221, 181, 142, 141, 140, 100, 101, 102, 103, 63, 62, 61, 60, 20], [0, 73, 113, 114, 154, 153, 192, 232, 233, 234, 274, 273, 313, 353, 393, 392, 352, 312, 272, 271, 311, 351, 391, 390, 350, 310, 270, 230, 231, 191, 190, 189, 149, 150, 110, 70], [0, 67, 66, 106, 146, 145, 185, 186, 226, 266, 306, 346, 386, 387, 347, 307, 267, 268, 308, 348, 388, 389, 349, 309, 269, 229, 228, 227, 187, 188, 148, 147, 107, 108, 109, 69, 68], [0, 16, 15, 14, 54, 55, 95, 94, 93, 92, 133, 134, 135, 136, 176, 216, 215, 175, 174, 214, 254, 294, 293, 253, 213, 212, 211, 171, 172, 173, 132, 131, 91, 51, 52, 53, 13], [0, 167, 207, 248, 288, 328, 327, 367, 368, 369, 329, 289, 249, 250, 290, 330, 370, 371, 331, 291, 251, 252, 292, 332, 372, 373, 333, 334, 374, 375, 335, 295, 255, 256, 296, 336, 376, 377, 337, 297, 257, 217, 177, 137, 96, 56], [0, 30, 31, 71, 72, 112, 111, 151, 152, 193, 194, 195, 235, 275, 315, 314, 354, 394, 395, 355, 396, 356, 316, 276, 236, 196, 156, 155, 115, 116, 76, 75, 74, 32, 33, 34], [0, 35, 36, 37, 77, 117, 157, 197, 237, 277, 317, 357, 397, 398, 358, 318, 278, 238, 239, 279, 319, 359, 399, 400, 360, 320, 281, 321, 361, 362, 322, 282, 242, 202, 201, 241, 280, 240, 200, 199, 198, 158, 118]]

res = 11354.392
res_int = 11360
solution = [[0, 47, 46, 45, 85, 86, 87, 127, 126, 166, 206, 205, 204, 203, 243, 283, 323, 363, 364, 324, 284, 244, 245, 285, 325, 365, 366, 326, 286, 246, 247, 287, 327, 367, 368, 328, 288, 248, 208, 207, 167, 168, 128, 88, 48], [0, 8, 9, 10, 11, 12, 13, 53, 52, 51, 50, 91, 92, 93, 133, 132, 131, 171, 172, 212, 252, 292, 332, 372, 371, 331, 291, 290, 330, 370, 369, 329, 289, 249, 209, 210, 250, 251, 211, 170, 169, 129, 130, 90, 89, 49, 7], [0, 78, 77, 116, 115, 155, 156, 157, 117, 118, 120, 82, 122, 162, 163, 164, 165, 125, 124, 123, 83, 84, 44, 43, 42, 2, 3, 4, 5, 6], [0, 15, 55, 95, 135, 136, 176, 175, 215, 216, 256, 296, 336, 376, 375, 335, 295, 255, 254, 294, 334, 374, 373, 333, 293, 253, 213, 214, 174, 173, 134, 94, 54, 14], [0, 16, 17, 57, 56, 96, 97, 98, 139, 138, 137, 177, 217, 257, 297, 337, 377, 338, 378, 379, 339, 299, 298, 258, 218, 178, 179, 219, 259, 260, 300, 340, 380, 381, 341, 301, 261, 220, 180, 140, 101, 100, 99, 58, 59, 60, 61, 21, 20, 19, 18], [0, 80, 79, 119, 159, 158, 198, 238, 237, 197, 196, 236, 276, 277, 317, 357, 397, 398, 358, 318, 278, 279, 319, 359, 399, 400, 360, 320, 280, 241, 281, 321, 361, 362, 322, 282, 242, 202, 201, 240, 239, 199, 200, 161, 121, 160, 81, 41], [0, 22, 23, 63, 62, 102, 103, 143, 142, 141, 181, 221, 222, 262, 263, 303, 303, 343, 302, 342, 382, 383, 384, 344, 304, 264, 224, 223, 182, 183, 184, 144, 145, 104, 64, 25, 26, 27], [0, 24, 66, 65, 105, 106, 146, 186, 185, 225, 265, 305, 345, 385, 386, 387, 347, 346, 306, 266, 226, 227, 187, 147, 148, 149, 109, 108, 107, 67, 68, 28], [0, 30, 29, 69, 70, 111, 110, 150, 151, 191, 190, 230, 229, 189, 188, 228, 268, 267, 307, 308, 348, 388, 389, 349, 309, 269, 269, 270, 310, 350, 390, 391, 351, 311, 271, 231, 232, 192, 152, 112, 72, 71, 31, 32], [0, 1, 40, 39, 38, 76, 75, 74, 114, 154, 194, 195, 235, 275, 315, 316, 356, 396, 355, 395, 394, 354, 353, 393, 392, 352, 312, 272, 273, 313, 314, 274, 234, 233, 193, 153, 113, 73, 33, 34, 35, 36, 37]]

res = 11372.52
res_int = 11383
solution = [[0, 3, 43, 42, 41, 81, 82, 122, 121, 161, 162, 163, 164, 165, 125, 124, 123, 83, 84, 44, 4], [0, 101, 141, 142, 143, 183, 223, 263, 262, 222, 182, 181, 180, 179, 178, 218, 258, 259, 220, 221, 261, 301, 341, 381, 382, 342, 302, 303, 303, 343, 383, 384, 344, 304, 264, 224, 184, 185, 145, 144, 104, 103, 102, 62], [0, 10, 11, 12, 13, 53, 52, 51, 50, 90, 91, 92, 132, 131, 130, 171, 172, 212, 252, 292, 332, 372, 371, 331, 291, 251, 250, 290, 330, 370, 369, 329, 289, 249, 209, 210, 211, 170, 169, 129, 89, 49, 9, 8, 7, 6, 5], [0, 16, 15, 55, 95, 135, 136, 176, 175, 215, 216, 256, 296, 336, 376, 375, 335, 295, 255, 254, 294, 334, 374, 373, 333, 293, 253, 213, 214, 174, 173, 133, 134, 94, 93, 54, 14], [0, 24, 23, 22, 21, 20, 19, 18, 17, 59, 58, 57, 56, 96, 97, 98, 138, 137, 177, 217, 257, 297, 337, 377, 378, 338, 298, 299, 339, 379, 380, 340, 300, 260, 219, 139, 140, 100, 99, 60, 61, 63, 64, 25, 26], [0, 2, 1, 40, 39, 38, 37, 36, 35, 34, 33, 32, 72, 73, 74, 114, 113, 112, 110, 109, 149, 150, 190, 189, 188, 228, 268, 308, 307, 346, 386, 385, 345, 305, 265, 225, 226, 186, 146, 106, 105, 65, 66, 67, 27], [0, 79, 80, 120, 160, 200, 199, 239, 240, 201, 202, 242, 282, 322, 362, 361, 321, 281, 241, 280, 320, 360, 400, 399, 359, 319, 279, 278, 318, 358, 398, 397, 357, 317, 277, 276, 236, 237, 238, 198, 197, 158, 159, 119, 118, 77], [0, 47, 46, 45, 85, 86, 87, 127, 126, 166, 206, 205, 204, 203, 243, 283, 323, 363, 364, 324, 284, 244, 245, 285, 325, 365, 366, 326, 286, 246, 247, 287, 327, 367, 368, 328, 288, 248, 208, 207, 167, 168, 128, 88, 48], [0, 31, 71, 111, 151, 192, 193, 194, 234, 273, 313, 353, 393, 392, 352, 312, 311, 351, 391, 390, 350, 310, 309, 349, 389, 388, 348, 387, 347, 306, 266, 267, 227, 187, 147, 148, 108, 107, 68, 69, 70, 30, 29, 28], [0, 75, 76, 116, 115, 155, 154, 153, 152, 191, 231, 230, 229, 269, 269, 270, 271, 272, 232, 233, 274, 314, 354, 394, 395, 355, 396, 356, 316, 315, 275, 235, 195, 196, 156, 157, 117, 78]]

res = 11374.733
res_int = 11383
solution = [[0, 27, 26, 25, 65, 105, 106, 146, 186, 187, 227, 226, 225, 265, 305, 345, 385, 386, 346, 306, 266, 267, 307, 347, 387, 388, 348, 308, 268, 268, 309, 349, 389, 390, 350, 310, 270, 230, 190, 150, 110], [0, 37, 36, 35, 34, 75, 74, 114, 113, 112, 111, 109, 108, 147, 148, 149, 189, 188, 228, 229, 269, 269, 231, 271, 311, 351, 391, 392, 352, 312, 272, 232, 233, 234, 194, 193, 192, 191, 151, 152, 153, 154, 155, 115, 116, 76, 38, 39, 40], [0, 20, 21, 22, 23, 24, 63, 64, 66, 67, 107, 68, 69, 70, 71, 72, 73, 33, 32, 31, 30, 29, 28], [0, 12, 11, 10, 50, 51, 52, 53, 54, 94, 93, 92, 132, 133, 134, 135, 175, 174, 173, 213, 214, 254, 253, 293, 333, 373, 374, 334, 294, 255, 295, 335, 375, 376, 336, 296, 256, 216, 215, 176, 136, 96, 95, 55, 15], [0, 44, 84, 83, 123, 163, 203, 243, 283, 323, 363, 364, 324, 284, 244, 245, 285, 325, 365, 366, 326, 286, 287, 327, 367, 368, 328, 288, 248, 247, 246, 206, 205, 204, 164, 125, 126, 127, 87, 47], [0, 49, 48, 88, 89, 90, 91, 131, 171, 172, 212, 252, 292, 332, 372, 371, 331, 291, 251, 250, 290, 330, 370, 369, 329, 289, 249, 209, 210, 211, 170, 169, 130, 129, 128, 168, 208, 207, 167, 166, 165, 124, 85, 86, 46, 45], [0, 19, 60, 61, 62, 104, 103, 102, 142, 143, 144, 145, 185, 184, 224, 264, 304, 344, 384, 383, 343, 303, 303, 263, 262, 302, 342, 382, 381, 341, 301, 261, 221, 222, 223, 183, 182, 181, 141, 140, 101, 100, 59, 18, 17, 16], [0, 58, 98, 99, 139, 179, 180, 220, 260, 300, 340, 380, 379, 339, 338, 378, 377, 337, 297, 298, 299, 259, 219, 218, 258, 257, 217, 177, 178, 138, 137, 97, 57, 56, 14, 13], [0, 159, 199, 240, 239, 279, 278, 238, 237, 277, 317, 357, 397, 398, 358, 318, 319, 359, 399, 400, 360, 320, 280, 241, 281, 321, 361, 362, 322, 282, 242, 202, 201, 200, 161, 162, 122, 121, 160, 82, 42, 43, 3], [0, 9, 8, 7, 6, 5, 4, 2, 1, 41, 80, 79, 78, 77, 117, 157, 156, 196, 195, 235, 275, 274, 273, 313, 353, 393, 394, 354, 314, 315, 355, 395, 396, 356, 316, 276, 236, 197, 198, 158, 118, 119, 120, 81]]

res = 11390.031
res_int = 11398
solution = [[0, 23, 24, 25, 65, 64, 63, 62, 102, 103, 104, 105, 145, 144, 143, 142, 183, 184, 224, 225, 226, 266, 265, 305, 345, 385, 384, 344, 304, 264, 303, 303, 343, 383, 382, 342, 302, 262, 263, 223, 182, 181, 141, 101, 61, 21, 22], [0, 78, 117, 157, 158, 198, 238, 237, 197, 196, 236, 276, 277, 317, 357, 397, 398, 358, 318, 278, 279, 319, 359, 399, 400, 360, 320, 280, 241, 281, 321, 361, 362, 322, 282, 242, 202, 201, 240, 239, 199, 159, 119, 118, 79], [0, 4, 3, 2, 42, 41, 80, 120, 81, 82, 122, 121, 160, 200, 161, 162, 163, 164, 124, 123, 83, 43, 44, 5, 6, 7], [0, 1, 40, 39, 38, 37, 36, 35, 34, 33, 32, 31, 68, 108, 148, 188, 228, 229, 269, 309, 349, 389, 388, 348, 347, 387, 386, 346, 306, 307, 308, 268, 267, 227, 187, 186, 185, 146, 147, 107, 106, 66, 67, 26, 27], [0, 46, 47, 87, 126, 127, 167, 166, 206, 207, 208, 248, 288, 328, 368, 367, 327, 287, 247, 246, 286, 326, 366, 365, 325, 285, 245, 244, 284, 324, 364, 363, 323, 283, 243, 203, 204, 205, 165, 125, 86, 85, 84, 45], [0, 20, 60, 100, 99, 139, 140, 180, 179, 219, 220, 221, 222, 261, 301, 341, 381, 380, 340, 300, 260, 259, 299, 339, 379, 378, 377, 376, 336, 337, 338, 298, 258, 218, 178, 137, 97, 56, 57, 58, 19, 18, 17, 16], [0, 28, 29, 69, 109, 149, 189, 190, 230, 270, 310, 350, 390, 391, 351, 311, 271, 231, 191, 151, 150, 110, 111, 74, 75, 76, 77], [0, 73, 113, 114, 115, 116, 156, 155, 154, 153, 193, 194, 195, 235, 275, 315, 316, 356, 396, 355, 395, 394, 354, 314, 274, 234, 233, 273, 313, 353, 393, 392, 352, 312, 272, 232, 192, 152, 112, 72, 71, 70, 30], [0, 49, 89, 129, 171, 212, 252, 253, 213, 214, 215, 216, 217, 257, 297, 296, 256, 255, 295, 335, 375, 374, 334, 294, 254, 293, 333, 373, 372, 371, 331, 332, 292, 291, 251, 250, 290, 330, 370, 369, 329, 289, 249, 209, 169, 168, 128, 88, 48], [0, 8, 9, 10, 11, 12, 13, 14, 15, 55, 54, 53, 52, 51, 50, 90, 91, 92, 93, 94, 95, 96, 136, 135, 134, 133, 132, 131, 130, 170, 210, 211, 172, 173, 174, 175, 176, 177, 138, 98, 59]]

res = 11416.404
res_int = 11424
solution = [[0, 48, 88, 87, 127, 128, 168, 167, 207, 208, 248, 288, 328, 368, 367, 327, 287, 247, 246, 286, 326, 366, 365, 325, 285, 245, 244, 284, 324, 364, 363, 323, 283, 243, 203, 204, 205, 206, 166, 165, 125, 126, 86, 46, 47], [0, 44, 43, 83, 123, 122, 121, 160, 200, 161, 162, 163, 164, 124, 84, 85, 45], [0, 78, 118, 158, 159, 199, 239, 240, 201, 202, 242, 282, 322, 362, 361, 321, 281, 241, 280, 320, 360, 400, 399, 359, 319, 279, 278, 318, 358, 398, 397, 357, 317, 277, 276, 236, 237, 238, 198, 197, 196, 156, 157, 116, 76, 77, 35], [0, 17, 16, 15, 14, 13, 12, 11, 10, 9, 8, 7, 6, 5, 4, 3, 2, 1, 40, 39, 38, 37, 36, 79, 80, 41, 42, 82, 81, 120, 119, 117, 75, 73, 72, 71, 70, 111, 110, 150, 151, 191, 190, 189, 149], [0, 52, 53, 54, 55, 94, 93, 92, 131, 132, 172, 212, 252, 292, 332, 372, 371, 331, 291, 251, 250, 290, 330, 370, 369, 329, 289, 249, 209, 210, 211, 171, 170, 169, 129, 130, 91, 90, 89, 49, 50, 51], [0, 56, 57, 97, 96, 95, 135, 134, 133, 173, 174, 214, 213, 253, 293, 333, 373, 374, 334, 294, 254, 255, 295, 335, 375, 376, 336, 296, 256, 216, 215, 175, 176, 136, 137, 138, 98, 58, 18], [0, 29, 30, 31, 32, 113, 112, 152, 153, 193, 192, 232, 231, 271, 272, 273, 233, 234, 274, 314, 354, 394, 395, 355, 396, 356, 316, 315, 275, 235, 195, 194, 154, 155, 115, 114, 74, 34, 33], [0, 69, 109, 148, 188, 228, 229, 230, 270, 310, 311, 312, 313, 353, 393, 392, 352, 351, 391, 390, 350, 389, 349, 309, 269, 269, 268, 308, 348, 388, 387, 347, 307, 267, 266, 306, 346, 386, 385, 345, 305, 265, 225, 226, 227, 187, 147, 108, 68, 28], [0, 100, 101, 102, 142, 141, 140, 179, 180, 181, 221, 220, 219, 218, 258, 298, 259, 299, 300, 260, 261, 301, 262, 302, 342, 382, 341, 381, 380, 340, 339, 379, 378, 338, 377, 337, 297, 257, 217, 177, 178, 139, 99, 59, 19], [0, 26, 25, 24, 23, 22, 21, 20, 60, 61, 62, 63, 64, 65, 105, 104, 103, 143, 144, 184, 183, 182, 222, 223, 263, 303, 303, 343, 383, 384, 344, 304, 264, 224, 185, 186, 146, 145, 106, 107, 67, 66, 27]]

res = 11424.064
res_int = 11430
solution = [[0, 47, 46, 45, 85, 86, 87, 127, 126, 166, 206, 205, 204, 203, 243, 283, 323, 363, 364, 324, 284, 244, 245, 285, 325, 365, 366, 326, 286, 246, 247, 287, 327, 367, 368, 328, 288, 248, 208, 207, 167, 168, 128, 88, 48], [0, 41, 42, 43, 44, 84, 83, 82, 81, 120, 119, 159, 160, 121, 122, 161, 162, 163, 164, 123, 124, 125, 165], [0, 25, 65, 105, 104, 144, 184, 224, 225, 226, 266, 265, 305, 345, 385, 384, 344, 304, 264, 303, 303, 343, 383, 382, 342, 302, 262, 263, 223, 183, 182, 181, 141, 142, 143, 103, 102, 101, 61, 62, 63, 64, 24, 23, 22, 21], [0, 19, 20, 60, 59, 58, 57, 98, 99, 100, 140, 180, 220, 221, 222, 261, 301, 341, 381, 380, 340, 300, 260, 259, 299, 339, 379, 378, 338, 298, 258, 218, 219, 179, 178, 139, 138, 137, 136, 97, 96, 95, 54, 15], [0, 33, 32, 72, 71, 111, 112, 152, 192, 191, 231, 232, 272, 312, 352, 392, 393, 353, 313, 273, 233, 234, 274, 314, 354, 394, 395, 355, 396, 356, 316, 315, 275, 235, 195, 194, 193, 153, 154, 155, 115, 114, 73, 34, 35, 36, 37], [0, 77, 117, 116, 156, 157, 198, 238, 237, 197, 196, 236, 276, 277, 317, 357, 397, 398, 358, 318, 278, 279, 319, 359, 399, 400, 360, 320, 280, 241, 281, 321, 361, 362, 322, 282, 242, 202, 201, 240, 239, 200, 199, 158, 118], [0, 26, 66, 106, 107, 147, 146, 145, 185, 186, 187, 228, 268, 308, 310, 350, 390, 391, 351, 311, 271, 270, 230, 190, 150, 151, 113, 74, 75, 76, 78, 79, 80, 40, 39, 38], [0, 31, 30, 29, 28, 69, 70, 110, 109, 149, 189, 229, 269, 309, 349, 389, 388, 348, 347, 387, 386, 346, 306, 307, 267, 227, 188, 148, 108, 68, 67, 27], [0, 18, 17, 16, 56, 55, 94, 134, 135, 175, 176, 177, 217, 257, 297, 337, 377, 376, 336, 296, 256, 216, 215, 255, 295, 335, 375, 374, 334, 294, 254, 293, 333, 373, 372, 332, 292, 252, 253, 213, 214, 174, 173, 133, 132, 92, 93, 53, 52, 14, 13, 12], [0, 10, 11, 51, 91, 131, 171, 172, 212, 211, 210, 250, 251, 291, 331, 371, 370, 330, 290, 369, 329, 289, 249, 209, 169, 170, 130, 129, 89, 90, 50, 49, 9, 8, 7, 6, 5, 4, 3, 2, 1]]

res = 11459.803
res_int = 11467
solution = [[0, 4, 3, 2, 1, 40, 41, 81, 120, 160, 121, 161, 201, 202, 242, 282, 322, 362, 361, 321, 281, 241, 280, 320, 360, 400, 399, 359, 319, 318, 358, 398, 397, 357, 317, 277, 237, 238, 278, 279, 239, 240, 200, 159, 119, 79, 80, 39], [0, 61, 62, 63, 103, 102, 101, 142, 182, 222, 221, 261, 301, 300, 299, 339, 379, 380, 340, 341, 381, 382, 342, 302, 262, 263, 303, 303, 343, 383, 384, 344, 304, 264, 224, 223, 183, 184, 185, 144, 143, 104, 105, 64, 23], [0, 43, 42, 82, 83, 123, 122, 162, 163, 164, 124, 125, 165, 205, 204, 203, 243, 283, 323, 363, 364, 324, 284, 244, 245, 285, 325, 365, 366, 326, 286, 246, 206, 207, 247, 287, 327, 367, 368, 328, 288, 248, 208], [0, 44, 84, 85, 126, 166, 167, 127, 86, 46, 45], [0, 10, 11, 12, 51, 52, 92, 131, 130, 171, 172, 212, 211, 251, 252, 292, 332, 372, 371, 331, 291, 250, 290, 330, 370, 369, 329, 289, 249, 209, 210, 170, 169, 168, 128, 129, 50, 49, 48, 47, 9, 8, 7, 6, 5], [0, 14, 13, 53, 54, 55, 95, 94, 93, 133, 134, 135, 175, 215, 216, 256, 296, 336, 337, 377, 376, 375, 335, 295, 255, 254, 294, 334, 374, 373, 333, 293, 253, 213, 214, 174, 173, 132, 91, 90, 89, 88, 87], [0, 22, 21, 20, 19, 18, 58, 59, 60, 100, 99, 98, 138, 139, 140, 141, 181, 180, 179, 178, 218, 219, 220, 260, 259, 258, 298, 338, 378, 297, 257, 217, 177, 176, 136, 137, 97, 96, 56, 57, 17, 16, 15], [0, 68, 108, 148, 147, 186, 226, 225, 265, 305, 345, 385, 386, 346, 306, 266, 267, 307, 347, 387, 388, 348, 308, 309, 349, 389, 390, 350, 310, 311, 351, 391, 392, 352, 312, 272, 232, 230, 229, 228, 188, 189, 149, 109, 110, 69, 70, 71, 72], [0, 73, 74, 116, 117, 157, 156, 155, 154, 153, 152, 192, 193, 194, 195, 235, 234, 233, 273, 313, 353, 393, 394, 354, 314, 274, 275, 315, 355, 395, 396, 356, 316, 276, 236, 196, 197, 198, 199, 158, 118, 78, 77, 38, 37], [0, 33, 34, 35, 36, 76, 75, 115, 114, 113, 112, 111, 151, 150, 190, 191, 231, 271, 270, 269, 269, 268, 227, 187, 146, 145, 106, 107, 67, 66, 65, 24, 25, 26, 27, 28, 29, 30, 31, 32]]

res = 11475.059
res_int = 11481
solution = [[0, 14, 15, 55, 54, 53, 52, 92, 93, 94, 133, 132, 172, 173, 174, 214, 213, 253, 293, 333, 373, 374, 334, 294, 254, 255, 295, 335, 375, 376, 336, 296, 256, 216, 215, 175, 176, 177, 137, 136, 135, 134, 95, 96, 97, 58, 57, 56, 16], [0, 13, 12, 11, 10, 9, 8, 7, 49, 50, 51, 91, 131, 171, 211, 212, 252, 292, 332, 372, 371, 331, 291, 251, 250, 290, 330, 370, 369, 329, 289, 249, 209, 210, 170, 130, 90, 89, 47, 46, 5], [0, 3, 4, 45, 85, 86, 87, 128, 127, 126, 125, 164, 203, 243, 283, 323, 363, 364, 324, 284, 244, 245, 285, 325, 365, 366, 326, 286, 246, 206, 207, 247, 287, 327, 367, 368, 328, 288, 248, 208, 167, 168, 169, 129, 88, 48, 6], [0, 17, 18, 19, 20, 60, 59, 99, 98, 138, 178, 217, 257, 297, 337, 377, 378, 338, 298, 258, 259, 260, 220, 219, 218, 179, 180, 140, 139, 100, 101, 62, 63, 25, 26, 27, 33, 34, 35, 2, 1, 40, 39], [0, 23, 24, 64, 104, 144, 145, 185, 184, 224, 264, 304, 344, 384, 383, 343, 303, 303, 263, 262, 302, 342, 382, 381, 380, 379, 339, 299, 300, 340, 341, 301, 261, 221, 222, 223, 183, 143, 182, 181, 141, 142, 103, 102, 61, 22, 21], [0, 38, 37, 36, 76, 77, 78, 79, 80, 41, 43, 44, 84, 83, 123, 124, 165, 166, 205, 204, 163, 162, 122, 81, 120, 119, 118, 158, 157, 156, 117, 116, 115, 114, 75, 74, 73, 72, 70, 69, 68, 28, 29, 30, 31], [0, 108, 109, 149, 148, 188, 189, 229, 269, 269, 309, 349, 389, 390, 350, 310, 270, 271, 311, 351, 391, 392, 352, 312, 272, 232, 231, 230, 190, 191, 151, 150, 110], [0, 66, 65, 105, 106, 146, 186, 226, 225, 265, 305, 345, 385, 386, 346, 306, 266, 267, 307, 347, 387, 388, 348, 308, 268, 228, 227, 187, 147, 107, 67], [0, 160, 200, 240, 239, 279, 278, 238, 237, 277, 317, 357, 397, 398, 358, 318, 319, 359, 399, 400, 360, 320, 280, 241, 281, 321, 361, 362, 322, 282, 242, 202, 201, 161, 121, 82, 42], [0, 159, 199, 198, 197, 196, 236, 276, 316, 356, 396, 395, 355, 315, 314, 354, 394, 393, 353, 313, 273, 233, 234, 274, 275, 235, 195, 194, 193, 192, 152, 153, 154, 155, 113, 112, 111, 71, 32]]

Mean = 11388.579475045208
Execution = 12002.878135442734

Instance : Golden_04.xml
Time = 793.554327249527

res = 13849.626
res_int = 13848
solution = [[0, 9, 8, 7, 46, 47, 48, 88, 89, 90, 129, 169, 168, 128, 127, 126, 167, 166, 206, 246, 286, 287, 247, 207, 208, 248, 288, 328, 368, 408, 448, 447, 407, 367, 327, 326, 366, 406, 446, 445, 405, 365, 325, 285, 245, 205, 165, 125, 85, 86, 87, 45, 44], [0, 16, 15, 14, 13, 53, 54, 55, 94, 93, 133, 173, 174, 175, 215, 255, 254, 214, 213, 253, 293, 333, 373, 413, 453, 454, 414, 374, 334, 294, 295, 335, 375, 415, 455, 456, 416, 376, 336, 296, 256, 216, 176, 136, 135, 134, 95, 96, 56, 57, 17], [0, 4, 5, 6, 49, 50, 91, 130, 131, 171, 170, 210, 211, 251, 250, 209, 249, 289, 329, 369, 409, 449, 450, 410, 370, 330, 290, 291, 331, 371, 411, 451, 452, 412, 372, 332, 292, 252, 212, 172, 132, 92, 52, 51, 10, 11, 12, 18, 19], [0, 36, 35, 34, 33, 73, 74, 114, 113, 153, 193, 233, 273, 313, 353, 393, 433, 473, 474, 434, 394, 354, 314, 315, 355, 395, 435, 475, 476, 436, 396, 356, 316, 276, 236, 196, 195, 235, 275, 274, 234, 194, 154, 155, 156, 157, 117, 116, 115, 75, 76, 77, 37], [0, 2, 1, 40, 80, 41, 42, 82, 81, 121, 122, 123, 163, 162, 161, 201, 241, 281, 321, 361, 401, 441, 442, 402, 362, 322, 282, 242, 202, 203, 243, 283, 323, 363, 403, 443, 444, 404, 364, 324, 284, 244, 204, 164, 124, 84, 83, 43, 3], [0, 38, 78, 118, 158, 198, 197, 237, 277, 317, 357, 397, 437, 477, 478, 438, 398, 358, 318, 278, 238, 239, 279, 319, 359, 399, 439, 479, 480, 440, 400, 360, 320, 280, 240, 200, 199, 159, 160, 120, 119, 79, 39], [0, 63, 62, 102, 141, 140, 180, 221, 261, 301, 341, 381, 421, 461, 462, 422, 382, 342, 302, 262, 222, 223, 263, 303, 343, 383, 423, 463, 464, 424, 384, 344, 304, 264, 224, 184, 183, 143, 144, 145, 104, 103, 64], [0, 21, 20, 58, 59, 99, 98, 97, 137, 138, 139, 179, 178, 177, 217, 257, 297, 337, 377, 417, 457, 458, 418, 378, 338, 298, 258, 218, 219, 259, 299, 339, 379, 419, 459, 460, 420, 380, 340, 300, 260, 220, 181, 182, 142, 101, 100, 60, 61, 22], [0, 32, 31, 71, 72, 112, 152, 192, 191, 190, 230, 270, 271, 231, 232, 272, 312, 352, 392, 432, 472, 471, 431, 391, 351, 311, 310, 350, 390, 430, 470, 469, 429, 389, 349, 309, 269, 229, 189, 150, 151, 111, 110, 70, 69, 30, 29, 28, 27], [0, 26, 66, 67, 68, 108, 109, 149, 148, 147, 187, 188, 228, 268, 308, 348, 388, 428, 468, 467, 427, 387, 347, 307, 267, 227, 226, 266, 306, 346, 386, 426, 466, 465, 425, 385, 345, 305, 265, 225, 185, 186, 146, 107, 106, 105, 65, 25, 24, 23]]

res = 14109.347
res_int = 14108
solution = [[0, 18, 19, 20, 60, 59, 58, 98, 99, 100, 140, 139, 179, 180, 220, 219, 218, 258, 259, 260, 300, 340, 380, 420, 460, 459, 419, 379, 339, 299, 298, 338, 378, 418, 458, 457, 417, 377, 337, 297, 257, 217, 177, 178, 138, 137, 97, 57, 17], [0, 15, 16, 56, 55, 95, 96, 136, 135, 134, 174, 175, 176, 216, 215, 255, 256, 296, 336, 376, 416, 456, 455, 415, 375, 335, 295, 294, 334, 374, 414, 454, 453, 413, 373, 333, 293, 253, 254, 214, 213, 173, 133, 93, 94, 54, 53, 13, 14], [0, 3, 4, 44, 84, 83, 123, 124, 164, 204, 244, 243, 283, 323, 284, 324, 364, 404, 444, 443, 403, 363, 442, 402, 362, 322, 282, 242, 203, 163, 162, 202, 201, 240, 200, 161, 160, 121, 122, 82, 81, 120, 119, 79, 80, 41, 42, 43, 2], [0, 21, 61, 101, 141, 181, 221, 261, 301, 341, 381, 421, 461, 462, 422, 382, 342, 302, 262, 222, 182, 142, 102, 103, 62, 22], [0, 27, 26, 25, 24, 23, 63, 64, 65, 105, 104, 144, 143, 183, 184, 224, 223, 263, 303, 343, 383, 423, 463, 464, 424, 384, 344, 304, 264, 265, 305, 345, 385, 425, 465, 466, 426, 386, 346, 306, 266, 226, 225, 185, 145, 106, 107, 67, 66, 28], [0, 30, 69, 109, 149, 189, 229, 230, 270, 310, 350, 390, 430, 470, 469, 429, 389, 349, 309, 269, 268, 308, 348, 388, 428, 468, 467, 427, 387, 347, 307, 267, 227, 228, 188, 187, 186, 146, 147, 148, 108, 68, 29], [0, 31, 70, 110, 150, 190, 191, 231, 271, 311, 351, 391, 431, 471, 472, 432, 392, 352, 312, 272, 232, 192, 151, 111, 71, 72, 32], [0, 9, 8, 47, 48, 49, 89, 88, 87, 86, 127, 126, 166, 167, 168, 169, 209, 208, 207, 206, 246, 247, 248, 288, 328, 368, 408, 448, 447, 407, 367, 327, 287, 286, 326, 366, 406, 446, 445, 405, 365, 325, 285, 245, 205, 165, 125, 85, 45, 46, 7, 6, 5], [0, 12, 52, 51, 91, 92, 132, 131, 130, 171, 172, 212, 211, 251, 252, 292, 332, 372, 412, 452, 451, 411, 371, 331, 291, 250, 290, 330, 370, 410, 450, 449, 409, 369, 329, 289, 249, 210, 170, 129, 128, 90, 50, 10, 11], [0, 37, 76, 116, 115, 114, 154, 155, 156, 157, 197, 196, 195, 235, 275, 315, 314, 354, 355, 395, 435, 475, 394, 434, 474, 473, 433, 393, 353, 313, 273, 274, 234, 233, 193, 194, 153, 152, 112, 113, 73, 74, 75, 36, 35, 34, 33], [0, 38, 77, 117, 158, 198, 238, 237, 236, 276, 316, 356, 396, 436, 476, 477, 437, 397, 357, 317, 277, 278, 318, 358, 398, 438, 478, 479, 439, 399, 359, 319, 320, 360, 400, 440, 480, 441, 401, 361, 321, 281, 241, 280, 279, 239, 199, 159, 118, 78, 39, 40, 1]]

res = 14116.56
res_int = 14114
solution = [[0, 7, 47, 48, 88, 87, 86, 85, 126, 125, 165, 166, 167, 127, 128, 168, 208, 207, 206, 246, 247, 248, 288, 328, 368, 408, 448, 447, 407, 367, 327, 287, 286, 326, 366, 406, 446, 445, 405, 365, 325, 285, 245, 205, 164, 124, 84, 44, 45, 46, 6, 5], [0, 8, 9, 10, 11, 12, 52, 51, 90, 91, 92, 132, 131, 170, 210, 171, 172, 212, 211, 251, 252, 292, 332, 372, 412, 452, 451, 411, 371, 331, 291, 290, 330, 370, 410, 450, 449, 409, 369, 329, 289, 249, 250, 209, 169, 129, 130, 89, 50, 49, 4, 1, 40], [0, 102, 142, 182, 181, 221, 261, 301, 341, 381, 421, 461, 462, 422, 382, 342, 302, 262, 222, 223, 263, 303, 343, 383, 423, 463, 464, 424, 384, 344, 304, 264, 265, 305, 345, 385, 425, 465, 466, 426, 386, 346, 306, 266, 226, 225, 224, 184, 144, 145, 105, 104, 64], [0, 108, 107, 106, 146, 147, 148, 188, 228, 268, 308, 348, 349, 309, 310, 350, 390, 430, 470, 469, 429, 389, 388, 428, 468, 467, 427, 387, 347, 307, 267, 227, 187, 186, 185, 183, 143, 103, 63, 62, 22], [0, 15, 14, 13, 54, 53, 93, 94, 134, 133, 173, 174, 175, 214, 254, 213, 253, 293, 333, 373, 413, 453, 454, 414, 374, 334, 294, 295, 335, 375, 415, 455, 456, 416, 376, 336, 296, 256, 255, 215, 216, 176, 136, 135, 95, 96, 97, 58, 59], [0, 18, 19, 20, 21, 61, 60, 100, 101, 141, 140, 179, 180, 220, 260, 300, 340, 380, 420, 460, 459, 419, 379, 339, 299, 298, 338, 378, 418, 458, 457, 417, 377, 337, 297, 257, 258, 259, 219, 218, 217, 177, 178, 137, 138, 139, 99, 98, 57, 56, 55, 16, 17], [0, 82, 122, 121, 161, 201, 240, 239, 278, 318, 358, 359, 319, 280, 241, 281, 321, 361, 401, 441, 442, 402, 362, 322, 323, 363, 403, 443, 444, 404, 364, 324, 284, 244, 204, 203, 243, 283, 282, 242, 202, 162, 163, 123, 83, 43], [0, 39, 38, 78, 118, 117, 157, 197, 237, 277, 317, 357, 397, 437, 477, 478, 438, 398, 399, 439, 479, 480, 440, 400, 360, 320, 279, 238, 198, 158, 159, 199, 200, 160, 81, 120, 119, 79, 80, 41, 42, 3, 2], [0, 25, 26, 27, 28, 29, 30, 31, 32, 33, 34, 75, 115, 114, 113, 112, 151, 150, 190, 230, 231, 272, 312, 352, 392, 432, 472, 471, 431, 391, 351, 311, 271, 270, 269, 229, 189, 149, 109, 110, 70, 69, 68, 67, 66, 65, 24, 23], [0, 35, 74, 73, 72, 71, 111, 152, 153, 154, 194, 193, 192, 191, 232, 233, 273, 313, 353, 393, 433, 473, 474, 434, 394, 354, 314, 274, 234, 275, 315, 355, 395, 435, 475, 476, 436, 396, 356, 316, 276, 236, 235, 195, 196, 156, 155, 116, 76, 77, 36, 37]]

res = 14170.943
res_int = 14170
solution = [[0, 6, 7, 8, 48, 88, 128, 168, 167, 207, 247, 248, 288, 328, 368, 408, 448, 447, 407, 367, 327, 287, 286, 326, 366, 406, 446, 445, 405, 365, 325, 285, 245, 246, 206, 166, 126, 127, 87, 86, 46, 47, 5], [0, 10, 11, 12, 52, 51, 91, 92, 132, 172, 212, 211, 210, 250, 251, 252, 292, 332, 372, 412, 452, 451, 411, 371, 331, 291, 290, 330, 370, 410, 450, 449, 409, 369, 329, 289, 249, 209, 208, 169, 170, 171, 131, 130, 129, 89, 90, 50, 49, 9], [0, 102, 142, 182, 181, 221, 261, 301, 341, 381, 421, 461, 462, 422, 382, 342, 302, 262, 263, 303, 343, 383, 423, 463, 464, 424, 384, 344, 304, 305, 345, 385, 425, 465, 466, 426, 386, 346, 306, 266, 265, 264, 224, 184, 185, 145, 144, 104, 105, 65, 66, 26, 27], [0, 69, 68, 67, 107, 108, 109, 149, 148, 188, 189, 190, 191, 231, 230, 229, 268, 308, 348, 388, 428, 468, 467, 427, 387, 347, 307, 267, 227, 226, 225, 223, 222, 183, 143, 103, 62, 63, 64, 25, 24, 23, 22], [0, 18, 19, 20, 21, 61, 60, 59, 58, 98, 99, 100, 101, 141, 140, 180, 220, 219, 259, 260, 300, 340, 380, 420, 460, 459, 419, 379, 339, 299, 298, 338, 378, 418, 458, 457, 417, 377, 337, 297, 257, 258, 218, 178, 179, 139, 138, 137, 97, 57, 56, 17, 16], [0, 13, 14, 15, 55, 54, 53, 93, 94, 95, 135, 134, 133, 173, 213, 174, 215, 214, 254, 253, 293, 333, 373, 413, 453, 454, 414, 374, 334, 294, 295, 335, 375, 415, 455, 456, 416, 376, 336, 296, 256, 255, 216, 217, 177, 176, 175, 136, 96], [0, 28, 29, 30, 31, 32, 33, 34, 35, 36, 76, 75, 115, 116, 117, 157, 156, 196, 236, 235, 275, 315, 355, 395, 435, 475, 476, 436, 396, 356, 316, 276, 277, 278, 238, 237, 197, 198, 158, 159, 119, 118, 78, 77, 37], [0, 73, 72, 71, 70, 111, 112, 113, 153, 193, 233, 273, 313, 353, 393, 433, 473, 474, 434, 394, 354, 314, 274, 234, 194, 195, 155, 154, 114, 74], [0, 110, 150, 151, 152, 192, 232, 272, 312, 352, 392, 432, 472, 471, 431, 391, 351, 311, 271, 270, 310, 350, 390, 430, 470, 469, 429, 389, 349, 309, 269, 228, 187, 186, 146, 147, 106], [0, 40, 1, 2, 42, 41, 81, 121, 161, 162, 202, 242, 241, 201, 240, 280, 320, 360, 400, 440, 480, 479, 439, 399, 398, 438, 478, 477, 437, 397, 357, 317, 318, 358, 359, 319, 279, 239, 199, 200, 160, 120, 80, 79, 39, 38], [0, 4, 45, 44, 84, 85, 125, 124, 164, 165, 205, 204, 244, 284, 324, 364, 404, 444, 443, 403, 363, 362, 402, 442, 441, 401, 361, 321, 281, 282, 322, 323, 283, 243, 203, 163, 123, 122, 82, 83, 43, 3]]

res = 14172.32
res_int = 14172
solution = [[0, 289, 329, 369, 409, 449, 450, 410, 370, 330, 290, 291, 331, 371, 411, 451, 452, 412, 372, 332, 292, 252, 212, 172, 132, 92, 52, 12], [0, 20, 60, 59, 98, 99, 100, 139, 140, 180, 179, 218, 219, 220, 260, 300, 340, 380, 420, 460, 459, 419, 379, 339, 299, 259, 258, 298, 338, 378, 418, 458, 457, 417, 377, 337, 297, 257, 217, 177, 178, 138, 137, 136, 96, 97, 57, 58, 19, 18, 17, 16], [0, 14, 13, 53, 54, 94, 93, 133, 134, 174, 173, 213, 253, 293, 333, 373, 413, 453, 454, 414, 374, 334, 294, 295, 335, 375, 415, 455, 456, 416, 376, 336, 296, 256, 216, 215, 255, 254, 214, 175, 176, 135, 95, 55, 56, 15], [0, 21, 22, 23, 63, 62, 61, 101, 102, 103, 143, 142, 141, 181, 182, 222, 221, 261, 301, 341, 381, 421, 461, 462, 422, 382, 342, 302, 262, 263, 303, 343, 383, 423, 463, 464, 424, 384, 344, 304, 264, 224, 223, 183, 184, 144, 145, 105, 104, 64, 24], [0, 116, 156, 155, 195, 196, 197, 237, 277, 317, 357, 397, 437, 477, 478, 438, 398, 358, 318, 278, 279, 319, 359, 399, 439, 479, 480, 440, 400, 360, 320, 280, 240, 239, 238, 198, 157, 117], [0, 40, 39, 38, 37, 36, 35, 76, 77, 78, 79, 119, 118, 158, 159, 199, 200, 201, 241, 281, 321, 361, 401, 441, 442, 402, 362, 322, 282, 242, 202, 162, 161, 122, 121, 160, 120, 81, 82, 42, 41, 80, 1, 2], [0, 34, 33, 73, 74, 75, 115, 114, 154, 194, 234, 274, 275, 235, 236, 276, 316, 356, 396, 436, 476, 475, 435, 395, 355, 315, 314, 354, 394, 434, 474, 473, 433, 393, 353, 313, 273, 233, 193, 153, 113, 112, 72, 32], [0, 27, 28, 68, 108, 148, 147, 187, 188, 228, 268, 308, 348, 388, 428, 468, 467, 427, 387, 347, 307, 267, 227, 226, 266, 306, 346, 386, 426, 466, 465, 425, 385, 345, 305, 265, 225, 185, 186, 146, 106, 107, 67, 66, 65, 26, 25], [0, 31, 71, 111, 110, 150, 151, 152, 192, 232, 272, 312, 352, 392, 432, 472, 471, 431, 391, 351, 311, 310, 350, 390, 430, 470, 469, 429, 389, 349, 309, 269, 229, 230, 270, 271, 231, 191, 190, 189, 149, 109, 69, 70, 30, 29], [0, 4, 3, 43, 44, 84, 83, 123, 124, 125, 165, 164, 163, 203, 243, 283, 323, 363, 403, 443, 444, 404, 364, 324, 284, 244, 204, 205, 207, 208, 209, 250, 251, 211, 171, 131, 130, 129, 89, 90, 91, 51, 50, 49, 10, 11], [0, 9, 8, 48, 47, 87, 88, 128, 127, 167, 168, 169, 170, 210, 249, 248, 247, 287, 288, 328, 368, 408, 448, 447, 407, 367, 327, 326, 366, 406, 446, 445, 405, 365, 325, 285, 245, 286, 246, 206, 166, 126, 86, 85, 45, 46, 5, 6, 7]]

res = 14182.698
res_int = 14182
solution = [[0, 7, 6, 5, 45, 46, 86, 85, 125, 126, 167, 166, 165, 205, 206, 246, 245, 285, 325, 365, 405, 445, 446, 406, 366, 326, 286, 287, 327, 367, 407, 447, 448, 408, 368, 328, 288, 248, 247, 207, 208, 168, 128, 127, 87, 88, 48, 47, 8], [0, 3, 4, 44, 43, 42, 82, 83, 84, 124, 123, 122, 162, 163, 164, 204, 244, 284, 324, 364, 404, 444, 443, 403, 363, 362, 402, 442, 441, 401, 361, 321, 322, 282, 323, 283, 243, 203, 242, 202, 201, 240, 200, 161, 121, 160, 120, 81, 41, 80, 40, 1, 2], [0, 39, 38, 78, 79, 119, 159, 199, 239, 279, 280, 241, 281, 320, 319, 359, 399, 360, 400, 440, 480, 439, 479, 478, 438, 398, 358, 318, 278, 238, 198, 158, 118, 117, 77, 37, 36], [0, 15, 55, 95, 135, 175, 215, 255, 256, 296, 336, 376, 416, 456, 455, 415, 375, 335, 295, 294, 334, 374, 414, 454, 453, 413, 373, 333, 293, 253, 254, 214, 213, 173, 174, 134, 94, 54, 53, 13, 14], [0, 9, 49, 50, 90, 89, 129, 169, 170, 210, 209, 249, 289, 329, 369, 409, 449, 450, 410, 370, 330, 290, 250, 251, 291, 331, 371, 411, 451, 452, 412, 372, 332, 292, 252, 212, 211, 172, 171, 130, 131, 132, 133, 93, 92, 91, 51, 52, 12, 11, 10], [0, 29, 28, 68, 69, 70, 110, 109, 108, 148, 149, 189, 229, 230, 231, 270, 310, 350, 390, 430, 470, 469, 429, 389, 349, 309, 269, 268, 308, 348, 388, 428, 468, 467, 427, 387, 347, 307, 267, 227, 228, 188, 187, 186, 146, 147, 107, 67, 27, 26, 25], [0, 24, 64, 65, 66, 106, 105, 104, 144, 145, 185, 225, 226, 266, 306, 346, 386, 426, 466, 465, 425, 385, 345, 305, 265, 264, 304, 344, 384, 424, 464, 463, 423, 383, 343, 303, 263, 223, 224, 184, 183, 143, 103, 63, 23, 22], [0, 153, 152, 192, 193, 194, 234, 274, 275, 315, 314, 354, 394, 434, 474, 473, 433, 393, 353, 313, 273, 233, 232, 272, 312, 352, 392, 432, 472, 471, 431, 391, 351, 311, 271, 191, 190, 150, 151, 111, 71], [0, 30, 31, 32, 33, 34, 35, 75, 74, 73, 72, 112, 113, 114, 154, 155, 196, 195, 235, 236, 276, 316, 356, 396, 355, 395, 435, 475, 476, 436, 477, 437, 397, 357, 317, 277, 237, 197, 157, 156, 116, 115, 76], [0, 16, 56, 57, 97, 96, 136, 137, 177, 176, 216, 217, 257, 297, 337, 377, 417, 457, 458, 418, 378, 338, 298, 299, 339, 379, 419, 459, 460, 420, 380, 340, 300, 260, 259, 258, 218, 219, 220, 180, 179, 178, 138, 139, 140, 141, 101, 100, 99, 98, 58, 18, 19, 20, 21], [0, 62, 102, 142, 182, 222, 262, 302, 342, 382, 422, 462, 461, 421, 381, 341, 301, 261, 221, 181, 61, 60, 59, 17]]

res = 14186.228
res_int = 14186
solution = [[0, 17, 16, 15, 14, 54, 55, 56, 96, 95, 94, 135, 134, 174, 213, 214, 254, 253, 293, 333, 373, 413, 453, 454, 414, 374, 334, 294, 295, 335, 375, 415, 455, 456, 416, 376, 336, 296, 256, 255, 215, 175, 136, 137, 97, 57, 18, 19], [0, 64, 104, 144, 184, 224, 223, 263, 303, 343, 383, 423, 463, 464, 424, 384, 344, 304, 264, 265, 305, 345, 385, 425, 465, 466, 426, 386, 346, 306, 266, 226, 225, 185, 145, 105, 65], [0, 66, 106, 146, 186, 187, 227, 267, 307, 347, 387, 427, 467, 468, 428, 388, 348, 308, 268, 269, 309, 349, 389, 429, 469, 470, 430, 390, 350, 310, 270, 271, 231, 230, 229, 228, 188, 148, 147, 107, 67], [0, 10, 11, 12, 13, 52, 53, 93, 92, 131, 132, 133, 173, 172, 171, 212, 252, 292, 332, 372, 412, 452, 451, 411, 371, 331, 291, 251, 211, 250, 290, 330, 370, 410, 450, 449, 409, 369, 329, 289, 249, 209, 210, 170, 130, 129, 90, 91, 51, 50, 49, 9, 8], [0, 4, 3, 2, 42, 82, 81, 120, 160, 121, 161, 201, 240, 200, 199, 239, 279, 319, 359, 399, 360, 400, 440, 480, 439, 479, 478, 438, 398, 358, 318, 278, 238, 198, 158, 159, 119, 118, 78, 79, 80, 41, 1, 40, 39], [0, 58, 98, 138, 178, 177, 176, 216, 217, 257, 297, 337, 377, 417, 457, 458, 418, 378, 338, 298, 299, 339, 379, 419, 459, 460, 420, 380, 340, 300, 260, 259, 258, 218, 219, 220, 180, 179, 139, 140, 100, 99, 59, 60, 20, 21, 22], [0, 63, 62, 102, 103, 143, 183, 182, 222, 262, 302, 342, 382, 422, 462, 461, 421, 381, 341, 301, 261, 221, 181, 141, 142, 101, 61], [0, 7, 46, 47, 48, 87, 86, 126, 127, 167, 166, 206, 246, 245, 285, 325, 365, 405, 445, 446, 406, 366, 326, 286, 287, 327, 367, 407, 447, 448, 408, 368, 328, 288, 248, 247, 207, 208, 168, 169, 128, 88, 89], [0, 6, 45, 84, 85, 125, 124, 164, 165, 205, 204, 244, 284, 324, 364, 404, 444, 443, 403, 363, 362, 402, 442, 441, 401, 361, 321, 281, 320, 280, 241, 282, 322, 323, 283, 243, 242, 202, 203, 163, 162, 122, 123, 83, 43, 44, 5], [0, 32, 31, 71, 72, 112, 111, 151, 152, 153, 193, 233, 273, 313, 353, 354, 394, 434, 474, 473, 433, 393, 392, 432, 472, 471, 431, 391, 351, 311, 352, 312, 272, 232, 192, 191, 190, 189, 149, 150, 110, 109, 108, 68, 69, 70, 30, 29, 28, 27, 26, 25, 24, 23], [0, 38, 77, 76, 75, 116, 117, 157, 197, 237, 277, 317, 357, 397, 437, 477, 436, 476, 475, 435, 395, 355, 396, 356, 316, 276, 236, 235, 275, 315, 314, 274, 234, 194, 195, 196, 156, 155, 154, 115, 114, 113, 73, 74, 33, 34, 35, 36, 37]]

res = 14215.459
res_int = 14212
solution = [[0, 23, 62, 102, 142, 182, 222, 262, 302, 342, 382, 422, 462, 461, 421, 381, 341, 301, 261, 221, 181, 141, 101, 61, 21, 22], [0, 18, 19, 20, 60, 59, 58, 98, 99, 100, 140, 139, 138, 178, 179, 180, 220, 219, 259, 260, 300, 340, 380, 420, 460, 459, 419, 379, 339, 299, 298, 338, 378, 418, 458, 457, 417, 377, 337, 297, 257, 258, 218, 217, 177, 137, 97, 96, 56, 57, 16, 17], [0, 4, 3, 2, 1, 40, 39, 38, 37, 80, 41, 42, 43, 44, 45, 85, 84, 83, 82, 81, 121, 122, 123, 163, 164, 124, 125, 165, 205, 245, 244, 204, 203, 243, 283, 282, 281, 241, 240, 201, 242, 202, 162, 161, 200, 160, 159, 120, 119, 118, 79, 78, 77, 76, 36], [0, 33, 73, 113, 152, 192, 232, 233, 234, 274, 273, 272, 312, 352, 392, 432, 472, 471, 431, 391, 351, 311, 271, 270, 310, 350, 390, 430, 470, 469, 429, 389, 349, 309, 269, 230, 231, 191, 151, 112, 72, 32], [0, 63, 103, 143, 183, 184, 224, 223, 263, 303, 343, 383, 423, 463, 464, 424, 384, 344, 304, 264, 265, 305, 345, 385, 425, 465, 466, 426, 386, 346, 306, 266, 225, 185, 144, 104, 64, 65, 24], [0, 31, 30, 29, 28, 68, 69, 70, 71, 111, 110, 109, 108, 149, 150, 190, 189, 229, 228, 268, 308, 348, 388, 428, 468, 467, 427, 387, 347, 307, 267, 227, 226, 186, 187, 188, 148, 147, 146, 145, 105, 106, 107, 67, 66, 27, 26, 25], [0, 34, 74, 114, 154, 153, 193, 194, 195, 235, 275, 315, 314, 313, 353, 393, 433, 473, 474, 434, 394, 354, 355, 395, 435, 475, 476, 436, 396, 356, 316, 276, 236, 196, 156, 155, 115, 116, 75, 35], [0, 158, 198, 199, 239, 238, 278, 279, 280, 320, 360, 321, 322, 323, 284, 324, 364, 404, 444, 443, 403, 363, 362, 402, 442, 441, 401, 361, 400, 440, 480, 479, 439, 399, 359, 319, 318, 358, 398, 438, 478, 477, 437, 397, 357, 317, 277, 237, 197, 157, 117], [0, 15, 55, 95, 135, 136, 176, 175, 215, 216, 256, 296, 336, 376, 416, 456, 455, 415, 375, 335, 334, 374, 414, 454, 453, 413, 373, 333, 293, 294, 295, 255, 254, 253, 213, 214, 174, 173, 172, 132, 133, 134, 94, 93, 92, 52, 53, 54, 14, 13], [0, 10, 9, 49, 50, 90, 89, 129, 130, 170, 169, 209, 210, 250, 249, 289, 329, 369, 409, 449, 450, 410, 370, 330, 290, 291, 331, 371, 411, 451, 452, 412, 372, 332, 292, 252, 251, 211, 212, 171, 131, 91, 51, 11, 12], [0, 8, 48, 88, 128, 127, 167, 168, 208, 207, 247, 248, 288, 328, 368, 408, 448, 447, 407, 367, 327, 287, 286, 326, 366, 406, 446, 445, 405, 365, 325, 285, 246, 206, 166, 126, 86, 87, 47, 46, 5, 6, 7]]

res = 14223.985
res_int = 14220
solution = [[0, 144, 143, 183, 184, 224, 225, 226, 266, 306, 346, 386, 426, 466, 465, 425, 385, 345, 305, 265, 264, 304, 344, 384, 424, 464, 463, 423, 383, 343, 303, 263, 223, 222, 262, 302, 342, 382, 422, 462, 461, 421, 381, 341, 301, 261, 221, 181, 182, 142, 101], [0, 157, 197, 237, 277, 317, 357, 397, 437, 477, 478, 438, 398, 358, 318, 278, 238, 198, 200, 161, 122, 123, 124, 166, 206, 246, 287, 327, 367, 407, 447, 448, 408, 368, 328, 288, 248, 247, 207, 208, 168, 167, 127, 128, 88, 87, 47, 48, 7, 8], [0, 18, 58, 59, 60, 61, 100, 99, 98, 97, 96, 136, 137, 138, 177, 176, 217, 257, 297, 337, 377, 417, 457, 458, 418, 378, 338, 298, 299, 339, 379, 419, 459, 460, 420, 380, 340, 300, 260, 220, 219, 259, 258, 218, 178, 179, 180, 139, 140, 141, 102], [0, 16, 17, 57, 56, 95, 94, 134, 135, 175, 174, 214, 254, 255, 215, 216, 256, 296, 336, 376, 416, 456, 455, 415, 375, 335, 295, 294, 334, 374, 414, 454, 453, 413, 373, 333, 293, 253, 213, 212, 172, 173, 133, 93, 53, 54, 55, 15], [0, 12, 11, 10, 9, 49, 50, 90, 89, 129, 130, 170, 169, 209, 249, 289, 329, 369, 409, 449, 450, 410, 370, 330, 290, 250, 210, 251, 291, 331, 371, 411, 451, 452, 412, 372, 332, 292, 252, 211, 171, 131, 132, 92, 91, 51, 52, 13, 14], [0, 28, 29, 30, 31, 32, 33, 34, 35, 36, 37, 77, 76, 75, 74, 114, 113, 112, 152, 153, 154, 194, 193, 192, 232, 233, 234, 274, 314, 315, 355, 395, 435, 475, 476, 436, 396, 356, 316, 276, 275, 235, 236, 196, 195, 155, 156, 115, 116, 117], [0, 26, 27, 67, 68, 69, 70, 109, 149, 189, 190, 230, 229, 269, 270, 271, 311, 312, 352, 351, 391, 431, 471, 472, 432, 392, 393, 433, 473, 474, 434, 394, 354, 353, 313, 273, 272, 231, 191, 151, 150, 110, 111, 71, 72, 73], [0, 19, 20, 21, 22, 23, 24, 25, 66, 65, 64, 63, 62, 103, 104, 105, 106, 107, 147, 146, 145, 185, 186, 187, 227, 267, 307, 347, 387, 427, 467, 468, 428, 388, 389, 429, 469, 470, 430, 390, 350, 310, 309, 349, 348, 308, 268, 228, 188, 148, 108], [0, 40, 1, 41, 81, 120, 160, 121, 162, 163, 203, 204, 244, 284, 324, 323, 283, 243, 282, 242, 202, 201, 240, 280, 320, 360, 400, 440, 480, 479, 439, 399, 359, 319, 279, 239, 199, 159, 158, 118, 119, 80, 79, 78, 38, 39], [0, 2, 42, 43, 44, 84, 83, 82, 241, 281, 321, 361, 401, 441, 442, 402, 362, 322, 363, 403, 443, 444, 404, 364, 365, 405, 445, 446, 406, 366, 326, 286, 325, 285, 245, 205, 165, 164, 125, 126, 86, 85, 45, 46, 6, 5, 4, 3]]

res = 14230.582
res_int = 14231
solution = [[0, 47, 46, 45, 85, 86, 87, 127, 126, 125, 166, 165, 205, 206, 246, 245, 285, 325, 365, 405, 445, 446, 406, 366, 326, 286, 247, 287, 327, 367, 407, 447, 448, 408, 368, 328, 288, 248, 208, 207, 167, 168, 128, 88, 48], [0, 49, 50, 90, 89, 129, 130, 170, 169, 209, 249, 289, 329, 369, 409, 449, 450, 410, 370, 330, 290, 291, 331, 371, 411, 451, 452, 412, 372, 332, 292, 252, 251, 250, 210, 211, 212, 171, 131, 91, 92, 52, 51, 12], [0, 13, 14, 15, 54, 53, 93, 94, 134, 133, 132, 172, 173, 213, 214, 254, 253, 293, 333, 373, 413, 453, 454, 414, 374, 334, 294, 295, 335, 375, 415, 455, 456, 416, 376, 336, 296, 256, 255, 215, 216, 176, 175, 174, 135, 95, 55, 56, 20, 21], [0, 18, 19, 61, 60, 59, 58, 98, 99, 100, 140, 139, 179, 180, 220, 219, 259, 260, 300, 340, 380, 420, 460, 459, 419, 379, 339, 299, 298, 338, 378, 418, 458, 457, 417, 377, 337, 297, 257, 258, 218, 217, 177, 178, 138, 137, 136, 96, 97, 57, 16, 17], [0, 70, 110, 151, 191, 192, 193, 233, 273, 313, 353, 393, 433, 473, 474, 434, 394, 354, 314, 274, 234, 235, 194, 153, 152, 112, 111, 71, 72, 73, 74, 32], [0, 24, 63, 103, 104, 105, 145, 185, 225, 266, 306, 346, 386, 465, 425, 385, 345, 305, 304, 344, 384, 424, 464, 463, 423, 383, 343, 303, 263, 262, 302, 342, 382, 422, 462, 461, 421, 381, 341, 301, 261, 221, 222, 223, 183, 142, 102, 62, 23], [0, 11, 10, 9, 8, 7, 6, 5, 4, 3, 2, 1, 40, 39, 78, 118, 158, 159, 199, 239, 279, 319, 359, 358, 318, 278, 277, 237, 238, 198, 197, 157, 156, 116, 117, 77, 36, 35, 34, 33, 31, 30, 29, 28, 27, 26, 25], [0, 44, 43, 42, 82, 83, 84, 124, 164, 204, 203, 163, 123, 122, 162, 202, 242, 243, 244, 284, 324, 364, 404, 444, 443, 403, 363, 323, 283, 282, 322, 362, 402, 442, 441, 401, 361, 321, 281, 241, 201, 161, 121, 81, 41, 80, 38], [0, 37, 76, 75, 115, 114, 113, 154, 155, 195, 196, 236, 276, 275, 315, 355, 395, 435, 475, 476, 436, 396, 356, 316, 317, 357, 397, 437, 477, 478, 438, 398, 399, 439, 479, 480, 440, 400, 360, 320, 280, 240, 200, 160, 120, 119, 79], [0, 68, 69, 109, 150, 190, 230, 231, 232, 272, 312, 352, 392, 432, 472, 471, 431, 391, 351, 311, 271, 270, 310, 350, 390, 430, 470, 469, 429, 389, 349, 309, 269, 229, 189, 149, 148, 108, 107, 66, 65, 64, 22], [0, 101, 141, 181, 182, 143, 144, 184, 224, 264, 265, 226, 227, 267, 307, 347, 387, 427, 426, 466, 467, 468, 428, 388, 348, 308, 268, 228, 188, 187, 186, 146, 147, 106, 67]]

Mean = 14145.77468846228
Execution = 11753.042850494385

Instance : Golden_05.xml
Time = 185.9134759902954
