Instance : A-n33-k06.xml
Time = 0.4257235527038574

res = 743.443
res_int = 743
solution = [[0, 20, 9, 15, 2, 3, 4, 8, 5], [0, 7, 19, 29, 11, 17, 10], [0, 28, 27, 30, 16, 25, 32], [0, 21, 12], [0, 22, 26, 24, 23, 31], [0, 13, 6, 18, 1, 14]]

res = 744.242
res_int = 743
solution = [[0, 13, 5, 22, 26, 24, 23, 31], [0, 4, 8, 3, 2, 15, 9, 20, 6], [0, 21, 12], [0, 1, 18, 7, 19, 14], [0, 17, 29, 11, 10, 32], [0, 25, 16, 30, 27, 28]]

res = 744.242
res_int = 743
solution = [[0, 25, 16, 30, 27, 28], [0, 31, 23, 24, 26, 22, 5, 13], [0, 21, 12], [0, 1, 18, 7, 19, 14], [0, 17, 29, 11, 10, 32], [0, 4, 8, 3, 2, 15, 9, 20, 6]]

res = 744.256
res_int = 743
solution = [[0, 1, 18, 6, 7, 13], [0, 21, 12], [0, 8, 4, 26, 22, 24, 23, 31], [0, 19, 20, 9, 15, 2, 3, 5], [0, 14, 17, 29, 11, 10, 32], [0, 25, 16, 30, 27, 28]]

res = 744.256
res_int = 743
solution = [[0, 8, 4, 26, 22, 24, 23, 31], [0, 19, 20, 9, 15, 2, 3, 5], [0, 1, 18, 6, 7, 13], [0, 21, 12], [0, 25, 16, 30, 27, 28], [0, 32, 10, 11, 29, 17, 14]]

res = 744.256
res_int = 743
solution = [[0, 8, 4, 26, 22, 24, 23, 31], [0, 21, 12], [0, 19, 20, 9, 15, 2, 3, 5], [0, 1, 18, 6, 7, 13], [0, 14, 17, 29, 11, 10, 32], [0, 25, 16, 30, 27, 28]]

res = 744.565
res_int = 743
solution = [[0, 21, 12], [0, 1, 18, 6, 7, 13], [0, 8, 3, 2, 15, 9, 20, 19], [0, 5, 4, 26, 22, 24, 23, 31], [0, 25, 16, 30, 27, 28], [0, 14, 17, 29, 11, 10, 32]]

res = 744.565
res_int = 743
solution = [[0, 28, 27, 30, 16, 25], [0, 5, 4, 26, 22, 24, 23, 31], [0, 19, 20, 9, 15, 2, 3, 8], [0, 14, 17, 29, 11, 10, 32], [0, 21, 12], [0, 1, 18, 6, 7, 13]]

res = 745.453
res_int = 743
solution = [[0, 21, 12], [0, 31, 23, 24, 26, 22, 5, 13], [0, 18, 6, 19, 7, 1], [0, 4, 8, 3, 2, 15, 9, 20], [0, 14, 17, 29, 11, 10, 32], [0, 25, 16, 30, 27, 28]]

res = 745.453
res_int = 743
solution = [[0, 28, 27, 30, 16, 25], [0, 31, 23, 24, 26, 22, 5, 13], [0, 14, 17, 29, 11, 10, 32], [0, 21, 12], [0, 4, 8, 3, 2, 15, 9, 20], [0, 1, 7, 19, 6, 18]]

Mean = 744.4730593560814
Execution = 215.13691926002502

Instance : A-n34-k05.xml
Time = 0.5201210975646973

res = 780.936
res_int = 779
solution = [[0, 24, 30, 5, 26, 4], [0, 27, 1, 23, 11, 19, 17, 10], [0, 14, 29, 8, 15, 6, 7], [0, 2, 9, 12, 3, 22, 16, 33, 20], [0, 13, 25, 31, 28, 32, 21, 18]]

res = 780.936
res_int = 779
solution = [[0, 2, 9, 12, 3, 22, 16, 33, 20], [0, 24, 30, 5, 26, 4], [0, 13, 25, 31, 28, 32, 21, 18], [0, 14, 29, 8, 15, 6, 7], [0, 27, 1, 23, 11, 19, 17, 10]]

res = 780.936
res_int = 779
solution = [[0, 2, 9, 12, 3, 22, 16, 33, 20], [0, 24, 30, 5, 26, 4], [0, 13, 25, 31, 28, 32, 21, 18], [0, 27, 1, 23, 11, 19, 17, 10], [0, 14, 29, 8, 15, 6, 7]]

res = 780.936
res_int = 779
solution = [[0, 13, 25, 31, 28, 32, 21, 18], [0, 2, 9, 12, 3, 22, 16, 33, 20], [0, 24, 30, 5, 26, 4], [0, 7, 6, 15, 8, 29, 14], [0, 27, 1, 23, 11, 19, 17, 10]]

res = 783.407
res_int = 782
solution = [[0, 18, 2, 9, 12, 3, 22, 16, 33], [0, 24, 30, 5, 4, 26], [0, 7, 6, 15, 8, 29, 14], [0, 27, 1, 23, 11, 19, 17, 10], [0, 13, 25, 31, 28, 32, 21, 20]]

res = 784.2
res_int = 782
solution = [[0, 4, 26, 30, 24, 5], [0, 2, 9, 12, 3, 22, 16, 33, 20], [0, 14, 29, 8, 15, 6, 7], [0, 27, 1, 23, 11, 19, 17, 10], [0, 13, 25, 31, 28, 32, 21, 18]]

res = 785.451
res_int = 783
solution = [[0, 13, 25, 31, 28, 32, 21, 18], [0, 4, 26, 30, 24, 5], [0, 20, 33, 16, 22, 3, 12, 9, 2], [0, 14, 29, 8, 15, 6, 7], [0, 10, 17, 19, 11, 23, 27, 1]]

res = 786.437
res_int = 785
solution = [[0, 17, 19, 11, 8, 15, 6, 7], [0, 18, 2, 9, 12, 3, 22, 16, 33], [0, 24, 27, 23, 1, 29, 14], [0, 21, 32, 28, 31, 25, 13, 10], [0, 20, 4, 26, 5, 30]]

res = 786.437
res_int = 785
solution = [[0, 17, 19, 11, 8, 15, 6, 7], [0, 18, 2, 9, 12, 3, 22, 16, 33], [0, 30, 5, 26, 4, 20], [0, 21, 32, 28, 31, 25, 13, 10], [0, 24, 27, 23, 1, 29, 14]]

res = 786.437
res_int = 785
solution = [[0, 17, 19, 11, 8, 15, 6, 7], [0, 24, 27, 23, 1, 29, 14], [0, 30, 5, 26, 4, 20], [0, 33, 16, 22, 3, 12, 9, 2, 18], [0, 10, 13, 25, 31, 28, 32, 21]]

Mean = 783.611340112566
Execution = 198.9196581840515

Instance : A-n36-k05.xml
Time = 0.8078022003173828

res = 802.132
res_int = 799
solution = [[0, 1, 22, 32, 13, 17, 30, 29, 33, 18, 21], [0, 15, 8, 35, 2, 23, 34, 14, 28], [0, 9, 6, 3, 4, 19, 31, 12], [0, 20, 5, 25, 27, 24, 11, 16], [0, 26, 7, 10]]

res = 802.132
res_int = 799
solution = [[0, 1, 22, 32, 13, 17, 30, 29, 33, 18, 21], [0, 15, 8, 35, 2, 23, 34, 14, 28], [0, 12, 31, 19, 4, 3, 6, 9], [0, 20, 5, 25, 27, 24, 11, 16], [0, 10, 7, 26]]

res = 802.132
res_int = 799
solution = [[0, 21, 18, 33, 29, 30, 17, 13, 32, 22, 1], [0, 15, 8, 35, 2, 23, 34, 14, 28], [0, 9, 6, 3, 4, 19, 31, 12], [0, 20, 5, 25, 27, 24, 11, 16], [0, 10, 7, 26]]

res = 802.132
res_int = 799
solution = [[0, 21, 18, 33, 29, 30, 17, 13, 32, 22, 1], [0, 15, 8, 35, 2, 23, 34, 14, 28], [0, 12, 31, 19, 4, 3, 6, 9], [0, 20, 5, 25, 27, 24, 11, 16], [0, 10, 7, 26]]

res = 802.132
res_int = 799
solution = [[0, 21, 18, 33, 29, 30, 17, 13, 32, 22, 1], [0, 15, 8, 35, 2, 23, 34, 14, 28], [0, 20, 5, 25, 27, 24, 11, 16], [0, 26, 7, 10], [0, 9, 6, 3, 4, 19, 31, 12]]

res = 802.132
res_int = 799
solution = [[0, 21, 18, 33, 29, 30, 17, 13, 32, 22, 1], [0, 15, 8, 35, 2, 23, 34, 14, 28], [0, 20, 5, 25, 27, 24, 11, 16], [0, 26, 7, 10], [0, 9, 6, 3, 4, 19, 31, 12]]

res = 802.132
res_int = 799
solution = [[0, 21, 18, 33, 29, 30, 17, 13, 32, 22, 1], [0, 28, 14, 34, 23, 2, 35, 8, 15], [0, 9, 6, 3, 4, 19, 31, 12], [0, 20, 5, 25, 27, 24, 11, 16], [0, 26, 7, 10]]

res = 802.132
res_int = 799
solution = [[0, 1, 22, 32, 13, 17, 30, 29, 33, 18, 21], [0, 9, 6, 3, 4, 19, 31, 12], [0, 15, 8, 35, 2, 23, 34, 14, 28], [0, 26, 7, 10], [0, 20, 5, 25, 27, 24, 11, 16]]

res = 802.132
res_int = 799
solution = [[0, 1, 22, 32, 13, 17, 30, 29, 33, 18, 21], [0, 20, 5, 25, 27, 24, 11, 16], [0, 15, 8, 35, 2, 23, 34, 14, 28], [0, 9, 6, 3, 4, 19, 31, 12], [0, 26, 7, 10]]

res = 802.132
res_int = 799
solution = [[0, 20, 5, 25, 27, 24, 11, 16], [0, 21, 18, 33, 29, 30, 17, 13, 32, 22, 1], [0, 28, 14, 34, 23, 2, 35, 8, 15], [0, 9, 6, 3, 4, 19, 31, 12], [0, 26, 7, 10]]

Mean = 802.1318035237846
Execution = 250.8681778907776

Instance : A-n37-k05.xml
Time = 0.6944806575775146

res = 672.517
res_int = 671
solution = [[0, 16, 21], [0, 22, 13, 10, 6, 5, 33, 4, 7], [0, 30, 31, 28, 32, 29, 36, 34, 15], [0, 26, 18, 35, 25, 8, 27, 11, 9, 24, 3], [0, 1, 12, 2, 19, 20, 23, 14, 17]]

res = 672.741
res_int = 671
solution = [[0, 15, 34, 36, 29, 32, 28, 31, 26, 30], [0, 3, 24, 9, 11, 27, 8, 25, 35, 18], [0, 16, 21], [0, 7, 4, 33, 5, 6, 10, 13, 22], [0, 17, 14, 23, 20, 19, 2, 12, 1]]

res = 672.741
res_int = 671
solution = [[0, 1, 12, 2, 19, 20, 23, 14, 17], [0, 16, 21], [0, 7, 4, 33, 5, 6, 10, 13, 22], [0, 3, 24, 9, 11, 27, 8, 25, 35, 18], [0, 15, 34, 36, 29, 32, 28, 31, 26, 30]]

res = 672.741
res_int = 671
solution = [[0, 30, 26, 31, 28, 32, 29, 36, 34, 15], [0, 16, 21], [0, 22, 13, 10, 6, 5, 33, 4, 7], [0, 17, 14, 23, 20, 19, 2, 12, 1], [0, 18, 35, 25, 8, 27, 11, 9, 24, 3]]

res = 678.934
res_int = 676
solution = [[0, 1, 12, 2, 19, 20, 23, 14, 17, 3], [0, 15, 34, 36, 29, 32, 28, 31, 26, 30], [0, 18, 35, 25, 8, 27, 11, 9, 24], [0, 16, 21], [0, 22, 13, 10, 6, 5, 33, 4, 7]]

res = 682.333
res_int = 679
solution = [[0, 12, 10, 6, 2, 19, 20, 14], [0, 7, 4, 33, 5, 13, 22, 16], [0, 3, 8, 27, 11, 9, 24, 23, 17, 1, 21], [0, 15, 34, 36], [0, 29, 32, 28, 31, 26, 18, 35, 25, 30]]

res = 682.333
res_int = 679
solution = [[0, 7, 4, 33, 5, 13, 22, 16], [0, 3, 8, 27, 11, 9, 24, 23, 17, 1, 21], [0, 14, 20, 19, 2, 6, 10, 12], [0, 29, 32, 28, 31, 26, 18, 35, 25, 30], [0, 36, 34, 15]]

res = 682.333
res_int = 679
solution = [[0, 7, 4, 33, 5, 13, 22, 16], [0, 12, 10, 6, 2, 19, 20, 14], [0, 3, 8, 27, 11, 9, 24, 23, 17, 1, 21], [0, 30, 25, 35, 18, 26, 31, 28, 32, 29], [0, 36, 34, 15]]

res = 682.333
res_int = 679
solution = [[0, 7, 4, 33, 5, 13, 22, 16], [0, 30, 25, 35, 18, 26, 31, 28, 32, 29], [0, 14, 20, 19, 2, 6, 10, 12], [0, 36, 34, 15], [0, 3, 8, 27, 11, 9, 24, 23, 17, 1, 21]]

res = 682.333
res_int = 679
solution = [[0, 12, 10, 6, 2, 19, 20, 14], [0, 7, 4, 33, 5, 13, 22, 16], [0, 3, 8, 27, 11, 9, 24, 23, 17, 1, 21], [0, 36, 34, 15], [0, 29, 32, 28, 31, 26, 18, 35, 25, 30]]

Mean = 678.1341533429388
Execution = 210.4362187385559

Instance : A-n37-k06.xml
Time = 0.48020434379577637

res = 950.852
res_int = 949
solution = [[0, 24, 29, 36, 6, 14], [0, 27, 32, 15, 30, 13], [0, 7, 25, 35, 16], [0, 10, 11, 12, 22, 23, 28, 2, 33], [0, 31, 19, 9, 21, 26, 4], [0, 18, 17, 34, 1, 3, 5, 8, 20]]

res = 950.852
res_int = 949
solution = [[0, 24, 29, 36, 6, 14], [0, 27, 32, 15, 30, 13], [0, 16, 35, 25, 7], [0, 10, 11, 12, 22, 23, 28, 2, 33], [0, 31, 19, 9, 21, 26, 4], [0, 18, 17, 34, 1, 3, 5, 8, 20]]

res = 950.852
res_int = 949
solution = [[0, 27, 32, 15, 30, 13], [0, 7, 25, 35, 16], [0, 10, 11, 12, 22, 23, 28, 2, 33], [0, 14, 6, 36, 29, 24], [0, 31, 19, 9, 21, 26, 4], [0, 20, 8, 5, 3, 1, 34, 17, 18]]

res = 950.852
res_int = 949
solution = [[0, 27, 32, 15, 30, 13], [0, 7, 25, 35, 16], [0, 14, 6, 36, 29, 24], [0, 20, 8, 5, 3, 1, 34, 17, 18], [0, 33, 2, 28, 23, 22, 12, 11, 10], [0, 31, 19, 9, 21, 26, 4]]

res = 950.852
res_int = 949
solution = [[0, 24, 29, 36, 6, 14], [0, 27, 32, 15, 30, 13], [0, 16, 35, 25, 7], [0, 33, 2, 28, 23, 22, 12, 11, 10], [0, 20, 8, 5, 3, 1, 34, 17, 18], [0, 31, 19, 9, 21, 26, 4]]

res = 951.85
res_int = 951
solution = [[0, 13, 30, 15, 32, 27], [0, 7, 25, 35, 16], [0, 14, 6, 36, 29, 24], [0, 20, 8, 5, 3, 1, 31, 34], [0, 33, 2, 28, 23, 22, 12, 11, 10], [0, 18, 17, 19, 9, 21, 26, 4]]

res = 952.083
res_int = 950
solution = [[0, 16, 35, 25, 7], [0, 13, 30, 15, 32, 27], [0, 24, 29, 36, 6, 14], [0, 10, 11, 12, 22, 23, 28, 2, 33, 20], [0, 8, 5, 3, 1, 34, 17, 18], [0, 31, 19, 9, 21, 26, 4]]

res = 955.39
res_int = 953
solution = [[0, 24, 29, 36, 6, 14], [0, 27, 32, 15, 30, 13], [0, 16, 35, 25, 7], [0, 8, 5, 3, 1, 34, 17, 4, 18], [0, 10, 11, 12, 22, 23, 28, 2, 33, 20], [0, 31, 19, 9, 21, 26]]

res = 956.807
res_int = 955
solution = [[0, 13, 30, 15, 32, 27], [0, 7, 25, 35, 16], [0, 33, 2, 28, 23, 22, 12, 11, 10], [0, 20, 8, 5, 3, 1, 9, 21], [0, 24, 29, 36, 6, 14], [0, 4, 26, 19, 31, 34, 17, 18]]

res = 956.807
res_int = 955
solution = [[0, 7, 25, 35, 16], [0, 27, 32, 15, 30, 13], [0, 10, 11, 12, 22, 23, 28, 2, 33], [0, 4, 26, 19, 31, 34, 17, 18], [0, 21, 9, 1, 3, 5, 8, 20], [0, 24, 29, 36, 6, 14]]

Mean = 952.7198712544994
Execution = 254.4723916053772

Instance : A-n38-k05.xml
Time = 0.5201911926269531

res = 733.946
res_int = 730
solution = [[0, 24, 14, 2, 15, 13, 36, 17, 9], [0, 7, 5, 11, 27, 22, 32], [0, 21, 10, 30, 23, 35, 33, 8], [0, 19, 29, 34, 28, 31, 37, 20], [0, 18, 6, 25, 16, 4, 1, 3, 12, 26]]

res = 734.185
res_int = 730
solution = [[0, 10, 30, 29, 34, 19, 18], [0, 7, 5, 22, 27, 11, 37], [0, 21, 26, 12, 3, 1, 4, 16, 25, 6, 31, 28], [0, 24, 33, 35, 23, 8, 9], [0, 20, 32, 15, 13, 36, 17, 2, 14]]

res = 734.185
res_int = 730
solution = [[0, 10, 30, 29, 34, 19, 18], [0, 37, 11, 27, 22, 5, 7], [0, 9, 8, 23, 35, 33, 24], [0, 20, 32, 15, 13, 36, 17, 2, 14], [0, 28, 31, 6, 25, 16, 4, 1, 3, 12, 26, 21]]

res = 734.185
res_int = 730
solution = [[0, 10, 30, 29, 34, 19, 18], [0, 37, 11, 27, 22, 5, 7], [0, 21, 26, 12, 3, 1, 4, 16, 25, 6, 31, 28], [0, 24, 33, 35, 23, 8, 9], [0, 20, 32, 15, 13, 36, 17, 2, 14]]

res = 734.185
res_int = 730
solution = [[0, 10, 30, 29, 34, 19, 18], [0, 37, 11, 27, 22, 5, 7], [0, 28, 31, 6, 25, 16, 4, 1, 3, 12, 26, 21], [0, 24, 33, 35, 23, 8, 9], [0, 20, 32, 15, 13, 36, 17, 2, 14]]

res = 734.185
res_int = 730
solution = [[0, 9, 8, 23, 35, 33, 24], [0, 10, 30, 29, 34, 19, 18], [0, 7, 5, 22, 27, 11, 37], [0, 20, 32, 15, 13, 36, 17, 2, 14], [0, 28, 31, 6, 25, 16, 4, 1, 3, 12, 26, 21]]

res = 734.185
res_int = 730
solution = [[0, 10, 30, 29, 34, 19, 18], [0, 28, 31, 6, 25, 16, 4, 1, 3, 12, 26, 21], [0, 37, 11, 27, 22, 5, 7], [0, 9, 8, 23, 35, 33, 24], [0, 20, 32, 15, 13, 36, 17, 2, 14]]

res = 734.185
res_int = 730
solution = [[0, 10, 30, 29, 34, 19, 18], [0, 37, 11, 27, 22, 5, 7], [0, 20, 32, 15, 13, 36, 17, 2, 14], [0, 9, 8, 23, 35, 33, 24], [0, 28, 31, 6, 25, 16, 4, 1, 3, 12, 26, 21]]

res = 734.185
res_int = 730
solution = [[0, 18, 19, 34, 29, 30, 10], [0, 9, 8, 23, 35, 33, 24], [0, 20, 32, 15, 13, 36, 17, 2, 14], [0, 37, 11, 27, 22, 5, 7], [0, 21, 26, 12, 3, 1, 4, 16, 25, 6, 31, 28]]

res = 737.456
res_int = 734
solution = [[0, 10, 30, 29, 34, 18, 19], [0, 37, 11, 27, 22, 5, 7], [0, 9, 8, 23, 35, 33, 24], [0, 20, 32, 15, 13, 36, 17, 2, 14], [0, 21, 26, 12, 3, 1, 4, 16, 25, 6, 31, 28]]

Mean = 734.487867528686
Execution = 232.6347577571869

Instance : A-n39-k05.xml
Time = 0.5798637866973877

res = 829.679
res_int = 825
solution = [[0, 4, 18, 9, 12, 14], [0, 6, 36, 27, 28, 13, 30, 21], [0, 38, 15, 10, 32, 5, 29, 20, 1, 31, 33], [0, 17, 24, 35, 37, 34, 26, 11, 8], [0, 2, 22, 3, 7, 16, 23, 25, 19]]

res = 829.679
res_int = 825
solution = [[0, 38, 15, 10, 32, 5, 29, 20, 1, 31, 33], [0, 4, 18, 9, 12, 14], [0, 6, 36, 27, 28, 13, 30, 21], [0, 17, 24, 35, 37, 34, 26, 11, 8], [0, 2, 22, 3, 7, 16, 23, 25, 19]]

res = 829.679
res_int = 825
solution = [[0, 38, 15, 10, 32, 5, 29, 20, 1, 31, 33], [0, 14, 12, 9, 18, 4], [0, 6, 36, 27, 28, 13, 30, 21], [0, 17, 24, 35, 37, 34, 26, 11, 8], [0, 2, 22, 3, 7, 16, 23, 25, 19]]

res = 829.825
res_int = 825
solution = [[0, 17, 24, 35, 37, 34, 26, 11, 8], [0, 31, 23, 20, 29, 32, 10, 15, 38, 9], [0, 21, 30, 13, 28, 27, 36, 6], [0, 14, 19, 25, 33, 12, 18, 4], [0, 2, 22, 3, 7, 16, 5, 1]]

res = 829.825
res_int = 825
solution = [[0, 2, 22, 3, 7, 16, 5, 1], [0, 21, 30, 13, 28, 27, 36, 6], [0, 17, 24, 35, 37, 34, 26, 11, 8], [0, 14, 19, 25, 33, 12, 18, 4], [0, 31, 23, 20, 29, 32, 10, 15, 38, 9]]

res = 829.825
res_int = 825
solution = [[0, 31, 23, 20, 29, 32, 10, 15, 38, 9], [0, 14, 19, 25, 33, 12, 18, 4], [0, 6, 36, 27, 28, 13, 30, 21], [0, 2, 22, 3, 7, 16, 5, 1], [0, 17, 24, 35, 37, 34, 26, 11, 8]]

res = 831.023
res_int = 825
solution = [[0, 14, 19, 25, 33, 18, 9, 4], [0, 38, 15, 5, 29, 20, 23, 1, 31, 12], [0, 6, 36, 27, 28, 13, 30, 21], [0, 17, 24, 35, 37, 34, 26, 11, 8], [0, 2, 22, 3, 7, 16, 32, 10]]

res = 831.023
res_int = 825
solution = [[0, 38, 15, 5, 29, 20, 23, 1, 31, 12], [0, 14, 19, 25, 33, 18, 9, 4], [0, 6, 36, 27, 28, 13, 30, 21], [0, 17, 24, 35, 37, 34, 26, 11, 8], [0, 10, 32, 16, 7, 3, 22, 2]]

res = 831.023
res_int = 825
solution = [[0, 4, 9, 18, 33, 25, 19, 14], [0, 6, 36, 27, 28, 13, 30, 21], [0, 38, 15, 5, 29, 20, 23, 1, 31, 12], [0, 17, 24, 35, 37, 34, 26, 11, 8], [0, 10, 32, 16, 7, 3, 22, 2]]

res = 831.859
res_int = 828
solution = [[0, 14, 19, 25, 33, 18, 9, 4], [0, 38, 15, 10, 32, 29, 20, 23, 31, 12], [0, 2, 22, 3, 7, 16, 5, 1], [0, 17, 24, 35, 37, 34, 26, 11, 8], [0, 6, 36, 27, 28, 13, 30, 21]]

Mean = 830.3441348833925
Execution = 227.0143599510193

Instance : A-n39-k06.xml
Time = 0.6258587837219238

res = 833.205
res_int = 831
solution = [[0, 5, 29, 28, 9, 12, 38, 3, 24], [0, 15, 30, 13], [0, 37, 31, 14, 35, 25, 33, 19, 2], [0, 20, 32, 34, 22, 21, 23, 17, 36, 1, 6], [0, 7, 8, 4, 16, 10, 27, 18], [0, 26, 11]]

res = 833.205
res_int = 831
solution = [[0, 2, 19, 33, 25, 35, 14, 31, 37], [0, 24, 3, 38, 12, 9, 28, 29, 5], [0, 13, 30, 15], [0, 18, 27, 10, 16, 4, 8, 7], [0, 11, 26], [0, 20, 32, 34, 22, 21, 23, 17, 36, 1, 6]]

res = 833.205
res_int = 831
solution = [[0, 2, 19, 33, 25, 35, 14, 31, 37], [0, 5, 29, 28, 9, 12, 38, 3, 24], [0, 13, 30, 15], [0, 7, 8, 4, 16, 10, 27, 18], [0, 11, 26], [0, 20, 32, 34, 22, 21, 23, 17, 36, 1, 6]]

res = 833.205
res_int = 831
solution = [[0, 2, 19, 33, 25, 35, 14, 31, 37], [0, 24, 3, 38, 12, 9, 28, 29, 5], [0, 18, 27, 10, 16, 4, 8, 7], [0, 15, 30, 13], [0, 11, 26], [0, 20, 32, 34, 22, 21, 23, 17, 36, 1, 6]]

res = 836.002
res_int = 835
solution = [[0, 24, 3, 38, 12, 9, 28, 29, 5], [0, 13, 15], [0, 37, 31, 14, 35, 25, 33, 19, 2], [0, 22, 34, 27, 10, 16, 4, 8, 7], [0, 1, 36, 17, 23, 21, 18, 32, 20, 30], [0, 6, 11, 26]]

res = 837.081
res_int = 836
solution = [[0, 24, 3, 12, 9, 28, 29, 5], [0, 7, 8, 4, 16, 10, 27, 34, 22], [0, 13, 15], [0, 1, 36, 17, 23, 21, 18, 32, 20, 30], [0, 6, 11, 26], [0, 2, 19, 33, 25, 35, 14, 31, 37, 38]]

res = 837.094
res_int = 835
solution = [[0, 13, 30, 15], [0, 18, 27, 10, 16, 4, 8, 7], [0, 6, 1, 36, 17, 23, 21, 22, 34, 32, 20], [0, 29, 28, 9, 12, 38, 3, 24], [0, 5, 26, 11], [0, 2, 19, 33, 25, 35, 14, 31, 37]]

res = 837.094
res_int = 835
solution = [[0, 13, 30, 15], [0, 24, 3, 38, 12, 9, 28, 29], [0, 7, 8, 4, 16, 10, 27, 18], [0, 20, 32, 34, 22, 21, 23, 17, 36, 1, 6], [0, 11, 26, 5], [0, 2, 19, 33, 25, 35, 14, 31, 37]]

res = 837.094
res_int = 835
solution = [[0, 13, 30, 15], [0, 29, 28, 9, 12, 38, 3, 24], [0, 20, 32, 34, 22, 21, 23, 17, 36, 1, 6], [0, 11, 26, 5], [0, 7, 8, 4, 16, 10, 27, 18], [0, 37, 31, 14, 35, 25, 33, 19, 2]]

res = 837.094
res_int = 835
solution = [[0, 29, 28, 9, 12, 38, 3, 24], [0, 13, 30, 15], [0, 18, 27, 10, 16, 4, 8, 7], [0, 20, 32, 34, 22, 21, 23, 17, 36, 1, 6], [0, 5, 26, 11], [0, 37, 31, 14, 35, 25, 33, 19, 2]]

Mean = 835.4275082835786
Execution = 233.28758430480957

Instance : A-n44-k06.xml
Time = 0.6817762851715088

res = 938.181
res_int = 937
solution = [[0, 22, 36, 9, 38, 13, 14, 41, 2], [0, 6, 25, 3, 12, 39, 34, 4], [0, 29, 43, 40, 23, 30, 17], [0, 26, 10, 11, 16, 20, 18, 35, 1], [0, 33, 37, 42, 32, 21, 5, 24, 19], [0, 7, 28, 27, 15, 8, 31]]

res = 943.02
res_int = 942
solution = [[0, 17, 23, 40, 43, 29, 25], [0, 31, 4, 34, 39, 12, 3, 6], [0, 22, 36, 9, 38, 13, 14, 41, 2], [0, 30, 1, 35, 18, 20, 16, 26], [0, 24, 33, 10, 11, 37, 42, 32, 21, 5, 15], [0, 7, 28, 27, 19, 8]]

res = 943.02
res_int = 942
solution = [[0, 17, 23, 40, 43, 29, 25], [0, 31, 4, 34, 39, 12, 3, 6], [0, 22, 36, 9, 38, 13, 14, 41, 2], [0, 7, 28, 27, 19, 8], [0, 26, 16, 20, 18, 35, 1, 30], [0, 24, 33, 10, 11, 37, 42, 32, 21, 5, 15]]

res = 943.479
res_int = 942
solution = [[0, 22, 36, 9, 38, 13, 14, 41, 2], [0, 25, 29, 43, 40, 23, 17], [0, 30, 1, 35, 18, 20, 16, 26], [0, 33, 10, 11, 37, 42, 32, 21, 5, 24], [0, 8, 15, 19, 27, 28, 7], [0, 6, 3, 12, 39, 34, 4, 31]]

res = 946.276
res_int = 943
solution = [[0, 6, 3, 17, 34, 4, 31], [0, 12, 30, 23, 40, 29, 25], [0, 22, 36, 9, 38, 13, 14, 41, 2], [0, 43, 1, 35, 18, 20, 16, 39], [0, 26, 10, 11, 37, 42, 32, 21, 5, 7], [0, 19, 33, 24, 27, 28, 15, 8]]

res = 946.276
res_int = 943
solution = [[0, 6, 3, 17, 34, 4, 31], [0, 22, 36, 9, 38, 13, 14, 41, 2], [0, 43, 1, 35, 18, 20, 16, 39], [0, 12, 30, 23, 40, 29, 25], [0, 26, 10, 11, 37, 42, 32, 21, 5, 7], [0, 19, 33, 24, 27, 28, 15, 8]]

res = 946.276
res_int = 943
solution = [[0, 25, 29, 40, 23, 30, 12], [0, 22, 36, 9, 38, 13, 14, 41, 2], [0, 6, 3, 17, 34, 4, 31], [0, 43, 1, 35, 18, 20, 16, 39], [0, 26, 10, 11, 37, 42, 32, 21, 5, 7], [0, 19, 33, 24, 27, 28, 15, 8]]

res = 948.245
res_int = 946
solution = [[0, 22, 36, 9, 38, 13, 14, 41, 2], [0, 19, 33, 24, 27, 28, 15, 8], [0, 25, 40, 23, 30, 17], [0, 16, 20, 18, 35, 1, 43, 29], [0, 26, 10, 11, 37, 42, 32, 21, 5, 7], [0, 31, 4, 34, 39, 12, 3, 6]]

res = 948.245
res_int = 946
solution = [[0, 31, 4, 34, 39, 12, 3, 6], [0, 25, 40, 23, 30, 17], [0, 22, 36, 9, 38, 13, 14, 41, 2], [0, 16, 20, 18, 35, 1, 43, 29], [0, 19, 33, 24, 27, 28, 15, 8], [0, 26, 10, 11, 37, 42, 32, 21, 5, 7]]

res = 948.245
res_int = 946
solution = [[0, 2, 41, 14, 13, 38, 9, 36, 22], [0, 26, 10, 11, 37, 42, 32, 21, 5, 7], [0, 19, 33, 24, 27, 28, 15, 8], [0, 6, 3, 12, 39, 34, 4, 31], [0, 17, 30, 23, 40, 25], [0, 16, 20, 18, 35, 1, 43, 29]]

Mean = 945.1263154379052
Execution = 221.15945029258728

Instance : A-n45-k06.xml
Time = 0.7286629676818848

res = 955.997
res_int = 953
solution = [[0, 12, 39, 36, 42, 4, 16, 22, 9], [0, 11, 40, 30, 19, 34, 37, 24], [0, 27, 18, 17, 43, 29, 26], [0, 3, 10, 8, 41, 33, 21, 5, 20, 32], [0, 38, 2, 25, 15, 13, 7, 28], [0, 14, 31, 35, 1, 44, 6], [0, 23]]

res = 961.779
res_int = 959
solution = [[0, 11, 40, 30, 19, 34, 37, 24], [0, 26, 29, 43, 17, 18, 27], [0, 6, 44, 1, 35, 31, 14], [0, 28, 7, 13, 22, 15], [0, 2, 25, 12, 39, 36, 42, 4, 16, 9, 23], [0, 3, 10, 8, 41, 33, 21, 5, 20, 32], [0, 38]]

res = 961.779
res_int = 959
solution = [[0, 11, 40, 30, 19, 34, 37, 24], [0, 27, 18, 17, 43, 29, 26], [0, 14, 31, 35, 1, 44, 6], [0, 15, 22, 13, 7, 28], [0, 2, 25, 12, 39, 36, 42, 4, 16, 9, 23], [0, 38], [0, 3, 10, 8, 41, 33, 21, 5, 20, 32]]

res = 961.779
res_int = 959
solution = [[0, 11, 40, 30, 19, 34, 37, 24], [0, 2, 25, 12, 39, 36, 42, 4, 16, 9, 23], [0, 3, 10, 8, 41, 33, 21, 5, 20, 32], [0, 38], [0, 27, 18, 17, 43, 29, 26], [0, 15, 22, 13, 7, 28], [0, 14, 31, 35, 1, 44, 6]]

res = 961.779
res_int = 959
solution = [[0, 11, 40, 30, 19, 34, 37, 24], [0, 26, 29, 43, 17, 18, 27], [0, 6, 44, 1, 35, 31, 14], [0, 38], [0, 3, 10, 8, 41, 33, 21, 5, 20, 32], [0, 2, 25, 12, 39, 36, 42, 4, 16, 9, 23], [0, 28, 7, 13, 22, 15]]

res = 961.779
res_int = 959
solution = [[0, 11, 40, 30, 19, 34, 37, 24], [0, 26, 29, 43, 17, 18, 27], [0, 38], [0, 3, 10, 8, 41, 33, 21, 5, 20, 32], [0, 6, 44, 1, 35, 31, 14], [0, 2, 25, 12, 39, 36, 42, 4, 16, 9, 23], [0, 28, 7, 13, 22, 15]]

res = 961.779
res_int = 959
solution = [[0, 24, 37, 34, 19, 30, 40, 11], [0, 27, 18, 17, 43, 29, 26], [0, 2, 25, 12, 39, 36, 42, 4, 16, 9, 23], [0, 28, 7, 13, 22, 15], [0, 3, 10, 8, 41, 33, 21, 5, 20, 32], [0, 38], [0, 6, 44, 1, 35, 31, 14]]

res = 961.779
res_int = 959
solution = [[0, 11, 40, 30, 19, 34, 37, 24], [0, 32, 20, 5, 21, 33, 41, 8, 10, 3], [0, 14, 31, 35, 1, 44, 6], [0, 26, 29, 43, 17, 18, 27], [0, 15, 22, 13, 7, 28], [0, 38], [0, 2, 25, 12, 39, 36, 42, 4, 16, 9, 23]]

res = 961.779
res_int = 959
solution = [[0, 11, 40, 30, 19, 34, 37, 24], [0, 32, 20, 5, 21, 33, 41, 8, 10, 3], [0, 26, 29, 43, 17, 18, 27], [0, 38], [0, 6, 44, 1, 35, 31, 14], [0, 28, 7, 13, 22, 15], [0, 2, 25, 12, 39, 36, 42, 4, 16, 9, 23]]

res = 962.137
res_int = 958
solution = [[0, 11, 40, 30, 19, 34, 37, 24], [0, 26, 29, 27, 18, 17, 43], [0, 6, 44, 1, 14, 35, 31], [0, 12, 39, 36, 42, 4, 16, 22, 9], [0, 23], [0, 3, 10, 8, 41, 33, 21, 5, 20, 32], [0, 28, 7, 13, 15, 25, 2, 38]]

Mean = 961.2369520116392
Execution = 234.8999960422516

Instance : A-n45-k07.xml
Time = 0.7061119079589844

res = 1156.009
res_int = 1154
solution = [[0, 9, 14, 33, 44, 24, 21], [0, 22, 5, 30, 37, 1, 42], [0, 27, 41, 29, 36, 19, 31], [0, 8, 10, 15, 25, 23, 17, 38, 13], [0, 40, 20, 16, 7, 18, 32], [0, 4, 11, 43, 3, 28, 6, 2], [0, 39, 35, 34, 26, 12]]

res = 1156.009
res_int = 1154
solution = [[0, 9, 14, 33, 44, 24, 21], [0, 22, 5, 30, 37, 1, 42], [0, 31, 19, 36, 29, 41, 27], [0, 8, 10, 15, 25, 23, 17, 38, 13], [0, 40, 20, 16, 7, 18, 32], [0, 4, 11, 43, 3, 28, 6, 2], [0, 35, 39, 34, 26, 12]]

res = 1156.009
res_int = 1154
solution = [[0, 31, 19, 36, 29, 41, 27], [0, 9, 14, 33, 44, 24, 21], [0, 22, 5, 30, 37, 1, 42], [0, 8, 10, 15, 25, 23, 17, 38, 13], [0, 40, 20, 16, 7, 18, 32], [0, 4, 11, 43, 3, 28, 6, 2], [0, 39, 35, 34, 26, 12]]

res = 1156.009
res_int = 1154
solution = [[0, 27, 41, 29, 19, 36, 31], [0, 21, 24, 44, 33, 14, 9], [0, 8, 10, 15, 25, 23, 17, 38, 13], [0, 40, 20, 16, 7, 18, 32], [0, 22, 5, 30, 37, 1, 42], [0, 4, 11, 43, 3, 28, 6, 2], [0, 12, 26, 34, 35, 39]]

res = 1156.107
res_int = 1154
solution = [[0, 9, 14, 33, 44, 24, 21], [0, 22, 5, 30, 37, 1, 42], [0, 4, 11, 43, 3, 28, 6], [0, 31, 19, 36, 29, 41, 27], [0, 8, 10, 15, 25, 23, 17, 38, 13], [0, 40, 20, 16, 7, 18, 32], [0, 35, 39, 34, 26, 2, 12]]

res = 1156.107
res_int = 1154
solution = [[0, 22, 5, 30, 37, 1, 42], [0, 40, 20, 16, 7, 18, 32], [0, 31, 19, 36, 29, 41, 27], [0, 9, 14, 33, 44, 24, 21], [0, 8, 10, 15, 25, 23, 17, 38, 13], [0, 6, 28, 3, 43, 11, 4], [0, 39, 35, 34, 26, 2, 12]]

res = 1156.107
res_int = 1154
solution = [[0, 35, 39, 34, 26, 2, 12], [0, 9, 14, 33, 44, 24, 21], [0, 22, 5, 30, 37, 1, 42], [0, 31, 19, 36, 29, 41, 27], [0, 6, 28, 3, 43, 11, 4], [0, 8, 10, 15, 25, 23, 17, 38, 13], [0, 40, 20, 16, 7, 18, 32]]

res = 1156.273
res_int = 1155
solution = [[0, 9, 14, 33, 44, 24, 21], [0, 22, 5, 30, 37, 1, 42], [0, 27, 41, 29, 36, 19, 31], [0, 38, 17, 23, 25, 15, 10, 8], [0, 32, 13, 18, 7, 16, 20, 40], [0, 4, 11, 43, 3, 28, 6, 2], [0, 39, 35, 34, 26, 12]]

res = 1156.273
res_int = 1155
solution = [[0, 9, 14, 33, 44, 24, 21], [0, 22, 5, 30, 37, 1, 42], [0, 31, 19, 36, 29, 41, 27], [0, 38, 17, 23, 25, 15, 10, 8], [0, 32, 13, 18, 7, 16, 20, 40], [0, 4, 11, 43, 3, 28, 6, 2], [0, 35, 39, 34, 26, 12]]

res = 1156.273
res_int = 1155
solution = [[0, 22, 5, 30, 37, 1, 42], [0, 31, 19, 36, 29, 41, 27], [0, 38, 17, 23, 25, 15, 10, 8], [0, 40, 20, 16, 7, 18, 13, 32], [0, 21, 24, 44, 33, 14, 9], [0, 4, 11, 43, 3, 28, 6, 2], [0, 35, 39, 34, 26, 12]]

Mean = 1156.1177934335074
Execution = 254.413880109787

Instance : A-n46-k07.xml
Time = 0.7276489734649658

res = 918.127
res_int = 917
solution = [[0, 5, 32, 3, 22, 10, 7, 39, 36], [0, 8, 33, 42, 16, 24, 15, 19], [0, 21, 29, 31, 34, 40, 1, 27, 20, 41, 28], [0, 37, 2, 30, 4, 38], [0, 45, 6, 43, 13, 26, 14, 23], [0, 44, 25, 18, 35, 12, 11], [0, 17, 9]]

res = 918.127
res_int = 917
solution = [[0, 5, 32, 3, 22, 10, 7, 39, 36], [0, 23, 14, 26, 13, 43, 6, 45], [0, 37, 2, 30, 4, 38], [0, 17, 9], [0, 21, 29, 31, 34, 40, 1, 27, 20, 41, 28], [0, 8, 33, 42, 16, 24, 15, 19], [0, 44, 25, 18, 35, 12, 11]]

res = 918.127
res_int = 917
solution = [[0, 21, 29, 31, 34, 40, 1, 27, 20, 41, 28], [0, 23, 14, 26, 13, 43, 6, 45], [0, 17, 9], [0, 37, 2, 30, 4, 38], [0, 19, 15, 24, 16, 42, 33, 8], [0, 44, 25, 18, 35, 12, 11], [0, 5, 32, 3, 22, 10, 7, 39, 36]]

res = 918.127
res_int = 917
solution = [[0, 36, 39, 7, 10, 22, 3, 32, 5], [0, 21, 29, 31, 34, 40, 1, 27, 20, 41, 28], [0, 23, 14, 26, 13, 43, 6, 45], [0, 17, 9], [0, 37, 2, 30, 4, 38], [0, 19, 15, 24, 16, 42, 33, 8], [0, 44, 25, 18, 35, 12, 11]]

res = 918.127
res_int = 917
solution = [[0, 37, 2, 30, 4, 38], [0, 45, 6, 43, 13, 26, 14, 23], [0, 21, 29, 31, 34, 40, 1, 27, 20, 41, 28], [0, 5, 32, 3, 22, 10, 7, 39, 36], [0, 44, 25, 18, 35, 12, 11], [0, 8, 33, 42, 16, 24, 15, 19], [0, 17, 9]]

res = 918.127
res_int = 917
solution = [[0, 37, 2, 30, 4, 38], [0, 45, 6, 43, 13, 26, 14, 23], [0, 21, 29, 31, 34, 40, 1, 27, 20, 41, 28], [0, 8, 33, 42, 16, 24, 15, 19], [0, 17, 9], [0, 11, 12, 35, 18, 25, 44], [0, 5, 32, 3, 22, 10, 7, 39, 36]]

res = 918.127
res_int = 917
solution = [[0, 37, 2, 30, 4, 38], [0, 45, 6, 43, 13, 26, 14, 23], [0, 21, 29, 31, 34, 40, 1, 27, 20, 41, 28], [0, 17, 9], [0, 5, 32, 3, 22, 10, 7, 39, 36], [0, 44, 25, 18, 35, 12, 11], [0, 8, 33, 42, 16, 24, 15, 19]]

res = 918.127
res_int = 917
solution = [[0, 37, 2, 30, 4, 38], [0, 45, 6, 43, 13, 26, 14, 23], [0, 36, 39, 7, 10, 22, 3, 32, 5], [0, 21, 29, 31, 34, 40, 1, 27, 20, 41, 28], [0, 17, 9], [0, 8, 33, 42, 16, 24, 15, 19], [0, 44, 25, 18, 35, 12, 11]]

res = 918.127
res_int = 917
solution = [[0, 44, 25, 18, 35, 12, 11], [0, 45, 6, 43, 13, 26, 14, 23], [0, 36, 39, 7, 10, 22, 3, 32, 5], [0, 8, 33, 42, 16, 24, 15, 19], [0, 21, 29, 31, 34, 40, 1, 27, 20, 41, 28], [0, 37, 2, 30, 4, 38], [0, 17, 9]]

res = 918.127
res_int = 917
solution = [[0, 45, 6, 43, 13, 26, 14, 23], [0, 5, 32, 3, 22, 10, 7, 39, 36], [0, 37, 2, 30, 4, 38], [0, 21, 29, 31, 34, 40, 1, 27, 20, 41, 28], [0, 19, 15, 24, 16, 42, 33, 8], [0, 44, 25, 18, 35, 12, 11], [0, 17, 9]]

Mean = 918.1274159063339
Execution = 190.3323314189911

Instance : A-n48-k07.xml
Time = 0.880864143371582

res = 1074.338
res_int = 1073
solution = [[0, 32, 36, 38, 19, 25, 22, 6], [0, 34, 9, 24, 4, 11, 42, 15, 27, 45], [0, 37, 3, 20, 26, 39, 8, 7, 40], [0, 23, 43, 31, 1, 5, 12], [0, 41, 2, 10, 47, 17, 14], [0, 44, 35, 18], [0, 28, 29, 21, 30, 13, 46, 33, 16]]

res = 1074.338
res_int = 1073
solution = [[0, 34, 9, 24, 4, 11, 42, 15, 27, 45], [0, 12, 5, 1, 31, 43, 23], [0, 16, 33, 46, 13, 30, 21, 29, 28], [0, 37, 3, 20, 26, 39, 8, 7, 40], [0, 6, 22, 25, 19, 38, 36, 32], [0, 41, 2, 10, 47, 17, 14], [0, 44, 35, 18]]

res = 1074.338
res_int = 1073
solution = [[0, 34, 9, 24, 4, 11, 42, 15, 27, 45], [0, 37, 3, 20, 26, 39, 8, 7, 40], [0, 41, 2, 10, 47, 17, 14], [0, 16, 33, 46, 13, 30, 21, 29, 28], [0, 23, 43, 31, 1, 5, 12], [0, 44, 35, 18], [0, 32, 36, 38, 19, 25, 22, 6]]

res = 1074.338
res_int = 1073
solution = [[0, 45, 27, 15, 42, 11, 4, 24, 9, 34], [0, 28, 29, 21, 30, 13, 46, 33, 16], [0, 40, 7, 8, 39, 26, 20, 3, 37], [0, 12, 5, 1, 31, 43, 23], [0, 41, 2, 10, 47, 17, 14], [0, 44, 35, 18], [0, 6, 22, 25, 19, 38, 36, 32]]

res = 1087.478
res_int = 1086
solution = [[0, 32, 38, 25, 19, 37, 36, 40], [0, 29, 21, 30, 46, 13, 24, 4, 11, 42, 9, 34], [0, 27, 15, 8, 39, 26, 20, 3, 7], [0, 16, 47, 17, 14], [0, 45, 28, 33, 10, 2, 41], [0, 12, 23, 44, 18], [0, 35, 22, 6, 1, 5, 31, 43]]

res = 1087.478
res_int = 1086
solution = [[0, 29, 21, 30, 46, 13, 24, 4, 11, 42, 9, 34], [0, 27, 15, 8, 39, 26, 20, 3, 7], [0, 32, 38, 25, 19, 37, 36, 40], [0, 41, 2, 10, 33, 28, 45], [0, 16, 47, 17, 14], [0, 43, 31, 5, 1, 6, 22, 35], [0, 12, 23, 44, 18]]

res = 1087.939
res_int = 1084
solution = [[0, 36, 40, 16, 47, 17, 14], [0, 12, 5, 1, 31, 43, 23], [0, 29, 21, 30, 46, 13, 24, 4, 11, 42, 9, 34], [0, 41, 2, 10, 33, 28, 45], [0, 27, 15, 8, 39, 26, 20, 3, 7], [0, 6, 22, 38, 25, 19, 37, 32], [0, 44, 35, 18]]

res = 1093.332
res_int = 1092
solution = [[0, 32, 38, 25, 19, 37, 36, 40], [0, 12, 5, 31, 43, 23], [0, 29, 21, 30, 46, 13, 24, 4, 11, 42, 9, 34], [0, 41, 2, 10, 33, 28, 45], [0, 7, 3, 20, 26, 39, 8, 15, 27], [0, 14, 17, 47, 16], [0, 1, 6, 22, 35, 44, 18]]

res = 1093.332
res_int = 1092
solution = [[0, 32, 38, 25, 19, 37, 36, 40], [0, 12, 5, 31, 43, 23], [0, 29, 21, 30, 46, 13, 24, 4, 11, 42, 9, 34], [0, 41, 2, 10, 33, 28, 45], [0, 7, 3, 20, 26, 39, 8, 15, 27], [0, 14, 17, 47, 16], [0, 1, 6, 22, 35, 44, 18]]

res = 1093.332
res_int = 1092
solution = [[0, 27, 15, 8, 39, 26, 20, 3, 7], [0, 29, 21, 30, 46, 13, 24, 4, 11, 42, 9, 34], [0, 32, 38, 25, 19, 37, 36, 40], [0, 12, 5, 31, 43, 23], [0, 1, 6, 22, 35, 44, 18], [0, 16, 47, 17, 14], [0, 41, 2, 10, 33, 28, 45]]

Mean = 1084.0242302090346
Execution = 233.31746625900269

Instance : A-n53-k07.xml
Time = 1.0887646675109863

res = 1020.618
res_int = 1017
solution = [[0, 27, 35, 8, 46, 51], [0, 7, 12, 16, 32, 15, 19, 23, 42, 48], [0, 11, 24, 41, 17, 9, 47], [0, 44, 29, 49, 10, 26, 40, 18, 38, 31], [0, 25, 21, 34, 52, 13, 14, 39], [0, 20, 6, 33, 3, 5], [0, 4, 28, 22, 45, 43, 50, 36, 2, 37, 30, 1]]

res = 1020.618
res_int = 1017
solution = [[0, 51, 46, 8, 35, 27], [0, 31, 38, 18, 40, 26, 10, 49, 29, 44], [0, 11, 24, 41, 17, 9, 47], [0, 20, 6, 33, 3, 5], [0, 25, 21, 34, 52, 13, 14, 39], [0, 4, 28, 22, 45, 43, 50, 36, 2, 37, 30, 1], [0, 7, 12, 16, 32, 15, 19, 23, 42, 48]]

res = 1020.618
res_int = 1017
solution = [[0, 27, 35, 8, 46, 51], [0, 44, 29, 49, 10, 26, 40, 18, 38, 31], [0, 11, 24, 41, 17, 9, 47], [0, 20, 6, 33, 3, 5], [0, 4, 28, 22, 45, 43, 50, 36, 2, 37, 30, 1], [0, 25, 21, 34, 52, 13, 14, 39], [0, 7, 12, 16, 32, 15, 19, 23, 42, 48]]

res = 1022.734
res_int = 1020
solution = [[0, 45, 48, 42, 23, 19, 15, 32, 16, 7], [0, 25, 21, 34, 52, 13, 14, 39], [0, 4, 28, 22, 44, 29, 49, 10, 26, 40, 18, 38], [0, 33, 6, 20, 31], [0, 9, 17, 41, 11, 24, 5, 3], [0, 47, 12, 43, 50, 36, 2, 37, 30], [0, 51, 27, 35, 8, 46, 1]]

res = 1022.734
res_int = 1020
solution = [[0, 45, 48, 42, 23, 19, 15, 32, 16, 7], [0, 47, 12, 43, 50, 36, 2, 37, 30], [0, 31, 20, 6, 33], [0, 25, 21, 34, 52, 13, 14, 39], [0, 3, 5, 24, 11, 41, 17, 9], [0, 38, 18, 40, 26, 10, 49, 29, 44, 22, 28, 4], [0, 51, 27, 35, 8, 46, 1]]

res = 1023.222
res_int = 1020
solution = [[0, 27, 35, 8, 46, 51, 1], [0, 25, 21, 34, 52, 13, 14, 39], [0, 33, 6, 20, 31], [0, 45, 42, 23, 19, 15, 32, 16, 47], [0, 7, 12, 48, 43, 50, 36, 2, 37, 30], [0, 3, 5, 11, 24, 41, 17, 9], [0, 4, 28, 22, 44, 29, 49, 10, 26, 40, 18, 38]]

res = 1030.117
res_int = 1028
solution = [[0, 14, 13, 52, 34, 21], [0, 25, 39, 5, 3, 33, 6, 20], [0, 48, 42, 23, 19, 15, 32, 16, 12, 7], [0, 11, 24, 41, 17, 9, 47], [0, 27, 35, 8, 46, 51], [0, 1, 30, 37, 2, 36, 50, 43, 45, 22, 28, 4], [0, 44, 29, 49, 10, 26, 40, 18, 38, 31]]

res = 1030.325
res_int = 1028
solution = [[0, 21, 34, 52, 13, 14, 39], [0, 38, 18, 40, 26, 10, 49, 29, 44, 22, 28, 4], [0, 3, 5, 25, 11, 24, 41, 17, 9], [0, 33, 6, 20, 31], [0, 1, 46, 8, 35, 27, 51], [0, 47, 12, 43, 50, 36, 2, 37, 30], [0, 7, 16, 32, 15, 19, 23, 42, 48, 45]]

res = 1032.776
res_int = 1031
solution = [[0, 30, 37, 2, 36, 50, 43, 12, 47], [0, 33, 6, 20, 31], [0, 16, 32, 15, 19, 23, 42, 48, 45, 22], [0, 38, 18, 40, 26, 10, 49, 29, 44, 28, 4, 1], [0, 27, 35, 8, 46, 51], [0, 3, 5, 24, 11, 41, 17, 7, 9], [0, 25, 21, 34, 52, 13, 14, 39]]

res = 1038.397
res_int = 1034
solution = [[0, 47, 9, 7, 12, 42, 2, 37], [0, 36, 50, 43, 23, 19, 15, 32, 16, 48, 45, 22], [0, 39, 3, 5, 14, 21, 17, 25], [0, 33, 6, 20, 31], [0, 27, 35, 8, 46, 51], [0, 34, 13, 52, 11, 24, 41, 28, 4], [0, 38, 18, 40, 26, 10, 49, 29, 44, 30, 1]]

Mean = 1026.2158816841234
Execution = 260.92630195617676

Instance : A-n54-k07.xml
Time = 1.0385196208953857

res = 1173.266
res_int = 1170
solution = [[0, 30, 25, 47, 51, 24, 42, 46, 41, 34, 52], [0, 43, 4, 28, 7, 39, 50, 5, 18], [0, 44, 3, 22, 53], [0, 16, 6, 27, 12, 2, 14], [0, 20, 49, 36, 45, 26, 21, 33, 9, 38], [0, 35, 15, 10, 17, 1, 29, 23], [0, 13, 11, 19, 8, 31, 40, 48, 37, 32]]

res = 1173.368
res_int = 1169
solution = [[0, 30, 25, 47, 51, 24, 42, 46, 41, 34, 52], [0, 13, 11, 19, 8, 31, 40, 48, 37, 32], [0, 44, 3, 22, 53], [0, 16, 6, 27, 12, 2, 14], [0, 38, 9, 33, 21, 45, 26, 29], [0, 18, 5, 50, 39, 7, 28, 4, 43], [0, 35, 15, 10, 17, 1, 36, 49, 20, 23]]

res = 1177.385
res_int = 1174
solution = [[0, 30, 25, 47, 51, 24, 42, 46, 41, 34, 52], [0, 53, 22, 3, 44], [0, 13, 11, 19, 8, 31, 40, 48, 37, 32], [0, 16, 6, 27, 12, 2, 14], [0, 18, 5, 50, 39, 36, 1, 17, 10, 15], [0, 29, 26, 45, 21, 33, 9, 38, 35], [0, 4, 28, 7, 49, 20, 23, 43]]

res = 1177.501
res_int = 1172
solution = [[0, 30, 25, 47, 51, 24, 42, 46, 41, 34, 52], [0, 13, 11, 19, 8, 31, 40, 48, 37, 32], [0, 53, 22, 3, 44], [0, 16, 6, 14, 27, 12, 2], [0, 18, 5, 50, 39, 7, 28, 4, 43], [0, 38, 9, 33, 21, 45, 26, 29], [0, 23, 20, 49, 36, 1, 17, 10, 15, 35]]

res = 1178.602
res_int = 1176
solution = [[0, 53, 22, 3, 44], [0, 19, 8, 31, 40, 48, 37, 12], [0, 18, 5, 50, 39, 7, 28, 4, 43], [0, 13, 11, 38, 9, 33, 21, 45, 36, 49, 20], [0, 23, 29, 1, 26, 17, 10, 15, 35], [0, 52, 34, 41, 46, 42, 24, 51, 47, 25, 30], [0, 32, 14, 2, 27, 6, 16]]

res = 1178.839
res_int = 1176
solution = [[0, 19, 8, 31, 40, 48, 37, 12], [0, 22, 3, 53, 44], [0, 35, 15, 10, 17, 26, 1, 29, 23], [0, 30, 25, 47, 51, 24, 42, 46, 41, 34, 52], [0, 32, 14, 2, 27, 6, 16], [0, 20, 49, 36, 45, 21, 33, 9, 38, 11, 13], [0, 18, 5, 50, 39, 7, 28, 4, 43]]

res = 1179.672
res_int = 1177
solution = [[0, 30, 25, 47, 51, 24, 42, 46, 41, 34], [0, 19, 8, 31, 40, 48, 37, 12], [0, 43, 4, 28, 7, 39, 50, 5, 18], [0, 13, 11, 38, 9, 33, 21, 45, 36, 49, 20], [0, 23, 29, 1, 26, 17, 10, 15, 35], [0, 53, 22, 3, 44], [0, 16, 6, 27, 2, 14, 32, 52]]

res = 1179.704
res_int = 1176
solution = [[0, 30, 25, 47, 51, 24, 42, 46, 41, 34, 52], [0, 19, 8, 31, 40, 48, 37, 12], [0, 13, 11, 38, 9, 33, 21, 45, 29], [0, 44, 3, 22, 53], [0, 16, 6, 27, 2, 14, 32], [0, 35, 15, 10, 17, 26, 1, 36, 49, 20, 23], [0, 18, 5, 50, 39, 7, 28, 4, 43]]

res = 1180.77
res_int = 1176
solution = [[0, 13, 11, 19, 8, 31, 40, 48, 37, 32], [0, 14, 2, 12, 27, 6, 16], [0, 44, 3, 22, 53], [0, 30, 25, 47, 51, 24, 42, 46, 41, 34, 52], [0, 18, 5, 50, 39, 7, 28, 4, 43], [0, 20, 49, 36, 1, 26, 17, 10, 15, 35], [0, 38, 9, 33, 21, 45, 29, 23]]

res = 1181.925
res_int = 1179
solution = [[0, 30, 25, 47, 51, 24, 42, 46, 41, 34, 52], [0, 19, 8, 31, 40, 48, 37, 12], [0, 44, 3, 22, 53, 13], [0, 16, 6, 27, 2, 14, 32], [0, 18, 5, 50, 39, 7, 28, 4, 43], [0, 23, 20, 49, 36, 21, 33, 9, 38, 11], [0, 35, 15, 10, 17, 26, 45, 1, 29]]

Mean = 1178.103419152572
Execution = 252.3528983592987

Instance : A-n55-k09.xml
Time = 1.201223611831665

res = 1075.609
res_int = 1074
solution = [[0, 18, 48, 50, 44, 24, 52, 23], [0, 12, 10, 5, 53, 40, 16, 38, 32], [0, 47, 39, 49, 9, 35, 43], [0, 26, 46, 20, 31, 42, 7, 4], [0, 28, 54, 13, 27, 19, 22, 30], [0, 6, 45, 1, 29], [0, 25, 41, 8, 21], [0, 11, 15, 51, 2, 33], [0, 14, 17, 34, 3, 37, 36]]

res = 1075.609
res_int = 1074
solution = [[0, 18, 48, 50, 44, 24, 52, 23], [0, 12, 10, 5, 53, 40, 16, 38, 32], [0, 47, 39, 49, 9, 35, 43], [0, 36, 37, 3, 34, 17, 14], [0, 26, 46, 20, 31, 42, 7, 4], [0, 28, 54, 13, 27, 19, 22, 30], [0, 25, 41, 8, 21], [0, 11, 15, 51, 2, 33], [0, 6, 45, 1, 29]]

res = 1075.609
res_int = 1074
solution = [[0, 18, 48, 50, 44, 24, 52, 23], [0, 12, 10, 5, 53, 40, 16, 38, 32], [0, 47, 39, 49, 9, 35, 43], [0, 36, 37, 3, 34, 17, 14], [0, 26, 46, 20, 31, 42, 7, 4], [0, 28, 54, 13, 27, 19, 22, 30], [0, 25, 41, 8, 21], [0, 15, 11, 51, 2, 33], [0, 6, 45, 1, 29]]

res = 1075.609
res_int = 1074
solution = [[0, 29, 1, 45, 6], [0, 47, 39, 49, 9, 35, 43], [0, 18, 48, 50, 44, 24, 52, 23], [0, 26, 46, 20, 31, 42, 7, 4], [0, 28, 54, 13, 27, 19, 22, 30], [0, 21, 8, 41, 25], [0, 32, 38, 16, 40, 53, 5, 10, 12], [0, 15, 11, 51, 2, 33], [0, 14, 17, 34, 3, 37, 36]]

res = 1076.694
res_int = 1076
solution = [[0, 28, 54, 13, 27, 19, 22, 30], [0, 15, 11, 51, 2, 33], [0, 23, 52, 24, 44, 50, 48, 18], [0, 6, 45, 1, 29], [0, 47, 39, 49, 9, 35, 43], [0, 4, 7, 42, 31, 20, 46, 26], [0, 14, 17, 34, 3, 37, 36], [0, 32, 38, 16, 40, 53, 5, 10, 12], [0, 21, 8, 25, 41]]

res = 1076.694
res_int = 1076
solution = [[0, 18, 48, 50, 44, 24, 52, 23], [0, 32, 38, 16, 40, 53, 5, 10, 12], [0, 47, 39, 49, 9, 35, 43], [0, 36, 37, 3, 34, 17, 14], [0, 26, 46, 20, 31, 42, 7, 4], [0, 28, 54, 13, 27, 19, 22, 30], [0, 21, 8, 25, 41], [0, 15, 11, 51, 2, 33], [0, 6, 45, 1, 29]]

res = 1076.706
res_int = 1075
solution = [[0, 26, 46, 20, 31, 42, 7, 4], [0, 14, 17, 34, 3, 37, 36], [0, 11, 15, 51, 2, 33], [0, 28, 54, 13, 27, 19, 22, 30], [0, 47, 39, 49, 9, 35, 43], [0, 6, 45, 1, 29], [0, 32, 38, 16, 40, 53, 5, 10, 12], [0, 23, 52, 24, 44, 50, 48, 18], [0, 25, 41, 21, 8]]

res = 1076.785
res_int = 1075
solution = [[0, 46, 20, 26, 31, 42, 7, 4], [0, 43, 35, 9, 49, 39, 47], [0, 28, 54, 13, 27, 19, 22, 30], [0, 14, 17, 34, 3, 37, 36], [0, 15, 11, 51, 2, 33], [0, 21, 8, 41, 25], [0, 32, 38, 16, 40, 53, 5, 10, 12], [0, 18, 48, 50, 44, 24, 52, 23], [0, 29, 1, 45, 6]]

res = 1077.22
res_int = 1077
solution = [[0, 32, 38, 16, 40, 53, 5, 10, 12], [0, 47, 39, 49, 9, 35, 43], [0, 14, 17, 34, 3, 37], [0, 46, 20, 26, 31, 42, 7, 4], [0, 28, 54, 13, 27, 19, 22, 30], [0, 15, 11, 51, 2, 33, 36], [0, 23, 52, 24, 44, 50, 48, 18], [0, 6, 45, 1, 29], [0, 21, 8, 25, 41]]

res = 1077.22
res_int = 1077
solution = [[0, 18, 48, 50, 44, 24, 52, 23], [0, 32, 38, 16, 40, 53, 5, 10, 12], [0, 47, 39, 49, 9, 35, 43], [0, 15, 11, 51, 2, 33, 36], [0, 46, 20, 26, 31, 42, 7, 4], [0, 28, 54, 13, 27, 19, 22, 30], [0, 21, 8, 25, 41], [0, 14, 17, 34, 3, 37], [0, 6, 45, 1, 29]]

Mean = 1076.375613696025
Execution = 228.22006154060364

Instance : A-n60-k09.xml
Time = 1.5129659175872803

res = 1367.704
res_int = 1365
solution = [[0, 13, 8, 26, 39, 50, 55, 35], [0, 2, 1, 36, 22, 48, 58], [0, 31, 53, 30, 49, 44, 28, 6], [0, 43, 56, 12, 51, 9, 32], [0, 42, 45, 5, 54, 10], [0, 25, 46, 40, 11, 21, 4, 3, 20, 16], [0, 7, 29, 37, 57, 17, 27, 15, 19], [0, 18, 52, 59, 38, 33, 41], [0, 14, 47, 23, 24, 34]]

res = 1367.704
res_int = 1365
solution = [[0, 35, 55, 50, 39, 26, 8, 13], [0, 43, 56, 12, 51, 9, 32], [0, 42, 45, 5, 54, 10], [0, 2, 1, 36, 22, 48, 58], [0, 31, 53, 30, 49, 44, 28, 6], [0, 25, 46, 40, 11, 21, 4, 3, 20, 16], [0, 7, 29, 37, 57, 17, 27, 15, 19], [0, 18, 52, 59, 38, 33, 41], [0, 34, 24, 23, 47, 14]]

res = 1370.713
res_int = 1368
solution = [[0, 13, 8, 26, 39, 50, 55, 35], [0, 2, 1, 36, 22, 48, 58], [0, 43, 56, 12, 51, 9, 32], [0, 42, 45, 5, 54, 10], [0, 7, 29, 37, 57, 17, 27, 15, 19], [0, 31, 53, 30, 49, 44, 28, 6], [0, 16, 20, 3, 4, 21, 11, 40, 46, 25], [0, 34, 24, 23, 47, 14, 18], [0, 52, 59, 38, 33, 41]]

res = 1370.713
res_int = 1368
solution = [[0, 13, 8, 26, 39, 50, 55, 35], [0, 6, 28, 44, 49, 30, 53, 31], [0, 43, 56, 12, 51, 9, 32], [0, 42, 45, 5, 54, 10], [0, 16, 20, 3, 4, 21, 11, 40, 46, 25], [0, 7, 29, 37, 57, 17, 27, 15, 19], [0, 58, 48, 22, 36, 1, 2], [0, 41, 33, 38, 59, 52], [0, 34, 24, 23, 47, 14, 18]]

res = 1370.713
res_int = 1368
solution = [[0, 13, 8, 26, 39, 50, 55, 35], [0, 31, 53, 30, 49, 44, 28, 6], [0, 43, 56, 12, 51, 9, 32], [0, 42, 45, 5, 54, 10], [0, 16, 20, 3, 4, 21, 11, 40, 46, 25], [0, 7, 29, 37, 57, 17, 27, 15, 19], [0, 2, 1, 36, 22, 48, 58], [0, 52, 59, 38, 33, 41], [0, 34, 24, 23, 47, 14, 18]]

res = 1370.806
res_int = 1368
solution = [[0, 32, 9, 51, 12, 43, 56], [0, 50, 39, 26, 17, 37, 57, 27, 19], [0, 34, 24, 58, 23, 47, 14, 18], [0, 41, 33, 38, 59, 52], [0, 35, 55, 15, 8, 13, 29, 7], [0, 48, 22, 36, 1, 2], [0, 42, 45, 5, 54, 10], [0, 31, 53, 30, 49, 44, 28, 6], [0, 16, 20, 3, 4, 21, 11, 40, 46, 25]]

res = 1371.625
res_int = 1369
solution = [[0, 31, 53, 30, 49, 44, 28, 6], [0, 14, 47, 23, 58, 24, 34], [0, 48, 22, 36, 1, 2], [0, 10, 54, 5, 45, 42], [0, 32, 9, 51, 12, 56, 43], [0, 7, 29, 37, 57, 17, 27, 15, 19], [0, 35, 55, 50, 39, 26, 8, 13], [0, 41, 33, 38, 59, 52, 18], [0, 16, 20, 3, 4, 21, 11, 40, 46, 25]]

res = 1371.625
res_int = 1369
solution = [[0, 13, 8, 26, 39, 50, 55, 35], [0, 6, 28, 44, 49, 30, 53, 31], [0, 43, 56, 12, 51, 9, 32], [0, 42, 45, 5, 54, 10], [0, 7, 29, 37, 57, 17, 27, 15, 19], [0, 34, 24, 58, 23, 47, 14], [0, 48, 22, 36, 1, 2], [0, 41, 33, 38, 59, 52, 18], [0, 16, 20, 3, 4, 21, 11, 40, 46, 25]]

res = 1371.799
res_int = 1369
solution = [[0, 52, 59, 38, 33, 41], [0, 2, 44, 49, 30, 53, 31, 28, 6], [0, 32, 9, 51, 12, 43, 56], [0, 42, 45, 5, 54, 10], [0, 16, 20, 3, 4, 21, 11, 40, 46, 25], [0, 19, 27, 57, 37, 17, 26, 39, 50], [0, 35, 55, 15, 8, 13, 29, 7], [0, 34, 24, 23, 47, 14, 18], [0, 1, 36, 22, 48, 58]]

res = 1371.879
res_int = 1369
solution = [[0, 42, 45, 5, 54, 10], [0, 29, 37, 57, 27, 17, 26, 55, 35], [0, 34, 24, 58, 23, 47, 14], [0, 19, 7, 13, 8, 15, 39, 50], [0, 31, 53, 30, 49, 44, 28, 6], [0, 48, 22, 36, 1, 2], [0, 43, 56, 12, 51, 9, 32], [0, 16, 20, 3, 4, 21, 11, 40, 46, 25], [0, 41, 33, 38, 59, 52, 18]]

Mean = 1370.5281834375485
Execution = 226.49626231193542

Instance : A-n61-k09.xml
Time = 1.2745628356933594

res = 1050.222
res_int = 1045
solution = [[0, 39, 28, 60, 11, 31, 52, 57, 17], [0, 51, 47, 56, 27, 21, 36, 29, 58], [0, 10, 49, 2, 46, 54, 5], [0, 30, 37, 45, 59, 24, 19], [0, 40, 53, 8, 41, 6, 20, 25], [0, 33, 42, 32, 43, 26, 4, 22, 12], [0, 15, 38, 3], [0, 9, 13, 50], [0, 34, 35, 18, 48, 16, 1, 44], [0, 14, 7, 23, 55]]

res = 1050.222
res_int = 1045
solution = [[0, 10, 49, 2, 46, 54, 5], [0, 40, 53, 8, 41, 6, 20, 25], [0, 3, 38, 15], [0, 58, 29, 36, 21, 27, 56, 47, 51], [0, 17, 57, 52, 31, 11, 60, 28, 39], [0, 12, 22, 4, 26, 43, 32, 42, 33], [0, 14, 7, 23, 55], [0, 30, 37, 45, 59, 24, 19], [0, 50, 13, 9], [0, 44, 1, 16, 48, 18, 35, 34]]

res = 1051.765
res_int = 1045
solution = [[0, 28, 60, 11, 31, 52, 57, 17], [0, 10, 49, 2, 46, 54, 5, 40], [0, 30, 37, 45, 59, 24, 19], [0, 39, 44, 1, 16, 48, 18, 35, 34], [0, 7, 23, 33, 42, 32, 55], [0, 13, 50, 12, 22, 4, 26, 43], [0, 15, 38, 3], [0, 14], [0, 58, 29, 36, 21, 27, 56, 47, 9], [0, 53, 8, 41, 6, 20, 25, 51]]

res = 1054.052
res_int = 1049
solution = [[0, 39, 28, 60, 11, 31, 52, 57, 17], [0, 19, 24, 10, 49, 59, 30], [0, 37, 45, 46, 54, 5, 2], [0, 40, 53, 8, 41, 6, 20, 25], [0, 33, 42, 32, 43, 26, 4, 22, 12], [0, 15, 38, 3], [0, 34, 35, 18, 48, 16, 1, 44], [0, 58, 29, 36, 21, 27, 56, 47, 51], [0, 50, 13, 9], [0, 14, 7, 23, 55]]

res = 1054.052
res_int = 1049
solution = [[0, 3, 38, 15], [0, 30, 59, 49, 10, 24, 19], [0, 33, 42, 32, 43, 26, 4, 22, 12], [0, 55, 23, 7, 14], [0, 37, 45, 46, 54, 5, 2], [0, 25, 20, 6, 41, 8, 53, 40], [0, 58, 29, 36, 21, 27, 56, 47, 51], [0, 34, 35, 18, 48, 16, 1, 44], [0, 50, 13, 9], [0, 17, 57, 52, 31, 11, 60, 28, 39]]

res = 1056.023
res_int = 1050
solution = [[0, 28, 60, 11, 31, 52, 57, 17], [0, 2, 5, 54, 46, 59, 10, 24], [0, 33, 42, 32, 30, 37, 45, 49], [0, 13, 50, 12, 22, 4, 26, 43], [0, 15, 38, 3], [0, 55], [0, 25, 20, 6, 41, 8, 53, 40], [0, 58, 29, 36, 21, 27, 56, 47, 51], [0, 34, 48, 35, 18, 16, 1, 44, 39], [0, 14, 23, 7, 19, 9]]

res = 1056.115
res_int = 1050
solution = [[0, 39, 28, 60, 11, 31, 52, 57, 17], [0, 50, 55, 23, 7, 14], [0, 40, 25, 29, 36, 21, 27, 56, 47, 58], [0, 37, 45, 46, 54, 5, 2], [0, 20, 6, 41, 53, 8, 49], [0, 3, 38, 59, 10], [0, 33, 42, 30, 15, 24, 19], [0, 43, 32, 26, 4, 22, 12, 13], [0, 51, 9], [0, 34, 35, 18, 48, 16, 1, 44]]

res = 1056.115
res_int = 1050
solution = [[0, 3, 38, 59, 10], [0, 40, 25, 29, 36, 21, 27, 56, 47, 58], [0, 43, 32, 26, 4, 22, 12, 13], [0, 2, 5, 54, 46, 45, 37], [0, 14, 7, 23, 55, 50], [0, 33, 42, 30, 15, 24, 19], [0, 20, 6, 41, 53, 8, 49], [0, 44, 1, 16, 48, 18, 35, 34], [0, 51, 9], [0, 17, 57, 52, 31, 11, 60, 28, 39]]

res = 1056.305
res_int = 1052
solution = [[0, 3, 38, 15], [0, 30, 37, 45, 59, 49, 24], [0, 33, 42, 32, 43, 26, 4, 22, 12], [0, 34, 35, 18, 48, 16, 1, 44, 39], [0, 14, 7, 23, 55], [0, 40, 8, 5, 54, 46, 2, 10], [0, 58, 29, 36, 21, 27, 56, 47, 51], [0, 19, 53, 41, 6, 20, 25], [0, 50, 13, 9], [0, 28, 60, 11, 31, 52, 57, 17]]

res = 1056.305
res_int = 1052
solution = [[0, 28, 60, 11, 31, 52, 57, 17], [0, 51, 47, 56, 27, 21, 36, 29, 58], [0, 10, 2, 46, 54, 5, 8, 40], [0, 39, 44, 1, 16, 48, 18, 35, 34], [0, 33, 42, 32, 43, 26, 4, 22, 12], [0, 14, 7, 23, 55], [0, 15, 38, 3], [0, 50, 13, 9], [0, 30, 37, 45, 59, 49, 24], [0, 25, 20, 6, 41, 53, 19]]

Mean = 1054.117621270431
Execution = 239.59766697883606

Instance : A-n62-k08.xml
Time = 1.868635892868042
