Instance : A-n34-k05.xml
Time = 0.41173291206359863

res = 780.936
res_int = 779
solution = [[0, 4, 26, 5, 30, 24], [0, 27, 1, 23, 11, 19, 17, 10], [0, 2, 9, 12, 3, 22, 16, 33, 20], [0, 13, 25, 31, 28, 32, 21, 18], [0, 14, 29, 8, 15, 6, 7]]

res = 780.936
res_int = 779
solution = [[0, 2, 9, 12, 3, 22, 16, 33, 20], [0, 24, 30, 5, 26, 4], [0, 14, 29, 8, 15, 6, 7], [0, 27, 1, 23, 11, 19, 17, 10], [0, 13, 25, 31, 28, 32, 21, 18]]

res = 780.936
res_int = 779
solution = [[0, 2, 9, 12, 3, 22, 16, 33, 20], [0, 24, 30, 5, 26, 4], [0, 27, 1, 23, 11, 19, 17, 10], [0, 13, 25, 31, 28, 32, 21, 18], [0, 14, 29, 8, 15, 6, 7]]

res = 780.936
res_int = 779
solution = [[0, 4, 26, 5, 30, 24], [0, 2, 9, 12, 3, 22, 16, 33, 20], [0, 7, 6, 15, 8, 29, 14], [0, 27, 1, 23, 11, 19, 17, 10], [0, 13, 25, 31, 28, 32, 21, 18]]

res = 780.936
res_int = 779
solution = [[0, 24, 30, 5, 26, 4], [0, 2, 9, 12, 3, 22, 16, 33, 20], [0, 14, 29, 8, 15, 6, 7], [0, 27, 1, 23, 11, 19, 17, 10], [0, 13, 25, 31, 28, 32, 21, 18]]

res = 780.936
res_int = 779
solution = [[0, 2, 9, 12, 3, 22, 16, 33, 20], [0, 13, 25, 31, 28, 32, 21, 18], [0, 4, 26, 5, 30, 24], [0, 27, 1, 23, 11, 19, 17, 10], [0, 7, 6, 15, 8, 29, 14]]

res = 780.936
res_int = 779
solution = [[0, 2, 9, 12, 3, 22, 16, 33, 20], [0, 13, 25, 31, 28, 32, 21, 18], [0, 14, 29, 8, 15, 6, 7], [0, 24, 30, 5, 26, 4], [0, 27, 1, 23, 11, 19, 17, 10]]

res = 780.936
res_int = 779
solution = [[0, 2, 9, 12, 3, 22, 16, 33, 20], [0, 24, 30, 5, 26, 4], [0, 14, 29, 8, 15, 6, 7], [0, 13, 25, 31, 28, 32, 21, 18], [0, 27, 1, 23, 11, 19, 17, 10]]

res = 780.936
res_int = 779
solution = [[0, 4, 26, 5, 30, 24], [0, 2, 9, 12, 3, 22, 16, 33, 20], [0, 14, 29, 8, 15, 6, 7], [0, 13, 25, 31, 28, 32, 21, 18], [0, 27, 1, 23, 11, 19, 17, 10]]

res = 780.936
res_int = 779
solution = [[0, 4, 26, 5, 30, 24], [0, 7, 6, 15, 8, 29, 14], [0, 2, 9, 12, 3, 22, 16, 33, 20], [0, 13, 25, 31, 28, 32, 21, 18], [0, 27, 1, 23, 11, 19, 17, 10]]

Mean = 780.9360751738255
Execution = 326.7179596424103

Instance : A-n37-k05.xml
Time = 0.5617270469665527

res = 672.741
res_int = 671
solution = [[0, 15, 34, 36, 29, 32, 28, 31, 26, 30], [0, 3, 24, 9, 11, 27, 8, 25, 35, 18], [0, 16, 21], [0, 7, 4, 33, 5, 6, 10, 13, 22], [0, 17, 14, 23, 20, 19, 2, 12, 1]]

res = 672.741
res_int = 671
solution = [[0, 22, 13, 10, 6, 5, 33, 4, 7], [0, 30, 26, 31, 28, 32, 29, 36, 34, 15], [0, 16, 21], [0, 3, 24, 9, 11, 27, 8, 25, 35, 18], [0, 1, 12, 2, 19, 20, 23, 14, 17]]

res = 672.741
res_int = 671
solution = [[0, 30, 26, 31, 28, 32, 29, 36, 34, 15], [0, 18, 35, 25, 8, 27, 11, 9, 24, 3], [0, 17, 14, 23, 20, 19, 2, 12, 1], [0, 16, 21], [0, 22, 13, 10, 6, 5, 33, 4, 7]]

res = 672.741
res_int = 671
solution = [[0, 7, 4, 33, 5, 6, 10, 13, 22], [0, 17, 14, 23, 20, 19, 2, 12, 1], [0, 16, 21], [0, 18, 35, 25, 8, 27, 11, 9, 24, 3], [0, 30, 26, 31, 28, 32, 29, 36, 34, 15]]

res = 676.212
res_int = 674
solution = [[0, 16, 21], [0, 22, 13, 10, 6, 5, 33, 4, 7], [0, 17, 14, 23, 20, 19, 2, 12, 1], [0, 30, 25, 8, 27, 11, 9, 24, 3], [0, 34, 36, 29, 32, 28, 31, 18, 35, 26, 15]]

res = 678.149
res_int = 675
solution = [[0, 34, 36, 29, 32, 28, 31, 26, 18, 35], [0, 3, 24, 9, 11, 27, 8, 25, 30, 15], [0, 16, 21], [0, 7, 4, 33, 5, 6, 10, 13, 22], [0, 17, 14, 23, 20, 19, 2, 12, 1]]

res = 678.149
res_int = 675
solution = [[0, 22, 13, 10, 6, 5, 33, 4, 7], [0, 1, 12, 2, 19, 20, 23, 14, 17], [0, 16, 21], [0, 15, 30, 25, 8, 27, 11, 9, 24, 3], [0, 34, 36, 29, 32, 28, 31, 26, 18, 35]]

res = 678.294
res_int = 676
solution = [[0, 34, 36, 29, 32, 28, 31, 26, 30], [0, 22, 13, 10, 6, 5, 33, 4, 7], [0, 21, 16, 15], [0, 17, 14, 23, 20, 19, 2, 12, 1], [0, 18, 35, 25, 8, 27, 11, 9, 24, 3]]

res = 678.711
res_int = 676
solution = [[0, 1, 12, 2, 19, 20, 23, 14, 17, 3], [0, 30, 31, 28, 32, 29, 36, 34, 15], [0, 24, 9, 11, 27, 8, 25, 35, 18, 26], [0, 16, 21], [0, 22, 13, 10, 6, 5, 33, 4, 7]]

res = 678.711
res_int = 676
solution = [[0, 30, 31, 28, 32, 29, 36, 34, 15], [0, 24, 9, 11, 27, 8, 25, 35, 18, 26], [0, 16, 21], [0, 7, 4, 33, 5, 6, 10, 13, 22], [0, 1, 12, 2, 19, 20, 23, 14, 17, 3]]

Mean = 675.9188974667628
Execution = 294.89546155929565

Instance : A-n37-k06.xml
Time = 0.4714651107788086

res = 950.852
res_int = 949
solution = [[0, 13, 30, 15, 32, 27], [0, 33, 2, 28, 23, 22, 12, 11, 10], [0, 20, 8, 5, 3, 1, 34, 17, 18], [0, 31, 19, 9, 21, 26, 4], [0, 24, 29, 36, 6, 14], [0, 16, 35, 25, 7]]

res = 950.852
res_int = 949
solution = [[0, 24, 29, 36, 6, 14], [0, 27, 32, 15, 30, 13], [0, 7, 25, 35, 16], [0, 10, 11, 12, 22, 23, 28, 2, 33], [0, 31, 19, 9, 21, 26, 4], [0, 18, 17, 34, 1, 3, 5, 8, 20]]

res = 950.852
res_int = 949
solution = [[0, 27, 32, 15, 30, 13], [0, 7, 25, 35, 16], [0, 10, 11, 12, 22, 23, 28, 2, 33], [0, 24, 29, 36, 6, 14], [0, 20, 8, 5, 3, 1, 34, 17, 18], [0, 31, 19, 9, 21, 26, 4]]

res = 950.852
res_int = 949
solution = [[0, 27, 32, 15, 30, 13], [0, 7, 25, 35, 16], [0, 10, 11, 12, 22, 23, 28, 2, 33], [0, 31, 19, 9, 21, 26, 4], [0, 14, 6, 36, 29, 24], [0, 20, 8, 5, 3, 1, 34, 17, 18]]

res = 950.852
res_int = 949
solution = [[0, 27, 32, 15, 30, 13], [0, 7, 25, 35, 16], [0, 10, 11, 12, 22, 23, 28, 2, 33], [0, 31, 19, 9, 21, 26, 4], [0, 14, 6, 36, 29, 24], [0, 20, 8, 5, 3, 1, 34, 17, 18]]

res = 950.852
res_int = 949
solution = [[0, 27, 32, 15, 30, 13], [0, 7, 25, 35, 16], [0, 33, 2, 28, 23, 22, 12, 11, 10], [0, 14, 6, 36, 29, 24], [0, 4, 26, 21, 9, 19, 31], [0, 20, 8, 5, 3, 1, 34, 17, 18]]

res = 950.852
res_int = 949
solution = [[0, 27, 32, 15, 30, 13], [0, 7, 25, 35, 16], [0, 33, 2, 28, 23, 22, 12, 11, 10], [0, 14, 6, 36, 29, 24], [0, 20, 8, 5, 3, 1, 34, 17, 18], [0, 31, 19, 9, 21, 26, 4]]

res = 950.852
res_int = 949
solution = [[0, 27, 32, 15, 30, 13], [0, 7, 25, 35, 16], [0, 33, 2, 28, 23, 22, 12, 11, 10], [0, 14, 6, 36, 29, 24], [0, 20, 8, 5, 3, 1, 34, 17, 18], [0, 31, 19, 9, 21, 26, 4]]

res = 950.852
res_int = 949
solution = [[0, 7, 25, 35, 16], [0, 27, 32, 15, 30, 13], [0, 10, 11, 12, 22, 23, 28, 2, 33], [0, 4, 26, 21, 9, 19, 31], [0, 14, 6, 36, 29, 24], [0, 20, 8, 5, 3, 1, 34, 17, 18]]

res = 950.852
res_int = 949
solution = [[0, 27, 32, 15, 30, 13], [0, 16, 35, 25, 7], [0, 20, 8, 5, 3, 1, 34, 17, 18], [0, 24, 29, 36, 6, 14], [0, 33, 2, 28, 23, 22, 12, 11, 10], [0, 31, 19, 9, 21, 26, 4]]

Mean = 950.8522616698117
Execution = 349.07543897628784

Instance : A-n38-k05.xml
Time = 0.5012094974517822

res = 733.946
res_int = 730
solution = [[0, 24, 14, 2, 15, 13, 36, 17, 9], [0, 8, 33, 35, 23, 30, 10, 21], [0, 7, 5, 11, 27, 22, 32], [0, 26, 12, 3, 1, 4, 16, 25, 6, 18], [0, 19, 29, 34, 28, 31, 37, 20]]

res = 734.185
res_int = 730
solution = [[0, 10, 30, 29, 34, 19, 18], [0, 37, 11, 27, 22, 5, 7], [0, 9, 8, 23, 35, 33, 24], [0, 28, 31, 6, 25, 16, 4, 1, 3, 12, 26, 21], [0, 20, 32, 15, 13, 36, 17, 2, 14]]

res = 734.185
res_int = 730
solution = [[0, 10, 30, 29, 34, 19, 18], [0, 37, 11, 27, 22, 5, 7], [0, 28, 31, 6, 25, 16, 4, 1, 3, 12, 26, 21], [0, 24, 33, 35, 23, 8, 9], [0, 20, 32, 15, 13, 36, 17, 2, 14]]

res = 734.185
res_int = 730
solution = [[0, 18, 19, 34, 29, 30, 10], [0, 37, 11, 27, 22, 5, 7], [0, 28, 31, 6, 25, 16, 4, 1, 3, 12, 26, 21], [0, 24, 33, 35, 23, 8, 9], [0, 20, 32, 15, 13, 36, 17, 2, 14]]

res = 734.185
res_int = 730
solution = [[0, 37, 11, 27, 22, 5, 7], [0, 10, 30, 29, 34, 19, 18], [0, 28, 31, 6, 25, 16, 4, 1, 3, 12, 26, 21], [0, 9, 8, 23, 35, 33, 24], [0, 20, 32, 15, 13, 36, 17, 2, 14]]

res = 735.051
res_int = 731
solution = [[0, 10, 30, 29, 34, 18], [0, 24, 2, 17, 36, 13, 15, 32, 20, 7], [0, 9, 8, 23, 35, 33, 14], [0, 28, 31, 37, 11, 27, 22, 5], [0, 19, 6, 25, 16, 4, 1, 3, 12, 26, 21]]

res = 736.538
res_int = 732
solution = [[0, 7, 11, 27, 22, 20, 32], [0, 9, 17, 36, 13, 15, 2, 14, 24], [0, 8, 33, 35, 23, 30, 10], [0, 29, 34, 6, 28, 31, 37, 5], [0, 21, 26, 12, 3, 1, 4, 16, 25, 19, 18]]

res = 737.456
res_int = 734
solution = [[0, 10, 30, 29, 34, 18, 19], [0, 37, 11, 27, 22, 5, 7], [0, 28, 31, 6, 25, 16, 4, 1, 3, 12, 26, 21], [0, 20, 32, 15, 13, 36, 17, 2, 14], [0, 24, 33, 35, 23, 8, 9]]

res = 737.473
res_int = 734
solution = [[0, 9, 8, 23, 35, 33, 14], [0, 28, 31, 37, 11, 27, 22, 5], [0, 24, 2, 17, 36, 13, 15, 32, 20, 7], [0, 18, 6, 25, 16, 4, 1, 3, 12, 26], [0, 19, 34, 29, 30, 10, 21]]

res = 740.043
res_int = 736
solution = [[0, 25, 16, 4, 1, 3, 12, 26, 30], [0, 18, 19, 6, 34, 29, 10, 21], [0, 7, 20, 32, 15, 13, 36, 17, 2, 24], [0, 9, 8, 23, 35, 33, 14], [0, 28, 31, 37, 11, 27, 22, 5]]

Mean = 735.7244825058048
Execution = 382.04585695266724

Instance : A-n39-k06.xml
Time = 0.5369453430175781

res = 833.205
res_int = 831
solution = [[0, 5, 29, 28, 9, 12, 38, 3, 24], [0, 18, 27, 10, 16, 4, 8, 7], [0, 13, 30, 15], [0, 20, 32, 34, 22, 21, 23, 17, 36, 1, 6], [0, 2, 19, 33, 25, 35, 14, 31, 37], [0, 26, 11]]

res = 833.205
res_int = 831
solution = [[0, 13, 30, 15], [0, 18, 27, 10, 16, 4, 8, 7], [0, 6, 1, 36, 17, 23, 21, 22, 34, 32, 20], [0, 2, 19, 33, 25, 35, 14, 31, 37], [0, 5, 29, 28, 9, 12, 38, 3, 24], [0, 11, 26]]

res = 833.205
res_int = 831
solution = [[0, 2, 19, 33, 25, 35, 14, 31, 37], [0, 24, 3, 38, 12, 9, 28, 29, 5], [0, 18, 27, 10, 16, 4, 8, 7], [0, 15, 30, 13], [0, 11, 26], [0, 20, 32, 34, 22, 21, 23, 17, 36, 1, 6]]

res = 833.205
res_int = 831
solution = [[0, 13, 30, 15], [0, 5, 29, 28, 9, 12, 38, 3, 24], [0, 37, 31, 14, 35, 25, 33, 19, 2], [0, 7, 8, 4, 16, 10, 27, 18], [0, 11, 26], [0, 6, 1, 36, 17, 23, 21, 22, 34, 32, 20]]

res = 833.205
res_int = 831
solution = [[0, 13, 30, 15], [0, 7, 8, 4, 16, 10, 27, 18], [0, 20, 32, 34, 22, 21, 23, 17, 36, 1, 6], [0, 2, 19, 33, 25, 35, 14, 31, 37], [0, 24, 3, 38, 12, 9, 28, 29, 5], [0, 11, 26]]

res = 836.002
res_int = 835
solution = [[0, 13, 15], [0, 37, 31, 14, 35, 25, 33, 19, 2], [0, 7, 8, 4, 16, 10, 27, 34, 22], [0, 5, 29, 28, 9, 12, 38, 3, 24], [0, 6, 11, 26], [0, 1, 36, 17, 23, 21, 18, 32, 20, 30]]

res = 839.891
res_int = 839
solution = [[0, 13, 15], [0, 1, 36, 17, 23, 21, 18, 32, 20, 30], [0, 29, 28, 9, 12, 38, 3, 24], [0, 5, 26, 11, 6], [0, 22, 34, 27, 10, 16, 4, 8, 7], [0, 2, 19, 33, 25, 35, 14, 31, 37]]

res = 839.891
res_int = 839
solution = [[0, 13, 15], [0, 29, 28, 9, 12, 38, 3, 24], [0, 37, 31, 14, 35, 25, 33, 19, 2], [0, 5, 26, 11, 6], [0, 1, 36, 17, 23, 21, 18, 32, 20, 30], [0, 7, 8, 4, 16, 10, 27, 34, 22]]

res = 842.338
res_int = 841
solution = [[0, 24, 3, 29, 28, 9, 5, 26], [0, 10, 16, 4, 19, 8, 7], [0, 2, 33, 25, 35, 14, 31, 37, 38, 12], [0, 13], [0, 6, 1, 23, 17, 36, 11], [0, 21, 18, 22, 34, 27, 32, 20, 30, 15]]

res = 842.607
res_int = 841
solution = [[0, 13, 15], [0, 26, 5, 9, 28, 29, 3, 24], [0, 2, 33, 25, 35, 14, 31, 37, 38, 12], [0, 7, 8, 19, 4, 16, 10], [0, 21, 18, 22, 22, 34, 27, 32, 20, 30], [0, 6, 1, 23, 17, 36, 11]]

Mean = 836.6752062402277
Execution = 395.56433296203613

Instance : A-n45-k06.xml
Time = 0.7234084606170654

res = 959.596
res_int = 956
solution = [[0, 24, 37, 19, 30, 40, 11, 34], [0, 27, 18, 17, 43, 29, 26], [0, 3, 10, 8, 41, 33, 21, 5, 20, 32], [0, 14, 31, 35, 1, 44, 6], [0, 12, 39, 36, 42, 4, 16, 22, 9], [0, 28, 7, 13, 15, 25, 2, 38], [0, 23]]

res = 959.77
res_int = 956
solution = [[0, 11, 40, 30, 19, 34, 37, 24], [0, 6, 44, 1, 14, 35, 31], [0, 27, 18, 17, 43, 29, 26], [0, 23], [0, 3, 10, 8, 41, 33, 21, 5, 20, 32], [0, 9, 22, 16, 4, 42, 36, 39, 12], [0, 38, 2, 25, 15, 13, 7, 28]]

res = 959.77
res_int = 956
solution = [[0, 11, 40, 30, 19, 34, 37, 24], [0, 27, 18, 17, 43, 29, 26], [0, 6, 44, 1, 14, 35, 31], [0, 23], [0, 12, 39, 36, 42, 4, 16, 22, 9], [0, 3, 10, 8, 41, 33, 21, 5, 20, 32], [0, 38, 2, 25, 15, 13, 7, 28]]

res = 959.77
res_int = 956
solution = [[0, 26, 29, 43, 17, 18, 27], [0, 3, 10, 8, 41, 33, 21, 5, 20, 32], [0, 11, 40, 30, 19, 34, 37, 24], [0, 12, 39, 36, 42, 4, 16, 22, 9], [0, 6, 44, 1, 14, 35, 31], [0, 23], [0, 38, 2, 25, 15, 13, 7, 28]]

res = 959.77
res_int = 956
solution = [[0, 26, 29, 43, 17, 18, 27], [0, 23], [0, 3, 10, 8, 41, 33, 21, 5, 20, 32], [0, 12, 39, 36, 42, 4, 16, 22, 9], [0, 11, 40, 30, 19, 34, 37, 24], [0, 6, 44, 1, 14, 35, 31], [0, 28, 7, 13, 15, 25, 2, 38]]

res = 961.779
res_int = 959
solution = [[0, 11, 40, 30, 19, 34, 37, 24], [0, 27, 18, 17, 43, 29, 26], [0, 14, 31, 35, 1, 44, 6], [0, 38], [0, 3, 10, 8, 41, 33, 21, 5, 20, 32], [0, 2, 25, 12, 39, 36, 42, 4, 16, 9, 23], [0, 28, 7, 13, 22, 15]]

res = 961.779
res_int = 959
solution = [[0, 24, 37, 34, 19, 30, 40, 11], [0, 27, 18, 17, 43, 29, 26], [0, 38], [0, 6, 44, 1, 35, 31, 14], [0, 3, 10, 8, 41, 33, 21, 5, 20, 32], [0, 2, 25, 12, 39, 36, 42, 4, 16, 9, 23], [0, 28, 7, 13, 22, 15]]

res = 961.779
res_int = 959
solution = [[0, 11, 40, 30, 19, 34, 37, 24], [0, 27, 18, 17, 43, 29, 26], [0, 2, 25, 12, 39, 36, 42, 4, 16, 9, 23], [0, 3, 10, 8, 41, 33, 21, 5, 20, 32], [0, 28, 7, 13, 22, 15], [0, 14, 31, 35, 1, 44, 6], [0, 38]]

res = 961.779
res_int = 959
solution = [[0, 11, 40, 30, 19, 34, 37, 24], [0, 27, 18, 17, 43, 29, 26], [0, 28, 7, 13, 22, 15], [0, 2, 25, 12, 39, 36, 42, 4, 16, 9, 23], [0, 3, 10, 8, 41, 33, 21, 5, 20, 32], [0, 14, 31, 35, 1, 44, 6], [0, 38]]

res = 962.137
res_int = 958
solution = [[0, 11, 40, 30, 19, 34, 37, 24], [0, 26, 29, 27, 18, 17, 43], [0, 3, 10, 8, 41, 33, 21, 5, 20, 32], [0, 6, 44, 1, 14, 35, 31], [0, 23], [0, 12, 39, 36, 42, 4, 16, 22, 9], [0, 38, 2, 25, 15, 13, 7, 28]]

Mean = 960.7931049518668
Execution = 461.83203744888306

Instance : A-n45-k06.xml
Time = 0.7344763278961182

res = 959.596
res_int = 956
solution = [[0, 24, 37, 19, 30, 40, 11, 34], [0, 26, 29, 43, 17, 18, 27], [0, 14, 31, 35, 1, 44, 6], [0, 3, 10, 8, 41, 33, 21, 5, 20, 32], [0, 12, 39, 36, 42, 4, 16, 22, 9], [0, 23], [0, 28, 7, 13, 15, 25, 2, 38]]

res = 959.596
res_int = 956
solution = [[0, 24, 37, 19, 30, 40, 11, 34], [0, 26, 29, 43, 17, 18, 27], [0, 23], [0, 3, 10, 8, 41, 33, 21, 5, 20, 32], [0, 12, 39, 36, 42, 4, 16, 22, 9], [0, 6, 44, 1, 35, 31, 14], [0, 28, 7, 13, 15, 25, 2, 38]]

res = 959.596
res_int = 956
solution = [[0, 12, 39, 36, 42, 4, 16, 22, 9], [0, 3, 10, 8, 41, 33, 21, 5, 20, 32], [0, 24, 37, 19, 30, 40, 11, 34], [0, 26, 29, 43, 17, 18, 27], [0, 28, 7, 13, 15, 25, 2, 38], [0, 23], [0, 6, 44, 1, 35, 31, 14]]

res = 959.596
res_int = 956
solution = [[0, 24, 37, 19, 30, 40, 11, 34], [0, 27, 18, 17, 43, 29, 26], [0, 12, 39, 36, 42, 4, 16, 22, 9], [0, 28, 7, 13, 15, 25, 2, 38], [0, 3, 10, 8, 41, 33, 21, 5, 20, 32], [0, 6, 44, 1, 35, 31, 14], [0, 23]]

res = 959.77
res_int = 956
solution = [[0, 6, 44, 1, 14, 35, 31], [0, 12, 39, 36, 42, 4, 16, 22, 9], [0, 28, 7, 13, 15, 25, 2, 38], [0, 27, 18, 17, 43, 29, 26], [0, 3, 10, 8, 41, 33, 21, 5, 20, 32], [0, 23], [0, 11, 40, 30, 19, 34, 37, 24]]

res = 961.779
res_int = 959
solution = [[0, 11, 40, 30, 19, 34, 37, 24], [0, 27, 18, 17, 43, 29, 26], [0, 14, 31, 35, 1, 44, 6], [0, 38], [0, 23, 9, 16, 4, 42, 36, 39, 12, 25, 2], [0, 28, 7, 13, 22, 15], [0, 3, 10, 8, 41, 33, 21, 5, 20, 32]]

res = 961.779
res_int = 959
solution = [[0, 11, 40, 30, 19, 34, 37, 24], [0, 26, 29, 43, 17, 18, 27], [0, 3, 10, 8, 41, 33, 21, 5, 20, 32], [0, 38], [0, 14, 31, 35, 1, 44, 6], [0, 2, 25, 12, 39, 36, 42, 4, 16, 9, 23], [0, 28, 7, 13, 22, 15]]

res = 961.779
res_int = 959
solution = [[0, 11, 40, 30, 19, 34, 37, 24], [0, 27, 18, 17, 43, 29, 26], [0, 38], [0, 14, 31, 35, 1, 44, 6], [0, 3, 10, 8, 41, 33, 21, 5, 20, 32], [0, 2, 25, 12, 39, 36, 42, 4, 16, 9, 23], [0, 28, 7, 13, 22, 15]]

res = 961.779
res_int = 959
solution = [[0, 11, 40, 30, 19, 34, 37, 24], [0, 38], [0, 3, 10, 8, 41, 33, 21, 5, 20, 32], [0, 27, 18, 17, 43, 29, 26], [0, 6, 44, 1, 35, 31, 14], [0, 2, 25, 12, 39, 36, 42, 4, 16, 9, 23], [0, 28, 7, 13, 22, 15]]

res = 961.779
res_int = 959
solution = [[0, 11, 40, 30, 19, 34, 37, 24], [0, 26, 29, 43, 17, 18, 27], [0, 38], [0, 23, 9, 16, 4, 42, 36, 39, 12, 25, 2], [0, 6, 44, 1, 35, 31, 14], [0, 3, 10, 8, 41, 33, 21, 5, 20, 32], [0, 15, 22, 13, 7, 28]]

Mean = 960.7052178693518
Execution = 361.77954268455505

Instance : A-n45-k07.xml
Time = 0.6922872066497803

res = 1207.967
res_int = 1206
solution = [[0, 18, 40, 7, 16, 20, 8, 9, 32, 39], [0, 27, 29, 36, 19, 31], [0, 13, 38, 17, 23, 25, 15, 10], [0, 30, 30, 37, 37, 1, 42], [0, 21, 24, 14, 33, 5, 22], [0, 44, 41, 43, 11, 3, 28, 6, 2], [0, 35, 34, 26, 4, 12]]

res = 1209.202
res_int = 1208
solution = [[0, 27, 29, 36, 19, 31], [0, 22, 5, 33, 14, 24, 21], [0, 30, 30, 37, 37, 1, 42, 8], [0, 10, 15, 25, 23, 17, 13], [0, 44, 41, 43, 11, 3, 28, 6, 2], [0, 18, 40, 7, 16, 20, 38, 9, 32, 39], [0, 35, 34, 26, 4, 12]]

res = 1210.693
res_int = 1208
solution = [[0, 31, 19, 36, 29, 27], [0, 30, 30, 37, 37, 1, 42], [0, 44, 41, 43, 11, 3, 28, 6], [0, 22, 5, 33, 14, 24, 21], [0, 10, 15, 25, 23, 17, 38, 13], [0, 35, 34, 26, 4, 2, 12], [0, 18, 40, 7, 16, 20, 8, 9, 32, 39]]

res = 1210.693
res_int = 1208
solution = [[0, 6, 28, 3, 11, 43, 41, 44], [0, 12, 2, 4, 26, 34, 35], [0, 18, 40, 7, 16, 20, 8, 9, 32, 39], [0, 13, 38, 17, 23, 25, 15, 10], [0, 21, 24, 14, 33, 5, 22], [0, 30, 30, 37, 37, 1, 42], [0, 31, 19, 36, 29, 27]]

res = 1210.693
res_int = 1208
solution = [[0, 6, 28, 3, 11, 43, 41, 44], [0, 18, 40, 7, 16, 20, 8, 9, 32, 39], [0, 27, 29, 36, 19, 31], [0, 13, 38, 17, 23, 25, 15, 10], [0, 21, 24, 14, 33, 5, 22], [0, 30, 30, 37, 37, 1, 42], [0, 35, 34, 26, 4, 2, 12]]

res = 1214.299
res_int = 1212
solution = [[0, 27, 29, 36, 19, 31], [0, 21, 24, 14, 22, 5, 33], [0, 30, 30, 37, 37, 1, 42], [0, 10, 15, 25, 23, 17, 38, 13], [0, 44, 41, 43, 11, 3, 28, 6, 2], [0, 18, 40, 7, 16, 20, 8, 9, 32, 39], [0, 35, 34, 26, 4, 12]]

res = 1214.903
res_int = 1209
solution = [[0, 31, 19, 36, 29, 41, 27], [0, 30, 30, 37, 37, 1, 42], [0, 14, 22, 5, 33, 44], [0, 10, 15, 25, 23, 17, 13], [0, 18, 40, 7, 16, 20, 38, 8, 9, 32, 39], [0, 21, 24, 11, 43, 3, 28, 6], [0, 35, 34, 26, 4, 2, 12]]

res = 1215.03
res_int = 1211
solution = [[0, 27, 41, 29, 36, 19, 31], [0, 30, 30, 37, 37, 1, 42], [0, 21, 24, 14, 33, 5, 22], [0, 44, 11, 43, 3, 28, 6], [0, 35, 34, 26, 4, 2, 12], [0, 13, 38, 17, 23, 25, 15, 10], [0, 18, 40, 7, 16, 20, 8, 9, 32, 39]]

res = 1216.403
res_int = 1215
solution = [[0, 27, 29, 36, 19, 31], [0, 22, 5, 33, 14, 24, 21], [0, 30, 30, 37, 37, 1, 42], [0, 10, 15, 25, 23, 17, 38, 13], [0, 44, 41, 43, 11, 3, 28, 6, 2], [0, 39, 9, 8, 20, 16, 7, 40, 18, 32], [0, 35, 34, 26, 4, 12]]

res = 1216.787
res_int = 1212
solution = [[0, 27, 41, 29, 36, 19, 31], [0, 22, 5, 33, 14, 24, 21], [0, 30, 30, 37, 37, 1, 42], [0, 10, 15, 25, 23, 17, 13], [0, 44, 11, 43, 3, 28, 6], [0, 18, 40, 7, 16, 20, 38, 8, 9, 32, 39], [0, 35, 34, 26, 4, 2, 12]]

Mean = 1212.6672060417663
Execution = 376.6164617538452

Instance : A-n46-k07.xml
Time = 0.7188682556152344

res = 917.724
res_int = 914
solution = [[0, 5, 32, 3, 22, 10, 7, 39, 36], [0, 44, 25, 18, 35, 12, 11], [0, 14, 26, 43, 6, 45, 17, 9], [0, 19, 15, 24, 16, 42, 33, 8], [0, 21, 29, 31, 34, 40, 1, 27, 20, 41, 28], [0, 13, 30, 2, 37, 4, 38], [0, 23]]

res = 917.907
res_int = 915
solution = [[0, 19, 15, 24, 16, 42, 33, 8], [0, 44, 25, 18, 35, 12, 11], [0, 36, 39, 7, 10, 22, 3, 32, 5], [0, 28, 41, 20, 27, 1, 40, 34, 31, 29, 21], [0, 38, 37, 2, 30, 4, 14], [0, 23], [0, 26, 13, 43, 6, 45, 17, 9]]

res = 917.907
res_int = 915
solution = [[0, 36, 39, 7, 10, 22, 3, 32, 5], [0, 26, 13, 43, 6, 45, 17, 9], [0, 8, 33, 42, 16, 24, 15, 19], [0, 44, 25, 18, 35, 12, 11], [0, 21, 29, 31, 34, 40, 1, 27, 20, 41, 28], [0, 38, 37, 2, 30, 4, 14], [0, 23]]

res = 918.127
res_int = 917
solution = [[0, 5, 32, 3, 22, 10, 7, 39, 36], [0, 45, 6, 43, 13, 26, 14, 23], [0, 37, 2, 30, 4, 38], [0, 21, 29, 31, 34, 40, 1, 27, 20, 41, 28], [0, 17, 9], [0, 8, 33, 42, 16, 24, 15, 19], [0, 44, 25, 18, 35, 12, 11]]

res = 918.127
res_int = 917
solution = [[0, 37, 2, 30, 4, 38], [0, 5, 32, 3, 22, 10, 7, 39, 36], [0, 45, 6, 43, 13, 26, 14, 23], [0, 21, 29, 31, 34, 40, 1, 27, 20, 41, 28], [0, 17, 9], [0, 44, 25, 18, 35, 12, 11], [0, 8, 33, 42, 16, 24, 15, 19]]

res = 918.127
res_int = 917
solution = [[0, 37, 2, 30, 4, 38], [0, 23, 14, 26, 13, 43, 6, 45], [0, 5, 32, 3, 22, 10, 7, 39, 36], [0, 17, 9], [0, 21, 29, 31, 34, 40, 1, 27, 20, 41, 28], [0, 44, 25, 18, 35, 12, 11], [0, 8, 33, 42, 16, 24, 15, 19]]

res = 918.127
res_int = 917
solution = [[0, 37, 2, 30, 4, 38], [0, 45, 6, 43, 13, 26, 14, 23], [0, 5, 32, 3, 22, 10, 7, 39, 36], [0, 17, 9], [0, 21, 29, 31, 34, 40, 1, 27, 20, 41, 28], [0, 44, 25, 18, 35, 12, 11], [0, 8, 33, 42, 16, 24, 15, 19]]

res = 918.127
res_int = 917
solution = [[0, 37, 2, 30, 4, 38], [0, 45, 6, 43, 13, 26, 14, 23], [0, 21, 29, 31, 34, 40, 1, 27, 20, 41, 28], [0, 17, 9], [0, 5, 32, 3, 22, 10, 7, 39, 36], [0, 44, 25, 18, 35, 12, 11], [0, 8, 33, 42, 16, 24, 15, 19]]

res = 918.127
res_int = 917
solution = [[0, 44, 25, 18, 35, 12, 11], [0, 5, 32, 3, 22, 10, 7, 39, 36], [0, 21, 29, 31, 34, 40, 1, 27, 20, 41, 28], [0, 8, 33, 42, 16, 24, 15, 19], [0, 17, 9], [0, 45, 6, 43, 13, 26, 14, 23], [0, 37, 2, 30, 4, 38]]

res = 918.127
res_int = 917
solution = [[0, 44, 25, 18, 35, 12, 11], [0, 17, 9], [0, 21, 29, 31, 34, 40, 1, 27, 20, 41, 28], [0, 19, 15, 24, 16, 42, 33, 8], [0, 5, 32, 3, 22, 10, 7, 39, 36], [0, 45, 6, 43, 13, 26, 14, 23], [0, 37, 2, 30, 4, 38]]

Mean = 918.0431068933527
Execution = 363.26431035995483

Instance : A-n48-k07.xml
Time = 0.8352766036987305
Instance : A-n45-k06.xml
Time = 0.7211213111877441

res = 955.997
res_int = 953
solution = [[0, 11, 40, 30, 19, 34, 37, 24], [0, 27, 18, 17, 43, 29, 26], [0, 14, 31, 35, 1, 44, 6], [0, 12, 39, 36, 42, 4, 16, 22, 9], [0, 28, 7, 13, 15, 25, 2, 38], [0, 23], [0, 3, 10, 8, 41, 33, 21, 5, 20, 32]]

res = 955.997
res_int = 953
solution = [[0, 12, 39, 36, 42, 4, 16, 22, 9], [0, 11, 40, 30, 19, 34, 37, 24], [0, 3, 10, 8, 41, 33, 21, 5, 20, 32], [0, 26, 29, 43, 17, 18, 27], [0, 28, 7, 13, 15, 25, 2, 38], [0, 23], [0, 6, 44, 1, 35, 31, 14]]

res = 956.988
res_int = 956
solution = [[0, 34, 19, 30, 40, 11, 43, 29, 26], [0, 1, 44, 6, 24, 37, 23], [0, 12, 39, 36, 42, 4, 16, 22, 9], [0, 3, 10, 8, 41, 33, 21, 5, 20, 7], [0, 28, 32, 13, 17, 18, 27], [0, 15, 25, 2, 38, 31, 35, 14]]

res = 959.77
res_int = 956
solution = [[0, 11, 40, 30, 19, 34, 37, 24], [0, 6, 44, 1, 14, 35, 31], [0, 27, 18, 17, 43, 29, 26], [0, 3, 10, 8, 41, 33, 21, 5, 20, 32], [0, 28, 7, 13, 15, 25, 2, 38], [0, 23], [0, 9, 22, 16, 4, 42, 36, 39, 12]]

res = 959.77
res_int = 956
solution = [[0, 24, 37, 34, 19, 30, 40, 11], [0, 12, 39, 36, 42, 4, 16, 22, 9], [0, 27, 18, 17, 43, 29, 26], [0, 6, 44, 1, 14, 35, 31], [0, 23], [0, 3, 10, 8, 41, 33, 21, 5, 20, 32], [0, 28, 7, 13, 15, 25, 2, 38]]

res = 961.779
res_int = 959
solution = [[0, 27, 18, 17, 43, 29, 26], [0, 11, 40, 30, 19, 34, 37, 24], [0, 38], [0, 14, 31, 35, 1, 44, 6], [0, 3, 10, 8, 41, 33, 21, 5, 20, 32], [0, 2, 25, 12, 39, 36, 42, 4, 16, 9, 23], [0, 28, 7, 13, 22, 15]]

res = 962.364
res_int = 959
solution = [[0, 11, 40, 30, 19, 34, 37, 24], [0, 27, 18, 17, 43, 29, 26], [0, 2, 25, 12, 39, 36, 42, 4, 16, 9, 23], [0, 28, 7, 32, 13, 22, 15], [0, 20, 5, 21, 33, 41, 8, 10, 3], [0, 14, 31, 35, 1, 44, 6], [0, 38]]

res = 962.763
res_int = 960
solution = [[0, 11, 40, 30, 19, 34, 37, 24], [0, 2, 25, 12, 39, 36, 42, 4, 16, 9, 23], [0, 28, 7, 32, 13, 22, 15], [0, 20, 5, 21, 33, 41, 8, 10, 3], [0, 27, 18, 17, 43, 29, 26], [0, 6, 44, 1], [0, 14, 35, 31, 38]]

res = 964.648
res_int = 960
solution = [[0, 11, 40, 30, 19, 34, 37, 24], [0, 27, 18, 17, 43, 29, 26], [0, 14, 31, 35, 1, 44, 6], [0, 9, 3, 10, 8, 41, 33, 21, 5, 20, 32], [0, 2, 25, 12, 39, 36, 42, 4, 16], [0, 23, 15, 22, 13, 7, 28], [0, 38]]

res = 964.648
res_int = 960
solution = [[0, 27, 18, 17, 43, 29, 26], [0, 11, 40, 30, 19, 34, 37, 24], [0, 14, 31, 35, 1, 44, 6], [0, 38], [0, 2, 25, 12, 39, 36, 42, 4, 16], [0, 32, 20, 5, 21, 33, 41, 8, 10, 3, 9], [0, 28, 7, 13, 22, 15, 23]]

Mean = 960.472514399082
Execution = 478.5836489200592

Instance : A-n45-k07.xml
Time = 0.6984381675720215
Instance : A-n45-k06.xml
Time = 0.7213850021362305
Instance : A-n45-k06.xml
Time = 0.7215123176574707

res = 961.779
res_int = 959
solution = [[0, 3, 10, 8, 41, 33, 21, 5, 20, 32], [0, 27, 18, 17, 43, 29, 26], [0, 11, 40, 30, 19, 34, 37, 24], [0, 23, 9, 16, 4, 42, 36, 39, 12, 25, 2], [0, 15, 22, 13, 7, 28], [0, 14, 31, 35, 1, 44, 6], [0, 38]]

res = 961.779
res_int = 959
solution = [[0, 11, 40, 30, 19, 34, 37, 24], [0, 26, 29, 43, 17, 18, 27], [0, 14, 31, 35, 1, 44, 6], [0, 3, 10, 8, 41, 33, 21, 5, 20, 32], [0, 38], [0, 2, 25, 12, 39, 36, 42, 4, 16, 9, 23], [0, 28, 7, 13, 22, 15]]

res = 961.779
res_int = 959
solution = [[0, 11, 40, 30, 19, 34, 37, 24], [0, 27, 18, 17, 43, 29, 26], [0, 2, 25, 12, 39, 36, 42, 4, 16, 9, 23], [0, 6, 44, 1, 35, 31, 14], [0, 15, 22, 13, 7, 28], [0, 38], [0, 32, 20, 5, 21, 33, 41, 8, 10, 3]]

res = 961.779
res_int = 959
solution = [[0, 11, 40, 30, 19, 34, 37, 24], [0, 27, 18, 17, 43, 29, 26], [0, 14, 31, 35, 1, 44, 6], [0, 38], [0, 3, 10, 8, 41, 33, 21, 5, 20, 32], [0, 2, 25, 12, 39, 36, 42, 4, 16, 9, 23], [0, 28, 7, 13, 22, 15]]

res = 962.179
res_int = 960
solution = [[0, 11, 40, 30, 19, 34, 37, 24], [0, 27, 18, 17, 43, 29, 26], [0, 1, 44, 6], [0, 14, 35, 31, 38], [0, 3, 10, 8, 41, 33, 21, 5, 20, 32], [0, 2, 25, 12, 39, 36, 42, 4, 16, 9, 23], [0, 28, 7, 13, 22, 15]]

res = 962.179
res_int = 960
solution = [[0, 11, 40, 30, 19, 34, 37, 24], [0, 27, 18, 17, 43, 29, 26], [0, 2, 25, 12, 39, 36, 42, 4, 16, 9, 23], [0, 28, 7, 13, 22, 15], [0, 3, 10, 8, 41, 33, 21, 5, 20, 32], [0, 14, 35, 31, 38], [0, 6, 44, 1]]

res = 962.179
res_int = 960
solution = [[0, 11, 40, 30, 19, 34, 37, 24], [0, 32, 20, 5, 21, 33, 41, 8, 10, 3], [0, 26, 29, 43, 17, 18, 27], [0, 15, 22, 13, 7, 28], [0, 6, 44, 1], [0, 2, 25, 12, 39, 36, 42, 4, 16, 9, 23], [0, 14, 35, 31, 38]]

res = 962.522
res_int = 960
solution = [[0, 26, 29, 43, 17, 18, 27], [0, 24, 37, 34, 19, 30, 40, 11], [0, 1, 44, 6], [0, 14, 35, 31, 38], [0, 2, 25, 12, 39, 36, 42, 4, 16, 9], [0, 28, 7, 13, 22, 15, 23], [0, 3, 10, 8, 41, 33, 21, 5, 20, 32]]

res = 962.763
res_int = 960
solution = [[0, 11, 40, 30, 19, 34, 37, 24], [0, 27, 18, 17, 43, 29, 26], [0, 6, 44, 1], [0, 20, 5, 21, 33, 41, 8, 10, 3], [0, 2, 25, 12, 39, 36, 42, 4, 16, 9, 23], [0, 14, 35, 31, 38], [0, 28, 7, 32, 13, 22, 15]]

res = 964.648
res_int = 960
solution = [[0, 11, 40, 30, 19, 34, 37, 24], [0, 27, 18, 17, 43, 29, 26], [0, 32, 20, 5, 21, 33, 41, 8, 10, 3, 9], [0, 2, 25, 12, 39, 36, 42, 4, 16], [0, 28, 7, 13, 22, 15, 23], [0, 38], [0, 14, 31, 35, 1, 44, 6]]

Mean = 962.3587759426318
Execution = 559.868816614151

Instance : A-n45-k07.xml
Time = 0.692671537399292
Instance : A-n45-k06.xml
Time = 0.7614929676055908
Instance : A-n45-k06.xml
Time = 0.7099461555480957
Instance : A-n45-k06.xml
Time = 0.7023968696594238
Instance : A-n45-k06.xml
Time = 0.7175440788269043
Instance : A-n45-k06.xml
Time = 0.7525761127471924
Instance : A-n45-k06.xml
Time = 0.7571790218353271
Instance : A-n45-k06.xml
Time = 0.7227635383605957

res = 955.997
res_int = 953
solution = [[0, 26, 29, 43, 17, 18, 27], [0, 23], [0, 24, 37, 34, 19, 30, 40, 11], [0, 3, 10, 8, 41, 33, 21, 5, 20, 32], [0, 12, 39, 36, 42, 4, 16, 22, 9], [0, 6, 44, 1, 35, 31, 14], [0, 28, 7, 13, 15, 25, 2, 38]]

res = 955.997
res_int = 953
solution = [[0, 26, 29, 43, 17, 18, 27], [0, 23], [0, 24, 37, 34, 19, 30, 40, 11], [0, 3, 10, 8, 41, 33, 21, 5, 20, 32], [0, 12, 39, 36, 42, 4, 16, 22, 9], [0, 6, 44, 1, 35, 31, 14], [0, 28, 7, 13, 15, 25, 2, 38]]

res = 955.997
res_int = 953
solution = [[0, 26, 29, 43, 17, 18, 27], [0, 23], [0, 24, 37, 34, 19, 30, 40, 11], [0, 3, 10, 8, 41, 33, 21, 5, 20, 32], [0, 12, 39, 36, 42, 4, 16, 22, 9], [0, 6, 44, 1, 35, 31, 14], [0, 28, 7, 13, 15, 25, 2, 38]]

res = 955.997
res_int = 953
solution = [[0, 23], [0, 24, 37, 34, 19, 30, 40, 11], [0, 3, 10, 8, 41, 33, 21, 5, 20, 32], [0, 26, 29, 43, 17, 18, 27], [0, 12, 39, 36, 42, 4, 16, 22, 9], [0, 6, 44, 1, 35, 31, 14], [0, 28, 7, 13, 15, 25, 2, 38]]

res = 955.997
res_int = 953
solution = [[0, 23], [0, 24, 37, 34, 19, 30, 40, 11], [0, 3, 10, 8, 41, 33, 21, 5, 20, 32], [0, 26, 29, 43, 17, 18, 27], [0, 12, 39, 36, 42, 4, 16, 22, 9], [0, 6, 44, 1, 35, 31, 14], [0, 28, 7, 13, 15, 25, 2, 38]]

res = 955.997
res_int = 953
solution = [[0, 12, 39, 36, 42, 4, 16, 22, 9], [0, 11, 40, 30, 19, 34, 37, 24], [0, 32, 20, 5, 21, 33, 41, 8, 10, 3], [0, 26, 29, 43, 17, 18, 27], [0, 28, 7, 13, 15, 25, 2, 38], [0, 23], [0, 14, 31, 35, 1, 44, 6]]

res = 959.77
res_int = 956
solution = [[0, 27, 18, 17, 43, 29, 26], [0, 11, 40, 30, 19, 34, 37, 24], [0, 6, 44, 1, 14, 35, 31], [0, 23], [0, 32, 20, 5, 21, 33, 41, 8, 10, 3], [0, 9, 22, 16, 4, 42, 36, 39, 12], [0, 38, 2, 25, 15, 13, 7, 28]]

res = 961.179
res_int = 957
solution = [[0, 11, 40, 30, 19, 34, 37, 24], [0, 26, 29, 43, 17, 18, 27], [0, 23], [0, 32, 20, 5, 21, 33, 41, 8, 10, 3], [0, 12, 39, 36, 42, 4, 16, 22, 9], [0, 6, 44, 1, 14, 31, 35], [0, 28, 7, 13, 15, 25, 2, 38]]

res = 961.179
res_int = 957
solution = [[0, 11, 40, 30, 19, 34, 37, 24], [0, 26, 29, 43, 17, 18, 27], [0, 23], [0, 32, 20, 5, 21, 33, 41, 8, 10, 3], [0, 12, 39, 36, 42, 4, 16, 22, 9], [0, 6, 44, 1, 14, 31, 35], [0, 28, 7, 13, 15, 25, 2, 38]]

res = 961.179
res_int = 957
solution = [[0, 11, 40, 30, 19, 34, 37, 24], [0, 26, 29, 43, 17, 18, 27], [0, 23], [0, 32, 20, 5, 21, 33, 41, 8, 10, 3], [0, 12, 39, 36, 42, 4, 16, 22, 9], [0, 6, 44, 1, 14, 31, 35], [0, 28, 7, 13, 15, 25, 2, 38]]

Mean = 957.9290884627242
Execution = 385.3333649635315

Instance : A-n45-k07.xml
Time = 0.7014541625976562
Instance : A-n45-k07.xml
Time = 0.6927633285522461

res = 1150.217
res_int = 1149
solution = [[0, 27, 41, 43, 11, 3, 28, 6, 2], [0, 35, 39, 34, 4, 12], [0, 33, 29, 36, 19, 31], [0, 26, 21, 24, 44, 14, 9, 32], [0, 13, 38, 17, 23, 25, 15, 10, 8], [0, 18, 7, 16, 20, 40], [0, 22, 5, 30, 37, 1, 42]]

res = 1150.217
res_int = 1149
solution = [[0, 33, 29, 36, 19, 31], [0, 26, 21, 24, 44, 14, 9, 32], [0, 13, 38, 17, 23, 25, 15, 10, 8], [0, 18, 7, 16, 20, 40], [0, 22, 5, 30, 37, 1, 42], [0, 27, 41, 43, 11, 3, 28, 6, 2], [0, 35, 39, 34, 4, 12]]

res = 1150.217
res_int = 1149
solution = [[0, 33, 29, 36, 19, 31], [0, 26, 21, 24, 44, 14, 9, 32], [0, 13, 38, 17, 23, 25, 15, 10, 8], [0, 40, 20, 16, 7, 18], [0, 22, 5, 30, 37, 1, 42], [0, 27, 41, 43, 11, 3, 28, 6, 2], [0, 35, 39, 34, 4, 12]]

res = 1150.217
res_int = 1149
solution = [[0, 33, 29, 36, 19, 31], [0, 26, 21, 24, 44, 14, 9, 32], [0, 13, 38, 17, 23, 25, 15, 10, 8], [0, 40, 20, 16, 7, 18], [0, 42, 1, 37, 30, 5, 22], [0, 27, 41, 43, 11, 3, 28, 6, 2], [0, 35, 39, 34, 4, 12]]

res = 1152.943
res_int = 1151
solution = [[0, 6, 28, 3, 11, 43, 41, 27], [0, 22, 5, 30, 37, 1, 42], [0, 33, 29, 36, 19, 31], [0, 40, 20, 16, 7, 18], [0, 8, 10, 15, 25, 23, 17, 38, 13], [0, 35, 39, 34, 4, 2, 12], [0, 26, 21, 24, 44, 14, 9, 32]]

res = 1152.943
res_int = 1151
solution = [[0, 27, 41, 43, 11, 3, 28, 6], [0, 35, 39, 34, 4, 2, 12], [0, 22, 5, 30, 37, 1, 42], [0, 33, 29, 36, 19, 31], [0, 26, 21, 24, 44, 14, 9, 32], [0, 13, 38, 17, 23, 25, 15, 10, 8], [0, 18, 7, 16, 20, 40]]

res = 1153.252
res_int = 1152
solution = [[0, 33, 29, 36, 19, 31], [0, 8, 10, 15, 25, 23, 17, 38, 13], [0, 6, 28, 3, 11, 43, 41, 27, 21], [0, 42, 1, 37, 30, 5, 22], [0, 2, 4, 26, 34, 39, 35], [0, 40, 20, 16, 7, 18], [0, 32, 9, 14, 44, 24, 12]]

res = 1162.888
res_int = 1160
solution = [[0, 33, 29, 36, 19, 31], [0, 27, 41, 43, 11, 3, 28, 6], [0, 13, 8, 38, 17, 23, 25, 15, 10], [0, 12, 2, 4, 26, 34], [0, 22, 5, 30, 37, 1, 42], [0, 40, 20, 16, 7, 18, 32], [0, 9, 14, 44, 24, 21, 35, 39]]

res = 1163.715
res_int = 1164
solution = [[0, 27, 41, 43, 11, 3, 28, 6], [0, 31, 19, 36, 29, 33], [0, 22, 5, 30, 37, 1, 42], [0, 38, 17, 23, 25, 15, 10, 8], [0, 40, 20, 16, 7, 18, 13, 32], [0, 12, 2, 26, 34, 35, 39], [0, 4, 21, 24, 44, 14, 9]]

res = 1165.218
res_int = 1164
solution = [[0, 31, 19, 36, 29, 41, 43], [0, 9, 14, 33, 27, 44, 21], [0, 42, 1, 37, 30, 5, 22], [0, 8, 10, 15, 25, 23, 17, 38], [0, 40, 20, 16, 7, 18, 13, 32], [0, 24, 11, 3, 28, 6, 4], [0, 12, 2, 26, 34, 39, 35]]

Mean = 1155.1827707259395
Execution = 338.56809973716736

Instance : A-n46-k07.xml
Time = 0.7206058502197266
Instance : A-n46-k07.xml
Time = 0.7262156009674072

res = 917.724
res_int = 914
solution = [[0, 11, 12, 35, 18, 25, 44], [0, 23], [0, 19, 15, 24, 16, 42, 33, 8], [0, 36, 39, 7, 10, 22, 3, 32, 5], [0, 21, 29, 31, 34, 40, 1, 27, 20, 41, 28], [0, 13, 30, 2, 37, 4, 38], [0, 14, 26, 43, 6, 45, 17, 9]]

res = 917.724
res_int = 914
solution = [[0, 23], [0, 19, 15, 24, 16, 42, 33, 8], [0, 44, 25, 18, 35, 12, 11], [0, 36, 39, 7, 10, 22, 3, 32, 5], [0, 28, 41, 20, 27, 1, 40, 34, 31, 29, 21], [0, 13, 30, 2, 37, 4, 38], [0, 14, 26, 43, 6, 45, 17, 9]]

res = 917.724
res_int = 914
solution = [[0, 8, 33, 42, 16, 24, 15, 19], [0, 14, 26, 43, 6, 45, 17, 9], [0, 23], [0, 11, 12, 35, 18, 25, 44], [0, 36, 39, 7, 10, 22, 3, 32, 5], [0, 21, 29, 31, 34, 40, 1, 27, 20, 41, 28], [0, 13, 30, 2, 37, 4, 38]]

res = 917.724
res_int = 914
solution = [[0, 8, 33, 42, 16, 24, 15, 19], [0, 14, 26, 43, 6, 45, 17, 9], [0, 23], [0, 11, 12, 35, 18, 25, 44], [0, 36, 39, 7, 10, 22, 3, 32, 5], [0, 21, 29, 31, 34, 40, 1, 27, 20, 41, 28], [0, 13, 30, 2, 37, 4, 38]]

res = 917.724
res_int = 914
solution = [[0, 21, 29, 31, 34, 40, 1, 27, 20, 41, 28], [0, 19, 15, 24, 16, 42, 33, 8], [0, 44, 25, 18, 35, 12, 11], [0, 5, 32, 3, 22, 10, 7, 39, 36], [0, 14, 26, 43, 6, 45, 17, 9], [0, 23], [0, 38, 4, 37, 2, 30, 13]]

res = 918.127
res_int = 917
solution = [[0, 21, 29, 31, 34, 40, 1, 27, 20, 41, 28], [0, 37, 2, 30, 4, 38], [0, 17, 9], [0, 45, 6, 43, 13, 26, 14, 23], [0, 19, 15, 24, 16, 42, 33, 8], [0, 44, 25, 18, 35, 12, 11], [0, 5, 32, 3, 22, 10, 7, 39, 36]]

res = 918.127
res_int = 917
solution = [[0, 36, 39, 7, 10, 22, 3, 32, 5], [0, 37, 2, 30, 4, 38], [0, 45, 6, 43, 13, 26, 14, 23], [0, 17, 9], [0, 21, 29, 31, 34, 40, 1, 27, 20, 41, 28], [0, 44, 25, 18, 35, 12, 11], [0, 8, 33, 42, 16, 24, 15, 19]]

res = 918.127
res_int = 917
solution = [[0, 44, 25, 18, 35, 12, 11], [0, 45, 6, 43, 13, 26, 14, 23], [0, 8, 33, 42, 16, 24, 15, 19], [0, 17, 9], [0, 28, 41, 20, 27, 1, 40, 34, 31, 29, 21], [0, 37, 2, 30, 4, 38], [0, 5, 32, 3, 22, 10, 7, 39, 36]]

res = 918.127
res_int = 917
solution = [[0, 8, 33, 42, 16, 24, 15, 19], [0, 11, 12, 35, 18, 25, 44], [0, 5, 32, 3, 22, 10, 7, 39, 36], [0, 37, 2, 30, 4, 38], [0, 45, 6, 43, 13, 26, 14, 23], [0, 17, 9], [0, 21, 29, 31, 34, 40, 1, 27, 20, 41, 28]]

res = 918.127
res_int = 917
solution = [[0, 8, 33, 42, 16, 24, 15, 19], [0, 11, 12, 35, 18, 25, 44], [0, 5, 32, 3, 22, 10, 7, 39, 36], [0, 37, 2, 30, 4, 38], [0, 45, 6, 43, 13, 26, 14, 23], [0, 17, 9], [0, 21, 29, 31, 34, 40, 1, 27, 20, 41, 28]]

Mean = 917.9259156063372
Execution = 300.26539874076843

Instance : A-n48-k07.xml
Time = 0.8565149307250977
Instance : A-n48-k07.xml
Time = 0.8857038021087646

res = 1118.608
res_int = 1116
solution = [[0, 32, 38, 25, 19, 37, 36, 40], [0, 10, 33, 46, 30, 21, 29, 28], [0, 41, 2, 47, 16, 17, 14], [0, 34, 9, 24, 13, 4, 11, 42, 15, 45], [0, 7, 3, 20, 26, 39, 39, 8, 27], [0, 12, 23, 44, 18], [0, 43, 31, 5, 1, 6, 22, 35]]

res = 1118.608
res_int = 1116
solution = [[0, 32, 38, 25, 19, 37, 36, 40], [0, 10, 33, 46, 30, 21, 29, 28], [0, 41, 2, 47, 16, 17, 14], [0, 34, 9, 24, 13, 4, 11, 42, 15, 45], [0, 7, 3, 20, 26, 39, 39, 8, 27], [0, 12, 23, 44, 18], [0, 43, 31, 5, 1, 6, 22, 35]]

res = 1118.608
res_int = 1116
solution = [[0, 32, 38, 25, 19, 37, 36, 40], [0, 10, 33, 46, 30, 21, 29, 28], [0, 12, 23, 44, 18], [0, 14, 17, 16, 47, 2, 41], [0, 27, 8, 39, 39, 26, 20, 3, 7], [0, 34, 9, 24, 13, 4, 11, 42, 15, 45], [0, 35, 22, 6, 1, 5, 31, 43]]

res = 1118.608
res_int = 1116
solution = [[0, 32, 38, 25, 19, 37, 36, 40], [0, 10, 33, 46, 30, 21, 29, 28], [0, 12, 23, 44, 18], [0, 14, 17, 16, 47, 2, 41], [0, 27, 8, 39, 39, 26, 20, 3, 7], [0, 34, 9, 24, 13, 4, 11, 42, 15, 45], [0, 35, 22, 6, 1, 5, 31, 43]]

res = 1118.608
res_int = 1116
solution = [[0, 32, 38, 25, 19, 37, 36, 40], [0, 28, 29, 21, 30, 46, 33, 10], [0, 41, 2, 47, 16, 17, 14], [0, 12, 23, 44, 18], [0, 35, 22, 6, 1, 5, 31, 43], [0, 7, 3, 20, 26, 39, 39, 8, 27], [0, 34, 9, 24, 13, 4, 11, 42, 15, 45]]

res = 1118.979
res_int = 1117
solution = [[0, 32, 38, 25, 19, 37, 36, 40], [0, 28, 29, 21, 30, 46, 33, 10], [0, 41, 2, 47, 16, 17, 14], [0, 7, 3, 20, 26, 39, 39, 8, 45], [0, 34, 9, 24, 13, 4, 11, 42, 15, 27], [0, 12, 23, 44, 18], [0, 35, 22, 6, 1, 5, 31, 43]]

res = 1121.532
res_int = 1118
solution = [[0, 32, 38, 25, 19, 37, 36, 40], [0, 10, 33, 46, 30, 21, 29, 28], [0, 41, 2, 47, 16, 17, 14], [0, 12, 43, 23, 44, 18], [0, 35, 22, 6, 1, 5, 31], [0, 7, 3, 20, 26, 39, 39, 8, 27], [0, 45, 15, 42, 11, 4, 13, 24, 9, 34]]

res = 1121.532
res_int = 1118
solution = [[0, 32, 38, 25, 19, 37, 36, 40], [0, 10, 33, 46, 30, 21, 29, 28], [0, 41, 2, 47, 16, 17, 14], [0, 12, 43, 23, 44, 18], [0, 35, 22, 6, 1, 5, 31], [0, 7, 3, 20, 26, 39, 39, 8, 27], [0, 45, 15, 42, 11, 4, 13, 24, 9, 34]]

res = 1121.902
res_int = 1119
solution = [[0, 32, 38, 25, 19, 37, 36, 40], [0, 10, 33, 46, 30, 21, 29, 28], [0, 41, 2, 47, 16, 17, 14], [0, 12, 43, 23, 44, 18], [0, 35, 22, 6, 1, 5, 31], [0, 7, 3, 20, 26, 39, 39, 8, 45], [0, 27, 15, 42, 11, 4, 13, 24, 9, 34]]

res = 1121.902
res_int = 1119
solution = [[0, 32, 38, 25, 19, 37, 36, 40], [0, 28, 29, 21, 30, 46, 33, 10], [0, 41, 2, 47, 16, 17, 14], [0, 7, 3, 20, 26, 39, 39, 8, 45], [0, 34, 9, 24, 13, 4, 11, 42, 15, 27], [0, 12, 43, 23, 44, 18], [0, 35, 22, 6, 1, 5, 31]]

Mean = 1119.8889857603356
Execution = 332.77846240997314

Instance : A-n53-k07.xml
Time = 1.1198222637176514
Instance : A-n53-k07.xml
Time = 1.1061246395111084
Instance : A-n53-k07.xml
Time = 1.0805091857910156
Instance : A-n53-k07.xml
Time = 1.0458810329437256

res = 1020.152
res_int = 1017
solution = [[0, 27, 35, 8, 46, 51], [0, 7, 12, 16, 32, 15, 19, 23, 42, 48, 4], [0, 25, 21, 34, 52, 13, 14, 39], [0, 31, 38, 18, 40, 26, 10, 49, 29, 44], [0, 47, 9, 17, 41, 11, 24], [0, 20, 6, 33, 3, 5], [0, 28, 22, 45, 43, 50, 36, 2, 37, 30, 1]]

res = 1020.152
res_int = 1017
solution = [[0, 27, 35, 8, 46, 51], [0, 7, 12, 16, 32, 15, 19, 23, 42, 48, 4], [0, 25, 21, 34, 52, 13, 14, 39], [0, 31, 38, 18, 40, 26, 10, 49, 29, 44], [0, 47, 9, 17, 41, 11, 24], [0, 20, 6, 33, 3, 5], [0, 28, 22, 45, 43, 50, 36, 2, 37, 30, 1]]

res = 1020.152
res_int = 1017
solution = [[0, 27, 35, 8, 46, 51], [0, 25, 21, 34, 52, 13, 14, 39], [0, 31, 38, 18, 40, 26, 10, 49, 29, 44], [0, 47, 9, 17, 41, 11, 24], [0, 20, 6, 33, 3, 5], [0, 7, 12, 16, 32, 15, 19, 23, 42, 48, 4], [0, 28, 22, 45, 43, 50, 36, 2, 37, 30, 1]]

res = 1020.152
res_int = 1017
solution = [[0, 27, 35, 8, 46, 51], [0, 25, 21, 34, 52, 13, 14, 39], [0, 31, 38, 18, 40, 26, 10, 49, 29, 44], [0, 47, 9, 17, 41, 11, 24], [0, 20, 6, 33, 3, 5], [0, 7, 12, 16, 32, 15, 19, 23, 42, 48, 4], [0, 28, 22, 45, 43, 50, 36, 2, 37, 30, 1]]

res = 1020.618
res_int = 1017
solution = [[0, 27, 35, 8, 46, 51], [0, 25, 21, 34, 52, 13, 14, 39], [0, 24, 11, 41, 17, 9, 47], [0, 7, 12, 16, 32, 15, 19, 23, 42, 48], [0, 20, 6, 33, 3, 5], [0, 44, 29, 49, 10, 26, 40, 18, 38, 31], [0, 4, 28, 22, 45, 43, 50, 36, 2, 37, 30, 1]]

res = 1020.618
res_int = 1017
solution = [[0, 27, 35, 8, 46, 51], [0, 25, 21, 34, 52, 13, 14, 39], [0, 24, 11, 41, 17, 9, 47], [0, 7, 12, 16, 32, 15, 19, 23, 42, 48], [0, 20, 6, 33, 3, 5], [0, 44, 29, 49, 10, 26, 40, 18, 38, 31], [0, 4, 28, 22, 45, 43, 50, 36, 2, 37, 30, 1]]

res = 1020.618
res_int = 1017
solution = [[0, 51, 46, 8, 35, 27], [0, 24, 11, 41, 17, 9, 47], [0, 48, 42, 23, 19, 15, 32, 16, 12, 7], [0, 44, 29, 49, 10, 26, 40, 18, 38, 31], [0, 4, 28, 22, 45, 43, 50, 36, 2, 37, 30, 1], [0, 5, 3, 33, 6, 20], [0, 25, 21, 34, 52, 13, 14, 39]]

res = 1020.618
res_int = 1017
solution = [[0, 51, 46, 8, 35, 27], [0, 24, 11, 41, 17, 9, 47], [0, 48, 42, 23, 19, 15, 32, 16, 12, 7], [0, 44, 29, 49, 10, 26, 40, 18, 38, 31], [0, 4, 28, 22, 45, 43, 50, 36, 2, 37, 30, 1], [0, 5, 3, 33, 6, 20], [0, 25, 21, 34, 52, 13, 14, 39]]

res = 1020.618
res_int = 1017
solution = [[0, 27, 35, 8, 46, 51], [0, 25, 21, 34, 52, 13, 14, 39], [0, 44, 29, 49, 10, 26, 40, 18, 38, 31], [0, 24, 11, 41, 17, 9, 47], [0, 7, 12, 16, 32, 15, 19, 23, 42, 48], [0, 4, 28, 22, 45, 43, 50, 36, 2, 37, 30, 1], [0, 20, 6, 33, 3, 5]]

res = 1021.26
res_int = 1018
solution = [[0, 27, 35, 8, 46, 51], [0, 25, 21, 34, 52, 13, 14, 39], [0, 31, 38, 18, 40, 26, 10, 49, 29, 44], [0, 47, 9, 17, 41, 11, 24], [0, 20, 6, 33, 3, 5], [0, 4, 28, 22, 45, 43, 50, 36, 2, 37, 30], [0, 7, 12, 16, 32, 15, 19, 23, 42, 48, 1]]

Mean = 1020.4957764094113
Execution = 501.92416882514954

Instance : A-n54-k07.xml
Time = 1.0761651992797852
Instance : A-n53-k07.xml
Time = 1.082737684249878
Instance : A-n53-k07.xml
Time = 1.0850250720977783

res = 1013.151
res_int = 1011
solution = [[0, 38, 18, 40, 26, 10, 49, 29, 44, 30, 22, 4], [0, 36, 50, 43, 23, 19, 15, 32, 16, 12, 7, 47], [0, 28, 45, 48, 42, 2, 37], [0, 1, 46, 8, 35, 27, 51], [0, 9, 17, 41, 11, 24, 5, 3], [0, 33, 6, 20, 31], [0, 25, 21, 34, 52, 13, 14, 39]]

res = 1013.151
res_int = 1011
solution = [[0, 38, 18, 40, 26, 10, 49, 29, 44, 30, 22, 4], [0, 36, 50, 43, 23, 19, 15, 32, 16, 12, 7, 47], [0, 28, 45, 48, 42, 2, 37], [0, 1, 46, 8, 35, 27, 51], [0, 9, 17, 41, 11, 24, 5, 3], [0, 33, 6, 20, 31], [0, 25, 21, 34, 52, 13, 14, 39]]

res = 1013.151
res_int = 1011
solution = [[0, 47, 7, 12, 16, 32, 15, 19, 23, 43, 50, 36], [0, 3, 5, 11, 24, 41, 17, 9], [0, 37, 2, 42, 48, 45, 28], [0, 38, 18, 40, 26, 10, 49, 29, 44, 30, 22, 4], [0, 51, 27, 35, 8, 46, 1], [0, 31, 20, 6, 33], [0, 25, 21, 34, 52, 13, 14, 39]]

res = 1013.151
res_int = 1011
solution = [[0, 47, 7, 12, 16, 32, 15, 19, 23, 43, 50, 36], [0, 3, 5, 11, 24, 41, 17, 9], [0, 37, 2, 42, 48, 45, 28], [0, 38, 18, 40, 26, 10, 49, 29, 44, 30, 22, 4], [0, 51, 27, 35, 8, 46, 1], [0, 31, 20, 6, 33], [0, 25, 21, 34, 52, 13, 14, 39]]

res = 1013.151
res_int = 1011
solution = [[0, 47, 7, 12, 16, 32, 15, 19, 23, 43, 50, 36], [0, 25, 21, 34, 52, 13, 14, 39], [0, 4, 22, 30, 44, 29, 49, 10, 26, 40, 18, 38], [0, 33, 6, 20, 31], [0, 9, 17, 41, 11, 24, 5, 3], [0, 37, 2, 42, 48, 45, 28], [0, 51, 27, 35, 8, 46, 1]]

res = 1013.151
res_int = 1011
solution = [[0, 47, 7, 12, 16, 32, 15, 19, 23, 43, 50, 36], [0, 25, 21, 34, 52, 13, 14, 39], [0, 4, 22, 30, 44, 29, 49, 10, 26, 40, 18, 38], [0, 33, 6, 20, 31], [0, 9, 17, 41, 11, 24, 5, 3], [0, 37, 2, 42, 48, 45, 28], [0, 51, 27, 35, 8, 46, 1]]

res = 1013.819
res_int = 1011
solution = [[0, 47, 7, 12, 16, 32, 15, 19, 23, 43, 50, 36], [0, 3, 5, 11, 24, 41, 17, 9], [0, 37, 2, 42, 48, 45, 28], [0, 38, 18, 40, 26, 10, 49, 29, 44, 30, 22, 4], [0, 27, 35, 8, 46, 51, 1], [0, 31, 20, 6, 33], [0, 25, 21, 34, 52, 13, 14, 39]]

res = 1013.819
res_int = 1011
solution = [[0, 47, 7, 12, 16, 32, 15, 19, 23, 43, 50, 36], [0, 25, 21, 34, 52, 13, 14, 39], [0, 33, 6, 20, 31], [0, 37, 2, 42, 48, 45, 28], [0, 27, 35, 8, 46, 51, 1], [0, 38, 18, 40, 26, 10, 49, 29, 44, 30, 22, 4], [0, 3, 5, 11, 24, 41, 17, 9]]

res = 1016.05
res_int = 1014
solution = [[0, 47, 7, 12, 16, 32, 15, 19, 23, 43, 50, 36], [0, 25, 21, 34, 52, 13, 14, 39], [0, 33, 6, 20, 31], [0, 37, 2, 42, 48, 45, 28], [0, 27, 35, 8, 46, 51], [0, 38, 18, 40, 26, 10, 49, 29, 44, 30, 22, 4], [0, 3, 5, 11, 24, 41, 17, 9, 1]]

res = 1016.974
res_int = 1016
solution = [[0, 38, 18, 40, 26, 10, 49, 29, 44, 30, 22, 4], [0, 25, 34, 52, 13, 14, 5, 39], [0, 9, 17, 41, 11, 24, 21, 3], [0, 1, 46, 8, 35, 27, 51], [0, 36, 50, 43, 23, 19, 15, 32, 16, 12, 7, 47], [0, 31, 20, 6, 33], [0, 37, 2, 42, 48, 45, 28]]

Mean = 1013.9570876748206
Execution = 532.2580454349518

Instance : A-n54-k07.xml
Time = 1.048840045928955

res = 1179.653
res_int = 1176
solution = [[0, 29, 36, 1, 17, 10, 43], [0, 53, 22, 3, 44], [0, 35, 15, 26, 45, 21, 33, 9, 38, 11, 13], [0, 23, 20, 49, 39, 50, 7, 5, 18, 28, 4], [0, 30, 25, 47, 51, 24, 42, 46, 41, 34, 52], [0, 32, 14, 2, 27, 6, 16], [0, 19, 8, 31, 40, 48, 37, 12]]

res = 1179.653
res_int = 1176
solution = [[0, 29, 36, 1, 17, 10, 43], [0, 53, 22, 3, 44], [0, 35, 15, 26, 45, 21, 33, 9, 38, 11, 13], [0, 23, 20, 49, 39, 50, 7, 5, 18, 28, 4], [0, 30, 25, 47, 51, 24, 42, 46, 41, 34, 52], [0, 32, 14, 2, 27, 6, 16], [0, 19, 8, 31, 40, 48, 37, 12]]

res = 1179.653
res_int = 1176
solution = [[0, 19, 8, 31, 40, 48, 37, 12], [0, 53, 22, 3, 44], [0, 29, 36, 1, 17, 10, 43], [0, 32, 14, 2, 27, 6, 16], [0, 30, 25, 47, 51, 24, 42, 46, 41, 34, 52], [0, 35, 15, 26, 45, 21, 33, 9, 38, 11, 13], [0, 23, 20, 49, 39, 50, 7, 5, 18, 28, 4]]

res = 1179.653
res_int = 1176
solution = [[0, 19, 8, 31, 40, 48, 37, 12], [0, 53, 22, 3, 44], [0, 29, 36, 1, 17, 10, 43], [0, 32, 14, 2, 27, 6, 16], [0, 30, 25, 47, 51, 24, 42, 46, 41, 34, 52], [0, 35, 15, 26, 45, 21, 33, 9, 38, 11, 13], [0, 23, 20, 49, 39, 50, 7, 5, 18, 28, 4]]

res = 1179.653
res_int = 1176
solution = [[0, 30, 25, 47, 51, 24, 42, 46, 41, 34, 52], [0, 19, 8, 31, 40, 48, 37, 12], [0, 23, 20, 49, 39, 50, 7, 5, 18, 28, 4], [0, 35, 15, 26, 45, 21, 33, 9, 38, 11, 13], [0, 16, 6, 27, 2, 14, 32], [0, 53, 22, 3, 44], [0, 29, 36, 1, 17, 10, 43]]

res = 1179.653
res_int = 1176
solution = [[0, 30, 25, 47, 51, 24, 42, 46, 41, 34, 52], [0, 19, 8, 31, 40, 48, 37, 12], [0, 23, 20, 49, 39, 50, 7, 5, 18, 28, 4], [0, 35, 15, 26, 45, 21, 33, 9, 38, 11, 13], [0, 16, 6, 27, 2, 14, 32], [0, 53, 22, 3, 44], [0, 29, 36, 1, 17, 10, 43]]

res = 1179.653
res_int = 1176
solution = [[0, 30, 25, 47, 51, 24, 42, 46, 41, 34, 52], [0, 19, 8, 31, 40, 48, 37, 12], [0, 23, 20, 49, 39, 50, 7, 5, 18, 28, 4], [0, 35, 15, 26, 45, 21, 33, 9, 38, 11, 13], [0, 53, 22, 3, 44], [0, 16, 6, 27, 2, 14, 32], [0, 43, 10, 17, 1, 36, 29]]

res = 1179.653
res_int = 1176
solution = [[0, 30, 25, 47, 51, 24, 42, 46, 41, 34, 52], [0, 19, 8, 31, 40, 48, 37, 12], [0, 23, 20, 49, 39, 50, 7, 5, 18, 28, 4], [0, 35, 15, 26, 45, 21, 33, 9, 38, 11, 13], [0, 53, 22, 3, 44], [0, 16, 6, 27, 2, 14, 32], [0, 43, 10, 17, 1, 36, 29]]

res = 1179.653
res_int = 1176
solution = [[0, 53, 22, 3, 44], [0, 19, 8, 31, 40, 48, 37, 12], [0, 29, 36, 1, 17, 10, 43], [0, 4, 28, 18, 5, 7, 50, 39, 49, 20, 23], [0, 13, 11, 38, 9, 33, 21, 45, 26, 15, 35], [0, 30, 25, 47, 51, 24, 42, 46, 41, 34, 52], [0, 32, 14, 2, 27, 6, 16]]

res = 1179.653
res_int = 1176
solution = [[0, 53, 22, 3, 44], [0, 19, 8, 31, 40, 48, 37, 12], [0, 29, 36, 1, 17, 10, 43], [0, 4, 28, 18, 5, 7, 50, 39, 49, 20, 23], [0, 13, 11, 38, 9, 33, 21, 45, 26, 15, 35], [0, 30, 25, 47, 51, 24, 42, 46, 41, 34, 52], [0, 32, 14, 2, 27, 6, 16]]

Mean = 1179.652772016012
Execution = 449.9264941215515

Instance : A-n55-k09.xml
Time = 0.9618382453918457

res = 1074.959
res_int = 1074
solution = [[0, 47, 39, 49, 9, 35, 43], [0, 6, 45, 1, 29], [0, 28, 54, 13, 27, 19, 22, 30], [0, 23, 52, 24, 44, 50, 48, 18], [0, 32, 38, 16, 40, 53, 5, 10, 12], [0, 26, 46, 20, 31, 42, 7, 4], [0, 21, 8, 41, 25], [0, 14, 17, 34, 3, 37], [0, 36, 33, 2, 51, 11, 15]]

res = 1074.959
res_int = 1074
solution = [[0, 47, 39, 49, 9, 35, 43], [0, 6, 45, 1, 29], [0, 28, 54, 13, 27, 19, 22, 30], [0, 23, 52, 24, 44, 50, 48, 18], [0, 32, 38, 16, 40, 53, 5, 10, 12], [0, 26, 46, 20, 31, 42, 7, 4], [0, 21, 8, 41, 25], [0, 14, 17, 34, 3, 37], [0, 36, 33, 2, 51, 11, 15]]

res = 1074.959
res_int = 1074
solution = [[0, 18, 48, 50, 44, 24, 52, 23], [0, 12, 10, 5, 53, 40, 16, 38, 32], [0, 47, 39, 49, 9, 35, 43], [0, 26, 46, 20, 31, 42, 7, 4], [0, 28, 54, 13, 27, 19, 22, 30], [0, 25, 41, 8, 21], [0, 6, 45, 1, 29], [0, 14, 17, 34, 3, 37], [0, 15, 11, 51, 2, 33, 36]]

res = 1074.959
res_int = 1074
solution = [[0, 18, 48, 50, 44, 24, 52, 23], [0, 12, 10, 5, 53, 40, 16, 38, 32], [0, 47, 39, 49, 9, 35, 43], [0, 26, 46, 20, 31, 42, 7, 4], [0, 28, 54, 13, 27, 19, 22, 30], [0, 25, 41, 8, 21], [0, 6, 45, 1, 29], [0, 14, 17, 34, 3, 37], [0, 15, 11, 51, 2, 33, 36]]

res = 1075.174
res_int = 1075
solution = [[0, 47, 39, 49, 9, 35, 43], [0, 6, 45, 1, 29], [0, 28, 54, 13, 27, 19, 22, 30], [0, 23, 52, 24, 44, 50, 48, 18], [0, 32, 38, 16, 40, 53, 5, 10, 12], [0, 26, 20, 31, 42, 7, 4], [0, 21, 8, 41, 25], [0, 14, 46, 17, 34, 3, 37], [0, 36, 33, 2, 51, 11, 15]]

res = 1075.609
res_int = 1074
solution = [[0, 47, 39, 49, 9, 35, 43], [0, 28, 54, 13, 27, 19, 22, 30], [0, 6, 45, 1, 29], [0, 26, 46, 20, 31, 42, 7, 4], [0, 32, 38, 16, 40, 53, 5, 10, 12], [0, 23, 52, 24, 44, 50, 48, 18], [0, 25, 41, 8, 21], [0, 33, 2, 51, 11, 15], [0, 14, 17, 34, 3, 37, 36]]

res = 1075.609
res_int = 1074
solution = [[0, 47, 39, 49, 9, 35, 43], [0, 28, 54, 13, 27, 19, 22, 30], [0, 6, 45, 1, 29], [0, 26, 46, 20, 31, 42, 7, 4], [0, 32, 38, 16, 40, 53, 5, 10, 12], [0, 23, 52, 24, 44, 50, 48, 18], [0, 25, 41, 8, 21], [0, 33, 2, 51, 11, 15], [0, 14, 17, 34, 3, 37, 36]]

res = 1075.609
res_int = 1074
solution = [[0, 6, 45, 1, 29], [0, 26, 46, 20, 31, 42, 7, 4], [0, 14, 17, 34, 3, 37, 36], [0, 28, 54, 13, 27, 19, 22, 30], [0, 23, 52, 24, 44, 50, 48, 18], [0, 15, 11, 51, 2, 33], [0, 47, 39, 49, 9, 35, 43], [0, 32, 38, 16, 40, 53, 5, 10, 12], [0, 21, 8, 41, 25]]

res = 1075.609
res_int = 1074
solution = [[0, 6, 45, 1, 29], [0, 26, 46, 20, 31, 42, 7, 4], [0, 14, 17, 34, 3, 37, 36], [0, 28, 54, 13, 27, 19, 22, 30], [0, 23, 52, 24, 44, 50, 48, 18], [0, 15, 11, 51, 2, 33], [0, 47, 39, 49, 9, 35, 43], [0, 32, 38, 16, 40, 53, 5, 10, 12], [0, 21, 8, 41, 25]]

res = 1075.609
res_int = 1074
solution = [[0, 47, 39, 49, 9, 35, 43], [0, 28, 54, 13, 27, 19, 22, 30], [0, 6, 45, 1, 29], [0, 26, 46, 20, 31, 42, 7, 4], [0, 15, 11, 51, 2, 33], [0, 32, 38, 16, 40, 53, 5, 10, 12], [0, 23, 52, 24, 44, 50, 48, 18], [0, 14, 17, 34, 3, 37, 36], [0, 25, 41, 8, 21]]

Mean = 1075.3055639176669
Execution = 497.02650356292725

Instance : A-n60-k09.xml
Time = 1.2655742168426514

res = 1356.345
res_int = 1355
solution = [[0, 43, 56, 12, 51, 9, 32], [0, 35, 55, 15, 8, 13, 29, 7], [0, 2, 1, 48, 22, 36, 31], [0, 42, 45, 5, 54, 10], [0, 50, 39, 26, 17, 37, 57, 27, 19], [0, 41, 33, 38, 59, 52, 18], [0, 4, 21, 53, 30, 49, 44, 28, 6], [0, 34, 24, 58, 23, 47, 14], [0, 16, 20, 3, 11, 40, 46, 25]]

res = 1356.345
res_int = 1355
solution = [[0, 43, 56, 12, 51, 9, 32], [0, 35, 55, 15, 8, 13, 29, 7], [0, 2, 1, 48, 22, 36, 31], [0, 42, 45, 5, 54, 10], [0, 50, 39, 26, 17, 37, 57, 27, 19], [0, 41, 33, 38, 59, 52, 18], [0, 4, 21, 53, 30, 49, 44, 28, 6], [0, 34, 24, 58, 23, 47, 14], [0, 16, 20, 3, 11, 40, 46, 25]]

res = 1359.335
res_int = 1358
solution = [[0, 43, 56, 12, 51, 9, 32], [0, 35, 55, 8, 13, 29, 7], [0, 2, 1, 48, 22, 36, 31], [0, 42, 45, 5, 54, 10], [0, 50, 39, 15, 26, 17, 37, 57, 27, 19], [0, 41, 33, 38, 59, 52, 18], [0, 4, 21, 53, 30, 49, 44, 28, 6], [0, 34, 24, 58, 23, 47, 14], [0, 16, 20, 3, 11, 40, 46, 25]]

res = 1359.354
res_int = 1358
solution = [[0, 43, 56, 12, 51, 9, 32], [0, 35, 55, 15, 8, 13, 29, 7], [0, 2, 1, 48, 22, 36, 31], [0, 42, 45, 5, 54, 10], [0, 34, 24, 58, 23, 47, 14, 18], [0, 50, 39, 26, 17, 37, 57, 27, 19], [0, 52, 59, 38, 33, 41], [0, 16, 20, 3, 11, 40, 46, 25], [0, 6, 28, 44, 49, 30, 53, 21, 4]]

res = 1359.354
res_int = 1358
solution = [[0, 43, 56, 12, 51, 9, 32], [0, 42, 45, 5, 54, 10], [0, 35, 55, 15, 8, 13, 29, 7], [0, 19, 27, 57, 37, 17, 26, 39, 50], [0, 6, 28, 44, 49, 30, 53, 21, 4], [0, 2, 1, 48, 22, 36, 31], [0, 34, 24, 58, 23, 47, 14, 18], [0, 52, 59, 38, 33, 41], [0, 16, 20, 3, 11, 40, 46, 25]]

res = 1359.354
res_int = 1358
solution = [[0, 43, 56, 12, 51, 9, 32], [0, 42, 45, 5, 54, 10], [0, 35, 55, 15, 8, 13, 29, 7], [0, 19, 27, 57, 37, 17, 26, 39, 50], [0, 6, 28, 44, 49, 30, 53, 21, 4], [0, 2, 1, 48, 22, 36, 31], [0, 34, 24, 58, 23, 47, 14, 18], [0, 52, 59, 38, 33, 41], [0, 16, 20, 3, 11, 40, 46, 25]]

res = 1359.354
res_int = 1358
solution = [[0, 52, 59, 38, 33, 41], [0, 6, 28, 44, 49, 30, 53, 21, 4], [0, 43, 56, 12, 51, 9, 32], [0, 25, 46, 40, 11, 3, 20, 16], [0, 50, 39, 26, 17, 37, 57, 27, 19], [0, 35, 55, 15, 8, 13, 29, 7], [0, 34, 24, 58, 23, 47, 14, 18], [0, 42, 45, 5, 54, 10], [0, 2, 1, 48, 22, 36, 31]]

res = 1359.354
res_int = 1358
solution = [[0, 52, 59, 38, 33, 41], [0, 6, 28, 44, 49, 30, 53, 21, 4], [0, 43, 56, 12, 51, 9, 32], [0, 25, 46, 40, 11, 3, 20, 16], [0, 50, 39, 26, 17, 37, 57, 27, 19], [0, 35, 55, 15, 8, 13, 29, 7], [0, 34, 24, 58, 23, 47, 14, 18], [0, 42, 45, 5, 54, 10], [0, 2, 1, 48, 22, 36, 31]]

res = 1359.354
res_int = 1358
solution = [[0, 6, 28, 44, 49, 30, 53, 21, 4], [0, 43, 56, 12, 51, 9, 32], [0, 35, 55, 15, 8, 13, 29, 7], [0, 2, 1, 48, 22, 36, 31], [0, 42, 45, 5, 54, 10], [0, 25, 46, 40, 11, 3, 20, 16], [0, 34, 24, 58, 23, 47, 14, 18], [0, 50, 39, 26, 17, 37, 57, 27, 19], [0, 52, 59, 38, 33, 41]]

res = 1361.07
res_int = 1359
solution = [[0, 52, 59, 38, 33, 41], [0, 6, 28, 44, 49, 30, 53, 21, 4], [0, 43, 56, 12, 51, 9, 32], [0, 16, 20, 3, 11, 40, 46, 25], [0, 19, 27, 57, 37, 17, 26, 39, 50], [0, 35, 55, 15, 8, 13, 29, 7], [0, 34, 24, 58, 23, 47, 14, 18], [0, 31, 36, 22, 48, 1], [0, 42, 45, 5, 54, 10, 2]]

Mean = 1358.9217331686195
Execution = 513.8313000202179

Instance : A-n61-k09.xml
Time = 1.1917288303375244
Instance : A-n53-k07.xml
Time = 1.0930454730987549
Instance : A-n53-k07.xml
Time = 1.1038246154785156
Instance : A-n53-k07.xml
Time = 1.109990119934082

res = 1018.898
res_int = 1016
solution = [[0, 38, 18, 40, 26, 10, 49, 29, 44, 30, 22, 4], [0, 51, 27, 35, 8, 46, 1], [0, 37, 2, 36, 50, 43, 48, 45, 28], [0, 3, 5, 11, 24, 41, 17, 9], [0, 42, 23, 19, 15, 32, 16, 12, 7, 47], [0, 31, 20, 6, 33], [0, 25, 21, 34, 52, 13, 14, 39]]

res = 1018.898
res_int = 1016
solution = [[0, 38, 18, 40, 26, 10, 49, 29, 44, 30, 22, 4], [0, 51, 27, 35, 8, 46, 1], [0, 37, 2, 36, 50, 43, 48, 45, 28], [0, 3, 5, 11, 24, 41, 17, 9], [0, 42, 23, 19, 15, 32, 16, 12, 7, 47], [0, 31, 20, 6, 33], [0, 25, 21, 34, 52, 13, 14, 39]]

res = 1019.566
res_int = 1016
solution = [[0, 38, 18, 40, 26, 10, 49, 29, 44, 30, 22, 4], [0, 27, 35, 8, 46, 51, 1], [0, 37, 2, 36, 50, 43, 48, 45, 28], [0, 3, 5, 11, 24, 41, 17, 9], [0, 42, 23, 19, 15, 32, 16, 12, 7, 47], [0, 31, 20, 6, 33], [0, 25, 21, 34, 52, 13, 14, 39]]

res = 1019.566
res_int = 1016
solution = [[0, 47, 7, 12, 16, 32, 15, 19, 23, 42], [0, 38, 18, 40, 26, 10, 49, 29, 44, 30, 22, 4], [0, 39, 14, 13, 52, 34, 21, 25], [0, 33, 6, 20, 31], [0, 27, 35, 8, 46, 51, 1], [0, 37, 2, 36, 50, 43, 48, 45, 28], [0, 3, 5, 11, 24, 41, 17, 9]]

res = 1020.043
res_int = 1018
solution = [[0, 39, 3, 5, 14, 21, 17], [0, 25, 34, 13, 52, 24, 11, 41, 9], [0, 45, 48, 42, 2, 37, 30], [0, 4, 28, 22, 44, 29, 49, 10, 26, 40, 18, 38], [0, 51, 27, 35, 8, 46, 1], [0, 31, 20, 6, 33], [0, 47, 7, 12, 16, 32, 15, 19, 23, 43, 50, 36]]

res = 1020.043
res_int = 1018
solution = [[0, 39, 3, 5, 14, 21, 17], [0, 25, 34, 13, 52, 24, 11, 41, 9], [0, 45, 48, 42, 2, 37, 30], [0, 4, 28, 22, 44, 29, 49, 10, 26, 40, 18, 38], [0, 51, 27, 35, 8, 46, 1], [0, 31, 20, 6, 33], [0, 47, 7, 12, 16, 32, 15, 19, 23, 43, 50, 36]]

res = 1021.773
res_int = 1021
solution = [[0, 37, 2, 42, 48, 45, 28], [0, 46, 40, 26, 10, 49, 29, 44, 30, 22, 4, 1], [0, 31, 20, 6, 33], [0, 27, 35, 38, 18, 8, 51], [0, 36, 50, 43, 23, 19, 15, 32, 16, 12, 7, 47], [0, 25, 21, 34, 52, 13, 14, 39], [0, 3, 5, 24, 11, 41, 17, 9]]

res = 1021.773
res_int = 1021
solution = [[0, 37, 2, 42, 48, 45, 28], [0, 46, 40, 26, 10, 49, 29, 44, 30, 22, 4, 1], [0, 31, 20, 6, 33], [0, 27, 35, 38, 18, 8, 51], [0, 36, 50, 43, 23, 19, 15, 32, 16, 12, 7, 47], [0, 25, 21, 34, 52, 13, 14, 39], [0, 3, 5, 24, 11, 41, 17, 9]]

res = 1021.773
res_int = 1021
solution = [[0, 37, 2, 42, 48, 45, 28], [0, 36, 50, 43, 23, 19, 15, 32, 16, 12, 7, 47], [0, 46, 40, 26, 10, 49, 29, 44, 30, 22, 4, 1], [0, 25, 21, 34, 52, 13, 14, 39], [0, 3, 5, 11, 24, 41, 17, 9], [0, 31, 20, 6, 33], [0, 27, 35, 38, 18, 8, 51]]

res = 1021.773
res_int = 1021
solution = [[0, 37, 2, 42, 48, 45, 28], [0, 36, 50, 43, 23, 19, 15, 32, 16, 12, 7, 47], [0, 46, 40, 26, 10, 49, 29, 44, 30, 22, 4, 1], [0, 27, 35, 38, 18, 8, 51], [0, 31, 20, 6, 33], [0, 25, 21, 34, 52, 13, 14, 39], [0, 3, 5, 11, 24, 41, 17, 9]]

Mean = 1020.4105748448249
Execution = 661.8933641910553

Instance : A-n54-k07.xml
Time = 1.0575141906738281

res = 1178.12
res_int = 1174
solution = [[0, 19, 8, 31, 40, 48, 37, 12], [0, 44, 53, 3, 22, 13], [0, 16, 6, 27, 2, 14, 32], [0, 52, 34, 41, 46, 42, 24, 51, 47, 25, 30], [0, 18, 5, 50, 39, 7, 28, 4, 43], [0, 35, 15, 10, 17, 26, 1, 36, 49, 20, 23], [0, 29, 45, 21, 33, 9, 38, 11]]

res = 1178.12
res_int = 1174
solution = [[0, 19, 8, 31, 40, 48, 37, 12], [0, 44, 53, 3, 22, 13], [0, 16, 6, 27, 2, 14, 32], [0, 52, 34, 41, 46, 42, 24, 51, 47, 25, 30], [0, 18, 5, 50, 39, 7, 28, 4, 43], [0, 35, 15, 10, 17, 26, 1, 36, 49, 20, 23], [0, 29, 45, 21, 33, 9, 38, 11]]

res = 1178.839
res_int = 1176
solution = [[0, 44, 53, 3, 22], [0, 35, 15, 10, 17, 26, 1, 29, 23], [0, 13, 11, 38, 9, 33, 21, 45, 36, 49, 20], [0, 18, 5, 50, 39, 7, 28, 4, 43], [0, 30, 25, 47, 51, 24, 42, 46, 41, 34, 52], [0, 32, 14, 2, 27, 6, 16], [0, 19, 8, 31, 40, 48, 37, 12]]

res = 1178.839
res_int = 1176
solution = [[0, 44, 53, 3, 22], [0, 35, 15, 10, 17, 26, 1, 29, 23], [0, 13, 11, 38, 9, 33, 21, 45, 36, 49, 20], [0, 18, 5, 50, 39, 7, 28, 4, 43], [0, 30, 25, 47, 51, 24, 42, 46, 41, 34, 52], [0, 32, 14, 2, 27, 6, 16], [0, 19, 8, 31, 40, 48, 37, 12]]

res = 1178.839
res_int = 1176
solution = [[0, 44, 53, 3, 22], [0, 19, 8, 31, 40, 48, 37, 12], [0, 23, 29, 1, 26, 17, 10, 15, 35], [0, 13, 11, 38, 9, 33, 21, 45, 36, 49, 20], [0, 18, 5, 50, 39, 7, 28, 4, 43], [0, 52, 34, 41, 46, 42, 24, 51, 47, 25, 30], [0, 32, 14, 2, 27, 6, 16]]

res = 1178.839
res_int = 1176
solution = [[0, 44, 53, 3, 22], [0, 19, 8, 31, 40, 48, 37, 12], [0, 35, 15, 10, 17, 26, 1, 29, 23], [0, 13, 11, 38, 9, 33, 21, 45, 36, 49, 20], [0, 18, 5, 50, 39, 7, 28, 4, 43], [0, 30, 25, 47, 51, 24, 42, 46, 41, 34, 52], [0, 16, 6, 27, 2, 14, 32]]

res = 1178.839
res_int = 1176
solution = [[0, 44, 53, 3, 22], [0, 19, 8, 31, 40, 48, 37, 12], [0, 35, 15, 10, 17, 26, 1, 29, 23], [0, 13, 11, 38, 9, 33, 21, 45, 36, 49, 20], [0, 18, 5, 50, 39, 7, 28, 4, 43], [0, 30, 25, 47, 51, 24, 42, 46, 41, 34, 52], [0, 16, 6, 27, 2, 14, 32]]

res = 1179.19
res_int = 1175
solution = [[0, 19, 8, 31, 40, 48, 37, 12], [0, 44, 53, 3, 22, 13], [0, 16, 6, 27, 2, 14, 32, 52], [0, 30, 25, 47, 51, 24, 42, 46, 41, 34], [0, 18, 5, 50, 39, 7, 28, 4, 43], [0, 35, 15, 10, 17, 26, 1, 36, 49, 20, 23], [0, 29, 45, 21, 33, 9, 38, 11]]

res = 1180.908
res_int = 1176
solution = [[0, 14, 2, 12, 27, 6, 16], [0, 23, 20, 49, 39, 50, 7, 5, 18, 28, 4], [0, 30, 25, 47, 51, 24, 42, 46, 41, 34, 52], [0, 32, 37, 48, 40, 31, 8, 19, 11, 13], [0, 53, 22, 3, 44], [0, 29, 36, 1, 17, 10, 43], [0, 38, 9, 33, 21, 45, 26, 15, 35]]

res = 1180.908
res_int = 1176
solution = [[0, 14, 2, 12, 27, 6, 16], [0, 23, 20, 49, 39, 50, 7, 5, 18, 28, 4], [0, 30, 25, 47, 51, 24, 42, 46, 41, 34, 52], [0, 32, 37, 48, 40, 31, 8, 19, 11, 13], [0, 53, 22, 3, 44], [0, 29, 36, 1, 17, 10, 43], [0, 38, 9, 33, 21, 45, 26, 15, 35]]

Mean = 1179.143924467756
Execution = 502.4006643295288

Instance : A-n55-k09.xml
Time = 1.0594193935394287

res = 1074.959
res_int = 1074
solution = [[0, 18, 48, 50, 44, 24, 52, 23], [0, 32, 38, 16, 40, 53, 5, 10, 12], [0, 47, 39, 49, 9, 35, 43], [0, 26, 46, 20, 31, 42, 7, 4], [0, 28, 54, 13, 27, 19, 22, 30], [0, 25, 41, 8, 21], [0, 14, 17, 34, 3, 37], [0, 6, 45, 1, 29], [0, 11, 15, 51, 2, 33, 36]]

res = 1075.609
res_int = 1074
solution = [[0, 6, 45, 1, 29], [0, 28, 54, 13, 27, 19, 22, 30], [0, 23, 52, 24, 44, 50, 48, 18], [0, 32, 38, 16, 40, 53, 5, 10, 12], [0, 15, 11, 51, 2, 33], [0, 25, 41, 8, 21], [0, 47, 39, 49, 9, 35, 43], [0, 26, 46, 20, 31, 42, 7, 4], [0, 14, 17, 34, 3, 37, 36]]

res = 1075.609
res_int = 1074
solution = [[0, 6, 45, 1, 29], [0, 28, 54, 13, 27, 19, 22, 30], [0, 23, 52, 24, 44, 50, 48, 18], [0, 32, 38, 16, 40, 53, 5, 10, 12], [0, 15, 11, 51, 2, 33], [0, 25, 41, 8, 21], [0, 47, 39, 49, 9, 35, 43], [0, 26, 46, 20, 31, 42, 7, 4], [0, 14, 17, 34, 3, 37, 36]]

res = 1075.609
res_int = 1074
solution = [[0, 47, 39, 49, 9, 35, 43], [0, 29, 1, 45, 6], [0, 26, 46, 20, 31, 42, 7, 4], [0, 28, 54, 13, 27, 19, 22, 30], [0, 23, 52, 24, 44, 50, 48, 18], [0, 33, 2, 51, 11, 15], [0, 12, 10, 5, 53, 40, 16, 38, 32], [0, 21, 8, 41, 25], [0, 14, 17, 34, 3, 37, 36]]

res = 1075.609
res_int = 1074
solution = [[0, 47, 39, 49, 9, 35, 43], [0, 29, 1, 45, 6], [0, 26, 46, 20, 31, 42, 7, 4], [0, 28, 54, 13, 27, 19, 22, 30], [0, 23, 52, 24, 44, 50, 48, 18], [0, 33, 2, 51, 11, 15], [0, 12, 10, 5, 53, 40, 16, 38, 32], [0, 21, 8, 41, 25], [0, 14, 17, 34, 3, 37, 36]]

res = 1075.609
res_int = 1074
solution = [[0, 6, 45, 1, 29], [0, 18, 48, 50, 44, 24, 52, 23], [0, 28, 54, 13, 27, 19, 22, 30], [0, 47, 39, 49, 9, 35, 43], [0, 12, 10, 5, 53, 40, 16, 38, 32], [0, 26, 46, 20, 31, 42, 7, 4], [0, 25, 41, 8, 21], [0, 11, 15, 51, 2, 33], [0, 14, 17, 34, 3, 37, 36]]

res = 1075.609
res_int = 1074
solution = [[0, 6, 45, 1, 29], [0, 18, 48, 50, 44, 24, 52, 23], [0, 28, 54, 13, 27, 19, 22, 30], [0, 47, 39, 49, 9, 35, 43], [0, 12, 10, 5, 53, 40, 16, 38, 32], [0, 26, 46, 20, 31, 42, 7, 4], [0, 25, 41, 8, 21], [0, 11, 15, 51, 2, 33], [0, 14, 17, 34, 3, 37, 36]]

res = 1075.609
res_int = 1074
solution = [[0, 6, 45, 1, 29], [0, 23, 52, 24, 44, 50, 48, 18], [0, 26, 46, 20, 31, 42, 7, 4], [0, 28, 54, 13, 27, 19, 22, 30], [0, 11, 15, 51, 2, 33], [0, 47, 39, 49, 9, 35, 43], [0, 32, 38, 16, 40, 53, 5, 10, 12], [0, 14, 17, 34, 3, 37, 36], [0, 21, 8, 41, 25]]

res = 1075.609
res_int = 1074
solution = [[0, 6, 45, 1, 29], [0, 23, 52, 24, 44, 50, 48, 18], [0, 26, 46, 20, 31, 42, 7, 4], [0, 28, 54, 13, 27, 19, 22, 30], [0, 11, 15, 51, 2, 33], [0, 47, 39, 49, 9, 35, 43], [0, 32, 38, 16, 40, 53, 5, 10, 12], [0, 14, 17, 34, 3, 37, 36], [0, 21, 8, 41, 25]]

res = 1075.609
res_int = 1074
solution = [[0, 23, 52, 24, 44, 50, 48, 18], [0, 47, 39, 49, 9, 35, 43], [0, 26, 46, 20, 31, 42, 7, 4], [0, 6, 45, 1, 29], [0, 32, 38, 16, 40, 53, 5, 10, 12], [0, 28, 54, 13, 27, 19, 22, 30], [0, 25, 41, 8, 21], [0, 33, 2, 51, 15, 11], [0, 14, 17, 34, 3, 37, 36]]

Mean = 1075.5441967972038
Execution = 576.8989148139954

Instance : A-n60-k09.xml
Time = 1.6009554862976074
