Instance : A-n33-k06.xml
Time = 0.41269850730895996

res = 742.693
res_int = 742
solution = [[0, 31, 23, 24, 26, 22], [0, 10, 12, 21], [0, 28, 27, 30, 16, 25, 32], [0, 4, 8, 3, 9, 15, 20, 2, 5], [0, 17, 11, 29, 19, 7], [0, 13, 6, 18, 1, 14]]

res = 743.004
res_int = 743
solution = [[0, 7, 19, 29, 11, 17], [0, 10, 12, 21], [0, 5, 8, 4, 3, 2, 15, 9, 20], [0, 13, 6, 18, 1, 14], [0, 32, 25, 16, 30, 27, 28], [0, 22, 26, 24, 23, 31]]

res = 743.004
res_int = 743
solution = [[0, 20, 9, 15, 2, 3, 4, 8, 5], [0, 13, 6, 18, 1, 14], [0, 7, 19, 29, 11, 17], [0, 10, 12, 21], [0, 22, 26, 24, 23, 31], [0, 28, 27, 30, 16, 25, 32]]

res = 743.443
res_int = 743
solution = [[0, 21, 12], [0, 5, 8, 4, 3, 2, 15, 9, 20], [0, 13, 6, 18, 1, 14], [0, 7, 19, 29, 11, 17, 10], [0, 32, 25, 16, 30, 27, 28], [0, 22, 26, 24, 23, 31]]

res = 743.443
res_int = 743
solution = [[0, 21, 12], [0, 32, 25, 16, 30, 27, 28], [0, 13, 6, 18, 1, 14], [0, 20, 9, 15, 2, 3, 4, 8, 5], [0, 7, 19, 29, 11, 17, 10], [0, 22, 26, 24, 23, 31]]

res = 743.443
res_int = 743
solution = [[0, 21, 12], [0, 20, 9, 15, 2, 3, 4, 8, 5], [0, 7, 19, 29, 11, 17, 10], [0, 32, 25, 16, 30, 27, 28], [0, 22, 26, 24, 23, 31], [0, 13, 6, 18, 1, 14]]

res = 743.443
res_int = 743
solution = [[0, 28, 27, 30, 16, 25, 32], [0, 31, 23, 24, 26, 22], [0, 7, 19, 29, 11, 17, 10], [0, 21, 12], [0, 13, 6, 18, 1, 14], [0, 20, 9, 15, 2, 3, 4, 8, 5]]

res = 744.242
res_int = 743
solution = [[0, 21, 12], [0, 13, 5, 22, 26, 24, 23, 31], [0, 4, 8, 3, 2, 15, 9, 20, 6], [0, 1, 18, 7, 19, 14], [0, 17, 29, 11, 10, 32], [0, 25, 16, 30, 27, 28]]

res = 744.242
res_int = 743
solution = [[0, 21, 12], [0, 1, 18, 7, 19, 14], [0, 31, 23, 24, 26, 22, 5, 13], [0, 4, 8, 3, 2, 15, 9, 20, 6], [0, 17, 29, 11, 10, 32], [0, 25, 16, 30, 27, 28]]

res = 744.242
res_int = 743
solution = [[0, 28, 27, 30, 16, 25], [0, 31, 23, 24, 26, 22, 5, 13], [0, 17, 29, 11, 10, 32], [0, 14, 19, 7, 18, 1], [0, 21, 12], [0, 4, 8, 3, 2, 15, 9, 20, 6]]

Mean = 743.5198875497781
Execution = 389.01271533966064

Instance : A-n34-k05.xml
Time = 0.49604105949401855

res = 780.936
res_int = 779
solution = [[0, 2, 9, 12, 3, 22, 16, 33, 20], [0, 24, 30, 5, 26, 4], [0, 14, 29, 8, 15, 6, 7], [0, 27, 1, 23, 11, 19, 17, 10], [0, 13, 25, 31, 28, 32, 21, 18]]

res = 780.936
res_int = 779
solution = [[0, 2, 9, 12, 3, 22, 16, 33, 20], [0, 27, 1, 23, 11, 19, 17, 10], [0, 24, 30, 5, 26, 4], [0, 13, 25, 31, 28, 32, 21, 18], [0, 14, 29, 8, 15, 6, 7]]

res = 780.936
res_int = 779
solution = [[0, 24, 30, 5, 26, 4], [0, 14, 29, 8, 15, 6, 7], [0, 2, 9, 12, 3, 22, 16, 33, 20], [0, 27, 1, 23, 11, 19, 17, 10], [0, 13, 25, 31, 28, 32, 21, 18]]

res = 780.936
res_int = 779
solution = [[0, 24, 30, 5, 26, 4], [0, 2, 9, 12, 3, 22, 16, 33, 20], [0, 14, 29, 8, 15, 6, 7], [0, 13, 25, 31, 28, 32, 21, 18], [0, 27, 1, 23, 11, 19, 17, 10]]

res = 782.187
res_int = 780
solution = [[0, 13, 25, 31, 28, 32, 21, 18], [0, 24, 30, 5, 26, 4], [0, 20, 33, 16, 22, 3, 12, 9, 2], [0, 14, 29, 8, 15, 6, 7], [0, 10, 17, 19, 11, 23, 27, 1]]

res = 786.437
res_int = 785
solution = [[0, 7, 6, 15, 8, 11, 19, 17], [0, 18, 2, 9, 12, 3, 22, 16, 33], [0, 14, 29, 1, 23, 27, 24], [0, 20, 4, 26, 5, 30], [0, 10, 13, 25, 31, 28, 32, 21]]

res = 786.437
res_int = 785
solution = [[0, 17, 19, 11, 8, 15, 6, 7], [0, 18, 2, 9, 12, 3, 22, 16, 33], [0, 24, 27, 23, 1, 29, 14], [0, 10, 13, 25, 31, 28, 32, 21], [0, 20, 4, 26, 5, 30]]

res = 786.437
res_int = 785
solution = [[0, 33, 16, 22, 3, 12, 9, 2, 18], [0, 30, 5, 26, 4, 20], [0, 24, 27, 23, 1, 29, 14], [0, 21, 32, 28, 31, 25, 13, 10], [0, 17, 19, 11, 8, 15, 6, 7]]

res = 786.797
res_int = 786
solution = [[0, 27, 1, 23, 11, 8, 15, 14], [0, 19, 17, 25, 31, 28, 13, 10], [0, 5, 30, 24, 29, 6, 7], [0, 26, 4, 33, 16, 20], [0, 21, 32, 3, 12, 9, 22, 2, 18]]

res = 786.797
res_int = 786
solution = [[0, 5, 30, 24, 29, 6, 7], [0, 27, 1, 23, 11, 8, 15, 14], [0, 19, 17, 25, 31, 28, 13, 10], [0, 21, 32, 3, 12, 9, 22, 2, 18], [0, 20, 16, 33, 4, 26]]

Mean = 783.8835240628348
Execution = 401.32930421829224

Instance : A-n36-k05.xml
Time = 0.6270565986633301

res = 802.132
res_int = 799
solution = [[0, 1, 22, 32, 13, 17, 30, 29, 33, 18, 21], [0, 15, 8, 35, 2, 23, 34, 14, 28], [0, 9, 6, 3, 4, 19, 31, 12], [0, 20, 5, 25, 27, 24, 11, 16], [0, 26, 7, 10]]

res = 802.132
res_int = 799
solution = [[0, 15, 8, 35, 2, 23, 34, 14, 28], [0, 1, 22, 32, 13, 17, 30, 29, 33, 18, 21], [0, 20, 5, 25, 27, 24, 11, 16], [0, 26, 7, 10], [0, 9, 6, 3, 4, 19, 31, 12]]

res = 802.132
res_int = 799
solution = [[0, 15, 8, 35, 2, 23, 34, 14, 28], [0, 21, 18, 33, 29, 30, 17, 13, 32, 22, 1], [0, 20, 5, 25, 27, 24, 11, 16], [0, 26, 7, 10], [0, 9, 6, 3, 4, 19, 31, 12]]

res = 802.132
res_int = 799
solution = [[0, 28, 14, 34, 23, 2, 35, 8, 15], [0, 1, 22, 32, 13, 17, 30, 29, 33, 18, 21], [0, 9, 6, 3, 4, 19, 31, 12], [0, 20, 5, 25, 27, 24, 11, 16], [0, 26, 7, 10]]

res = 802.132
res_int = 799
solution = [[0, 1, 22, 32, 13, 17, 30, 29, 33, 18, 21], [0, 28, 14, 34, 23, 2, 35, 8, 15], [0, 12, 31, 19, 4, 3, 6, 9], [0, 26, 7, 10], [0, 20, 5, 25, 27, 24, 11, 16]]

res = 802.132
res_int = 799
solution = [[0, 20, 5, 25, 27, 24, 11, 16], [0, 1, 22, 32, 13, 17, 30, 29, 33, 18, 21], [0, 12, 31, 19, 4, 3, 6, 9], [0, 26, 7, 10], [0, 28, 14, 34, 23, 2, 35, 8, 15]]

res = 802.132
res_int = 799
solution = [[0, 21, 18, 33, 29, 30, 17, 13, 32, 22, 1], [0, 16, 11, 24, 27, 25, 5, 20], [0, 12, 31, 19, 4, 3, 6, 9], [0, 26, 7, 10], [0, 28, 14, 34, 23, 2, 35, 8, 15]]

res = 802.132
res_int = 799
solution = [[0, 21, 18, 33, 29, 30, 17, 13, 32, 22, 1], [0, 20, 5, 25, 27, 24, 11, 16], [0, 12, 31, 19, 4, 3, 6, 9], [0, 26, 7, 10], [0, 15, 8, 35, 2, 23, 34, 14, 28]]

res = 802.132
res_int = 799
solution = [[0, 21, 18, 33, 29, 30, 17, 13, 32, 22, 1], [0, 20, 5, 25, 27, 24, 11, 16], [0, 12, 31, 19, 4, 3, 6, 9], [0, 26, 7, 10], [0, 28, 14, 34, 23, 2, 35, 8, 15]]

res = 802.132
res_int = 799
solution = [[0, 9, 6, 3, 4, 19, 31, 12], [0, 28, 14, 34, 23, 2, 35, 8, 15], [0, 21, 18, 33, 29, 30, 17, 13, 32, 22, 1], [0, 20, 5, 25, 27, 24, 11, 16], [0, 26, 7, 10]]

Mean = 802.1318035237846
Execution = 460.52201676368713

Instance : A-n37-k05.xml
Time = 0.6820089817047119

res = 672.741
res_int = 671
solution = [[0, 15, 34, 36, 29, 32, 28, 31, 26, 30], [0, 3, 24, 9, 11, 27, 8, 25, 35, 18], [0, 16, 21], [0, 7, 4, 33, 5, 6, 10, 13, 22], [0, 17, 14, 23, 20, 19, 2, 12, 1]]

res = 672.741
res_int = 671
solution = [[0, 15, 34, 36, 29, 32, 28, 31, 26, 30], [0, 3, 24, 9, 11, 27, 8, 25, 35, 18], [0, 16, 21], [0, 7, 4, 33, 5, 6, 10, 13, 22], [0, 17, 14, 23, 20, 19, 2, 12, 1]]

res = 672.741
res_int = 671
solution = [[0, 30, 26, 31, 28, 32, 29, 36, 34, 15], [0, 16, 21], [0, 22, 13, 10, 6, 5, 33, 4, 7], [0, 18, 35, 25, 8, 27, 11, 9, 24, 3], [0, 17, 14, 23, 20, 19, 2, 12, 1]]

res = 672.741
res_int = 671
solution = [[0, 30, 26, 31, 28, 32, 29, 36, 34, 15], [0, 18, 35, 25, 8, 27, 11, 9, 24, 3], [0, 17, 14, 23, 20, 19, 2, 12, 1], [0, 16, 21], [0, 22, 13, 10, 6, 5, 33, 4, 7]]

res = 672.741
res_int = 671
solution = [[0, 7, 4, 33, 5, 6, 10, 13, 22], [0, 16, 21], [0, 17, 14, 23, 20, 19, 2, 12, 1], [0, 30, 26, 31, 28, 32, 29, 36, 34, 15], [0, 18, 35, 25, 8, 27, 11, 9, 24, 3]]

res = 674.544
res_int = 674
solution = [[0, 7, 4, 33, 5, 6, 10, 13, 22], [0, 30, 26, 32, 29, 36, 34, 15], [0, 16, 21], [0, 28, 31, 18, 35, 25, 8, 27, 11, 9, 24, 3], [0, 1, 12, 2, 19, 20, 23, 14, 17]]

res = 675.19
res_int = 674
solution = [[0, 15, 34, 36, 29, 32, 30], [0, 16, 21], [0, 22, 13, 10, 6, 5, 33, 4, 7], [0, 17, 14, 23, 20, 19, 2, 12, 1], [0, 28, 31, 26, 18, 35, 25, 8, 27, 11, 9, 24, 3]]

res = 676.212
res_int = 674
solution = [[0, 17, 14, 23, 20, 19, 2, 12, 1], [0, 7, 4, 33, 5, 6, 10, 13, 22], [0, 16, 21], [0, 30, 25, 8, 27, 11, 9, 24, 3], [0, 34, 36, 29, 32, 28, 31, 18, 35, 26, 15]]

res = 676.212
res_int = 674
solution = [[0, 22, 13, 10, 6, 5, 33, 4, 7], [0, 16, 21], [0, 17, 14, 23, 20, 19, 2, 12, 1], [0, 30, 25, 8, 27, 11, 9, 24, 3], [0, 34, 36, 29, 32, 28, 31, 18, 35, 26, 15]]

res = 678.711
res_int = 676
solution = [[0, 1, 12, 2, 19, 20, 23, 14, 17, 3], [0, 26, 18, 35, 25, 8, 27, 11, 9, 24], [0, 30, 31, 28, 32, 29, 36, 34, 15], [0, 16, 21], [0, 22, 13, 10, 6, 5, 33, 4, 7]]

Mean = 674.4573668347214
Execution = 403.82352662086487

Instance : A-n37-k06.xml
Time = 0.5716118812561035

res = 950.852
res_int = 949
solution = [[0, 24, 29, 36, 6, 14], [0, 27, 32, 15, 30, 13], [0, 7, 25, 35, 16], [0, 10, 11, 12, 22, 23, 28, 2, 33], [0, 20, 8, 5, 3, 1, 34, 17, 18], [0, 31, 19, 9, 21, 26, 4]]

res = 950.852
res_int = 949
solution = [[0, 24, 29, 36, 6, 14], [0, 27, 32, 15, 30, 13], [0, 7, 25, 35, 16], [0, 10, 11, 12, 22, 23, 28, 2, 33], [0, 31, 19, 9, 21, 26, 4], [0, 18, 17, 34, 1, 3, 5, 8, 20]]

res = 950.852
res_int = 949
solution = [[0, 27, 32, 15, 30, 13], [0, 7, 25, 35, 16], [0, 10, 11, 12, 22, 23, 28, 2, 33], [0, 14, 6, 36, 29, 24], [0, 20, 8, 5, 3, 1, 34, 17, 18], [0, 31, 19, 9, 21, 26, 4]]

res = 950.852
res_int = 949
solution = [[0, 27, 32, 15, 30, 13], [0, 7, 25, 35, 16], [0, 10, 11, 12, 22, 23, 28, 2, 33], [0, 24, 29, 36, 6, 14], [0, 20, 8, 5, 3, 1, 34, 17, 18], [0, 31, 19, 9, 21, 26, 4]]

res = 950.852
res_int = 949
solution = [[0, 27, 32, 15, 30, 13], [0, 7, 25, 35, 16], [0, 14, 6, 36, 29, 24], [0, 10, 11, 12, 22, 23, 28, 2, 33], [0, 20, 8, 5, 3, 1, 34, 17, 18], [0, 31, 19, 9, 21, 26, 4]]

res = 950.852
res_int = 949
solution = [[0, 27, 32, 15, 30, 13], [0, 7, 25, 35, 16], [0, 33, 2, 28, 23, 22, 12, 11, 10], [0, 31, 19, 9, 21, 26, 4], [0, 14, 6, 36, 29, 24], [0, 20, 8, 5, 3, 1, 34, 17, 18]]

res = 950.852
res_int = 949
solution = [[0, 27, 32, 15, 30, 13], [0, 33, 2, 28, 23, 22, 12, 11, 10], [0, 16, 35, 25, 7], [0, 14, 6, 36, 29, 24], [0, 31, 19, 9, 21, 26, 4], [0, 20, 8, 5, 3, 1, 34, 17, 18]]

res = 952.546
res_int = 950
solution = [[0, 13, 30, 15, 32, 27], [0, 7, 25, 35, 16], [0, 20, 8, 5, 3, 1, 19, 31, 14], [0, 33, 2, 28, 23, 22, 12, 11, 10, 4], [0, 6, 36, 29, 24], [0, 26, 21, 9, 34, 17, 18]]

res = 956.807
res_int = 955
solution = [[0, 27, 32, 15, 30, 13], [0, 7, 25, 35, 16], [0, 33, 2, 28, 23, 22, 12, 11, 10], [0, 20, 8, 5, 3, 1, 9, 21], [0, 18, 17, 34, 31, 19, 26, 4], [0, 14, 6, 36, 29, 24]]

res = 956.807
res_int = 955
solution = [[0, 27, 32, 15, 30, 13], [0, 7, 25, 35, 16], [0, 33, 2, 28, 23, 22, 12, 11, 10], [0, 20, 8, 5, 3, 1, 9, 21], [0, 24, 29, 36, 6, 14], [0, 18, 17, 34, 31, 19, 26, 4]]

Mean = 952.2127119443157
Execution = 391.0320842266083

Instance : A-n38-k05.xml
Time = 0.601332426071167

res = 734.185
res_int = 730
solution = [[0, 18, 19, 34, 29, 30, 10], [0, 37, 11, 27, 22, 5, 7], [0, 28, 31, 6, 25, 16, 4, 1, 3, 12, 26, 21], [0, 24, 33, 35, 23, 8, 9], [0, 20, 32, 15, 13, 36, 17, 2, 14]]

res = 734.185
res_int = 730
solution = [[0, 10, 30, 29, 34, 19, 18], [0, 7, 5, 22, 27, 11, 37], [0, 20, 32, 15, 13, 36, 17, 2, 14], [0, 9, 8, 23, 35, 33, 24], [0, 28, 31, 6, 25, 16, 4, 1, 3, 12, 26, 21]]

res = 734.185
res_int = 730
solution = [[0, 10, 30, 29, 34, 19, 18], [0, 7, 5, 22, 27, 11, 37], [0, 20, 32, 15, 13, 36, 17, 2, 14], [0, 9, 8, 23, 35, 33, 24], [0, 28, 31, 6, 25, 16, 4, 1, 3, 12, 26, 21]]

res = 734.185
res_int = 730
solution = [[0, 10, 30, 29, 34, 19, 18], [0, 7, 5, 22, 27, 11, 37], [0, 20, 32, 15, 13, 36, 17, 2, 14], [0, 9, 8, 23, 35, 33, 24], [0, 28, 31, 6, 25, 16, 4, 1, 3, 12, 26, 21]]

res = 734.185
res_int = 730
solution = [[0, 10, 30, 29, 34, 19, 18], [0, 7, 5, 22, 27, 11, 37], [0, 21, 26, 12, 3, 1, 4, 16, 25, 6, 31, 28], [0, 9, 8, 23, 35, 33, 24], [0, 20, 32, 15, 13, 36, 17, 2, 14]]

res = 734.185
res_int = 730
solution = [[0, 20, 32, 15, 13, 36, 17, 2, 14], [0, 9, 8, 23, 35, 33, 24], [0, 18, 19, 34, 29, 30, 10], [0, 37, 11, 27, 22, 5, 7], [0, 28, 31, 6, 25, 16, 4, 1, 3, 12, 26, 21]]

res = 734.185
res_int = 730
solution = [[0, 21, 26, 12, 3, 1, 4, 16, 25, 6, 31, 28], [0, 10, 30, 29, 34, 19, 18], [0, 37, 11, 27, 22, 5, 7], [0, 9, 8, 23, 35, 33, 24], [0, 20, 32, 15, 13, 36, 17, 2, 14]]

res = 734.185
res_int = 730
solution = [[0, 37, 11, 27, 22, 5, 7], [0, 21, 26, 12, 3, 1, 4, 16, 25, 6, 31, 28], [0, 10, 30, 29, 34, 19, 18], [0, 9, 8, 23, 35, 33, 24], [0, 20, 32, 15, 13, 36, 17, 2, 14]]

res = 737.456
res_int = 734
solution = [[0, 10, 30, 29, 34, 18, 19], [0, 21, 26, 12, 3, 1, 4, 16, 25, 6, 31, 28], [0, 37, 11, 27, 22, 5, 7], [0, 9, 8, 23, 35, 33, 24], [0, 20, 32, 15, 13, 36, 17, 2, 14]]

res = 737.456
res_int = 734
solution = [[0, 10, 30, 29, 34, 18, 19], [0, 28, 31, 6, 25, 16, 4, 1, 3, 12, 26, 21], [0, 7, 5, 22, 27, 11, 37], [0, 24, 33, 35, 23, 8, 9], [0, 20, 32, 15, 13, 36, 17, 2, 14]]

Mean = 734.8388512381792
Execution = 396.59292101860046

Instance : A-n39-k05.xml
Time = 0.6925811767578125

res = 828.989
res_int = 822
solution = [[0, 14, 19, 25, 33, 12, 18, 4], [0, 31, 1, 23, 20, 29, 5, 15, 38, 9], [0, 6, 36, 27, 28, 13, 30, 21], [0, 17, 24, 35, 37, 34, 26, 11, 8], [0, 10, 32, 16, 7, 3, 22, 2]]

res = 829.679
res_int = 825
solution = [[0, 4, 18, 9, 12, 14], [0, 6, 36, 27, 28, 13, 30, 21], [0, 38, 15, 10, 32, 5, 29, 20, 1, 31, 33], [0, 17, 24, 35, 37, 34, 26, 11, 8], [0, 2, 22, 3, 7, 16, 23, 25, 19]]

res = 829.679
res_int = 825
solution = [[0, 4, 18, 9, 12, 14], [0, 21, 30, 13, 28, 27, 36, 6], [0, 38, 15, 10, 32, 5, 29, 20, 1, 31, 33], [0, 17, 24, 35, 37, 34, 26, 11, 8], [0, 2, 22, 3, 7, 16, 23, 25, 19]]

res = 829.679
res_int = 825
solution = [[0, 4, 18, 9, 12, 14], [0, 38, 15, 10, 32, 5, 29, 20, 1, 31, 33], [0, 6, 36, 27, 28, 13, 30, 21], [0, 17, 24, 35, 37, 34, 26, 11, 8], [0, 2, 22, 3, 7, 16, 23, 25, 19]]

res = 829.679
res_int = 825
solution = [[0, 4, 18, 9, 12, 14], [0, 38, 15, 10, 32, 5, 29, 20, 1, 31, 33], [0, 6, 36, 27, 28, 13, 30, 21], [0, 17, 24, 35, 37, 34, 26, 11, 8], [0, 2, 22, 3, 7, 16, 23, 25, 19]]

res = 829.679
res_int = 825
solution = [[0, 4, 18, 9, 12, 14], [0, 38, 15, 10, 32, 5, 29, 20, 1, 31, 33], [0, 6, 36, 27, 28, 13, 30, 21], [0, 17, 24, 35, 37, 34, 26, 11, 8], [0, 2, 22, 3, 7, 16, 23, 25, 19]]

res = 829.679
res_int = 825
solution = [[0, 14, 12, 9, 18, 4], [0, 6, 36, 27, 28, 13, 30, 21], [0, 38, 15, 10, 32, 5, 29, 20, 1, 31, 33], [0, 17, 24, 35, 37, 34, 26, 11, 8], [0, 2, 22, 3, 7, 16, 23, 25, 19]]

res = 829.679
res_int = 825
solution = [[0, 4, 18, 9, 12, 14], [0, 33, 31, 1, 20, 29, 5, 32, 10, 15, 38], [0, 2, 22, 3, 7, 16, 23, 25, 19], [0, 17, 24, 35, 37, 34, 26, 11, 8], [0, 6, 36, 27, 28, 13, 30, 21]]

res = 829.993
res_int = 827
solution = [[0, 14, 12, 9, 18, 4], [0, 2, 22, 3, 7, 16, 5, 1], [0, 6, 36, 27, 28, 13, 30, 21], [0, 17, 24, 35, 37, 34, 26, 11, 8], [0, 33, 31, 38, 15, 10, 32, 29, 20, 23, 25, 19]]

res = 829.993
res_int = 827
solution = [[0, 17, 24, 35, 37, 34, 26, 11, 8], [0, 33, 31, 38, 15, 10, 32, 29, 20, 23, 25, 19], [0, 21, 30, 13, 28, 27, 36, 6], [0, 4, 18, 9, 12, 14], [0, 2, 22, 3, 7, 16, 5, 1]]

Mean = 829.6727002597645
Execution = 468.85018396377563

Instance : A-n39-k06.xml
Time = 0.6787769794464111

res = 833.205
res_int = 831
solution = [[0, 13, 30, 15], [0, 20, 32, 34, 22, 21, 23, 17, 36, 1, 6], [0, 2, 19, 33, 25, 35, 14, 31, 37], [0, 5, 29, 28, 9, 12, 38, 3, 24], [0, 11, 26], [0, 18, 27, 10, 16, 4, 8, 7]]

res = 833.205
res_int = 831
solution = [[0, 13, 30, 15], [0, 37, 31, 14, 35, 25, 33, 19, 2], [0, 5, 29, 28, 9, 12, 38, 3, 24], [0, 20, 32, 34, 22, 21, 23, 17, 36, 1, 6], [0, 11, 26], [0, 7, 8, 4, 16, 10, 27, 18]]

res = 833.205
res_int = 831
solution = [[0, 20, 32, 34, 22, 21, 23, 17, 36, 1, 6], [0, 7, 8, 4, 16, 10, 27, 18], [0, 13, 30, 15], [0, 5, 29, 28, 9, 12, 38, 3, 24], [0, 26, 11], [0, 37, 31, 14, 35, 25, 33, 19, 2]]

res = 833.205
res_int = 831
solution = [[0, 20, 32, 34, 22, 21, 23, 17, 36, 1, 6], [0, 5, 29, 28, 9, 12, 38, 3, 24], [0, 18, 27, 10, 16, 4, 8, 7], [0, 13, 30, 15], [0, 2, 19, 33, 25, 35, 14, 31, 37], [0, 11, 26]]

res = 833.205
res_int = 831
solution = [[0, 13, 30, 15], [0, 7, 8, 4, 16, 10, 27, 18], [0, 6, 1, 36, 17, 23, 21, 22, 34, 32, 20], [0, 37, 31, 14, 35, 25, 33, 19, 2], [0, 24, 3, 38, 12, 9, 28, 29, 5], [0, 11, 26]]

res = 833.205
res_int = 831
solution = [[0, 20, 32, 34, 22, 21, 23, 17, 36, 1, 6], [0, 2, 19, 33, 25, 35, 14, 31, 37], [0, 18, 27, 10, 16, 4, 8, 7], [0, 15, 30, 13], [0, 11, 26], [0, 5, 29, 28, 9, 12, 38, 3, 24]]

res = 833.205
res_int = 831
solution = [[0, 24, 3, 38, 12, 9, 28, 29, 5], [0, 13, 30, 15], [0, 20, 32, 34, 22, 21, 23, 17, 36, 1, 6], [0, 2, 19, 33, 25, 35, 14, 31, 37], [0, 11, 26], [0, 18, 27, 10, 16, 4, 8, 7]]

res = 833.205
res_int = 831
solution = [[0, 24, 3, 38, 12, 9, 28, 29, 5], [0, 18, 27, 10, 16, 4, 8, 7], [0, 15, 30, 13], [0, 20, 32, 34, 22, 21, 23, 17, 36, 1, 6], [0, 11, 26], [0, 2, 19, 33, 25, 35, 14, 31, 37]]

res = 833.205
res_int = 831
solution = [[0, 13, 30, 15], [0, 37, 31, 14, 35, 25, 33, 19, 2], [0, 5, 29, 28, 9, 12, 38, 3, 24], [0, 7, 8, 4, 16, 10, 27, 18], [0, 11, 26], [0, 6, 1, 36, 17, 23, 21, 22, 34, 32, 20]]

res = 835.252
res_int = 835
solution = [[0, 14, 25, 35, 31, 37, 38, 12, 3], [0, 26, 5, 9, 28, 29, 24], [0, 13, 15], [0, 11, 36, 17, 23, 21, 1, 6], [0, 18, 22, 34, 16, 10, 27, 32, 20], [0, 30, 7, 8, 4, 19, 33, 2]]

Mean = 833.4093212766081
Execution = 450.0235981941223

Instance : A-n44-k06.xml
Time = 0.8623194694519043

res = 943.02
res_int = 942
solution = [[0, 17, 23, 40, 43, 29, 25], [0, 31, 4, 34, 39, 12, 3, 6], [0, 22, 36, 9, 38, 13, 14, 41, 2], [0, 26, 16, 20, 18, 35, 1, 30], [0, 8, 19, 27, 28, 7], [0, 24, 33, 10, 11, 37, 42, 32, 21, 5, 15]]

res = 943.02
res_int = 942
solution = [[0, 17, 23, 40, 43, 29, 25], [0, 31, 4, 34, 39, 12, 3, 6], [0, 22, 36, 9, 38, 13, 14, 41, 2], [0, 26, 16, 20, 18, 35, 1, 30], [0, 24, 33, 10, 11, 37, 42, 32, 21, 5, 15], [0, 7, 28, 27, 19, 8]]

res = 943.02
res_int = 942
solution = [[0, 22, 36, 9, 38, 13, 14, 41, 2], [0, 30, 1, 35, 18, 20, 16, 26], [0, 6, 3, 12, 39, 34, 4, 31], [0, 25, 29, 43, 40, 23, 17], [0, 15, 5, 21, 32, 42, 37, 11, 10, 33, 24], [0, 8, 19, 27, 28, 7]]

res = 943.02
res_int = 942
solution = [[0, 22, 36, 9, 38, 13, 14, 41, 2], [0, 25, 29, 43, 40, 23, 17], [0, 6, 3, 12, 39, 34, 4, 31], [0, 30, 1, 35, 18, 20, 16, 26], [0, 7, 28, 27, 19, 8], [0, 24, 33, 10, 11, 37, 42, 32, 21, 5, 15]]

res = 943.479
res_int = 942
solution = [[0, 22, 36, 9, 38, 13, 14, 41, 2], [0, 25, 29, 43, 40, 23, 17], [0, 26, 16, 20, 18, 35, 1, 30], [0, 33, 10, 11, 37, 42, 32, 21, 5, 24], [0, 7, 28, 27, 19, 15, 8], [0, 6, 3, 12, 39, 34, 4, 31]]

res = 944.876
res_int = 945
solution = [[0, 34, 26, 11, 37, 42, 32, 21, 5, 7], [0, 29, 43, 40, 23, 30, 39], [0, 31, 19, 27, 28, 15, 8], [0, 6, 25, 3, 12, 17, 4], [0, 24, 33, 10, 16, 20, 18, 35, 1], [0, 22, 36, 9, 38, 13, 14, 41, 2]]

res = 945.535
res_int = 945
solution = [[0, 22, 36, 9, 38, 13, 14, 41, 2], [0, 8, 15, 28, 27, 19, 31], [0, 34, 26, 11, 37, 42, 32, 21, 5, 7], [0, 1, 35, 18, 20, 16, 10, 33, 24], [0, 39, 30, 23, 40, 29, 43], [0, 6, 25, 3, 12, 17, 4]]

res = 945.662
res_int = 944
solution = [[0, 17, 30, 23, 40, 43, 29], [0, 31, 4, 34, 39, 12, 3, 6], [0, 22, 36, 9, 38, 13, 14, 41, 2], [0, 26, 16, 20, 18, 35, 1, 25], [0, 24, 33, 10, 11, 37, 42, 32, 21, 5, 15], [0, 8, 19, 27, 28, 7]]

res = 945.662
res_int = 944
solution = [[0, 22, 36, 9, 38, 13, 14, 41, 2], [0, 29, 43, 40, 23, 30, 17], [0, 6, 3, 12, 39, 34, 4, 31], [0, 26, 16, 20, 18, 35, 1, 25], [0, 24, 33, 10, 11, 37, 42, 32, 21, 5, 15], [0, 7, 28, 27, 19, 8]]

res = 946.276
res_int = 943
solution = [[0, 2, 41, 14, 13, 38, 9, 36, 22], [0, 6, 3, 17, 34, 4, 31], [0, 25, 29, 40, 23, 30, 12], [0, 43, 1, 35, 18, 20, 16, 39], [0, 26, 10, 11, 37, 42, 32, 21, 5, 7], [0, 8, 15, 28, 27, 24, 33, 19]]

Mean = 944.3569887696998
Execution = 463.13504242897034

Instance : A-n45-k06.xml
Time = 0.9011528491973877

res = 955.997
res_int = 953
solution = [[0, 11, 40, 30, 19, 34, 37, 24], [0, 27, 18, 17, 43, 29, 26], [0, 12, 39, 36, 42, 4, 16, 22, 9], [0, 3, 10, 8, 41, 33, 21, 5, 20, 32], [0, 14, 31, 35, 1, 44, 6], [0, 38, 2, 25, 15, 13, 7, 28], [0, 23]]

res = 955.997
res_int = 953
solution = [[0, 12, 39, 36, 42, 4, 16, 22, 9], [0, 11, 40, 30, 19, 34, 37, 24], [0, 3, 10, 8, 41, 33, 21, 5, 20, 32], [0, 26, 29, 43, 17, 18, 27], [0, 28, 7, 13, 15, 25, 2, 38], [0, 23], [0, 6, 44, 1, 35, 31, 14]]

res = 955.997
res_int = 953
solution = [[0, 12, 39, 36, 42, 4, 16, 22, 9], [0, 11, 40, 30, 19, 34, 37, 24], [0, 3, 10, 8, 41, 33, 21, 5, 20, 32], [0, 26, 29, 43, 17, 18, 27], [0, 28, 7, 13, 15, 25, 2, 38], [0, 23], [0, 6, 44, 1, 35, 31, 14]]

res = 959.77
res_int = 956
solution = [[0, 27, 18, 17, 43, 29, 26], [0, 11, 40, 30, 19, 34, 37, 24], [0, 12, 39, 36, 42, 4, 16, 22, 9], [0, 6, 44, 1, 14, 35, 31], [0, 23], [0, 3, 10, 8, 41, 33, 21, 5, 20, 32], [0, 28, 7, 13, 15, 25, 2, 38]]

res = 961.779
res_int = 959
solution = [[0, 11, 40, 30, 19, 34, 37, 24], [0, 26, 29, 43, 17, 18, 27], [0, 38], [0, 6, 44, 1, 35, 31, 14], [0, 3, 10, 8, 41, 33, 21, 5, 20, 32], [0, 28, 7, 13, 22, 15], [0, 2, 25, 12, 39, 36, 42, 4, 16, 9, 23]]

res = 961.779
res_int = 959
solution = [[0, 11, 40, 30, 19, 34, 37, 24], [0, 27, 18, 17, 43, 29, 26], [0, 14, 31, 35, 1, 44, 6], [0, 38], [0, 3, 10, 8, 41, 33, 21, 5, 20, 32], [0, 2, 25, 12, 39, 36, 42, 4, 16, 9, 23], [0, 28, 7, 13, 22, 15]]

res = 961.779
res_int = 959
solution = [[0, 11, 40, 30, 19, 34, 37, 24], [0, 27, 18, 17, 43, 29, 26], [0, 38], [0, 14, 31, 35, 1, 44, 6], [0, 3, 10, 8, 41, 33, 21, 5, 20, 32], [0, 2, 25, 12, 39, 36, 42, 4, 16, 9, 23], [0, 28, 7, 13, 22, 15]]

res = 961.779
res_int = 959
solution = [[0, 24, 37, 34, 19, 30, 40, 11], [0, 27, 18, 17, 43, 29, 26], [0, 14, 31, 35, 1, 44, 6], [0, 38], [0, 3, 10, 8, 41, 33, 21, 5, 20, 32], [0, 2, 25, 12, 39, 36, 42, 4, 16, 9, 23], [0, 28, 7, 13, 22, 15]]

res = 961.779
res_int = 959
solution = [[0, 24, 37, 34, 19, 30, 40, 11], [0, 27, 18, 17, 43, 29, 26], [0, 14, 31, 35, 1, 44, 6], [0, 38], [0, 3, 10, 8, 41, 33, 21, 5, 20, 32], [0, 2, 25, 12, 39, 36, 42, 4, 16, 9, 23], [0, 28, 7, 13, 22, 15]]

res = 961.779
res_int = 959
solution = [[0, 27, 18, 17, 43, 29, 26], [0, 14, 31, 35, 1, 44, 6], [0, 11, 40, 30, 19, 34, 37, 24], [0, 38], [0, 3, 10, 8, 41, 33, 21, 5, 20, 32], [0, 2, 25, 12, 39, 36, 42, 4, 16, 9, 23], [0, 28, 7, 13, 22, 15]]

Mean = 959.8437425282134
Execution = 512.2836606502533

Instance : A-n45-k07.xml
Time = 0.8580121994018555

res = 1150.217
res_int = 1149
solution = [[0, 27, 41, 43, 11, 3, 28, 6, 2], [0, 35, 39, 34, 4, 12], [0, 31, 36, 19, 29, 33], [0, 26, 21, 24, 44, 14, 9, 32], [0, 13, 38, 17, 23, 25, 15, 10, 8], [0, 18, 7, 16, 20, 40], [0, 22, 5, 30, 37, 1, 42]]

res = 1150.217
res_int = 1149
solution = [[0, 31, 36, 19, 29, 33], [0, 8, 10, 15, 25, 23, 17, 38, 13], [0, 22, 5, 30, 37, 1, 42], [0, 40, 20, 16, 7, 18], [0, 35, 39, 34, 4, 12], [0, 32, 9, 14, 44, 24, 21, 26], [0, 27, 41, 43, 11, 3, 28, 6, 2]]

res = 1151.219
res_int = 1149
solution = [[0, 42, 1, 37, 30, 22, 9], [0, 40, 20, 16, 7, 18], [0, 8, 10, 15, 25, 23, 17, 38, 13], [0, 31, 29, 36, 19, 5, 32], [0, 6, 28, 3, 11, 43, 41, 27], [0, 21, 24, 44, 33, 14, 39], [0, 35, 34, 26, 4, 2, 12]]

res = 1153.252
res_int = 1152
solution = [[0, 6, 28, 3, 11, 43, 41, 27, 21], [0, 35, 39, 34, 26, 4, 2], [0, 22, 5, 30, 37, 1, 42], [0, 31, 36, 19, 29, 33], [0, 32, 9, 14, 44, 24, 12], [0, 8, 10, 15, 25, 23, 17, 38, 13], [0, 40, 20, 16, 7, 18]]

res = 1156.009
res_int = 1154
solution = [[0, 9, 14, 33, 44, 24, 21], [0, 22, 5, 30, 37, 1, 42], [0, 13, 38, 17, 23, 25, 15, 10, 8], [0, 32, 18, 7, 16, 20, 40], [0, 31, 19, 36, 29, 41, 27], [0, 4, 11, 43, 3, 28, 6, 2], [0, 35, 39, 34, 26, 12]]

res = 1156.009
res_int = 1154
solution = [[0, 31, 19, 36, 29, 41, 27], [0, 21, 24, 44, 33, 14, 9], [0, 8, 10, 15, 25, 23, 17, 38, 13], [0, 22, 5, 30, 37, 1, 42], [0, 40, 20, 16, 7, 18, 32], [0, 4, 11, 43, 3, 28, 6, 2], [0, 39, 35, 34, 26, 12]]

res = 1156.107
res_int = 1154
solution = [[0, 9, 14, 33, 44, 24, 21], [0, 22, 5, 30, 37, 1, 42], [0, 4, 11, 43, 3, 28, 6], [0, 31, 19, 36, 29, 41, 27], [0, 8, 10, 15, 25, 23, 17, 38, 13], [0, 40, 20, 16, 7, 18, 32], [0, 35, 39, 34, 26, 2, 12]]

res = 1156.273
res_int = 1155
solution = [[0, 9, 14, 33, 44, 24, 21], [0, 22, 5, 30, 37, 1, 42], [0, 31, 19, 36, 29, 41, 27], [0, 8, 10, 15, 25, 23, 17, 38], [0, 4, 11, 43, 3, 28, 6, 2], [0, 40, 20, 16, 7, 18, 13, 32], [0, 12, 26, 34, 39, 35]]

res = 1156.371
res_int = 1155
solution = [[0, 9, 14, 33, 44, 24, 21], [0, 38, 17, 23, 25, 15, 10, 8], [0, 32, 13, 18, 7, 16, 20, 40], [0, 42, 1, 37, 30, 5, 22], [0, 27, 41, 29, 36, 19, 31], [0, 6, 28, 3, 43, 11, 4], [0, 39, 35, 34, 26, 2, 12]]

res = 1156.371
res_int = 1155
solution = [[0, 22, 5, 30, 37, 1, 42], [0, 31, 19, 36, 29, 41, 27], [0, 8, 10, 15, 25, 23, 17, 38], [0, 21, 24, 44, 33, 14, 9], [0, 40, 20, 16, 7, 18, 13, 32], [0, 6, 28, 3, 43, 11, 4], [0, 12, 2, 26, 34, 35, 39]]

Mean = 1154.2045655272032
Execution = 493.3597948551178

Instance : A-n46-k07.xml
Time = 0.9101464748382568

res = 918.12
res_int = 915
solution = [[0, 32, 3, 22, 10, 7, 39, 5, 36], [0, 44, 25, 18, 35, 12, 11], [0, 21, 29, 31, 34, 40, 1, 27, 20, 41, 28], [0, 19, 15, 24, 16, 42, 33, 8], [0, 9, 17, 45, 6, 43, 13, 26], [0, 23], [0, 14, 4, 30, 2, 37, 38]]

res = 918.127
res_int = 917
solution = [[0, 5, 32, 3, 22, 10, 7, 39, 36], [0, 8, 33, 42, 16, 24, 15, 19], [0, 21, 29, 31, 34, 40, 1, 27, 20, 41, 28], [0, 37, 2, 30, 4, 38], [0, 45, 6, 43, 13, 26, 14, 23], [0, 44, 25, 18, 35, 12, 11], [0, 17, 9]]

res = 918.127
res_int = 917
solution = [[0, 36, 39, 7, 10, 22, 3, 32, 5], [0, 19, 15, 24, 16, 42, 33, 8], [0, 21, 29, 31, 34, 40, 1, 27, 20, 41, 28], [0, 44, 25, 18, 35, 12, 11], [0, 37, 2, 30, 4, 38], [0, 45, 6, 43, 13, 26, 14, 23], [0, 17, 9]]

res = 918.127
res_int = 917
solution = [[0, 5, 32, 3, 22, 10, 7, 39, 36], [0, 23, 14, 26, 13, 43, 6, 45], [0, 37, 2, 30, 4, 38], [0, 21, 29, 31, 34, 40, 1, 27, 20, 41, 28], [0, 44, 25, 18, 35, 12, 11], [0, 8, 33, 42, 16, 24, 15, 19], [0, 17, 9]]

res = 918.127
res_int = 917
solution = [[0, 5, 32, 3, 22, 10, 7, 39, 36], [0, 37, 2, 30, 4, 38], [0, 45, 6, 43, 13, 26, 14, 23], [0, 17, 9], [0, 21, 29, 31, 34, 40, 1, 27, 20, 41, 28], [0, 19, 15, 24, 16, 42, 33, 8], [0, 44, 25, 18, 35, 12, 11]]

res = 918.127
res_int = 917
solution = [[0, 5, 32, 3, 22, 10, 7, 39, 36], [0, 37, 2, 30, 4, 38], [0, 45, 6, 43, 13, 26, 14, 23], [0, 21, 29, 31, 34, 40, 1, 27, 20, 41, 28], [0, 8, 33, 42, 16, 24, 15, 19], [0, 44, 25, 18, 35, 12, 11], [0, 17, 9]]

res = 918.127
res_int = 917
solution = [[0, 5, 32, 3, 22, 10, 7, 39, 36], [0, 37, 2, 30, 4, 38], [0, 45, 6, 43, 13, 26, 14, 23], [0, 28, 41, 20, 27, 1, 40, 34, 31, 29, 21], [0, 44, 25, 18, 35, 12, 11], [0, 17, 9], [0, 19, 15, 24, 16, 42, 33, 8]]

res = 918.127
res_int = 917
solution = [[0, 17, 9], [0, 45, 6, 43, 13, 26, 14, 23], [0, 8, 33, 42, 16, 24, 15, 19], [0, 21, 29, 31, 34, 40, 1, 27, 20, 41, 28], [0, 44, 25, 18, 35, 12, 11], [0, 37, 2, 30, 4, 38], [0, 36, 39, 7, 10, 22, 3, 32, 5]]

res = 918.127
res_int = 917
solution = [[0, 19, 15, 24, 16, 42, 33, 8], [0, 37, 2, 30, 4, 38], [0, 21, 29, 31, 34, 40, 1, 27, 20, 41, 28], [0, 36, 39, 7, 10, 22, 3, 32, 5], [0, 44, 25, 18, 35, 12, 11], [0, 17, 9], [0, 45, 6, 43, 13, 26, 14, 23]]

res = 918.127
res_int = 917
solution = [[0, 21, 29, 31, 34, 40, 1, 27, 20, 41, 28], [0, 11, 12, 35, 18, 25, 44], [0, 23, 14, 26, 13, 43, 6, 45], [0, 37, 2, 30, 4, 38], [0, 5, 32, 3, 22, 10, 7, 39, 36], [0, 17, 9], [0, 8, 33, 42, 16, 24, 15, 19]]

Mean = 918.1266977697936
Execution = 472.3260028362274

Instance : A-n48-k07.xml
Time = 1.054051399230957

res = 1087.478
res_int = 1086
solution = [[0, 29, 21, 30, 46, 13, 24, 4, 11, 42, 9, 34], [0, 7, 3, 20, 26, 39, 8, 15, 27], [0, 32, 38, 25, 19, 37, 36, 40], [0, 41, 2, 10, 33, 28, 45], [0, 16, 47, 17, 14], [0, 12, 23, 44, 18], [0, 43, 31, 5, 1, 6, 22, 35]]

res = 1087.478
res_int = 1086
solution = [[0, 27, 15, 8, 39, 26, 20, 3, 7], [0, 32, 38, 25, 19, 37, 36, 40], [0, 29, 21, 30, 46, 13, 24, 4, 11, 42, 9, 34], [0, 12, 23, 44, 18], [0, 35, 22, 6, 1, 5, 31, 43], [0, 41, 2, 10, 33, 28, 45], [0, 16, 47, 17, 14]]

res = 1087.478
res_int = 1086
solution = [[0, 32, 38, 25, 19, 37, 36, 40], [0, 29, 21, 30, 46, 13, 24, 4, 11, 42, 9, 34], [0, 27, 15, 8, 39, 26, 20, 3, 7], [0, 14, 17, 47, 16], [0, 41, 2, 10, 33, 28, 45], [0, 12, 23, 44, 18], [0, 35, 22, 6, 1, 5, 31, 43]]

res = 1087.939
res_int = 1084
solution = [[0, 45, 28, 33, 10, 2, 41], [0, 36, 40, 16, 47, 17, 14], [0, 29, 21, 30, 46, 13, 24, 4, 11, 42, 9, 34], [0, 12, 5, 1, 31, 43, 23], [0, 27, 15, 8, 39, 26, 20, 3, 7], [0, 6, 22, 38, 25, 19, 37, 32], [0, 44, 35, 18]]

res = 1089.017
res_int = 1086
solution = [[0, 29, 21, 30, 46, 13, 11, 42, 4, 24, 9, 34], [0, 36, 40, 16, 47, 17, 14], [0, 45, 28, 33, 10, 2, 41], [0, 7, 3, 20, 26, 39, 8, 15, 27], [0, 32, 37, 19, 25, 38, 22, 6], [0, 12, 5, 1, 31, 43, 23], [0, 44, 35, 18]]

res = 1092.943
res_int = 1091
solution = [[0, 27, 15, 8, 39, 26, 20, 3, 7], [0, 29, 21, 30, 46, 13, 24, 4, 11, 42, 9, 34], [0, 32, 38, 25, 19, 37, 36, 40], [0, 41, 2, 10, 33, 28, 45], [0, 22, 6, 1, 5, 31, 12], [0, 16, 47, 17, 14], [0, 18, 44, 35, 43, 23]]

res = 1092.943
res_int = 1091
solution = [[0, 29, 21, 30, 46, 13, 24, 4, 11, 42, 9, 34], [0, 7, 3, 20, 26, 39, 8, 15, 27], [0, 32, 38, 25, 19, 37, 36, 40], [0, 22, 6, 1, 5, 31, 12], [0, 41, 2, 10, 33, 28, 45], [0, 16, 47, 17, 14], [0, 23, 43, 35, 44, 18]]

res = 1092.943
res_int = 1091
solution = [[0, 32, 38, 25, 19, 37, 36, 40], [0, 29, 21, 30, 46, 13, 24, 4, 11, 42, 9, 34], [0, 7, 3, 20, 26, 39, 8, 15, 27], [0, 12, 31, 5, 1, 6, 22], [0, 41, 2, 10, 33, 28, 45], [0, 16, 47, 17, 14], [0, 23, 43, 35, 44, 18]]

res = 1092.943
res_int = 1091
solution = [[0, 32, 38, 25, 19, 37, 36, 40], [0, 29, 21, 30, 46, 13, 24, 4, 11, 42, 9, 34], [0, 7, 3, 20, 26, 39, 8, 15, 27], [0, 22, 6, 1, 5, 31, 12], [0, 41, 2, 10, 33, 28, 45], [0, 16, 47, 17, 14], [0, 23, 43, 35, 44, 18]]

res = 1093.332
res_int = 1092
solution = [[0, 32, 38, 25, 19, 37, 36, 40], [0, 12, 5, 31, 43, 23], [0, 29, 21, 30, 46, 13, 24, 4, 11, 42, 9, 34], [0, 41, 2, 10, 33, 28, 45], [0, 7, 3, 20, 26, 39, 8, 15, 27], [0, 14, 17, 47, 16], [0, 18, 44, 35, 22, 6, 1]]

Mean = 1090.4491516097846
Execution = 535.5979599952698

Instance : A-n53-k07.xml
Time = 1.332036018371582

res = 1020.152
res_int = 1017
solution = [[0, 27, 35, 8, 46, 51], [0, 25, 21, 34, 52, 13, 14, 39], [0, 31, 38, 18, 40, 26, 10, 49, 29, 44], [0, 11, 24, 41, 17, 9, 47], [0, 20, 6, 33, 3, 5], [0, 7, 12, 16, 32, 15, 19, 23, 42, 48, 4], [0, 28, 22, 45, 43, 50, 36, 2, 37, 30, 1]]

res = 1020.618
res_int = 1017
solution = [[0, 27, 35, 8, 46, 51], [0, 7, 12, 16, 32, 15, 19, 23, 42, 48], [0, 25, 21, 34, 52, 13, 14, 39], [0, 31, 38, 18, 40, 26, 10, 49, 29, 44], [0, 47, 9, 17, 41, 11, 24], [0, 20, 6, 33, 3, 5], [0, 4, 28, 22, 45, 43, 50, 36, 2, 37, 30, 1]]

res = 1020.618
res_int = 1017
solution = [[0, 51, 46, 8, 35, 27], [0, 20, 6, 33, 3, 5], [0, 11, 24, 41, 17, 9, 47], [0, 7, 12, 16, 32, 15, 19, 23, 42, 48], [0, 25, 21, 34, 52, 13, 14, 39], [0, 31, 38, 18, 40, 26, 10, 49, 29, 44], [0, 4, 28, 22, 45, 43, 50, 36, 2, 37, 30, 1]]

res = 1021.657
res_int = 1019
solution = [[0, 27, 35, 8, 46, 51], [0, 44, 29, 49, 10, 26, 40, 18, 38, 31], [0, 47, 9, 17, 41, 11, 24], [0, 7, 12, 16, 32, 15, 19, 23, 42, 48], [0, 4, 28, 22, 45, 43, 50, 36, 2, 37, 30, 1], [0, 14, 13, 52, 34, 21, 25], [0, 20, 6, 33, 3, 5, 39]]

res = 1024.119
res_int = 1022
solution = [[0, 27, 35, 8, 46, 51], [0, 14, 13, 52, 34, 21], [0, 20, 6, 33, 3, 5, 39], [0, 7, 12, 16, 32, 15, 19, 23, 42, 48], [0, 47, 9, 17, 41, 11, 24, 25], [0, 44, 29, 49, 10, 26, 40, 18, 38, 31], [0, 4, 28, 22, 45, 43, 50, 36, 2, 37, 30, 1]]

res = 1024.119
res_int = 1022
solution = [[0, 27, 35, 8, 46, 51], [0, 21, 34, 52, 13, 14], [0, 20, 6, 33, 3, 5, 39], [0, 48, 42, 23, 19, 15, 32, 16, 12, 7], [0, 25, 11, 24, 41, 17, 9, 47], [0, 44, 29, 49, 10, 26, 40, 18, 38, 31], [0, 4, 28, 22, 45, 43, 50, 36, 2, 37, 30, 1]]

res = 1028.884
res_int = 1026
solution = [[0, 39, 3, 5, 14, 21, 17, 7], [0, 9, 41, 24, 11, 52, 13, 34, 25], [0, 45, 42, 23, 19, 15, 32, 16, 47], [0, 33, 6, 20, 31], [0, 27, 35, 8, 46, 51], [0, 38, 18, 40, 26, 10, 49, 29, 44, 30, 22, 1], [0, 12, 48, 43, 50, 36, 2, 37, 28, 4]]

res = 1030.828
res_int = 1029
solution = [[0, 20, 6, 33, 3, 5, 39], [0, 14, 13, 52, 34, 21], [0, 27, 35, 8, 46, 51], [0, 29, 49, 10, 26, 40, 18, 38, 31], [0, 25, 11, 24, 41, 17, 9, 47], [0, 7, 12, 16, 32, 15, 19, 23, 42, 48, 4], [0, 28, 22, 45, 43, 50, 36, 2, 37, 44, 30, 1]]

res = 1031.293
res_int = 1029
solution = [[0, 20, 6, 33, 3, 5, 39], [0, 27, 35, 8, 46, 51], [0, 48, 42, 23, 19, 15, 32, 16, 12, 7], [0, 29, 49, 10, 26, 40, 18, 38, 31], [0, 4, 28, 22, 45, 43, 50, 36, 2, 37, 44, 30, 1], [0, 25, 11, 24, 41, 17, 9, 47], [0, 21, 34, 52, 13, 14]]

res = 1031.804
res_int = 1030
solution = [[0, 27, 35, 8, 46, 51], [0, 21, 34, 52, 13, 14], [0, 31, 38, 18, 40, 26, 10, 49, 29, 44], [0, 20, 6, 33, 3, 5, 39], [0, 7, 12, 48, 43, 50, 36, 2, 37, 30], [0, 4, 16, 32, 15, 19, 23, 42, 45, 22, 28, 1], [0, 47, 9, 17, 41, 24, 11, 25]]

Mean = 1025.4091166759183
Execution = 637.7507882118225

Instance : A-n54-k07.xml
Time = 1.2952516078948975

res = 1174.62
res_int = 1172
solution = [[0, 19, 8, 31, 40, 48, 37, 12], [0, 44, 53, 3, 22, 13], [0, 11, 38, 9, 33, 21, 45, 26, 15, 35], [0, 20, 49, 36, 1, 17, 10, 29, 23], [0, 16, 6, 27, 2, 14, 32], [0, 30, 25, 47, 51, 24, 42, 46, 41, 34, 52], [0, 18, 5, 50, 39, 7, 28, 4, 43]]

res = 1176.205
res_int = 1174
solution = [[0, 19, 8, 31, 40, 48, 37, 12], [0, 43, 4, 28, 7, 39, 50, 5, 18], [0, 35, 15, 26, 45, 21, 33, 9, 38, 11, 13], [0, 44, 3, 22, 53], [0, 16, 6, 27, 2, 14, 32], [0, 30, 25, 47, 51, 24, 42, 46, 41, 34, 52], [0, 20, 49, 36, 1, 17, 10, 29, 23]]

res = 1176.205
res_int = 1174
solution = [[0, 44, 3, 22, 53], [0, 13, 11, 38, 9, 33, 21, 45, 26, 15, 35], [0, 19, 8, 31, 40, 48, 37, 12], [0, 30, 25, 47, 51, 24, 42, 46, 41, 34, 52], [0, 18, 5, 50, 39, 7, 28, 4, 43], [0, 23, 29, 10, 17, 1, 36, 49, 20], [0, 16, 6, 27, 2, 14, 32]]

res = 1176.441
res_int = 1174
solution = [[0, 44, 53, 3, 22], [0, 19, 8, 31, 40, 48, 37, 12], [0, 23, 29, 10, 17, 1, 36, 49, 20], [0, 13, 11, 38, 9, 33, 21, 45, 26, 15, 35], [0, 18, 5, 50, 39, 7, 28, 4, 43], [0, 30, 25, 47, 51, 24, 42, 46, 41, 34, 52], [0, 16, 6, 27, 2, 14, 32]]

res = 1176.441
res_int = 1174
solution = [[0, 13, 11, 38, 9, 33, 21, 45, 26, 15, 35], [0, 44, 53, 3, 22], [0, 23, 29, 10, 17, 1, 36, 49, 20], [0, 18, 5, 50, 39, 7, 28, 4, 43], [0, 19, 8, 31, 40, 48, 37, 12], [0, 52, 34, 41, 46, 42, 24, 51, 47, 25, 30], [0, 32, 14, 2, 27, 6, 16]]

res = 1178.12
res_int = 1174
solution = [[0, 52, 34, 41, 46, 42, 24, 51, 47, 25, 30], [0, 19, 8, 31, 40, 48, 37, 12], [0, 43, 4, 28, 7, 39, 50, 5, 18], [0, 44, 53, 3, 22, 13], [0, 11, 38, 9, 33, 21, 45, 29], [0, 35, 15, 10, 17, 26, 1, 36, 49, 20, 23], [0, 16, 6, 27, 2, 14, 32]]

res = 1178.839
res_int = 1176
solution = [[0, 22, 3, 53, 44], [0, 35, 15, 10, 17, 26, 1, 29, 23], [0, 18, 5, 50, 39, 7, 28, 4, 43], [0, 19, 8, 31, 40, 48, 37, 12], [0, 13, 11, 38, 9, 33, 21, 45, 36, 49, 20], [0, 52, 34, 41, 46, 42, 24, 51, 47, 25, 30], [0, 32, 14, 2, 27, 6, 16]]

res = 1178.839
res_int = 1176
solution = [[0, 44, 53, 3, 22], [0, 19, 8, 31, 40, 48, 37, 12], [0, 13, 11, 38, 9, 33, 21, 45, 36, 49, 20], [0, 16, 6, 27, 2, 14, 32], [0, 30, 25, 47, 51, 24, 42, 46, 41, 34, 52], [0, 18, 5, 50, 39, 7, 28, 4, 43], [0, 35, 15, 10, 17, 26, 1, 29, 23]]

res = 1178.879
res_int = 1175
solution = [[0, 19, 8, 31, 40, 48, 37, 12], [0, 43, 4, 28, 7, 39, 50, 5, 18], [0, 11, 38, 9, 33, 21, 45, 26, 49], [0, 44, 3, 22, 53, 13], [0, 23, 20, 29, 36, 1, 17, 10, 15, 35], [0, 30, 25, 47, 51, 24, 42, 46, 41, 34, 52], [0, 32, 14, 2, 27, 6, 16]]

res = 1178.879
res_int = 1175
solution = [[0, 44, 3, 22, 53, 13], [0, 35, 15, 10, 17, 1, 36, 29, 20, 23], [0, 18, 5, 50, 39, 7, 28, 4, 43], [0, 19, 8, 31, 40, 48, 37, 12], [0, 11, 38, 9, 33, 21, 45, 26, 49], [0, 30, 25, 47, 51, 24, 42, 46, 41, 34, 52], [0, 32, 14, 2, 27, 6, 16]]

Mean = 1177.346588055119
Execution = 570.2648198604584

Instance : A-n55-k09.xml
Time = 1.2029139995574951

res = 1074.959
res_int = 1074
solution = [[0, 47, 39, 49, 9, 35, 43], [0, 28, 54, 13, 27, 19, 22, 30], [0, 26, 46, 20, 31, 42, 7, 4], [0, 29, 1, 45, 6], [0, 18, 48, 50, 44, 24, 52, 23], [0, 15, 11, 51, 2, 33, 36], [0, 12, 10, 5, 53, 40, 16, 38, 32], [0, 21, 8, 41, 25], [0, 14, 17, 34, 3, 37]]

res = 1075.609
res_int = 1074
solution = [[0, 6, 45, 1, 29], [0, 47, 39, 49, 9, 35, 43], [0, 32, 38, 16, 40, 53, 5, 10, 12], [0, 28, 54, 13, 27, 19, 22, 30], [0, 18, 48, 50, 44, 24, 52, 23], [0, 25, 41, 8, 21], [0, 26, 46, 20, 31, 42, 7, 4], [0, 33, 2, 51, 15, 11], [0, 14, 17, 34, 3, 37, 36]]

res = 1075.609
res_int = 1074
solution = [[0, 23, 52, 24, 44, 50, 48, 18], [0, 47, 39, 49, 9, 35, 43], [0, 28, 54, 13, 27, 19, 22, 30], [0, 6, 45, 1, 29], [0, 26, 46, 20, 31, 42, 7, 4], [0, 32, 38, 16, 40, 53, 5, 10, 12], [0, 25, 41, 8, 21], [0, 11, 15, 51, 2, 33], [0, 14, 17, 34, 3, 37, 36]]

res = 1075.609
res_int = 1074
solution = [[0, 11, 15, 51, 2, 33], [0, 6, 45, 1, 29], [0, 28, 54, 13, 27, 19, 22, 30], [0, 23, 52, 24, 44, 50, 48, 18], [0, 47, 39, 49, 9, 35, 43], [0, 12, 10, 5, 53, 40, 16, 38, 32], [0, 25, 41, 8, 21], [0, 26, 46, 20, 31, 42, 7, 4], [0, 14, 17, 34, 3, 37, 36]]

res = 1075.609
res_int = 1074
solution = [[0, 18, 48, 50, 44, 24, 52, 23], [0, 12, 10, 5, 53, 40, 16, 38, 32], [0, 47, 39, 49, 9, 35, 43], [0, 28, 54, 13, 27, 19, 22, 30], [0, 25, 41, 8, 21], [0, 6, 45, 1, 29], [0, 11, 15, 51, 2, 33], [0, 14, 17, 34, 3, 37, 36], [0, 26, 46, 20, 31, 42, 7, 4]]

res = 1075.609
res_int = 1074
solution = [[0, 18, 48, 50, 44, 24, 52, 23], [0, 32, 38, 16, 40, 53, 5, 10, 12], [0, 47, 39, 49, 9, 35, 43], [0, 28, 54, 13, 27, 19, 22, 30], [0, 25, 41, 8, 21], [0, 11, 15, 51, 2, 33], [0, 6, 45, 1, 29], [0, 4, 7, 42, 31, 20, 46, 26], [0, 14, 17, 34, 3, 37, 36]]

res = 1075.609
res_int = 1074
solution = [[0, 23, 52, 24, 44, 50, 48, 18], [0, 26, 46, 20, 31, 42, 7, 4], [0, 28, 54, 13, 27, 19, 22, 30], [0, 29, 1, 45, 6], [0, 14, 17, 34, 3, 37, 36], [0, 11, 15, 51, 2, 33], [0, 21, 8, 41, 25], [0, 43, 35, 9, 49, 39, 47], [0, 12, 10, 5, 53, 40, 16, 38, 32]]

res = 1075.609
res_int = 1074
solution = [[0, 43, 35, 9, 49, 39, 47], [0, 11, 15, 51, 2, 33], [0, 28, 54, 13, 27, 19, 22, 30], [0, 26, 46, 20, 31, 42, 7, 4], [0, 14, 17, 34, 3, 37, 36], [0, 29, 1, 45, 6], [0, 18, 48, 50, 44, 24, 52, 23], [0, 21, 8, 41, 25], [0, 12, 10, 5, 53, 40, 16, 38, 32]]

res = 1075.609
res_int = 1074
solution = [[0, 47, 39, 49, 9, 35, 43], [0, 28, 54, 13, 27, 19, 22, 30], [0, 18, 48, 50, 44, 24, 52, 23], [0, 29, 1, 45, 6], [0, 32, 38, 16, 40, 53, 5, 10, 12], [0, 25, 41, 8, 21], [0, 26, 46, 20, 31, 42, 7, 4], [0, 14, 17, 34, 3, 37, 36], [0, 33, 2, 51, 11, 15]]

res = 1075.609
res_int = 1074
solution = [[0, 18, 48, 50, 44, 24, 52, 23], [0, 32, 38, 16, 40, 53, 5, 10, 12], [0, 47, 39, 49, 9, 35, 43], [0, 36, 37, 3, 34, 17, 14], [0, 26, 46, 20, 31, 42, 7, 4], [0, 28, 54, 13, 27, 19, 22, 30], [0, 25, 41, 8, 21], [0, 11, 15, 51, 2, 33], [0, 6, 45, 1, 29]]

Mean = 1075.544196797204
Execution = 624.6199824810028

Instance : A-n60-k09.xml
Time = 1.4876928329467773

res = 1356.345
res_int = 1355
solution = [[0, 18, 52, 59, 38, 33, 41], [0, 6, 28, 44, 49, 30, 53, 21, 4], [0, 19, 27, 57, 37, 17, 26, 39, 50], [0, 34, 24, 58, 23, 47, 14], [0, 7, 29, 13, 8, 15, 55, 35], [0, 43, 56, 12, 51, 9, 32], [0, 42, 45, 5, 54, 10], [0, 16, 20, 3, 11, 40, 46, 25], [0, 2, 1, 48, 22, 36, 31]]

res = 1356.345
res_int = 1355
solution = [[0, 18, 52, 59, 38, 33, 41], [0, 6, 28, 44, 49, 30, 53, 21, 4], [0, 43, 56, 12, 51, 9, 32], [0, 25, 46, 40, 11, 3, 20, 16], [0, 50, 39, 26, 17, 37, 57, 27, 19], [0, 34, 24, 58, 23, 47, 14], [0, 7, 29, 13, 8, 15, 55, 35], [0, 31, 36, 22, 48, 1, 2], [0, 42, 45, 5, 54, 10]]

res = 1357.699
res_int = 1357
solution = [[0, 18, 52, 59, 38, 33, 41], [0, 6, 28, 44, 49, 30, 53, 21, 4], [0, 43, 56, 12, 51, 9, 32], [0, 35, 50, 39, 26, 17, 37, 57, 27, 19], [0, 55, 15, 8, 13, 29, 7], [0, 31, 36, 22, 48, 1, 2], [0, 42, 45, 5, 54, 10], [0, 16, 20, 3, 11, 40, 46, 25], [0, 14, 47, 23, 58, 24, 34]]

res = 1363.076
res_int = 1361
solution = [[0, 10, 54, 5, 45, 42], [0, 32, 9, 51, 12, 56, 43], [0, 2, 1, 48, 22, 36, 31], [0, 50, 39, 15, 26, 27, 17, 37, 57], [0, 35, 55, 8, 13, 29, 7, 19], [0, 18, 52, 59, 38, 33, 41], [0, 4, 21, 53, 30, 49, 44, 28, 6], [0, 34, 24, 58, 23, 47, 14], [0, 16, 20, 3, 11, 40, 46, 25]]

res = 1363.63
res_int = 1362
solution = [[0, 10, 54, 5, 45, 42], [0, 43, 56, 12, 51, 9, 32], [0, 2, 1, 48, 22, 36, 31], [0, 19, 7, 29, 13, 8, 55, 35], [0, 50, 39, 15, 26, 17, 27, 57, 37], [0, 41, 33, 38, 59, 52, 18], [0, 4, 21, 53, 30, 49, 44, 28, 6], [0, 34, 24, 58, 23, 47, 14], [0, 25, 46, 40, 11, 3, 20, 16]]

res = 1365.629
res_int = 1363
solution = [[0, 52, 59, 38, 33, 41], [0, 6, 28, 44, 49, 30, 53, 21, 4], [0, 50, 43, 56, 12, 51, 9, 32], [0, 42, 45, 5, 54, 10], [0, 16, 20, 3, 11, 40, 46, 25], [0, 29, 37, 57, 27, 17, 26, 55, 35], [0, 34, 24, 58, 23, 47, 14, 18], [0, 19, 7, 13, 8, 15, 39], [0, 2, 1, 48, 22, 36, 31]]

res = 1365.629
res_int = 1363
solution = [[0, 32, 9, 51, 12, 56, 43, 50], [0, 34, 24, 58, 23, 47, 14, 18], [0, 10, 54, 5, 45, 42], [0, 35, 55, 26, 17, 27, 57, 37, 29], [0, 4, 21, 53, 30, 49, 44, 28, 6], [0, 16, 20, 3, 11, 40, 46, 25], [0, 2, 1, 48, 22, 36, 31], [0, 52, 59, 38, 33, 41], [0, 19, 7, 13, 8, 15, 39]]

res = 1366.15
res_int = 1363
solution = [[0, 58, 48, 22, 36, 1, 2], [0, 42, 45, 5, 54, 10], [0, 43, 56, 12, 51, 9, 32], [0, 16, 20, 3, 4, 21, 11, 40, 46, 25], [0, 34, 24, 23, 47, 14, 18], [0, 31, 53, 30, 49, 44, 28, 6], [0, 41, 33, 38, 59, 52], [0, 19, 57, 37, 17, 27, 26, 39, 50], [0, 35, 55, 15, 8, 13, 29, 7]]

res = 1366.309
res_int = 1364
solution = [[0, 10, 54, 5, 45, 42], [0, 32, 9, 51, 12, 56, 43], [0, 50, 39, 15, 26, 17, 37, 57, 27], [0, 35, 55, 8, 13, 29, 7, 19], [0, 41, 33, 38, 59, 52, 18], [0, 2, 1, 36, 22, 48, 58], [0, 25, 46, 40, 11, 21, 4, 3, 20, 16], [0, 14, 47, 23, 24, 34], [0, 31, 53, 30, 49, 44, 28, 6]]

res = 1369.973
res_int = 1368
solution = [[0, 2, 44, 49, 30, 53, 31, 28, 6], [0, 43, 56, 12, 51, 9, 32], [0, 19, 27, 57, 37, 17, 26, 39, 50], [0, 35, 55, 15, 8, 13, 29, 7], [0, 34, 24, 58, 23, 47, 14], [0, 42, 45, 5, 54, 10], [0, 48, 22, 36, 1], [0, 41, 33, 38, 59, 52, 18], [0, 16, 20, 3, 4, 21, 11, 40, 46, 25]]

Mean = 1363.078384572623
Execution = 832.3390674591064

Instance : A-n61-k09.xml
Time = 1.4852643013000488

res = 1040.309
res_int = 1035
solution = [[0, 3, 38, 15], [0, 33, 42, 30, 37, 45, 59, 10, 24], [0, 43, 32, 26, 4, 22, 12, 13], [0, 41, 5, 54, 46, 2, 49], [0, 25, 20, 6, 8, 53, 40, 19], [0, 17, 57, 52, 31, 11, 60, 28], [0, 14, 7, 23, 55, 50], [0, 9], [0, 58, 29, 36, 21, 27, 56, 47, 51], [0, 34, 35, 18, 48, 16, 1, 44, 39]]

res = 1040.347
res_int = 1035
solution = [[0, 33, 42, 30, 37, 45, 59, 10, 24], [0, 13, 12, 22, 4, 26, 32, 43], [0, 15, 38, 3], [0, 9], [0, 49, 2, 46, 54, 5, 41], [0, 34, 35, 18, 48, 16, 1, 44], [0, 25, 20, 6, 53, 8, 40, 19], [0, 58, 29, 36, 21, 27, 56, 47, 51], [0, 17, 57, 52, 31, 11, 60, 28, 39], [0, 50, 55, 7, 23, 14]]

res = 1041.191
res_int = 1035
solution = [[0, 39, 28, 60, 11, 31, 52, 57, 17], [0, 50, 55, 7, 23, 14], [0, 51, 47, 56, 27, 21, 36, 29, 58], [0, 33, 42, 30, 37, 45, 59, 10, 24], [0, 19, 40, 53, 8, 41, 6, 25], [0, 43, 32, 26, 4, 22, 12, 13], [0, 15, 38, 3], [0, 9], [0, 20, 5, 54, 46, 2, 49], [0, 34, 35, 18, 48, 16, 1, 44]]

res = 1043.245
res_int = 1038
solution = [[0, 3, 38, 15], [0, 43, 32, 26, 4, 22, 12, 50], [0, 33, 42, 30, 37, 45, 59, 10, 24], [0, 14, 23, 7, 55], [0, 58, 29, 36, 21, 27, 56, 47, 34], [0, 41, 5, 54, 46, 2, 49], [0, 25, 20, 6, 8, 53, 40, 19], [0, 51, 9], [0, 35, 18, 48, 16, 1, 11, 44], [0, 39, 28, 60, 31, 52, 57, 17, 13]]

res = 1043.854
res_int = 1038
solution = [[0, 33, 42, 30, 37, 45, 59, 10, 24], [0, 15, 38, 3], [0, 17, 57, 52, 31, 11, 60, 28, 39], [0, 13, 12, 22, 4, 26, 43, 32], [0, 20, 54, 46, 5, 2, 49], [0, 25, 6, 41, 8, 53, 40, 19], [0, 14, 23, 7, 55, 50], [0, 34, 35, 18, 48, 16, 1, 44], [0, 58, 29, 36, 21, 27, 56, 47, 51], [0, 9]]

res = 1043.881
res_int = 1040
solution = [[0, 15, 38, 3], [0, 25, 20, 6, 41, 53, 24, 19], [0, 12, 22, 4, 26, 43, 32, 42, 33], [0, 49, 59, 45, 37, 30, 14], [0, 40, 8, 5, 54, 46, 2, 10], [0, 28, 60, 11, 31, 52, 57, 17], [0, 34, 35, 18, 48, 16, 1, 44, 39], [0, 23, 7, 55, 50, 13, 9], [0, 58, 29, 36, 21, 27, 56, 47, 51]]

res = 1043.881
res_int = 1040
solution = [[0, 28, 60, 11, 31, 52, 57, 17], [0, 49, 59, 45, 37, 30, 14], [0, 51, 47, 56, 27, 21, 36, 29, 58], [0, 10, 2, 46, 54, 5, 8, 40], [0, 25, 20, 6, 41, 53, 24, 19], [0, 33, 42, 32, 43, 26, 4, 22, 12], [0, 15, 38, 3], [0, 34, 35, 18, 48, 16, 1, 44, 39], [0, 23, 7, 55, 50, 13, 9]]

res = 1047.381
res_int = 1043
solution = [[0, 15, 38, 3], [0, 33, 42, 30, 37, 45, 59, 10, 24], [0, 43, 32, 26, 4, 22, 12, 13], [0, 17, 57, 52, 31, 11, 60, 28], [0, 34, 48, 35, 18, 16, 1, 44, 39], [0, 9, 19, 7, 23, 55, 50], [0, 41, 5, 54, 46, 2, 49], [0, 25, 20, 6, 8, 53, 40, 14], [0, 58, 29, 36, 21, 27, 56, 47, 51]]

res = 1048.721
res_int = 1045
solution = [[0, 33, 42, 32, 30, 37, 45, 59, 10], [0, 55, 43, 26, 4, 22, 12, 50], [0, 3, 38, 15], [0, 2, 46, 54, 5, 41, 6, 20, 40], [0, 25, 8, 53, 49, 24], [0, 35, 47, 56, 27, 21, 36, 29, 58], [0, 19, 7, 23, 14], [0, 28, 60, 31, 52, 57, 17, 13], [0, 51, 9], [0, 34, 48, 18, 16, 1, 11, 44, 39]]

res = 1048.759
res_int = 1045
solution = [[0, 24, 49, 53, 8, 25], [0, 35, 47, 56, 27, 21, 36, 29, 58], [0, 2, 46, 54, 5, 41, 6, 20, 40], [0, 33, 42, 32, 30, 37, 45, 59, 10], [0, 55, 43, 26, 4, 22, 12, 50], [0, 34, 48, 18, 16, 1, 11, 44], [0, 15, 38, 3], [0, 9, 51], [0, 13, 17, 57, 52, 31, 60, 28, 39], [0, 19, 23, 7, 14]]

Mean = 1044.156912199747
Execution = 699.0388820171356

Instance : A-n62-k08.xml
Time = 1.8146538734436035

res = 1318.657
res_int = 1312
solution = [[0, 39, 27, 23, 41, 21, 4, 35, 49, 11, 31, 34], [0, 45, 47, 24, 3, 42, 54], [0, 50, 17, 58, 33, 26, 55, 59], [0, 14, 5, 60, 25, 9, 1, 46, 30, 18, 13, 12, 53], [0, 7, 29, 61, 40, 56, 48], [0, 51, 10, 8, 43, 57, 32, 6, 20], [0, 36, 52, 15, 28], [0, 16, 37, 22, 44, 2, 19, 38]]

res = 1318.657
res_int = 1312
solution = [[0, 50, 17, 58, 33, 26, 55, 59], [0, 20, 6, 32, 57, 43, 8, 10, 51], [0, 39, 27, 23, 41, 21, 4, 35, 49, 11, 31, 34], [0, 54, 42, 3, 24, 47, 45], [0, 14, 5, 60, 25, 9, 1, 46, 30, 18, 13, 12, 53], [0, 7, 29, 61, 40, 56, 48], [0, 38, 19, 2, 44, 22, 37, 16], [0, 36, 52, 15, 28]]

res = 1318.657
res_int = 1312
solution = [[0, 45, 47, 24, 3, 42, 54], [0, 39, 27, 23, 41, 21, 4, 35, 49, 11, 31, 34], [0, 14, 5, 60, 25, 9, 1, 46, 30, 18, 13, 12, 53], [0, 50, 17, 58, 33, 26, 55, 59], [0, 51, 10, 8, 43, 57, 32, 6, 20], [0, 48, 56, 40, 61, 29, 7], [0, 36, 52, 15, 28], [0, 16, 37, 22, 44, 2, 19, 38]]

res = 1319.047
res_int = 1314
solution = [[0, 45, 47, 24, 3, 42, 54], [0, 39, 27, 23, 41, 21, 4, 35, 49, 11, 31, 34], [0, 7, 29, 43, 8, 10, 51], [0, 36, 16, 37, 22, 44, 2, 52], [0, 14, 5, 60, 25, 9, 1, 46, 30, 18, 13, 12, 53], [0, 61, 6, 32, 57, 40, 20], [0, 28, 56, 48, 19, 38, 15], [0, 50, 17, 58, 33, 26, 55, 59]]

res = 1319.047
res_int = 1314
solution = [[0, 50, 17, 58, 33, 26, 55, 59], [0, 39, 27, 23, 41, 21, 4, 35, 49, 11, 31, 34], [0, 36, 16, 37, 22, 44, 2, 52], [0, 54, 42, 3, 24, 47, 45], [0, 14, 5, 60, 25, 9, 1, 46, 30, 18, 13, 12, 53], [0, 15, 38, 19, 48, 56, 28], [0, 61, 6, 32, 57, 40, 20], [0, 51, 10, 8, 43, 29, 7]]

res = 1319.047
res_int = 1314
solution = [[0, 52, 2, 44, 22, 37, 16, 36], [0, 53, 12, 13, 18, 30, 46, 1, 9, 25, 60, 5, 14], [0, 15, 38, 19, 48, 56, 28], [0, 59, 55, 26, 33, 58, 17, 50], [0, 45, 47, 24, 3, 42, 54], [0, 39, 27, 23, 41, 21, 4, 35, 49, 11, 31, 34], [0, 61, 6, 32, 57, 40, 20], [0, 51, 10, 8, 43, 29, 7]]

res = 1319.047
res_int = 1314
solution = [[0, 39, 27, 23, 41, 21, 4, 35, 49, 11, 31, 34], [0, 14, 5, 60, 25, 9, 1, 46, 30, 18, 13, 12, 53], [0, 36, 16, 37, 22, 44, 2, 52], [0, 54, 42, 3, 24, 47, 45], [0, 50, 17, 58, 33, 26, 55, 59], [0, 15, 38, 19, 48, 56, 28], [0, 51, 10, 8, 43, 29, 7], [0, 61, 6, 32, 57, 40, 20]]

res = 1319.047
res_int = 1314
solution = [[0, 50, 17, 58, 33, 26, 55, 59], [0, 39, 27, 23, 41, 21, 4, 35, 49, 11, 31, 34], [0, 53, 12, 13, 18, 30, 46, 1, 9, 25, 60, 5, 14], [0, 52, 2, 44, 22, 37, 16, 36], [0, 15, 38, 19, 48, 56, 28], [0, 54, 42, 3, 24, 47, 45], [0, 51, 10, 8, 43, 29, 7], [0, 61, 6, 32, 57, 40, 20]]

res = 1319.047
res_int = 1314
solution = [[0, 50, 17, 58, 33, 26, 55, 59], [0, 45, 47, 24, 3, 42, 54], [0, 39, 27, 23, 41, 21, 4, 35, 49, 11, 31, 34], [0, 52, 2, 44, 22, 37, 16, 36], [0, 14, 5, 60, 25, 9, 1, 46, 30, 18, 13, 12, 53], [0, 28, 56, 48, 19, 38, 15], [0, 61, 6, 32, 57, 40, 20], [0, 51, 10, 8, 43, 29, 7]]

res = 1319.047
res_int = 1314
solution = [[0, 50, 17, 58, 33, 26, 55, 59], [0, 45, 47, 24, 3, 42, 54], [0, 36, 16, 37, 22, 44, 2, 52], [0, 14, 5, 60, 25, 9, 1, 46, 30, 18, 13, 12, 53], [0, 39, 27, 23, 41, 21, 4, 35, 49, 11, 31, 34], [0, 15, 38, 19, 48, 56, 28], [0, 51, 10, 8, 43, 29, 7], [0, 61, 6, 32, 57, 40, 20]]

Mean = 1318.9300034478886
Execution = 909.7551956176758

Instance : A-n63-k09.xml
Time = 1.671586036682129

res = 1636.021
res_int = 1632
solution = [[0, 26, 19, 25, 36, 48, 60], [0, 11, 33, 44, 15, 56], [0, 54, 29, 30, 2, 34, 20], [0, 21, 40, 14, 58, 32, 55, 22, 28], [0, 10, 39, 23, 62, 52, 37, 6, 12], [0, 17, 35, 51, 57, 50, 53], [0, 5, 45, 27, 59, 24, 8, 49, 13], [0, 61, 42, 9, 41, 3, 7], [0, 47, 4, 18, 1, 46, 43, 31, 38, 16]]

res = 1636.021
res_int = 1632
solution = [[0, 54, 29, 30, 2, 34, 20], [0, 56, 15, 44, 33, 11], [0, 5, 45, 27, 59, 24, 8, 49, 13], [0, 26, 19, 25, 36, 48, 60], [0, 10, 39, 23, 62, 52, 37, 6, 12], [0, 17, 35, 51, 57, 50, 53], [0, 21, 40, 14, 58, 32, 55, 22, 28], [0, 61, 42, 9, 41, 3, 7], [0, 47, 4, 18, 1, 46, 43, 31, 38, 16]]

res = 1636.021
res_int = 1632
solution = [[0, 26, 19, 25, 36, 48, 60], [0, 11, 33, 44, 15, 56], [0, 5, 45, 27, 59, 24, 8, 49, 13], [0, 54, 29, 30, 2, 34, 20], [0, 10, 39, 23, 62, 52, 37, 6, 12], [0, 53, 50, 57, 51, 35, 17], [0, 28, 22, 55, 32, 58, 14, 40, 21], [0, 61, 42, 9, 41, 3, 7], [0, 47, 4, 18, 1, 46, 43, 31, 38, 16]]

res = 1636.021
res_int = 1632
solution = [[0, 26, 19, 25, 36, 48, 60], [0, 11, 33, 44, 15, 56], [0, 20, 34, 2, 30, 29, 54], [0, 12, 6, 37, 52, 62, 23, 39, 10], [0, 5, 45, 27, 59, 24, 8, 49, 13], [0, 7, 3, 41, 9, 42, 61], [0, 47, 4, 18, 1, 46, 43, 31, 38, 16], [0, 17, 35, 51, 57, 50, 53], [0, 28, 22, 55, 32, 58, 14, 40, 21]]

res = 1637.605
res_int = 1634
solution = [[0, 12, 6, 37, 52, 62, 23, 39, 10], [0, 53, 50, 57, 51, 35, 17], [0, 26, 19, 25, 36, 48, 60], [0, 11, 33, 44, 15, 56], [0, 28, 22, 55, 32, 58, 14, 40, 21], [0, 20, 34, 2, 30, 29, 54], [0, 5, 45, 27, 59, 24, 8, 49, 13], [0, 47, 4, 18, 1, 46, 43, 31, 38, 42], [0, 7, 3, 41, 9, 61, 16]]

res = 1640.547
res_int = 1634
solution = [[0, 6, 37, 51, 35, 17, 22, 28], [0, 7, 60, 36, 49, 34, 2, 30, 19], [0, 11, 33, 44, 15, 56], [0, 26, 20, 54, 29, 13, 25], [0, 48, 3, 41, 9, 61], [0, 8, 24, 59, 27, 45, 5], [0, 21, 40, 14, 58, 32, 55, 53, 12], [0, 47, 4, 18, 1, 46, 43, 31, 38, 42], [0, 50, 57, 62, 52, 23, 39, 10, 16]]

res = 1640.547
res_int = 1634
solution = [[0, 6, 37, 51, 35, 17, 22, 28], [0, 11, 33, 44, 15, 56], [0, 5, 45, 27, 59, 24, 8], [0, 48, 3, 41, 9, 61], [0, 47, 4, 18, 1, 46, 43, 31, 38, 42], [0, 25, 13, 29, 54, 20, 26], [0, 7, 60, 36, 49, 34, 2, 30, 19], [0, 21, 40, 14, 58, 32, 55, 53, 12], [0, 50, 57, 62, 52, 23, 39, 10, 16]]

res = 1640.547
res_int = 1634
solution = [[0, 7, 60, 36, 49, 34, 2, 30, 19], [0, 11, 33, 44, 15, 56], [0, 26, 20, 54, 29, 13, 25], [0, 48, 3, 41, 9, 61], [0, 8, 24, 59, 27, 45, 5], [0, 6, 37, 51, 35, 17, 22, 28], [0, 42, 38, 31, 43, 46, 1, 18, 4, 47], [0, 21, 40, 14, 58, 32, 55, 53, 12], [0, 50, 57, 62, 52, 23, 39, 10, 16]]

res = 1640.547
res_int = 1634
solution = [[0, 11, 33, 44, 15, 56], [0, 25, 13, 29, 54, 20, 26], [0, 5, 45, 27, 59, 24, 8], [0, 48, 3, 41, 9, 61], [0, 21, 40, 14, 58, 32, 55, 53, 12], [0, 6, 37, 51, 35, 17, 22, 28], [0, 47, 4, 18, 1, 46, 43, 31, 38, 42], [0, 7, 60, 36, 49, 34, 2, 30, 19], [0, 50, 57, 62, 52, 23, 39, 10, 16]]

res = 1640.547
res_int = 1634
solution = [[0, 11, 33, 44, 15, 56], [0, 26, 20, 54, 29, 13, 25], [0, 61, 9, 41, 3, 48], [0, 8, 24, 59, 27, 45, 5], [0, 7, 60, 36, 49, 34, 2, 30, 19], [0, 6, 37, 51, 35, 17, 22, 28], [0, 21, 40, 14, 58, 32, 55, 53, 12], [0, 47, 4, 18, 1, 46, 43, 31, 38, 42], [0, 50, 57, 62, 52, 23, 39, 10, 16]]

Mean = 1638.442300753831
Execution = 774.8544795513153

Instance : A-n63-k10.xml
Time = 1.5811116695404053

res = 1323.27
res_int = 1320
solution = [[0, 21, 54, 60, 33, 55, 24], [0, 15, 49, 14, 53, 56, 29, 40], [0, 31, 51, 58, 22, 11, 34, 47, 44], [0, 20, 28, 32, 57, 50, 62, 17], [0, 7, 23, 46, 61], [0, 6, 27, 35, 8, 37], [0, 16, 12, 9, 2, 41, 1, 39, 45], [0, 59, 10, 19, 42, 3, 5, 18, 25], [0, 48, 36, 43, 52], [0, 30, 38, 4, 26, 13]]

res = 1323.27
res_int = 1320
solution = [[0, 44, 47, 34, 11, 22, 58, 51, 31], [0, 20, 28, 32, 57, 50, 62, 17], [0, 7, 23, 46, 61], [0, 24, 55, 33, 60, 54, 21], [0, 6, 27, 35, 8, 37], [0, 13, 26, 4, 38, 30], [0, 16, 12, 9, 2, 41, 1, 39, 45], [0, 40, 29, 56, 53, 14, 49, 15], [0, 52, 43, 36, 48], [0, 59, 10, 19, 42, 3, 5, 18, 25]]

res = 1327.907
res_int = 1325
solution = [[0, 44, 47, 34, 11, 22, 58, 51, 31], [0, 20, 28, 32, 57, 50, 62, 17], [0, 61, 46, 23, 7], [0, 12, 6, 27, 35, 8], [0, 13, 26, 4, 38, 30], [0, 14, 2, 9, 41, 1, 39, 45, 49, 15], [0, 24, 55, 33, 60, 21], [0, 29, 56, 54, 37, 16, 53], [0, 52, 43, 36, 48], [0, 59, 10, 19, 42, 3, 5, 18, 25, 40]]

res = 1327.907
res_int = 1325
solution = [[0, 7, 23, 46, 61], [0, 8, 35, 27, 6, 12], [0, 24, 55, 33, 60, 21], [0, 44, 47, 34, 11, 22, 58, 51, 31], [0, 20, 28, 32, 57, 50, 62, 17], [0, 15, 49, 45, 39, 1, 41, 9, 2, 14], [0, 29, 56, 54, 37, 16, 53], [0, 59, 10, 19, 42, 3, 5, 18, 25, 40], [0, 52, 43, 36, 48], [0, 13, 26, 4, 38, 30]]

res = 1330.183
res_int = 1328
solution = [[0, 55, 33, 60, 37], [0, 6, 27, 35, 8, 16], [0, 24, 23, 46, 21, 7], [0, 13, 26, 4, 38, 30], [0, 44, 47, 34, 11, 22, 58, 51, 31], [0, 20, 28, 32, 57, 50, 62, 17], [0, 29, 56, 61, 54, 53, 49, 15], [0, 45, 39, 1, 41, 9, 12, 2, 14, 40], [0, 52, 43, 36, 48], [0, 25, 18, 5, 3, 42, 19, 10, 59]]

res = 1332.533
res_int = 1331
solution = [[0, 55, 33, 60, 61, 21], [0, 53, 16, 37, 54, 56, 29], [0, 14, 2, 9, 41, 1, 39, 45, 49, 15], [0, 30, 38, 4, 26, 13], [0, 12, 6, 27, 35, 8], [0, 59, 10, 19, 42, 3, 5, 18, 25, 40], [0, 24, 46, 23, 7], [0, 31, 51, 58, 22, 11, 34, 47, 44, 62], [0, 20, 28, 32, 57, 50, 17], [0, 52, 43, 36, 48]]

res = 1332.612
res_int = 1330
solution = [[0, 31, 51, 58, 22, 11, 34, 47, 44], [0, 20, 28, 32, 57, 50, 62, 17], [0, 12, 6, 27, 35, 8], [0, 29, 56, 54, 37, 16, 53], [0, 55, 33, 60, 61, 21], [0, 24, 46, 23, 7], [0, 14, 2, 9, 41, 1, 39, 45, 49, 15], [0, 13, 26, 4, 38, 30], [0, 52, 43, 36, 48], [0, 59, 10, 19, 42, 3, 5, 18, 25, 40]]

res = 1333.434
res_int = 1331
solution = [[0, 29, 56, 61, 54, 53, 49, 15], [0, 31, 51, 58, 22, 11, 34, 47, 44], [0, 20, 28, 32, 57, 50, 62, 17], [0, 48, 36, 43, 52], [0, 37, 60, 33, 55], [0, 30, 38, 4, 26, 13], [0, 6, 27, 35, 8, 16], [0, 24, 23, 46, 21, 7], [0, 59, 10, 19, 42, 3, 5, 18, 25, 40], [0, 45, 39, 1, 41, 9, 12, 2, 14]]

res = 1333.737
res_int = 1330
solution = [[0, 55, 33, 60, 37], [0, 35, 6, 27, 8, 16], [0, 13, 26, 4, 38, 30], [0, 44, 47, 34, 11, 22, 58, 51, 31], [0, 17, 62, 50, 57, 32, 28, 20], [0, 24, 23, 46, 21, 7], [0, 14, 2, 12, 9, 41, 1, 39, 45], [0, 29, 56, 61, 54, 53, 49, 15], [0, 59, 10, 19, 42, 3, 5, 18, 25, 40], [0, 52, 43, 36, 48]]

res = 1334.308
res_int = 1331
solution = [[0, 37, 60, 33, 55], [0, 7, 21, 46, 23, 24], [0, 6, 27, 35, 8, 16], [0, 44, 47, 34, 11, 22, 58, 51, 31], [0, 20, 28, 32, 57, 50, 62, 17], [0, 13, 26, 4, 38, 30], [0, 40, 29, 56, 61, 54, 53, 15], [0, 14, 2, 12, 9, 41, 1, 39, 45], [0, 52, 43, 36, 48], [0, 25, 49, 18, 5, 3, 42, 19, 10, 59]]

Mean = 1329.9161543805822
Execution = 889.0442819595337

Instance : A-n64-k09.xml
Time = 1.810840129852295

res = 1416.787
res_int = 1418
solution = [[0, 27, 14, 35, 26, 21, 7, 36, 40, 39, 44, 49, 55], [0, 48, 62, 3], [0, 38, 43, 28, 12, 22, 18], [0, 23, 37, 59, 31, 50, 5, 4], [0, 20, 19, 51, 34, 9, 42], [0, 33, 45, 29, 25, 6], [0, 15, 11, 57, 17, 1, 30, 53], [0, 54, 58, 2, 63, 47, 46, 8, 16, 60], [0, 32, 24, 61, 13, 52, 56, 41, 10]]

res = 1416.787
res_int = 1418
solution = [[0, 38, 43, 28, 12, 22, 18], [0, 20, 19, 51, 34, 9, 42], [0, 60, 16, 8, 46, 47, 63, 2, 58, 54], [0, 4, 5, 50, 31, 59, 37, 23], [0, 55, 49, 44, 39, 40, 36, 7, 21, 26, 35, 14, 27], [0, 48, 62, 3], [0, 53, 30, 1, 17, 57, 11, 15], [0, 32, 24, 61, 13, 52, 56, 41, 10], [0, 33, 45, 29, 25, 6]]

res = 1420.752
res_int = 1421
solution = [[0, 32, 16, 60, 24, 61, 13, 52, 56, 41, 10], [0, 23, 37, 5, 54, 4, 34, 9], [0, 38, 43, 28, 12, 22, 18], [0, 59, 31, 50, 58, 2, 63, 47, 46, 8], [0, 48, 62, 3], [0, 20, 51, 19, 42], [0, 33, 45, 29, 25, 6], [0, 27, 14, 35, 26, 21, 7, 40, 36, 39, 44, 49, 55], [0, 53, 30, 1, 17, 57, 11, 15]]

res = 1420.752
res_int = 1421
solution = [[0, 59, 31, 50, 58, 2, 63, 47, 46, 8], [0, 27, 14, 35, 26, 21, 7, 40, 36, 39, 44, 49, 55], [0, 48, 62, 3], [0, 38, 43, 28, 12, 22, 18], [0, 33, 45, 29, 25, 6], [0, 15, 11, 57, 17, 1, 30, 53], [0, 23, 37, 5, 54, 4, 34, 9], [0, 20, 51, 19, 42], [0, 32, 16, 60, 24, 61, 13, 52, 56, 41, 10]]

res = 1424.743
res_int = 1424
solution = [[0, 18, 22, 12, 28, 43, 38], [0, 60, 16, 8, 46, 47, 63, 2, 58, 5], [0, 15, 53, 3, 62], [0, 35, 26, 21, 7, 44, 39, 36, 40, 50, 49, 55], [0, 11, 57, 17, 1, 27, 14, 30], [0, 23, 37, 59, 31, 54, 4, 34, 42], [0, 32, 24, 61, 13, 52, 56, 41, 10], [0, 33, 45, 29, 25, 6], [0, 9, 19, 51, 20, 48]]

res = 1427.101
res_int = 1430
solution = [[0, 11, 57, 17, 1, 27, 14, 30], [0, 12, 43, 28, 35, 26, 21, 7, 36, 40, 39, 44, 49], [0, 42, 24, 61, 13, 52, 56, 41, 10], [0, 9, 34, 37, 23, 51, 19, 20], [0, 60, 16, 8, 46, 47, 63, 2, 58, 54], [0, 55, 59, 31, 50, 5, 4, 32], [0, 62, 3, 53, 15], [0, 18, 22, 38, 6], [0, 25, 29, 45, 48, 33]]

res = 1437.544
res_int = 1439
solution = [[0, 48, 62, 33], [0, 15, 57, 11, 29, 25], [0, 49, 31, 58, 2, 63, 47, 46, 8, 16, 60], [0, 23, 37, 55, 59, 50, 36, 40, 39, 44, 7, 21, 26, 35], [0, 32, 24, 61, 13, 52, 56, 41, 10], [0, 18, 22, 12, 28, 43, 38], [0, 17, 1, 27, 14, 30, 3, 53, 45], [0, 20, 19, 51, 6], [0, 34, 5, 54, 4, 9, 42]]

res = 1438.73
res_int = 1440
solution = [[0, 45, 15, 57, 11, 29, 6], [0, 59, 31, 50, 5, 4, 34], [0, 18, 22, 12, 28, 43, 38], [0, 23, 37, 55, 49, 44, 39, 40, 36, 7, 21, 26, 35, 1], [0, 53, 3, 30, 14, 27, 17, 25], [0, 62, 51, 9, 42], [0, 19, 20, 48, 33], [0, 32, 24, 61, 13, 52, 56, 41, 10], [0, 60, 16, 8, 46, 47, 63, 2, 58, 54]]

res = 1439.048
res_int = 1441
solution = [[0, 59, 31, 50, 40, 36, 7, 44, 39, 49, 55, 30], [0, 24, 60, 16, 8, 46, 47, 63, 2, 58], [0, 45, 53, 3, 62], [0, 23, 37, 5, 54, 4, 34, 9], [0, 10, 41, 56, 52, 13, 61, 32, 42, 48], [0, 20, 19, 51, 33], [0, 43, 28, 35, 26, 21, 14, 27, 1, 17], [0, 38, 29, 25, 6], [0, 15, 11, 57, 12, 22, 18]]

res = 1439.063
res_int = 1441
solution = [[0, 20, 9, 19, 62], [0, 18, 22, 12, 28, 43, 38], [0, 17, 1, 27, 14, 30, 3, 53, 45], [0, 34, 54, 58, 2, 63, 47, 46, 8, 32], [0, 56, 52, 16, 60, 24, 61, 13, 41, 10], [0, 4, 5, 31, 59, 37, 23, 51], [0, 35, 26, 21, 7, 44, 39, 40, 36, 50, 49, 55], [0, 42, 48, 33, 6], [0, 15, 57, 11, 29, 25]]

Mean = 1428.130681556512
Execution = 811.3301045894623

Instance : A-n65-k09.xml
Time = 1.633460521697998

res = 1194.281
res_int = 1187
solution = [[0, 53, 56, 44, 25, 21], [0, 46, 64, 6, 26, 31, 34, 47], [0, 39, 51, 17, 15, 27, 43, 49], [0, 59, 40, 10, 8, 52, 24, 19, 18], [0, 22, 9, 14, 3, 36, 35, 4], [0, 7, 63, 11, 54, 48, 57, 23, 28], [0, 55, 29, 13, 12, 1, 33, 62], [0, 37, 30, 60, 50, 16, 45, 5], [0, 41, 2, 38, 42, 61, 58, 20, 32]]

res = 1194.281
res_int = 1187
solution = [[0, 53, 56, 44, 25, 21], [0, 7, 63, 11, 54, 48, 57, 23, 28], [0, 46, 64, 6, 26, 31, 34, 47], [0, 39, 51, 17, 15, 27, 43, 49], [0, 18, 19, 24, 52, 8, 10, 40, 59], [0, 32, 20, 58, 61, 42, 38, 2, 41], [0, 55, 29, 13, 12, 1, 33, 62], [0, 4, 35, 36, 3, 14, 9, 22], [0, 37, 30, 60, 50, 16, 45, 5]]

res = 1194.752
res_int = 1187
solution = [[0, 46, 64, 6, 26, 31, 34, 47], [0, 53, 56, 44, 25, 21], [0, 7, 63, 11, 54, 48, 57, 23, 62], [0, 59, 40, 10, 8, 52, 24, 19, 18], [0, 55, 29, 13, 12, 1, 33, 28, 39], [0, 22, 9, 14, 3, 36, 35, 4], [0, 49, 43, 27, 15, 17, 51], [0, 37, 30, 60, 50, 16, 45, 5], [0, 41, 2, 38, 42, 61, 58, 20, 32]]

res = 1198.281
res_int = 1191
solution = [[0, 46, 64, 6, 47, 34, 31, 26], [0, 15, 22, 9, 14, 27, 43], [0, 49, 4, 3, 36, 35, 37, 30], [0, 60, 50, 16, 41, 2, 38, 42, 61, 45], [0, 29, 55, 21, 25, 53, 5], [0, 44, 10, 8, 52, 24, 19, 18], [0, 56, 59, 40, 58, 20, 32], [0, 17, 51, 39, 7, 63, 11, 54, 48, 57], [0, 33, 13, 12, 1, 23, 28, 62]]

res = 1198.563
res_int = 1191
solution = [[0, 57, 48, 54, 63, 11, 7, 39, 51, 17], [0, 18, 44, 56, 59, 21, 55], [0, 46, 64, 6, 26, 31, 34, 47], [0, 49, 4, 3, 36, 35, 37, 30], [0, 25, 8, 10, 52, 24, 19, 29], [0, 15, 22, 9, 14, 27, 43], [0, 62, 28, 33, 13, 12, 1, 23], [0, 53, 40, 58, 20, 32, 5], [0, 45, 61, 42, 38, 2, 41, 16, 50, 60]]

res = 1201.314
res_int = 1194
solution = [[0, 46, 64, 6, 26, 31, 34, 47], [0, 43, 15, 27, 14, 9, 22], [0, 30, 37, 35, 36, 3, 4, 49], [0, 17, 51, 39, 7, 11, 63, 57, 48, 54], [0, 33, 13, 12, 1, 23, 28, 62], [0, 18, 44, 56, 59, 21, 55], [0, 25, 8, 10, 52, 24, 19, 29], [0, 53, 40, 58, 20, 32, 5], [0, 45, 61, 42, 38, 2, 41, 16, 50, 60]]

res = 1202.768
res_int = 1194
solution = [[0, 46, 64, 6, 26, 31, 34, 47], [0, 49, 4, 3, 36, 35, 37, 30], [0, 15, 22, 9, 14, 27, 43], [0, 53, 59, 56, 44, 21], [0, 61, 42, 38, 2, 41, 16, 50, 60], [0, 62, 23, 57, 48, 54, 63, 11, 7], [0, 17, 51, 39, 28, 18, 29, 55], [0, 5, 45, 32, 20, 58, 40, 10, 52, 19], [0, 25, 8, 24, 13, 12, 1, 33]]

res = 1202.859
res_int = 1197
solution = [[0, 47, 34, 31, 26, 6, 64, 46], [0, 43, 15, 22, 9, 17], [0, 19, 24, 52, 10, 8, 25, 55], [0, 27, 14, 3, 36, 35, 37, 49], [0, 4, 30, 60, 50, 16, 41, 45, 5], [0, 21, 53, 44, 56, 59, 32], [0, 2, 38, 42, 61, 20, 58, 40], [0, 29, 18, 13, 12, 1, 33, 28, 62], [0, 23, 57, 48, 54, 63, 11, 7, 39, 51]]

res = 1203.077
res_int = 1196
solution = [[0, 21, 44, 56, 59, 53], [0, 46, 64, 6, 26, 31, 34, 47], [0, 19, 52, 10, 40, 58, 20, 32, 5], [0, 49, 4, 3, 36, 35, 37, 30], [0, 15, 22, 9, 14, 27, 43], [0, 45, 61, 42, 38, 2, 41, 16, 50, 60], [0, 25, 8, 24, 13, 12, 33, 1], [0, 55, 29, 18, 62, 39, 51, 17], [0, 28, 23, 57, 48, 54, 63, 11, 7]]

res = 1207.562
res_int = 1200
solution = [[0, 30, 37, 35, 36, 3, 4, 49], [0, 45, 61, 42, 38, 2, 41, 16, 50, 60], [0, 47, 34, 31, 26, 6, 64, 46], [0, 15, 22, 9, 14, 27, 43], [0, 19, 52, 8, 10, 24, 13, 12, 1], [0, 7, 11, 63, 54, 48, 57, 23, 28], [0, 53, 40, 58, 20, 32, 5], [0, 59, 56, 44, 25, 18, 33], [0, 55, 21, 29, 62, 39, 51, 17]]

Mean = 1199.773655902041
Execution = 767.225911617279

Instance : A-n69-k09.xml
Time = 2.0170950889587402

res = 1174.682
res_int = 1170
solution = [[0, 12, 29, 40, 39, 56, 62], [0, 31, 18, 53, 64, 61, 67, 21], [0, 38, 8, 59, 20, 45, 35, 41, 68], [0, 57, 42, 11, 63, 25, 14, 28], [0, 7, 27, 65, 55, 60, 4, 47, 34], [0, 24, 22, 58, 23, 19], [0, 66, 13, 44, 15, 3, 6, 51, 30, 9, 49, 33, 2], [0, 54, 46, 5, 50, 16, 52, 43], [0, 48, 1, 36, 10, 17, 32, 37, 26]]

res = 1177.158
res_int = 1175
solution = [[0, 40, 38, 39, 56, 62], [0, 27, 65, 55, 60, 4, 47, 14, 34], [0, 7, 67, 21, 61, 64, 2, 18, 31, 19], [0, 68, 8, 59, 41, 20, 45, 35, 13, 66, 58], [0, 53, 33, 49, 9, 30, 51, 6, 3, 15, 44], [0, 26, 5, 46, 63, 11, 25, 42, 57, 28], [0, 43, 52, 50, 16, 29, 12], [0, 24, 22, 23], [0, 48, 1, 36, 10, 32, 17, 37, 54]]

res = 1178.14
res_int = 1170
solution = [[0, 41, 20, 59, 8, 39, 56, 62], [0, 37, 32, 17, 10, 36, 1, 48, 16], [0, 58, 66, 68, 38, 40, 29, 12, 22], [0, 57, 42, 25, 11, 63, 46, 5, 50], [0, 24, 43, 52, 26, 54, 28], [0, 18, 53, 2, 33, 49, 9, 23, 19], [0, 13, 45, 35, 44, 15, 3, 6, 51, 30], [0, 34, 14, 47, 4, 60, 55, 65, 27], [0, 7, 67, 21, 61, 64, 31]]

res = 1178.174
res_int = 1171
solution = [[0, 58, 66, 68, 38, 40, 29, 12, 22], [0, 41, 20, 59, 8, 39, 56, 62], [0, 34, 14, 47, 4, 60, 55, 65, 27], [0, 30, 51, 6, 3, 15, 44, 35, 45, 13], [0, 37, 32, 17, 10, 36, 1, 48, 16], [0, 18, 53, 2, 33, 49, 9, 23, 19], [0, 7, 67, 21, 61, 64, 31], [0, 26, 50, 5, 46, 63, 11, 25, 42, 57], [0, 24, 43, 52, 54, 28]]

res = 1178.998
res_int = 1175
solution = [[0, 58, 66, 13, 35, 45, 20, 41, 59, 8, 68], [0, 40, 38, 39, 56, 62], [0, 34, 14, 47, 4, 60, 55, 65, 27], [0, 26, 5, 46, 63, 11, 25, 42, 57, 28], [0, 44, 15, 3, 6, 51, 30, 9, 49, 33, 53], [0, 48, 1, 36, 10, 17, 32, 37, 54], [0, 43, 16, 50, 52], [0, 19, 31, 18, 2, 64, 61, 21, 67, 7], [0, 23, 22, 12, 29, 24]]

res = 1179.026
res_int = 1173
solution = [[0, 22, 58, 66, 13, 44, 15, 3, 6, 51, 30], [0, 62, 56, 39, 40, 12], [0, 34, 14, 47, 4, 60, 55, 65, 27], [0, 50, 5, 46, 63, 11, 25, 42, 57], [0, 29, 38, 8, 59, 20, 45, 35, 41, 68], [0, 16, 48, 1, 36, 10, 17, 32, 37], [0, 24, 43, 52, 26, 54, 28], [0, 18, 53, 2, 33, 49, 9, 23, 19], [0, 7, 67, 21, 61, 64, 31]]

res = 1179.358
res_int = 1173
solution = [[0, 22, 12, 29, 40, 38, 68, 66, 58], [0, 41, 20, 59, 8, 39, 56, 62], [0, 13, 45, 35, 44, 15, 3, 6, 51, 30], [0, 5, 46, 63, 11, 25, 42, 57, 28], [0, 54, 37, 32, 17, 10, 36, 1, 48], [0, 26, 50, 16, 52, 43, 24], [0, 18, 53, 2, 33, 49, 9, 23, 19], [0, 34, 14, 47, 4, 60, 55, 65, 27], [0, 7, 67, 21, 61, 64, 31]]

res = 1179.561
res_int = 1175
solution = [[0, 43, 52, 12, 22, 24], [0, 37, 17, 32, 10, 63, 11, 42, 57], [0, 62, 56, 39, 8, 68], [0, 58, 66, 13, 35, 45, 20, 41, 59, 38, 40, 29], [0, 54, 46, 5, 50, 1, 36, 48, 16, 26], [0, 34, 14, 25, 47, 4, 60, 55, 65], [0, 44, 15, 3, 6, 51, 30, 23], [0, 2, 33, 49, 9, 53, 18, 31, 19], [0, 7, 67, 64, 61, 21, 27, 28]]

res = 1179.561
res_int = 1175
solution = [[0, 7, 67, 64, 61, 21, 27, 28], [0, 58, 66, 13, 35, 45, 20, 41, 59, 38, 40, 29], [0, 68, 8, 39, 56, 62], [0, 34, 14, 25, 47, 4, 60, 55, 65], [0, 43, 52, 12, 22, 24], [0, 37, 17, 32, 10, 63, 11, 42, 57], [0, 54, 46, 5, 50, 1, 36, 48, 16, 26], [0, 44, 15, 3, 6, 51, 30, 23], [0, 2, 33, 49, 9, 53, 18, 31, 19]]

res = 1181.397
res_int = 1177
solution = [[0, 68, 8, 59, 41, 20, 45, 35, 13, 66, 58], [0, 40, 38, 39, 56, 62], [0, 23, 22, 12, 29, 24], [0, 54, 46, 5, 50, 16, 52, 43], [0, 48, 1, 36, 10, 32, 17, 37, 26], [0, 34, 47, 4, 60, 55, 65, 27, 7], [0, 57, 42, 11, 63, 25, 14, 28], [0, 53, 33, 49, 9, 30, 51, 6, 3, 15, 44], [0, 67, 21, 61, 64, 2, 18, 31, 19]]

Mean = 1178.6054378182205
Execution = 1000.6172189712524

Instance : A-n80-k10.xml
Time = 6.1265363693237305
