Instance : A-n33-k05.xml
Time = 0.7272665500640869

res = 662.11
solution = [[0, 12, 5, 26, 7, 8, 13, 32, 2], [0, 10, 30, 25, 27, 4, 20], [0, 24, 6, 19, 14, 21, 1, 31, 11], [0, 29, 16, 3, 9, 17, 15], [0, 23, 18, 28, 22]]

res = 662.264
solution = [[0, 20, 5, 26, 7, 8, 13, 32, 2], [0, 12, 10, 30, 25, 27, 4], [0, 24, 6, 19, 14, 21, 1, 31, 11], [0, 29, 16, 3, 9, 17, 15], [0, 23, 18, 28, 22]]

res = 662.264
solution = [[0, 29, 16, 3, 9, 17, 15], [0, 20, 5, 26, 7, 8, 13, 32, 2], [0, 4, 27, 25, 30, 10, 12], [0, 23, 18, 28, 22], [0, 24, 6, 19, 14, 21, 1, 31, 11]]

res = 662.399
solution = [[0, 20, 5, 26, 7, 8, 13, 32, 2], [0, 4, 12, 27, 25, 30, 10], [0, 11, 31, 1, 21, 14, 19, 6, 24], [0, 15, 17, 9, 3, 16, 29], [0, 23, 18, 28, 22]]

res = 663.826
solution = [[0, 12, 26, 7, 8, 13, 32, 20, 2], [0, 11, 31, 1, 21, 14, 19, 6, 24], [0, 23, 18, 28, 22], [0, 29, 16, 3, 9, 17, 15], [0, 10, 30, 25, 27, 5, 4]]

res = 663.826
solution = [[0, 2, 20, 32, 13, 8, 7, 26, 12], [0, 10, 30, 25, 27, 5, 4], [0, 24, 6, 19, 14, 21, 1, 31, 11], [0, 29, 16, 3, 9, 17, 15], [0, 23, 18, 28, 22]]

res = 663.826
solution = [[0, 10, 30, 25, 27, 5, 4], [0, 2, 20, 32, 13, 8, 7, 26, 12], [0, 24, 6, 19, 14, 21, 1, 31, 11], [0, 29, 16, 3, 9, 17, 15], [0, 23, 18, 28, 22]]

res = 663.826
solution = [[0, 10, 30, 25, 27, 5, 4], [0, 12, 26, 7, 8, 13, 32, 20, 2], [0, 29, 16, 3, 9, 17, 15], [0, 24, 6, 19, 14, 21, 1, 31, 11], [0, 23, 18, 28, 22]]

res = 663.826
solution = [[0, 10, 30, 25, 27, 5, 4], [0, 15, 17, 9, 3, 16, 29], [0, 2, 20, 32, 13, 8, 7, 26, 12], [0, 23, 18, 28, 22], [0, 24, 6, 19, 14, 21, 1, 31, 11]]

res = 663.826
solution = [[0, 10, 30, 25, 27, 5, 4], [0, 29, 16, 3, 9, 17, 15], [0, 12, 26, 7, 8, 13, 32, 20, 2], [0, 24, 6, 19, 14, 21, 1, 31, 11], [0, 23, 18, 28, 22]]

Mean = 663.199074425406
Execution = 1806.4173295497894

Instance : B-n57-k09.xml
Time = 2.0476629734039307

res = 1602.289
solution = [[0, 10, 17, 45, 24, 52, 43, 54], [0, 19, 39, 26, 23, 16, 7], [0, 1, 27, 18, 28, 9, 55, 31], [0, 12, 38, 48, 35, 49, 30, 4], [0, 20, 2, 13, 44, 34, 14, 42], [0, 33, 11, 37, 51, 25, 15, 8], [0, 53, 29, 41, 21, 36, 47, 5], [0, 56, 6], [0, 22, 46, 50, 3, 40, 32]]

res = 1602.289
solution = [[0, 10, 17, 45, 24, 52, 43, 54], [0, 19, 39, 26, 23, 16, 7], [0, 1, 27, 18, 28, 9, 55, 31], [0, 12, 38, 48, 35, 49, 30, 4], [0, 22, 46, 50, 3, 40, 32], [0, 56, 6], [0, 33, 11, 37, 25, 51, 15, 8], [0, 20, 2, 13, 44, 34, 14, 42], [0, 53, 29, 41, 21, 36, 47, 5]]

res = 1603.073
solution = [[0, 32, 40, 3, 50, 46, 22], [0, 10, 17, 45, 24, 52, 43, 54], [0, 42, 16, 23, 26, 39, 19], [0, 12, 38, 48, 35, 49, 30, 4], [0, 7, 20, 2, 13, 44, 34, 14], [0, 33, 11, 37, 25, 51, 15, 8], [0, 5, 47, 36, 21, 41, 29, 53], [0, 1, 27, 18, 28, 9, 55, 31], [0, 56, 6]]

res = 1603.073
solution = [[0, 1, 27, 18, 28, 9, 55, 31], [0, 10, 17, 45, 24, 52, 43, 54], [0, 12, 38, 48, 35, 49, 30, 4], [0, 32, 40, 3, 50, 46, 22], [0, 53, 29, 41, 21, 36, 47, 5], [0, 7, 20, 2, 13, 44, 34, 14], [0, 33, 11, 37, 25, 51, 15, 8], [0, 56, 6], [0, 42, 16, 23, 26, 39, 19]]

res = 1603.073
solution = [[0, 1, 27, 18, 28, 9, 55, 31], [0, 10, 17, 45, 24, 52, 43, 54], [0, 12, 38, 48, 35, 49, 30, 4], [0, 32, 40, 3, 50, 46, 22], [0, 14, 34, 44, 13, 2, 20, 7], [0, 42, 16, 23, 26, 39, 19], [0, 33, 11, 37, 51, 25, 15, 8], [0, 56, 6], [0, 53, 29, 41, 21, 36, 47, 5]]

res = 1603.073
solution = [[0, 19, 39, 26, 23, 16, 42], [0, 7, 20, 2, 13, 44, 34, 14], [0, 1, 27, 18, 28, 9, 55, 31], [0, 54, 43, 52, 24, 45, 17, 10], [0, 12, 38, 48, 35, 49, 30, 4], [0, 22, 46, 50, 3, 40, 32], [0, 56, 6], [0, 8, 15, 51, 25, 37, 11, 33], [0, 5, 47, 36, 21, 41, 29, 53]]

res = 1603.073
solution = [[0, 42, 16, 23, 26, 39, 19], [0, 1, 27, 18, 28, 9, 55, 31], [0, 12, 38, 48, 35, 49, 30, 4], [0, 32, 40, 3, 50, 46, 22], [0, 56, 6], [0, 54, 43, 52, 24, 45, 17, 10], [0, 33, 11, 37, 25, 51, 15, 8], [0, 53, 29, 41, 21, 36, 47, 5], [0, 7, 20, 2, 13, 44, 34, 14]]

res = 1604.059
solution = [[0, 10, 17, 45, 24, 52, 43, 54], [0, 4, 30, 49, 35, 48, 38, 12], [0, 46, 50, 3, 40, 32, 6], [0, 7, 16, 23, 26, 39, 19], [0, 42, 14, 34, 44, 13, 2, 20], [0, 8, 15, 25, 51, 37, 11, 33], [0, 53, 29, 41, 21, 36, 47, 5], [0, 22, 56], [0, 1, 27, 18, 28, 9, 55, 31]]

res = 1604.059
solution = [[0, 10, 17, 45, 24, 52, 43, 54], [0, 4, 30, 49, 35, 48, 38, 12], [0, 46, 50, 3, 40, 32, 6], [0, 5, 47, 36, 21, 41, 29, 53], [0, 33, 11, 37, 25, 51, 15, 8], [0, 1, 27, 18, 28, 9, 55, 31], [0, 56, 22], [0, 20, 2, 13, 44, 34, 14, 42], [0, 7, 16, 23, 26, 39, 19]]

res = 1604.555
solution = [[0, 19, 39, 26, 23, 16, 7], [0, 54, 27, 18, 28, 9, 55, 31, 17, 10], [0, 12, 38, 48, 35, 49, 30, 4], [0, 22, 3, 46, 50, 40, 32], [0, 56, 6], [0, 43, 52, 24, 45, 1], [0, 8, 15, 51, 25, 37, 11, 33], [0, 5, 47, 36, 21, 41, 29, 53], [0, 20, 2, 13, 44, 34, 14, 42]]

Mean = 1603.2617081798853
Execution = 2627.4753544330597

Instance : A-n80-k10.xml
Time = 4.346529006958008

res = 1771.558
solution = [[0, 24, 6, 30, 59, 27, 31, 17, 29], [0, 34, 2, 37, 8, 68, 43, 16, 61, 78, 5], [0, 58, 32, 4, 22, 45, 50, 76, 70], [0, 38, 72, 54, 9, 55, 41, 25, 46], [0, 42, 53, 67, 66, 36, 73, 49], [0, 10, 71, 63, 62, 23, 44, 12], [0, 51, 77, 3, 39, 60, 74, 13], [0, 20, 75, 57, 19, 26, 35, 65, 69, 56, 47, 15, 33, 64], [0, 1, 7, 21, 40], [0, 11, 52, 28, 79, 18, 48, 14]]

res = 1772.092
solution = [[0, 24, 6, 30, 59, 27, 17, 29], [0, 34, 2, 37, 8, 68, 43, 16, 61, 78, 5], [0, 51, 77, 3, 39, 60, 74, 13], [0, 42, 53, 67, 66, 36, 73, 49], [0, 10, 71, 63, 62, 23, 44, 12], [0, 64, 25, 19, 47, 56, 69, 65, 35, 26, 57, 75, 20, 31], [0, 38, 72, 54, 9, 55, 33, 15, 41, 46], [0, 58, 32, 4, 22, 45, 50, 76, 70], [0, 14, 48, 18, 79, 28, 52, 11], [0, 40, 21, 7, 1]]

res = 1774.4
solution = [[0, 58, 32, 4, 22, 45, 50, 76, 70], [0, 51, 77, 3, 39, 60, 74, 13], [0, 25, 19, 47, 56, 69, 65, 35, 26, 57, 75, 20], [0, 64, 46, 41, 15, 33, 55, 9, 54, 72, 38], [0, 42, 53, 67, 66, 36, 73, 49], [0, 10, 71, 63, 62, 23, 44, 12], [0, 29, 17, 31, 27, 59, 30, 6, 24], [0, 34, 2, 37, 8, 68, 43, 16, 61, 78, 5], [0, 14, 48, 18, 79, 28, 52, 11], [0, 40, 21, 7, 1]]

res = 1777.362
solution = [[0, 34, 2, 37, 8, 68, 43, 16, 61, 78, 5], [0, 24, 6, 30, 59, 27, 31, 17, 29], [0, 20, 75, 57, 26, 35, 65, 69, 56, 47, 19, 25, 64], [0, 51, 77, 46, 41, 15, 33, 55, 9, 54, 72, 38], [0, 58, 32, 4, 22, 45, 50, 76, 70], [0, 13, 74, 60, 39, 3], [0, 49, 73, 36, 67, 66, 53, 42], [0, 11, 52, 28, 79, 18, 48, 14], [0, 40, 21, 7, 1], [0, 10, 71, 63, 23, 44, 12, 62]]

res = 1777.779
solution = [[0, 20, 75, 57, 26, 35, 65, 69, 56, 47, 19, 25, 64], [0, 46, 41, 15, 33, 55, 9, 54, 72, 50, 76, 70], [0, 10, 71, 63, 62, 23, 44, 12], [0, 34, 2, 37, 8, 68, 43, 16, 61, 78, 5], [0, 29, 17, 31, 27, 59, 30, 6, 24], [0, 38, 58, 32, 4, 22, 45], [0, 49, 73, 36, 66, 67, 53, 42], [0, 51, 77, 3, 39, 60, 74, 13], [0, 14, 48, 18, 79, 28, 52, 11], [0, 40, 21, 7, 1]]

res = 1777.779
solution = [[0, 24, 6, 30, 59, 27, 31, 17, 29], [0, 34, 2, 37, 8, 68, 43, 16, 61, 78, 5], [0, 20, 75, 57, 26, 35, 65, 69, 56, 47, 19, 25, 64], [0, 49, 73, 36, 67, 66, 53, 42], [0, 51, 77, 3, 39, 60, 74, 13], [0, 38, 58, 32, 4, 22, 45], [0, 46, 41, 15, 33, 55, 9, 54, 72, 50, 76, 70], [0, 12, 44, 23, 62, 63, 71, 10], [0, 14, 48, 18, 79, 28, 52, 11], [0, 1, 7, 21, 40]]

res = 1777.922
solution = [[0, 29, 17, 31, 27, 59, 30, 6, 24, 34], [0, 51, 77, 3, 39, 60, 74, 13], [0, 64, 33, 15, 47, 56, 69, 65, 35, 26, 19, 57, 75, 20, 5], [0, 46, 25, 41, 55, 9, 54, 72, 38], [0, 14, 48, 18, 79, 28, 71, 10], [0, 78, 61, 16, 43, 68, 8, 37, 2, 52], [0, 49, 73, 36, 66, 67, 53, 42], [0, 58, 32, 4, 22, 45, 50, 76, 70], [0, 1, 7, 21, 40], [0, 12, 44, 23, 11, 63, 62]]

res = 1778.41
solution = [[0, 34, 2, 37, 8, 68, 43, 16, 61, 78, 5], [0, 24, 6, 30, 59, 27, 31, 17, 29], [0, 11, 52, 28, 79, 18, 48, 14], [0, 58, 32, 4, 22, 45, 50, 76, 70], [0, 20, 75, 57, 26, 35, 65, 69, 56, 47, 19, 25, 64], [0, 10, 71, 63, 23, 44, 12, 62], [0, 40, 21, 7, 1], [0, 46, 41, 15, 33, 55, 9, 54, 72, 38], [0, 51, 77, 3, 39, 60, 74, 13], [0, 42, 53, 66, 67, 36, 73, 49]]

res = 1778.926
solution = [[0, 34, 2, 37, 8, 68, 43, 16, 61, 78, 5], [0, 14, 48, 18, 79, 28, 52, 11], [0, 29, 17, 31, 27, 59, 30, 6, 24], [0, 10, 71, 63, 62, 23, 44, 12], [0, 64, 33, 56, 69, 65, 35, 26, 47, 19, 57, 75, 20, 60], [0, 1, 7, 21, 40], [0, 58, 32, 4, 22, 45, 50, 76, 70], [0, 49, 73, 38, 66, 67, 53, 36], [0, 42, 51, 77, 3, 74, 13], [0, 72, 54, 9, 55, 15, 41, 25, 46, 39]]

res = 1780.195
solution = [[0, 53, 64, 33, 56, 69, 65, 35, 26, 47, 19, 57, 75, 20], [0, 74, 46, 25, 41, 15, 55, 9, 54, 72], [0, 58, 32, 4, 22, 45, 50, 76, 70], [0, 14, 48, 18, 79, 28, 52, 11], [0, 49, 38, 67, 66, 36, 73], [0, 42, 51, 77, 39, 60, 3, 13], [0, 40, 21, 7, 1], [0, 10, 71, 63, 62, 23, 44, 12], [0, 5, 78, 61, 16, 43, 68, 8, 37, 2, 34], [0, 29, 17, 31, 27, 59, 30, 6, 24]]

Mean = 1776.6426052799852
Execution = 5765.674329280853

Instance : A-n63-k10.xml
Time = 2.3546993732452393

res = 1323.075
solution = [[0, 21, 54, 60, 33, 55, 24], [0, 7, 23, 46, 61], [0, 31, 51, 58, 22, 11, 34, 47, 44, 50], [0, 37, 8, 35, 27, 6], [0, 16, 12, 9, 2, 41, 1, 39, 45], [0, 15, 49, 14, 53, 56, 29, 40], [0, 20, 28, 32, 57, 62, 17], [0, 25, 18, 5, 3, 42, 19, 10, 59], [0, 52, 43, 36, 48], [0, 13, 26, 4, 38, 30]]

res = 1323.075
solution = [[0, 21, 54, 60, 33, 55, 24], [0, 7, 23, 46, 61], [0, 31, 51, 58, 22, 11, 34, 47, 44, 50], [0, 37, 8, 35, 27, 6], [0, 15, 49, 14, 53, 56, 29, 40], [0, 30, 38, 4, 26, 13], [0, 48, 36, 43, 52], [0, 20, 28, 32, 57, 62, 17], [0, 59, 10, 19, 42, 3, 5, 18, 25], [0, 16, 12, 9, 2, 41, 1, 39, 45]]

res = 1323.27
solution = [[0, 7, 23, 46, 61], [0, 24, 55, 33, 60, 54, 21], [0, 31, 51, 58, 22, 11, 34, 47, 44], [0, 6, 27, 35, 8, 37], [0, 30, 38, 4, 26, 13], [0, 17, 62, 50, 57, 32, 28, 20], [0, 40, 29, 56, 53, 14, 49, 15], [0, 45, 39, 1, 41, 2, 9, 12, 16], [0, 52, 43, 36, 48], [0, 25, 18, 5, 3, 42, 19, 10, 59]]

res = 1323.27
solution = [[0, 21, 54, 60, 33, 55, 24], [0, 7, 23, 46, 61], [0, 44, 47, 34, 11, 22, 58, 51, 31], [0, 37, 8, 35, 27, 6], [0, 16, 12, 9, 2, 41, 1, 39, 45], [0, 15, 49, 14, 53, 56, 29, 40], [0, 17, 62, 50, 57, 32, 28, 20], [0, 13, 26, 4, 38, 30], [0, 52, 43, 36, 48], [0, 59, 10, 19, 42, 3, 5, 18, 25]]

res = 1323.27
solution = [[0, 31, 51, 58, 22, 11, 34, 47, 44], [0, 21, 54, 60, 33, 55, 24], [0, 61, 46, 23, 7], [0, 16, 12, 9, 2, 41, 1, 39, 45], [0, 37, 8, 35, 27, 6], [0, 15, 49, 14, 53, 56, 29, 40], [0, 20, 28, 32, 57, 50, 62, 17], [0, 30, 38, 4, 26, 13], [0, 52, 43, 36, 48], [0, 59, 10, 19, 42, 3, 5, 18, 25]]

res = 1323.27
solution = [[0, 21, 54, 60, 33, 55, 24], [0, 7, 23, 46, 61], [0, 15, 49, 14, 53, 56, 29, 40], [0, 31, 51, 58, 22, 11, 34, 47, 44], [0, 37, 8, 35, 27, 6], [0, 17, 62, 50, 57, 32, 28, 20], [0, 45, 39, 1, 41, 2, 9, 12, 16], [0, 59, 10, 19, 42, 3, 5, 18, 25], [0, 30, 38, 4, 26, 13], [0, 52, 43, 36, 48]]

res = 1323.27
solution = [[0, 21, 54, 60, 33, 55, 24], [0, 7, 23, 46, 61], [0, 15, 49, 14, 53, 56, 29, 40], [0, 31, 51, 58, 22, 11, 34, 47, 44], [0, 37, 8, 35, 27, 6], [0, 20, 28, 32, 57, 50, 62, 17], [0, 45, 39, 1, 41, 2, 9, 12, 16], [0, 59, 10, 19, 42, 3, 5, 18, 25], [0, 52, 43, 36, 48], [0, 30, 38, 4, 26, 13]]

res = 1323.27
solution = [[0, 21, 54, 60, 33, 55, 24], [0, 7, 23, 46, 61], [0, 37, 8, 35, 27, 6], [0, 15, 49, 14, 53, 56, 29, 40], [0, 31, 51, 58, 22, 11, 34, 47, 44], [0, 20, 28, 32, 57, 50, 62, 17], [0, 16, 12, 9, 2, 41, 1, 39, 45], [0, 25, 18, 5, 3, 42, 19, 10, 59], [0, 13, 26, 4, 38, 30], [0, 48, 36, 43, 52]]

res = 1323.27
solution = [[0, 31, 51, 58, 22, 11, 34, 47, 44], [0, 21, 54, 60, 33, 55, 24], [0, 61, 46, 23, 7], [0, 37, 8, 35, 27, 6], [0, 20, 28, 32, 57, 50, 62, 17], [0, 40, 29, 56, 53, 14, 49, 15], [0, 16, 12, 9, 2, 41, 1, 39, 45], [0, 25, 18, 5, 3, 42, 19, 10, 59], [0, 52, 43, 36, 48], [0, 13, 26, 4, 38, 30]]

res = 1323.27
solution = [[0, 31, 51, 58, 22, 11, 34, 47, 44], [0, 61, 46, 23, 7], [0, 21, 54, 60, 33, 55, 24], [0, 15, 49, 14, 53, 56, 29, 40], [0, 37, 8, 35, 27, 6], [0, 16, 12, 9, 2, 41, 1, 39, 45], [0, 20, 28, 32, 57, 50, 62, 17], [0, 25, 18, 5, 3, 42, 19, 10, 59], [0, 30, 38, 4, 26, 13], [0, 52, 43, 36, 48]]

Mean = 1323.2313106071993
Execution = 3559.1025428771973

Instance : B-n57-k07.xml
Time = 2.057765483856201

res = 1146.532
solution = [[0, 4, 29, 40, 35, 54], [0, 25, 28, 8, 9, 12, 53, 38, 36, 18], [0, 56, 26, 17, 34, 51, 19, 41], [0, 52, 50, 39, 14, 42, 22, 30, 2], [0, 32, 47, 20, 43, 7, 37, 55], [0, 5, 33, 13, 23, 46], [0, 27, 24, 3, 10, 21, 44, 49, 48, 16], [0, 45, 6, 31, 11, 15, 1]]

res = 1147.235
solution = [[0, 4, 29, 40, 35, 54], [0, 12, 53, 8, 9, 51, 17, 34, 26], [0, 28, 25, 38, 36, 19, 41, 18, 56], [0, 52, 50, 39, 14, 22, 42, 30, 2], [0, 32, 47, 20, 43, 7, 37, 55], [0, 5, 33, 13, 23, 46], [0, 27, 24, 3, 10, 21, 44, 49, 48, 16], [0, 45, 6, 31, 11, 15, 1]]

res = 1147.396
solution = [[0, 56, 26, 17, 34, 41, 19], [0, 25, 28, 8, 9, 51, 36, 38, 12, 53, 18], [0, 52, 50, 39, 14, 22, 42, 30, 2], [0, 32, 47, 20, 43, 7, 37], [0, 4, 29, 40, 35, 54], [0, 23, 46, 5, 33, 13, 24, 27], [0, 55, 1, 21, 10, 3, 44, 49, 48, 16], [0, 15, 11, 31, 6, 45]]

res = 1147.396
solution = [[0, 4, 29, 40, 35, 54], [0, 56, 26, 17, 34, 41, 19], [0, 25, 28, 8, 9, 51, 36, 38, 12, 53, 18], [0, 52, 50, 39, 14, 22, 42, 30, 2], [0, 32, 47, 20, 43, 7, 37], [0, 15, 11, 31, 6, 45], [0, 55, 1, 21, 10, 3, 44, 49, 48, 16], [0, 27, 24, 13, 33, 5, 23, 46]]

res = 1147.396
solution = [[0, 4, 29, 40, 35, 54], [0, 56, 26, 17, 34, 41, 19], [0, 25, 28, 8, 9, 51, 36, 38, 12, 53, 18], [0, 52, 50, 39, 14, 22, 42, 30, 2], [0, 32, 47, 20, 43, 7, 37], [0, 15, 11, 31, 6, 45], [0, 55, 1, 21, 10, 3, 44, 49, 48, 16], [0, 46, 23, 5, 33, 13, 24, 27]]

res = 1147.396
solution = [[0, 4, 29, 40, 35, 54], [0, 56, 26, 17, 34, 41, 19], [0, 25, 28, 8, 9, 51, 38, 36, 53, 12, 18], [0, 52, 50, 39, 14, 22, 42, 30, 2], [0, 32, 47, 20, 43, 7, 37], [0, 15, 11, 31, 6, 45], [0, 55, 1, 21, 10, 3, 44, 49, 48, 16], [0, 27, 24, 13, 33, 5, 46, 23]]

res = 1147.556
solution = [[0, 4, 29, 40, 35, 54], [0, 18, 17, 34, 41, 19, 26, 56], [0, 2, 30, 22, 42, 14, 39, 50, 52], [0, 15, 11, 31, 6, 45], [0, 32, 47, 20, 43, 7, 37], [0, 25, 28, 8, 9, 51, 38, 36, 53, 12], [0, 55, 1, 21, 10, 3, 44, 49, 48, 16], [0, 27, 24, 13, 33, 5, 46, 23]]

res = 1147.556
solution = [[0, 18, 34, 17, 41, 19, 26, 56], [0, 50, 52, 39, 14, 22, 42, 30, 2], [0, 32, 47, 20, 43, 7, 37], [0, 28, 25, 8, 9, 51, 36, 38, 53, 12], [0, 15, 11, 31, 6, 45], [0, 4, 29, 40, 35, 54], [0, 16, 48, 49, 44, 3, 10, 21, 1, 55], [0, 23, 46, 5, 33, 13, 24, 27]]

res = 1147.556
solution = [[0, 52, 50, 39, 14, 22, 42, 30, 2], [0, 32, 47, 20, 43, 7, 37], [0, 4, 29, 40, 35, 54], [0, 15, 11, 31, 6, 45], [0, 25, 28, 8, 9, 51, 38, 36, 12, 53], [0, 18, 34, 17, 41, 19, 26, 56], [0, 16, 48, 49, 44, 3, 10, 21, 1, 55], [0, 27, 24, 33, 13, 5, 46, 23]]

res = 1147.753
solution = [[0, 4, 29, 40, 35, 54], [0, 52, 50, 39, 14, 42, 22, 30, 2], [0, 32, 47, 20, 43, 7, 37], [0, 15, 11, 31, 6, 45], [0, 25, 28, 8, 9, 51, 17, 34, 41], [0, 18, 53, 12, 36, 38, 19, 26, 56], [0, 55, 1, 21, 10, 3, 44, 49, 48, 16], [0, 46, 23, 5, 33, 13, 24, 27]]

Mean = 1147.377250750773
Execution = 2874.1325364112854

Instance : B-n35-k05.xml
Time = 0.7891178131103516

res = 958.893
solution = [[0, 34, 27, 24, 28, 4, 14, 22], [0, 13, 32, 2, 19, 11, 5, 30, 15], [0, 20, 7, 9, 1, 23, 16, 10, 12], [0, 29, 17, 26, 18, 3, 33, 6], [0, 8, 31, 25, 21]]

res = 958.893
solution = [[0, 20, 7, 9, 1, 23, 16, 10, 12], [0, 15, 30, 5, 11, 19, 2, 32, 13], [0, 34, 27, 24, 28, 4, 14, 22], [0, 21, 25, 31, 8], [0, 29, 17, 26, 18, 3, 33, 6]]

res = 958.893
solution = [[0, 22, 14, 4, 28, 24, 27, 34], [0, 13, 32, 2, 19, 11, 5, 30, 15], [0, 12, 10, 16, 23, 1, 9, 7, 20], [0, 6, 33, 3, 18, 26, 29, 17], [0, 21, 25, 31, 8]]

res = 958.893
solution = [[0, 34, 27, 24, 28, 4, 14, 22], [0, 13, 32, 2, 19, 11, 5, 30, 15], [0, 12, 10, 16, 23, 1, 9, 7, 20], [0, 6, 33, 3, 18, 26, 29, 17], [0, 21, 25, 31, 8]]

res = 958.893
solution = [[0, 34, 27, 24, 28, 4, 14, 22], [0, 13, 32, 2, 19, 11, 5, 30, 15], [0, 12, 10, 16, 23, 1, 9, 7, 20], [0, 6, 33, 3, 18, 26, 29, 17], [0, 21, 25, 31, 8]]

res = 958.893
solution = [[0, 34, 27, 24, 28, 4, 14, 22], [0, 13, 32, 2, 19, 11, 5, 30, 15], [0, 20, 7, 9, 1, 23, 16, 10, 12], [0, 21, 25, 31, 8], [0, 29, 17, 26, 18, 3, 33, 6]]

res = 958.893
solution = [[0, 20, 7, 9, 1, 23, 16, 10, 12], [0, 22, 14, 4, 28, 24, 27, 34], [0, 13, 32, 2, 19, 11, 5, 30, 15], [0, 29, 17, 26, 18, 3, 33, 6], [0, 8, 31, 25, 21]]

res = 958.893
solution = [[0, 22, 14, 4, 28, 24, 27, 34], [0, 13, 32, 2, 19, 11, 5, 30, 15], [0, 12, 10, 16, 23, 1, 9, 7, 20], [0, 6, 33, 3, 18, 26, 29, 17], [0, 8, 31, 25, 21]]

res = 959.079
solution = [[0, 15, 30, 5, 11, 19, 2, 32, 13], [0, 34, 27, 24, 28, 4, 14, 22], [0, 20, 7, 12, 10, 16, 9, 23, 1], [0, 6, 33, 3, 18, 26, 29, 17], [0, 21, 25, 31, 8]]

res = 959.079
solution = [[0, 34, 27, 24, 28, 4, 14, 22], [0, 15, 30, 5, 11, 19, 2, 32, 13], [0, 20, 7, 12, 10, 16, 9, 23, 1], [0, 6, 33, 3, 18, 26, 29, 17], [0, 21, 25, 31, 8]]

Mean = 958.9306952367836
Execution = 1577.3994555473328

Instance : P-n101-k04.xml
Time = 20.813608169555664

res = 692.85
solution = [[0, 94, 95, 97, 87, 2, 57, 15, 43, 42, 14, 44, 38, 86, 16, 61, 85, 91, 100, 98, 37, 92, 59, 93, 99, 96, 6], [0, 89, 18, 83, 60, 5, 84, 17, 45, 8, 46, 47, 36, 49, 64, 63, 90, 32, 10, 62, 11, 19, 48, 82, 7, 88, 31, 52], [0, 27, 69, 1, 70, 30, 20, 66, 65, 71, 35, 34, 78, 81, 9, 51, 33, 79, 3, 77, 76, 50, 28], [0, 53, 26, 12, 80, 68, 29, 24, 54, 4, 55, 25, 39, 67, 23, 56, 75, 41, 22, 74, 72, 73, 21, 40, 58, 13]]

res = 694.772
solution = [[0, 53, 58, 40, 21, 73, 72, 74, 22, 41, 75, 56, 23, 67, 39, 25, 55, 4, 54, 24, 29, 68, 80, 12, 26, 28], [0, 94, 95, 97, 92, 59, 93, 85, 98, 37, 100, 91, 61, 16, 86, 38, 44, 14, 42, 43, 15, 57, 2, 87, 13], [0, 52, 7, 88, 31, 70, 30, 20, 66, 65, 71, 35, 34, 78, 81, 9, 51, 33, 79, 3, 77, 76, 50, 1, 69, 27], [0, 89, 18, 60, 83, 8, 82, 48, 19, 11, 62, 10, 32, 90, 63, 64, 49, 36, 47, 46, 45, 17, 84, 5, 99, 96, 6]]

res = 696.25
solution = [[0, 94, 95, 97, 87, 2, 57, 15, 43, 42, 14, 44, 38, 86, 16, 61, 85, 91, 100, 98, 37, 92, 59, 93, 99, 96, 6], [0, 13, 58, 40, 21, 73, 72, 74, 22, 41, 75, 56, 23, 67, 39, 25, 55, 4, 54, 24, 29, 68, 80, 12, 26, 53], [0, 28, 50, 76, 77, 3, 79, 33, 51, 9, 81, 78, 34, 35, 71, 65, 66, 20, 30, 70, 1, 69, 27], [0, 89, 18, 83, 60, 5, 84, 17, 45, 46, 8, 82, 7, 48, 47, 36, 49, 64, 19, 11, 63, 90, 32, 10, 62, 88, 31, 52]]

res = 697.336
solution = [[0, 6, 94, 96, 99, 59, 92, 93, 85, 98, 37, 100, 91, 61, 16, 86, 38, 44, 14, 42, 43, 15, 57, 2, 87, 97, 95], [0, 89, 18, 83, 60, 5, 84, 17, 45, 8, 46, 47, 36, 49, 64, 63, 90, 32, 10, 62, 11, 19, 48, 82, 7, 88, 31, 52], [0, 28, 50, 76, 77, 3, 79, 33, 51, 9, 81, 78, 34, 35, 71, 65, 66, 20, 30, 70, 1, 69, 27], [0, 13, 58, 40, 21, 73, 72, 74, 22, 41, 75, 56, 23, 67, 39, 25, 55, 4, 54, 24, 29, 68, 80, 12, 26, 53]]

res = 697.465
solution = [[0, 94, 95, 97, 92, 59, 93, 98, 37, 100, 91, 85, 61, 16, 86, 38, 44, 14, 42, 43, 15, 57, 2, 87, 13], [0, 53, 58, 40, 21, 73, 72, 74, 22, 41, 75, 56, 23, 67, 39, 25, 55, 4, 54, 24, 29, 68, 80, 12, 26], [0, 52, 31, 88, 62, 19, 11, 64, 49, 36, 47, 48, 82, 7, 18, 60, 83, 8, 46, 45, 17, 84, 5, 99, 96, 6, 89], [0, 28, 76, 77, 3, 79, 78, 34, 35, 71, 65, 66, 20, 32, 90, 63, 10, 70, 30, 51, 9, 81, 33, 50, 1, 69, 27]]

res = 697.55
solution = [[0, 94, 95, 97, 87, 2, 57, 15, 43, 42, 14, 44, 38, 86, 16, 61, 85, 91, 100, 37, 98, 93, 92, 59, 99, 96, 6], [0, 13, 58, 40, 21, 73, 72, 74, 22, 41, 75, 56, 23, 67, 39, 25, 55, 4, 54, 24, 29, 68, 80, 12, 26, 53], [0, 69, 1, 50, 33, 81, 9, 51, 30, 70, 31, 88, 62, 10, 63, 90, 32, 20, 66, 65, 71, 35, 34, 78, 79, 3, 77, 76, 28], [0, 27, 89, 18, 83, 60, 5, 84, 17, 45, 8, 46, 47, 36, 49, 64, 11, 19, 48, 82, 7, 52]]

res = 697.608
solution = [[0, 6, 96, 99, 59, 92, 37, 98, 100, 91, 85, 93, 61, 16, 86, 38, 44, 14, 42, 43, 15, 57, 2, 87, 97, 95, 94], [0, 13, 58, 40, 21, 73, 72, 74, 22, 41, 75, 56, 23, 67, 39, 25, 55, 4, 54, 26, 53], [0, 27, 69, 1, 50, 76, 77, 3, 79, 33, 81, 9, 51, 70, 30, 20, 66, 65, 71, 35, 34, 78, 29, 24, 68, 80, 12, 28], [0, 89, 18, 83, 60, 5, 84, 17, 45, 8, 46, 47, 36, 49, 64, 63, 90, 32, 10, 62, 11, 19, 48, 82, 7, 88, 31, 52]]

res = 697.904
solution = [[0, 27, 69, 1, 51, 9, 81, 33, 50, 76, 77, 3, 79, 78, 34, 35, 71, 65, 66, 20, 30, 70, 31, 88, 7, 52], [0, 89, 18, 60, 83, 8, 82, 48, 19, 11, 62, 10, 32, 90, 63, 64, 49, 36, 47, 46, 45, 17, 84, 5, 93, 99, 96, 6], [0, 94, 95, 59, 92, 98, 37, 100, 91, 85, 61, 16, 86, 38, 44, 14, 42, 43, 15, 57, 2, 87, 97, 13], [0, 28, 26, 12, 80, 68, 29, 24, 54, 4, 55, 25, 39, 67, 23, 56, 75, 41, 22, 74, 72, 73, 21, 40, 58, 53]]

res = 698.072
solution = [[0, 13, 94, 95, 97, 92, 37, 98, 100, 91, 44, 14, 38, 86, 16, 61, 85, 93, 59, 99, 96, 6, 89], [0, 58, 2, 57, 87, 42, 43, 15, 41, 22, 74, 75, 56, 23, 67, 39, 25, 55, 4, 72, 73, 21, 40, 53], [0, 27, 69, 1, 50, 76, 77, 3, 79, 33, 81, 9, 51, 20, 66, 65, 71, 35, 34, 78, 29, 24, 54, 80, 68, 12, 26, 28], [0, 52, 18, 83, 60, 5, 84, 17, 45, 46, 8, 82, 7, 48, 47, 36, 49, 64, 19, 11, 63, 90, 32, 30, 70, 10, 62, 88, 31]]

res = 698.267
solution = [[0, 53, 13, 58, 40, 21, 73, 72, 74, 22, 41, 75, 56, 23, 67, 39, 25, 55, 4, 54, 24, 29, 68, 80, 12, 26, 28], [0, 94, 95, 97, 87, 2, 57, 15, 43, 42, 100, 91, 44, 14, 38, 86, 16, 61, 85, 93, 98, 37, 92, 59, 99, 96, 6], [0, 27, 69, 1, 50, 76, 77, 3, 79, 78, 34, 81, 33, 51, 9, 35, 71, 65, 66, 20, 30, 70, 31], [0, 89, 18, 83, 60, 5, 84, 17, 45, 8, 46, 47, 36, 49, 64, 63, 90, 32, 10, 62, 11, 19, 48, 82, 7, 88, 52]]

Mean = 696.8073356748793
Execution = 9366.885303735733

Instance : A-n64-k09.xml
Time = 2.780668258666992
