Instance : A-n32-k05.xml
Time = 0.7324047088623047
Time = 5.998671054840088

res = 1787.104
res_int = 1783
solution = [[0, 20, 75, 57, 61, 16, 43, 68, 78, 30], [0, 36, 72, 54, 9, 55, 56, 69, 65, 35, 26, 19, 47, 15, 33, 64], [0, 52, 28, 79, 18, 48, 14, 71], [0, 17, 31, 46, 41, 25, 59, 27, 29], [0, 70, 76, 50, 45, 22, 4, 32, 58], [0, 24, 6, 8, 37, 2, 34, 11, 10], [0, 12, 44, 5, 23, 62, 63], [0, 51, 77, 3, 39, 60, 74, 13], [0, 1, 7, 21, 40], [0, 42, 53, 66, 67, 38, 73, 49]]

res = 1787.313
res_int = 1784
solution = [[0, 17, 31, 46, 41, 25, 59, 27, 29], [0, 20, 75, 57, 61, 16, 43, 68, 78, 30, 44], [0, 24, 6, 8, 37, 2, 34, 11, 10], [0, 49, 73, 38, 66, 67, 53, 42, 0], [0, 64, 33, 15, 47, 19, 26, 35, 65, 69, 56, 55, 9, 54, 72, 36], [0, 58, 32, 4, 22, 45, 50, 76, 70], [0, 63, 62, 23, 5, 12], [0, 51, 77, 3, 39, 60, 74, 13], [0, 40, 21, 7, 1], [0, 52, 28, 79, 18, 48, 14, 71]]

res = 1792.608
res_int = 1788
solution = [[0, 20, 75, 57, 61, 16, 43, 68, 78, 30], [0, 58, 32, 4, 22, 45, 50, 76, 70], [0, 52, 28, 79, 18, 48, 14, 71], [0, 29, 27, 59, 25, 41, 46, 31, 17], [0, 62, 12, 44, 5, 23, 63, 10], [0, 24, 6, 8, 37, 2, 34, 11], [0, 64, 33, 15, 47, 19, 26, 35, 65, 69, 56, 55, 9, 54, 72, 36], [0, 51, 77, 3, 39, 60, 74, 13], [0, 1, 7, 21, 40], [0, 42, 53, 66, 67, 38, 73, 49]]

res = 1794.582
res_int = 1791
solution = [[0, 11, 34, 2, 37, 8, 24, 6, 30], [0, 59, 78, 68, 43, 16, 61, 57, 27, 29], [0, 12, 44, 5, 23, 62, 63, 10], [0, 52, 28, 79, 18, 48, 14, 71], [0, 20, 75, 19, 47, 26, 35, 65, 69, 56, 55, 9, 54, 72], [0, 58, 32, 4, 22, 45, 50, 76, 70], [0, 17, 31, 46, 25, 41, 15, 33, 64, 77, 51, 42], [0, 73, 36, 53, 67, 66, 38, 49], [0, 40, 21, 7, 1], [0, 3, 39, 60, 74, 13]]

res = 1802.028
res_int = 1798
solution = [[0, 64, 41, 25, 46, 59, 27, 31, 17, 29], [0, 51, 77, 3, 39, 60, 74, 13], [0, 10, 63, 62, 23, 5, 12, 44], [0, 42, 36, 53, 66, 67, 38, 73], [0, 1, 7, 21, 40], [0, 33, 15, 47, 19, 26, 35, 65, 69, 56, 55, 9, 54, 72, 70, 49], [0, 76, 50, 45, 22, 4, 32, 58], [0, 52, 28, 79, 18, 48, 14, 71], [0, 24, 6, 8, 37, 2, 34, 11], [0, 20, 75, 57, 61, 16, 43, 68, 78, 30]]

res = 1803.903
res_int = 1798
solution = [[0, 76, 72, 50, 45, 22, 4, 32, 58], [0, 17, 31, 46, 41, 25, 59, 27, 29], [0, 20, 75, 57, 61, 16, 43, 68, 78, 30], [0, 64, 33, 15, 47, 19, 26, 35, 65, 69, 56, 55, 9, 54, 70], [0, 51, 77, 3, 74, 60, 39, 53], [0, 40, 21, 7, 1, 13], [0, 12, 44, 5, 23, 62, 63, 10], [0, 42, 36, 66, 67, 38, 73, 49], [0, 24, 6, 8, 37, 2, 34, 11], [0, 52, 28, 79, 18, 48, 14, 71]]

res = 1806.212
res_int = 1803
solution = [[0, 13, 74, 60, 39, 3, 77, 51], [0, 19, 47, 56, 69, 65, 35, 26, 57, 61, 16, 43, 68], [0, 30, 6, 24, 8, 37, 2, 34, 11], [0, 12, 44, 5, 23, 62, 63, 10], [0, 38, 32, 4, 22, 45, 50], [0, 52, 28, 79, 18, 48, 14, 71], [0, 58, 76, 72, 54, 9, 55, 33, 15, 41, 46, 64, 70], [0, 17, 31, 25, 75, 20, 78, 59, 27, 29], [0, 40, 21, 7, 1], [0, 42, 53, 66, 67, 36, 73, 49]]

res = 1810.385
res_int = 1807
solution = [[0, 29, 27, 59, 25, 41, 46, 31, 17], [0, 14, 48, 18, 79, 28, 52, 11], [0, 12, 23, 62, 63, 71, 10], [0, 51, 77, 3, 39, 60, 74, 13], [0, 40, 21, 7, 1, 49], [0, 73, 38, 66, 67, 53, 42], [0, 64, 33, 15, 47, 19, 26, 35, 65, 69, 56, 55, 9, 54, 72, 36], [0, 58, 32, 4, 22, 45, 50, 76, 70], [0, 34, 2, 37, 8, 6, 24, 5, 44], [0, 20, 75, 57, 61, 16, 43, 68, 78, 30]]

res = 1816.881
res_int = 1817
solution = [[0, 68, 43, 16, 61, 57, 19, 47, 26, 35, 65, 69, 56, 33], [0, 70, 76, 50, 45, 22, 4, 32, 58], [0, 74, 60, 39, 3, 42], [0, 71, 14, 48, 18, 79, 28, 52], [0, 53, 64, 46, 25, 41, 15, 55, 9, 54, 72], [0, 34, 2, 37, 8, 6, 24, 62], [0, 10, 63, 11, 23, 12, 5, 29], [0, 44, 30, 78, 20, 75, 59, 27, 31, 17, 77, 51], [0, 40, 21, 7, 1, 13], [0, 49, 38, 67, 66, 36, 73]]

res = 1821.326
res_int = 1819
solution = [[0, 2, 37, 8, 68, 43, 16, 61, 78, 30], [0, 64, 33, 54, 9, 55, 15, 41, 46, 59, 27, 31], [0, 76, 72, 50, 45, 22, 4, 32, 58], [0, 20, 75, 57, 26, 35, 65, 69, 56, 47, 19, 25], [0, 49, 38, 70, 67, 66, 53, 36, 73], [0, 1, 7, 21, 40], [0, 52, 28, 79, 18, 48, 14, 71], [0, 62, 6, 24, 34, 11, 63, 10], [0, 42, 51, 77, 3, 74, 12, 13], [0, 39, 60, 17, 29, 5, 23, 44]]

Mean = 1802.234255991266
Execution = 558.2334413528442

Time = 6.06964898109436
Time = 5.899898529052734

res = 1793.146
res_int = 1788
solution = [[0, 58, 32, 4, 22, 45, 50, 72, 76], [0, 20, 75, 57, 61, 16, 43, 68, 78, 30], [0, 12, 44, 5, 23, 62, 63], [0, 49, 73, 38, 70, 66, 67, 53, 36], [0, 24, 6, 8, 37, 2, 34, 11, 10], [0, 54, 9, 55, 56, 69, 65, 35, 26, 19, 47, 41, 15, 33, 64], [0, 74, 17, 31, 46, 25, 59, 27, 29], [0, 13, 3, 60, 39, 77, 51, 42], [0, 1, 7, 21, 40], [0, 52, 28, 79, 18, 48, 14, 71]]

res = 1793.582
res_int = 1789
solution = [[0, 12, 44, 5, 23, 62, 63, 10], [0, 40, 21, 7, 1], [0, 76, 72, 50, 45, 22, 4, 32, 58], [0, 20, 75, 57, 61, 16, 43, 68, 78, 30], [0, 54, 9, 55, 56, 69, 65, 35, 26, 19, 47, 41, 15, 33, 64], [0, 29, 27, 59, 25, 46, 31, 17, 74], [0, 49, 38, 70, 66, 67, 53, 36, 73], [0, 42, 51, 77, 39, 60, 3, 13], [0, 24, 6, 8, 37, 2, 34, 11], [0, 52, 28, 79, 18, 48, 14, 71]]

res = 1793.582
res_int = 1789
solution = [[0, 54, 9, 55, 56, 69, 65, 35, 26, 19, 47, 41, 15, 33, 64], [0, 74, 17, 31, 46, 25, 59, 27, 29], [0, 12, 44, 5, 23, 62, 63, 10], [0, 76, 72, 50, 45, 22, 4, 32, 58], [0, 49, 38, 70, 67, 66, 53, 36, 73], [0, 1, 7, 21, 40], [0, 42, 51, 77, 39, 60, 3, 13], [0, 20, 75, 57, 61, 16, 43, 68, 78, 30], [0, 52, 28, 79, 18, 48, 14, 71], [0, 24, 6, 8, 37, 2, 34, 11]]

res = 1793.79
res_int = 1790
solution = [[0, 20, 75, 57, 61, 16, 43, 68, 78, 30, 44], [0, 10, 63, 62, 23, 5, 12], [0, 54, 9, 55, 56, 69, 65, 35, 26, 19, 47, 41, 15, 33, 64], [0, 74, 17, 31, 46, 25, 59, 27, 29], [0, 76, 72, 50, 45, 22, 4, 32, 58], [0, 42, 51, 77, 39, 60, 3, 13], [0, 49, 38, 70, 67, 66, 53, 36, 73], [0, 0, 40, 21, 7, 1], [0, 24, 6, 8, 37, 2, 34, 11], [0, 52, 28, 79, 18, 48, 14, 71]]

res = 1793.962
res_int = 1790
solution = [[0, 64, 33, 15, 41, 47, 19, 26, 35, 65, 69, 56, 55, 9, 54], [0, 58, 32, 4, 22, 45, 50, 76, 72], [0, 74, 17, 31, 46, 25, 59, 27, 29], [0, 10, 63, 62, 23, 5, 44, 12], [0, 73, 36, 53, 67, 66, 70, 38, 49], [0, 42, 51, 77, 39, 60, 3, 13], [0, 20, 75, 57, 61, 16, 43, 68, 78, 30], [0, 24, 6, 8, 37, 2, 34, 11], [0, 52, 28, 79, 18, 48, 14, 71], [0, 40, 21, 7, 1]]

res = 1798.223
res_int = 1795
solution = [[0, 54, 9, 55, 56, 69, 65, 35, 26, 47, 19, 57], [0, 58, 32, 4, 22, 45, 50, 72, 76], [0, 12, 44, 5, 23, 62, 63, 10], [0, 52, 28, 79, 18, 48, 14, 71], [0, 24, 6, 8, 37, 2, 34, 11], [0, 49, 38, 70, 66, 67, 53, 36, 73], [0, 1, 7, 21, 40], [0, 42, 51, 77, 39, 60, 3, 13], [0, 27, 59, 20, 75, 61, 16, 43, 68, 78, 30], [0, 64, 33, 15, 41, 25, 46, 31, 17, 29, 74]]

res = 1799.368
res_int = 1796
solution = [[0, 20, 75, 57, 61, 16, 43, 68, 78, 30, 44], [0, 76, 72, 50, 45, 22, 4, 32, 58], [0, 13, 3, 60, 39, 77, 51, 42], [0, 73, 36, 53, 66, 67, 70, 38, 49], [0, 54, 9, 55, 56, 69, 65, 35, 26, 19, 47, 15, 33, 64], [0, 17, 31, 46, 41, 25, 59, 27, 12], [0, 63, 62, 23, 5, 29, 74], [0, 52, 28, 79, 18, 48, 14, 71], [0, 24, 6, 8, 37, 2, 34, 11, 10], [0, 40, 21, 7, 1]]

res = 1800.523
res_int = 1798
solution = [[0, 76, 72, 45, 22, 4, 32, 50, 58], [0, 57, 19, 47, 26, 35, 65, 69, 56, 55, 9, 54], [0, 52, 28, 79, 18, 48, 14, 71], [0, 24, 6, 8, 37, 2, 34, 11, 10], [0, 27, 59, 20, 75, 61, 16, 43, 68, 78, 30], [0, 64, 33, 15, 41, 25, 46, 31, 17, 29, 74], [0, 49, 38, 70, 66, 67, 53, 36, 73], [0, 42, 51, 77, 39, 60, 3, 13], [0, 63, 62, 23, 5, 44, 12], [0, 40, 21, 7, 1]]

res = 1803.09
res_int = 1799
solution = [[0, 54, 9, 55, 56, 69, 65, 35, 26, 47, 19, 57], [0, 39, 64, 33, 15, 41, 25, 46, 31, 17, 29], [0, 76, 72, 50, 45, 22, 4, 32, 58], [0, 10, 63, 62, 23, 5, 12, 44], [0, 1, 7, 21, 40], [0, 52, 28, 79, 18, 48, 14, 71], [0, 24, 6, 8, 37, 2, 34, 11], [0, 30, 78, 68, 43, 16, 61, 75, 20, 59, 27], [0, 73, 36, 53, 67, 66, 70, 38, 49], [0, 42, 51, 77, 3, 60, 74, 13]]

res = 1807.907
res_int = 1804
solution = [[0, 54, 9, 55, 56, 69, 65, 35, 26, 19, 47, 41, 15, 33, 64], [0, 76, 72, 45, 22, 4, 32, 50, 58], [0, 20, 75, 57, 61, 16, 43, 68, 30, 44], [0, 10, 63, 62, 23, 5, 12], [0, 29, 27, 59, 25, 46, 31, 17, 74], [0, 24, 6, 78, 8, 37, 2, 34, 11], [0, 52, 28, 79, 18, 48, 14, 71], [0, 49, 73, 38, 70, 67, 66, 53, 36], [0, 13, 3, 60, 39, 77, 51, 42], [0, 1, 7, 21, 40]]

Mean = 1797.7171633530797
Execution = 591.7073495388031

Time = 5.888378858566284
Time = 5.889025926589966

res = 1793.82
res_int = 1792
solution = [[0, 52, 28, 79, 18, 48, 14, 71], [0, 64, 41, 25, 46, 59, 27, 31, 17, 29], [0, 12, 44, 5, 23, 62, 63, 10], [0, 70, 76, 50, 45, 22, 4, 32, 58], [0, 24, 6, 8, 37, 2, 34, 11], [0, 20, 75, 57, 61, 16, 43, 68, 78, 30], [0, 40, 21, 7, 1], [0, 72, 54, 9, 55, 56, 69, 65, 35, 26, 19, 47, 15, 33, 77, 51, 13], [0, 73, 36, 53, 66, 67, 38, 49], [0, 74, 60, 39, 3, 42]]

res = 1794.068
res_int = 1791
solution = [[0, 27, 59, 19, 26, 35, 65, 69, 56, 47, 25, 46, 41], [0, 20, 75, 57, 61, 16, 43, 68, 78, 30, 44], [0, 52, 28, 79, 18, 48, 14, 71], [0, 10, 63, 62, 23, 5, 12], [0, 24, 6, 8, 37, 2, 34, 11], [0, 38, 72, 54, 9, 55, 15, 33, 64, 39, 77, 51], [0, 40, 21, 7, 1], [0, 3, 60, 31, 17, 29, 74, 13], [0, 58, 32, 4, 22, 45, 50, 76, 70], [0, 42, 53, 67, 66, 36, 73, 49]]

res = 1808.59
res_int = 1804
solution = [[0, 20, 75, 57, 61, 16, 43, 68, 78, 30], [0, 27, 59, 19, 26, 35, 65, 69, 56, 47, 41, 25, 46], [0, 52, 28, 79, 18, 48, 14, 71], [0, 24, 6, 8, 37, 2, 34, 11, 10], [0, 76, 72, 54, 9, 55, 15, 33, 64, 60, 39, 77], [0, 42, 51, 3, 74, 29, 17, 31], [0, 58, 32, 4, 22, 45, 50, 70, 53], [0, 49, 38, 66, 67, 36, 73], [0, 40, 21, 7, 1, 13], [0, 12, 44, 5, 23, 62, 63]]

res = 1809.485
res_int = 1804
solution = [[0, 46, 25, 41, 47, 56, 69, 65, 35, 26, 19, 75, 20], [0, 30, 78, 68, 43, 16, 61, 57, 59, 27, 31], [0, 52, 28, 79, 18, 48, 14, 71], [0, 58, 32, 4, 22, 45, 50, 76, 72], [0, 24, 6, 8, 37, 2, 34, 11, 10], [0, 51, 77, 3, 74, 17, 29, 13], [0, 60, 39, 64, 33, 15, 55, 9, 54, 70, 36], [0, 42, 53, 67, 66, 38, 73, 49], [0, 12, 44, 5, 23, 62, 63], [0, 1, 7, 21, 40]]

res = 1811.115
res_int = 1805
solution = [[0, 46, 25, 41, 47, 56, 69, 65, 35, 26, 19, 59], [0, 27, 20, 75, 57, 61, 16, 43, 68, 78, 30], [0, 24, 6, 8, 37, 2, 34, 11], [0, 52, 28, 79, 18, 48, 14, 71], [0, 10, 63, 62, 23, 5, 44, 12], [0, 13, 1, 7, 21, 40], [0, 42, 53, 66, 67, 36, 73, 49], [0, 74, 29, 17, 31, 60, 3, 77, 51], [0, 32, 4, 22, 45, 50, 76, 72, 70], [0, 39, 64, 33, 15, 55, 9, 54, 38, 58]]

res = 1812.146
res_int = 1807
solution = [[0, 20, 75, 57, 61, 16, 43, 68, 78, 30, 44], [0, 46, 25, 41, 47, 56, 69, 65, 35, 26, 19, 59, 27], [0, 54, 9, 55, 15, 33, 64, 31, 17, 29, 74], [0, 63, 62, 23, 5, 12], [0, 76, 72, 50, 45, 22, 4, 32, 58], [0, 24, 6, 8, 37, 2, 34, 11, 10], [0, 13, 3, 60, 39, 77, 51, 42], [0, 53, 70, 38, 66, 67, 36, 73, 49], [0, 1, 7, 21, 40], [0, 52, 28, 79, 18, 48, 14, 71]]

res = 1812.25
res_int = 1805
solution = [[0, 27, 20, 19, 26, 35, 65, 69, 56, 47, 41, 25, 46], [0, 54, 9, 55, 15, 33, 64, 31, 17, 29, 74], [0, 10, 63, 62, 23, 5, 44, 12], [0, 53, 39, 60, 3, 77, 51, 42], [0, 13, 1, 7, 21, 40], [0, 59, 75, 57, 61, 16, 43, 68, 78, 30], [0, 24, 6, 8, 37, 2, 34, 11], [0, 52, 28, 79, 18, 48, 14, 71], [0, 76, 72, 50, 45, 22, 4, 32, 58], [0, 49, 73, 38, 70, 66, 67, 36]]

res = 1813.929
res_int = 1808
solution = [[0, 30, 78, 68, 43, 16, 61, 57, 75, 59], [0, 46, 25, 41, 47, 56, 69, 65, 35, 26, 19, 20, 27], [0, 52, 28, 79, 18, 48, 14, 71], [0, 10, 63, 23, 5, 44, 12, 62], [0, 24, 6, 8, 37, 2, 34, 11], [0, 76, 72, 54, 9, 55, 15, 33, 64, 60, 39, 77], [0, 40, 21, 7, 1, 13], [0, 74, 29, 17, 31, 3, 51, 42], [0, 49, 73, 38, 66, 67, 36], [0, 58, 32, 4, 22, 45, 50, 70, 53]]

res = 1816.796
res_int = 1812
solution = [[0, 27, 59, 19, 26, 35, 65, 69, 56, 47, 41, 46, 25], [0, 52, 28, 79, 18, 48, 14, 71], [0, 20, 75, 57, 61, 16, 43, 68, 78, 30, 44], [0, 54, 9, 55, 15, 33, 64, 31, 17, 29, 74], [0, 63, 62, 23, 5, 12], [0, 24, 6, 8, 37, 2, 34, 11, 10], [0, 42, 51, 77, 39, 60, 3, 13], [0, 1, 7, 21, 40], [0, 32, 4, 22, 45, 50, 76, 72, 70], [0, 49, 38, 58, 66, 67, 53, 36, 73, 0]]

res = 1816.824
res_int = 1810
solution = [[0, 27, 59, 19, 26, 35, 65, 69, 56, 47, 41, 25, 46], [0, 58, 32, 4, 22, 45, 50, 76, 72], [0, 5, 78, 68, 43, 16, 61, 57, 75, 20], [0, 10, 63, 62, 23, 12, 44], [0, 60, 39, 64, 33, 15, 55, 9, 54, 70, 53], [0, 49, 73, 38, 66, 67, 36, 42], [0, 51, 77, 3, 74, 31, 17, 29, 13], [0, 30, 6, 24, 8, 37, 2, 34, 11], [0, 52, 28, 79, 18, 48, 14, 71], [0, 1, 7, 21, 40]]

Mean = 1808.9021230208339
Execution = 516.5785617828369

Time = 5.923102378845215
