Instance : A-n32-k05.xml
Time = 0.7093484401702881

res = 787.082
res_int = 785
solution = [[0, 6, 3, 2, 23, 4, 11, 28, 14], [0, 27, 24], [0, 18, 8, 9, 22, 15, 29, 10, 25, 5, 20], [0, 12, 1, 16, 30], [0, 21, 31, 19, 17, 13, 7, 26]]

res = 787.082
res_int = 785
solution = [[0, 6, 3, 2, 23, 4, 11, 28, 14], [0, 27, 24], [0, 18, 8, 9, 22, 15, 29, 10, 25, 5, 20], [0, 12, 1, 16, 30], [0, 21, 31, 19, 17, 13, 7, 26]]

res = 787.082
res_int = 785
solution = [[0, 6, 3, 2, 23, 4, 11, 28, 14], [0, 12, 1, 16, 30], [0, 20, 5, 25, 10, 29, 15, 22, 9, 8, 18], [0, 21, 31, 19, 17, 13, 7, 26], [0, 24, 27]]

res = 787.082
res_int = 785
solution = [[0, 27, 24], [0, 6, 3, 2, 23, 4, 11, 28, 14], [0, 18, 8, 9, 22, 15, 29, 10, 25, 5, 20], [0, 21, 31, 19, 17, 13, 7, 26], [0, 12, 1, 16, 30]]

res = 787.082
res_int = 785
solution = [[0, 27, 24], [0, 6, 3, 2, 23, 4, 11, 28, 14], [0, 18, 8, 9, 22, 15, 29, 10, 25, 5, 20], [0, 21, 31, 19, 17, 13, 7, 26], [0, 12, 1, 16, 30]]

res = 787.082
res_int = 785
solution = [[0, 12, 1, 16, 30], [0, 21, 31, 19, 17, 13, 7, 26], [0, 18, 8, 9, 22, 15, 29, 10, 25, 5, 20], [0, 24, 27], [0, 14, 28, 11, 4, 23, 2, 3, 6]]

res = 787.082
res_int = 785
solution = [[0, 12, 1, 16, 30], [0, 21, 31, 19, 17, 13, 7, 26], [0, 18, 8, 9, 22, 15, 29, 10, 25, 5, 20], [0, 27, 24], [0, 14, 28, 11, 4, 23, 2, 3, 6]]

res = 787.082
res_int = 785
solution = [[0, 18, 8, 9, 22, 15, 29, 10, 25, 5, 20], [0, 14, 28, 11, 4, 23, 2, 3, 6], [0, 24, 27], [0, 12, 1, 16, 30], [0, 21, 31, 19, 17, 13, 7, 26]]

res = 787.082
res_int = 785
solution = [[0, 18, 8, 9, 22, 15, 29, 10, 25, 5, 20], [0, 27, 24], [0, 14, 28, 11, 4, 23, 2, 3, 6], [0, 12, 1, 16, 30], [0, 21, 31, 19, 17, 13, 7, 26]]

res = 787.082
res_int = 785
solution = [[0, 21, 31, 19, 17, 13, 7, 26], [0, 12, 1, 16, 30], [0, 18, 8, 9, 22, 15, 29, 10, 25, 5, 20], [0, 24, 27], [0, 14, 28, 11, 4, 23, 2, 3, 6]]

Mean = 787.0818888551103
Execution = 621.6056816577911

Instance : A-n33-k05.xml
Time = 0.7107336521148682

res = 662.11
res_int = 661
solution = [[0, 2, 32, 13, 8, 7, 26, 5, 12], [0, 24, 6, 19, 14, 21, 1, 31, 11], [0, 29, 16, 3, 9, 17, 15], [0, 10, 30, 25, 27, 4, 20], [0, 22, 28, 18, 23]]

res = 662.11
res_int = 661
solution = [[0, 10, 30, 25, 27, 4, 20], [0, 11, 31, 1, 21, 14, 19, 6, 24], [0, 2, 32, 13, 8, 7, 26, 5, 12], [0, 29, 16, 3, 9, 17, 15], [0, 22, 28, 18, 23]]

res = 662.11
res_int = 661
solution = [[0, 10, 30, 25, 27, 4, 20], [0, 11, 31, 1, 21, 14, 19, 6, 24], [0, 12, 5, 26, 7, 8, 13, 32, 2], [0, 29, 16, 3, 9, 17, 15], [0, 22, 28, 18, 23]]

res = 662.11
res_int = 661
solution = [[0, 10, 30, 25, 27, 4, 20], [0, 12, 5, 26, 7, 8, 13, 32, 2], [0, 11, 31, 1, 21, 14, 19, 6, 24], [0, 15, 17, 9, 3, 16, 29], [0, 23, 18, 28, 22]]

res = 662.11
res_int = 661
solution = [[0, 10, 30, 25, 27, 4, 20], [0, 12, 5, 26, 7, 8, 13, 32, 2], [0, 11, 31, 1, 21, 14, 19, 6, 24], [0, 22, 28, 18, 23], [0, 29, 16, 3, 9, 17, 15]]

res = 662.11
res_int = 661
solution = [[0, 10, 30, 25, 27, 4, 20], [0, 12, 5, 26, 7, 8, 13, 32, 2], [0, 11, 31, 1, 21, 14, 19, 6, 24], [0, 29, 16, 3, 9, 17, 15], [0, 23, 18, 28, 22]]

res = 662.11
res_int = 661
solution = [[0, 10, 30, 25, 27, 4, 20], [0, 12, 5, 26, 7, 8, 13, 32, 2], [0, 24, 6, 19, 14, 21, 1, 31, 11], [0, 22, 28, 18, 23], [0, 29, 16, 3, 9, 17, 15]]

res = 662.11
res_int = 661
solution = [[0, 10, 30, 25, 27, 4, 20], [0, 12, 5, 26, 7, 8, 13, 32, 2], [0, 24, 6, 19, 14, 21, 1, 31, 11], [0, 22, 28, 18, 23], [0, 29, 16, 3, 9, 17, 15]]

res = 662.11
res_int = 661
solution = [[0, 10, 30, 25, 27, 4, 20], [0, 12, 5, 26, 7, 8, 13, 32, 2], [0, 24, 6, 19, 14, 21, 1, 31, 11], [0, 29, 16, 3, 9, 17, 15], [0, 23, 18, 28, 22]]

res = 662.11
res_int = 661
solution = [[0, 10, 30, 25, 27, 4, 20], [0, 12, 5, 26, 7, 8, 13, 32, 2], [0, 24, 6, 19, 14, 21, 1, 31, 11], [0, 29, 16, 3, 9, 17, 15], [0, 23, 18, 28, 22]]

Mean = 662.1100976492223
Execution = 747.4304909706116

Instance : A-n33-k06.xml
Time = 0.652118444442749

res = 742.693
res_int = 742
solution = [[0, 13, 6, 18, 1, 14], [0, 4, 8, 3, 9, 15, 20, 2, 5], [0, 7, 19, 29, 11, 17], [0, 22, 26, 24, 23, 31], [0, 32, 25, 16, 30, 27, 28], [0, 10, 12, 21]]

res = 742.693
res_int = 742
solution = [[0, 13, 6, 18, 1, 14], [0, 10, 12, 21], [0, 32, 25, 16, 30, 27, 28], [0, 4, 8, 3, 9, 15, 20, 2, 5], [0, 7, 19, 29, 11, 17], [0, 22, 26, 24, 23, 31]]

res = 742.693
res_int = 742
solution = [[0, 14, 1, 18, 6, 13], [0, 22, 26, 24, 23, 31], [0, 4, 8, 3, 9, 15, 20, 2, 5], [0, 7, 19, 29, 11, 17], [0, 21, 12, 10], [0, 32, 25, 16, 30, 27, 28]]

res = 742.693
res_int = 742
solution = [[0, 21, 12, 10], [0, 4, 8, 3, 9, 15, 20, 2, 5], [0, 7, 19, 29, 11, 17], [0, 13, 6, 18, 1, 14], [0, 22, 26, 24, 23, 31], [0, 28, 27, 30, 16, 25, 32]]

res = 742.693
res_int = 742
solution = [[0, 21, 12, 10], [0, 5, 2, 20, 15, 9, 3, 8, 4], [0, 7, 19, 29, 11, 17], [0, 13, 6, 18, 1, 14], [0, 32, 25, 16, 30, 27, 28], [0, 22, 26, 24, 23, 31]]

res = 742.693
res_int = 742
solution = [[0, 21, 12, 10], [0, 32, 25, 16, 30, 27, 28], [0, 4, 8, 3, 9, 15, 20, 2, 5], [0, 13, 6, 18, 1, 14], [0, 7, 19, 29, 11, 17], [0, 22, 26, 24, 23, 31]]

res = 742.693
res_int = 742
solution = [[0, 21, 12, 10], [0, 32, 25, 16, 30, 27, 28], [0, 4, 8, 3, 9, 15, 20, 2, 5], [0, 14, 1, 18, 6, 13], [0, 7, 19, 29, 11, 17], [0, 22, 26, 24, 23, 31]]

res = 742.693
res_int = 742
solution = [[0, 21, 12, 10], [0, 32, 25, 16, 30, 27, 28], [0, 14, 1, 18, 6, 13], [0, 4, 8, 3, 9, 15, 20, 2, 5], [0, 7, 19, 29, 11, 17], [0, 22, 26, 24, 23, 31]]

res = 742.693
res_int = 742
solution = [[0, 4, 8, 3, 9, 15, 20, 2, 5], [0, 13, 6, 18, 1, 14], [0, 21, 12, 10], [0, 32, 25, 16, 30, 27, 28], [0, 7, 19, 29, 11, 17], [0, 22, 26, 24, 23, 31]]

res = 742.693
res_int = 742
solution = [[0, 7, 19, 29, 11, 17], [0, 4, 8, 3, 9, 15, 20, 2, 5], [0, 14, 1, 18, 6, 13], [0, 22, 26, 24, 23, 31], [0, 21, 12, 10], [0, 32, 25, 16, 30, 27, 28]]

Mean = 742.6932623609393
Execution = 597.580563545227

Instance : A-n34-k05.xml
Time = 0.7133986949920654

res = 780.936
res_int = 779
solution = [[0, 4, 26, 5, 30, 24], [0, 2, 9, 12, 3, 22, 16, 33, 20], [0, 27, 1, 23, 11, 19, 17, 10], [0, 18, 21, 32, 28, 31, 25, 13], [0, 14, 29, 8, 15, 6, 7]]

res = 780.936
res_int = 779
solution = [[0, 4, 26, 5, 30, 24], [0, 2, 9, 12, 3, 22, 16, 33, 20], [0, 27, 1, 23, 11, 19, 17, 10], [0, 18, 21, 32, 28, 31, 25, 13], [0, 14, 29, 8, 15, 6, 7]]

res = 780.936
res_int = 779
solution = [[0, 4, 26, 5, 30, 24], [0, 2, 9, 12, 3, 22, 16, 33, 20], [0, 27, 1, 23, 11, 19, 17, 10], [0, 13, 25, 31, 28, 32, 21, 18], [0, 14, 29, 8, 15, 6, 7]]

res = 780.936
res_int = 779
solution = [[0, 4, 26, 5, 30, 24], [0, 27, 1, 23, 11, 19, 17, 10], [0, 2, 9, 12, 3, 22, 16, 33, 20], [0, 13, 25, 31, 28, 32, 21, 18], [0, 14, 29, 8, 15, 6, 7]]

res = 780.936
res_int = 779
solution = [[0, 24, 30, 5, 26, 4], [0, 2, 9, 12, 3, 22, 16, 33, 20], [0, 27, 1, 23, 11, 19, 17, 10], [0, 13, 25, 31, 28, 32, 21, 18], [0, 14, 29, 8, 15, 6, 7]]

res = 780.936
res_int = 779
solution = [[0, 2, 9, 12, 3, 22, 16, 33, 20], [0, 4, 26, 5, 30, 24], [0, 14, 29, 8, 15, 6, 7], [0, 27, 1, 23, 11, 19, 17, 10], [0, 13, 25, 31, 28, 32, 21, 18]]

res = 780.936
res_int = 779
solution = [[0, 2, 9, 12, 3, 22, 16, 33, 20], [0, 4, 26, 5, 30, 24], [0, 14, 29, 8, 15, 6, 7], [0, 27, 1, 23, 11, 19, 17, 10], [0, 13, 25, 31, 28, 32, 21, 18]]

res = 780.936
res_int = 779
solution = [[0, 2, 9, 12, 3, 22, 16, 33, 20], [0, 14, 29, 8, 15, 6, 7], [0, 4, 26, 5, 30, 24], [0, 27, 1, 23, 11, 19, 17, 10], [0, 13, 25, 31, 28, 32, 21, 18]]

res = 780.936
res_int = 779
solution = [[0, 2, 9, 12, 3, 22, 16, 33, 20], [0, 14, 29, 8, 15, 6, 7], [0, 24, 30, 5, 26, 4], [0, 27, 1, 23, 11, 19, 17, 10], [0, 13, 25, 31, 28, 32, 21, 18]]

res = 780.936
res_int = 779
solution = [[0, 2, 9, 12, 3, 22, 16, 33, 20], [0, 14, 29, 8, 15, 6, 7], [0, 24, 30, 5, 26, 4], [0, 27, 1, 23, 11, 19, 17, 10], [0, 13, 25, 31, 28, 32, 21, 18]]

Mean = 780.936075173825
Execution = 633.0032699108124

Instance : A-n36-k05.xml
Time = 0.9199402332305908

res = 802.132
res_int = 799
solution = [[0, 15, 8, 35, 2, 23, 34, 14, 28], [0, 1, 22, 32, 13, 17, 30, 29, 33, 18, 21], [0, 20, 5, 25, 27, 24, 11, 16], [0, 26, 7, 10], [0, 9, 6, 3, 4, 19, 31, 12]]

res = 802.132
res_int = 799
solution = [[0, 15, 8, 35, 2, 23, 34, 14, 28], [0, 1, 22, 32, 13, 17, 30, 29, 33, 18, 21], [0, 20, 5, 25, 27, 24, 11, 16], [0, 26, 7, 10], [0, 12, 31, 19, 4, 3, 6, 9]]

res = 802.132
res_int = 799
solution = [[0, 15, 8, 35, 2, 23, 34, 14, 28], [0, 21, 18, 33, 29, 30, 17, 13, 32, 22, 1], [0, 9, 6, 3, 4, 19, 31, 12], [0, 20, 5, 25, 27, 24, 11, 16], [0, 10, 7, 26]]

res = 802.132
res_int = 799
solution = [[0, 15, 8, 35, 2, 23, 34, 14, 28], [0, 21, 18, 33, 29, 30, 17, 13, 32, 22, 1], [0, 16, 11, 24, 27, 25, 5, 20], [0, 26, 7, 10], [0, 9, 6, 3, 4, 19, 31, 12]]

res = 802.132
res_int = 799
solution = [[0, 15, 8, 35, 2, 23, 34, 14, 28], [0, 21, 18, 33, 29, 30, 17, 13, 32, 22, 1], [0, 20, 5, 25, 27, 24, 11, 16], [0, 10, 7, 26], [0, 9, 6, 3, 4, 19, 31, 12]]

res = 802.132
res_int = 799
solution = [[0, 15, 8, 35, 2, 23, 34, 14, 28], [0, 21, 18, 33, 29, 30, 17, 13, 32, 22, 1], [0, 20, 5, 25, 27, 24, 11, 16], [0, 26, 7, 10], [0, 9, 6, 3, 4, 19, 31, 12]]

res = 802.132
res_int = 799
solution = [[0, 15, 8, 35, 2, 23, 34, 14, 28], [0, 21, 18, 33, 29, 30, 17, 13, 32, 22, 1], [0, 20, 5, 25, 27, 24, 11, 16], [0, 26, 7, 10], [0, 9, 6, 3, 4, 19, 31, 12]]

res = 802.132
res_int = 799
solution = [[0, 15, 8, 35, 2, 23, 34, 14, 28], [0, 21, 18, 33, 29, 30, 17, 13, 32, 22, 1], [0, 20, 5, 25, 27, 24, 11, 16], [0, 26, 7, 10], [0, 9, 6, 3, 4, 19, 31, 12]]

res = 802.132
res_int = 799
solution = [[0, 15, 8, 35, 2, 23, 34, 14, 28], [0, 21, 18, 33, 29, 30, 17, 13, 32, 22, 1], [0, 20, 5, 25, 27, 24, 11, 16], [0, 26, 7, 10], [0, 9, 6, 3, 4, 19, 31, 12]]

res = 802.132
res_int = 799
solution = [[0, 20, 5, 25, 27, 24, 11, 16], [0, 15, 8, 35, 2, 23, 34, 14, 28], [0, 1, 22, 32, 13, 17, 30, 29, 33, 18, 21], [0, 26, 7, 10], [0, 9, 6, 3, 4, 19, 31, 12]]

Mean = 802.1318035237846
Execution = 629.1331760883331

Instance : A-n37-k05.xml
Time = 0.9982614517211914

res = 672.465
res_int = 670
solution = [[0, 21, 16], [0, 30, 31, 28, 32, 29, 36, 34], [0, 17, 14, 23, 20, 19, 2, 12, 1], [0, 22, 13, 10, 6, 5, 33, 4, 7], [0, 3, 24, 9, 11, 27, 8, 25, 35, 18, 26, 15]]

res = 672.517
res_int = 671
solution = [[0, 16, 21], [0, 30, 31, 28, 32, 29, 36, 34, 15], [0, 26, 18, 35, 25, 8, 27, 11, 9, 24, 3], [0, 7, 4, 33, 5, 6, 10, 13, 22], [0, 17, 14, 23, 20, 19, 2, 12, 1]]

res = 672.517
res_int = 671
solution = [[0, 17, 14, 23, 20, 19, 2, 12, 1], [0, 26, 18, 35, 25, 8, 27, 11, 9, 24, 3], [0, 30, 31, 28, 32, 29, 36, 34, 15], [0, 16, 21], [0, 7, 4, 33, 5, 6, 10, 13, 22]]

res = 672.517
res_int = 671
solution = [[0, 17, 14, 23, 20, 19, 2, 12, 1], [0, 26, 18, 35, 25, 8, 27, 11, 9, 24, 3], [0, 30, 31, 28, 32, 29, 36, 34, 15], [0, 21, 16], [0, 22, 13, 10, 6, 5, 33, 4, 7]]

res = 672.517
res_int = 671
solution = [[0, 30, 31, 28, 32, 29, 36, 34, 15], [0, 17, 14, 23, 20, 19, 2, 12, 1], [0, 3, 24, 9, 11, 27, 8, 25, 35, 18, 26], [0, 22, 13, 10, 6, 5, 33, 4, 7], [0, 16, 21]]

res = 672.517
res_int = 671
solution = [[0, 30, 31, 28, 32, 29, 36, 34, 15], [0, 22, 13, 10, 6, 5, 33, 4, 7], [0, 16, 21], [0, 26, 18, 35, 25, 8, 27, 11, 9, 24, 3], [0, 1, 12, 2, 19, 20, 23, 14, 17]]

res = 672.517
res_int = 671
solution = [[0, 15, 34, 36, 29, 32, 28, 31, 30], [0, 21, 16], [0, 7, 4, 33, 5, 6, 10, 13, 22], [0, 26, 18, 35, 25, 8, 27, 11, 9, 24, 3], [0, 1, 12, 2, 19, 20, 23, 14, 17]]

res = 672.517
res_int = 671
solution = [[0, 21, 16], [0, 30, 31, 28, 32, 29, 36, 34, 15], [0, 22, 13, 10, 6, 5, 33, 4, 7], [0, 3, 24, 9, 11, 27, 8, 25, 35, 18, 26], [0, 1, 12, 2, 19, 20, 23, 14, 17]]

res = 672.517
res_int = 671
solution = [[0, 30, 31, 28, 32, 29, 36, 34, 15], [0, 7, 4, 33, 5, 6, 10, 13, 22], [0, 21, 16], [0, 3, 24, 9, 11, 27, 8, 25, 35, 18, 26], [0, 17, 14, 23, 20, 19, 2, 12, 1]]

res = 672.517
res_int = 671
solution = [[0, 30, 31, 28, 32, 29, 36, 34, 15], [0, 22, 13, 10, 6, 5, 33, 4, 7], [0, 21, 16], [0, 3, 24, 9, 11, 27, 8, 25, 35, 18, 26], [0, 1, 12, 2, 19, 20, 23, 14, 17]]

Mean = 672.5122244838509
Execution = 679.4937689304352

Instance : A-n37-k06.xml
Time = 0.844127893447876

res = 950.852
res_int = 949
solution = [[0, 7, 25, 35, 16], [0, 10, 11, 12, 22, 23, 28, 2, 33], [0, 24, 29, 36, 6, 14], [0, 27, 32, 15, 30, 13], [0, 18, 17, 34, 1, 3, 5, 8, 20], [0, 31, 19, 9, 21, 26, 4]]

res = 950.852
res_int = 949
solution = [[0, 10, 11, 12, 22, 23, 28, 2, 33], [0, 24, 29, 36, 6, 14], [0, 27, 32, 15, 30, 13], [0, 31, 19, 9, 21, 26, 4], [0, 20, 8, 5, 3, 1, 34, 17, 18], [0, 16, 35, 25, 7]]

res = 950.852
res_int = 949
solution = [[0, 10, 11, 12, 22, 23, 28, 2, 33], [0, 24, 29, 36, 6, 14], [0, 27, 32, 15, 30, 13], [0, 31, 19, 9, 21, 26, 4], [0, 20, 8, 5, 3, 1, 34, 17, 18], [0, 16, 35, 25, 7]]

res = 950.852
res_int = 949
solution = [[0, 13, 30, 15, 32, 27], [0, 33, 2, 28, 23, 22, 12, 11, 10], [0, 20, 8, 5, 3, 1, 34, 17, 18], [0, 16, 35, 25, 7], [0, 4, 26, 21, 9, 19, 31], [0, 14, 6, 36, 29, 24]]

res = 950.852
res_int = 949
solution = [[0, 10, 11, 12, 22, 23, 28, 2, 33], [0, 27, 32, 15, 30, 13], [0, 16, 35, 25, 7], [0, 31, 19, 9, 21, 26, 4], [0, 20, 8, 5, 3, 1, 34, 17, 18], [0, 14, 6, 36, 29, 24]]

res = 950.852
res_int = 949
solution = [[0, 13, 30, 15, 32, 27], [0, 7, 25, 35, 16], [0, 33, 2, 28, 23, 22, 12, 11, 10], [0, 14, 6, 36, 29, 24], [0, 4, 26, 21, 9, 19, 31], [0, 20, 8, 5, 3, 1, 34, 17, 18]]

res = 950.852
res_int = 949
solution = [[0, 14, 6, 36, 29, 24], [0, 16, 35, 25, 7], [0, 27, 32, 15, 30, 13], [0, 10, 11, 12, 22, 23, 28, 2, 33], [0, 20, 8, 5, 3, 1, 34, 17, 18], [0, 31, 19, 9, 21, 26, 4]]

res = 950.852
res_int = 949
solution = [[0, 16, 35, 25, 7], [0, 27, 32, 15, 30, 13], [0, 14, 6, 36, 29, 24], [0, 10, 11, 12, 22, 23, 28, 2, 33], [0, 20, 8, 5, 3, 1, 34, 17, 18], [0, 31, 19, 9, 21, 26, 4]]

res = 950.852
res_int = 949
solution = [[0, 24, 29, 36, 6, 14], [0, 27, 32, 15, 30, 13], [0, 7, 25, 35, 16], [0, 10, 11, 12, 22, 23, 28, 2, 33], [0, 20, 8, 5, 3, 1, 34, 17, 18], [0, 31, 19, 9, 21, 26, 4]]

res = 950.852
res_int = 949
solution = [[0, 27, 32, 15, 30, 13], [0, 7, 25, 35, 16], [0, 10, 11, 12, 22, 23, 28, 2, 33], [0, 14, 6, 36, 29, 24], [0, 20, 8, 5, 3, 1, 34, 17, 18], [0, 31, 19, 9, 21, 26, 4]]

Mean = 950.8522616698117
Execution = 411.38279938697815

Instance : A-n38-k05.xml
Time = 0.8986837863922119

res = 733.946
res_int = 730
solution = [[0, 8, 33, 35, 23, 30, 10, 21], [0, 7, 5, 11, 27, 22, 32], [0, 9, 17, 36, 13, 15, 2, 14, 24], [0, 26, 12, 3, 1, 4, 16, 25, 6, 18], [0, 20, 37, 31, 28, 34, 29, 19]]

res = 733.946
res_int = 730
solution = [[0, 8, 33, 35, 23, 30, 10, 21], [0, 19, 29, 34, 28, 31, 37, 20], [0, 24, 14, 2, 15, 13, 36, 17, 9], [0, 32, 22, 27, 11, 5, 7], [0, 26, 12, 3, 1, 4, 16, 25, 6, 18]]

res = 733.946
res_int = 730
solution = [[0, 8, 33, 35, 23, 30, 10, 21], [0, 24, 14, 2, 15, 13, 36, 17, 9], [0, 7, 5, 11, 27, 22, 32], [0, 26, 12, 3, 1, 4, 16, 25, 6, 18], [0, 20, 37, 31, 28, 34, 29, 19]]

res = 733.946
res_int = 730
solution = [[0, 8, 33, 35, 23, 30, 10, 21], [0, 24, 14, 2, 15, 13, 36, 17, 9], [0, 7, 5, 11, 27, 22, 32], [0, 26, 12, 3, 1, 4, 16, 25, 6, 18], [0, 20, 37, 31, 28, 34, 29, 19]]

res = 733.946
res_int = 730
solution = [[0, 21, 10, 30, 23, 35, 33, 8], [0, 26, 12, 3, 1, 4, 16, 25, 6, 18], [0, 7, 5, 11, 27, 22, 32], [0, 9, 17, 36, 13, 15, 2, 14, 24], [0, 19, 29, 34, 28, 31, 37, 20]]

res = 733.946
res_int = 730
solution = [[0, 21, 10, 30, 23, 35, 33, 8], [0, 26, 12, 3, 1, 4, 16, 25, 6, 18], [0, 7, 5, 11, 27, 22, 32], [0, 9, 17, 36, 13, 15, 2, 14, 24], [0, 19, 29, 34, 28, 31, 37, 20]]

res = 733.946
res_int = 730
solution = [[0, 8, 33, 35, 23, 30, 10, 21], [0, 26, 12, 3, 1, 4, 16, 25, 6, 18], [0, 19, 29, 34, 28, 31, 37, 20], [0, 7, 5, 11, 27, 22, 32], [0, 24, 14, 2, 15, 13, 36, 17, 9]]

res = 733.946
res_int = 730
solution = [[0, 8, 33, 35, 23, 30, 10, 21], [0, 26, 12, 3, 1, 4, 16, 25, 6, 18], [0, 19, 29, 34, 28, 31, 37, 20], [0, 7, 5, 11, 27, 22, 32], [0, 24, 14, 2, 15, 13, 36, 17, 9]]

res = 733.946
res_int = 730
solution = [[0, 26, 12, 3, 1, 4, 16, 25, 6, 18], [0, 32, 22, 27, 11, 5, 7], [0, 8, 33, 35, 23, 30, 10, 21], [0, 19, 29, 34, 28, 31, 37, 20], [0, 24, 14, 2, 15, 13, 36, 17, 9]]

res = 733.946
res_int = 730
solution = [[0, 20, 37, 31, 28, 34, 29, 19], [0, 8, 33, 35, 23, 30, 10, 21], [0, 26, 12, 3, 1, 4, 16, 25, 6, 18], [0, 7, 5, 11, 27, 22, 32], [0, 9, 17, 36, 13, 15, 2, 14, 24]]

Mean = 733.9458145626561
Execution = 270.73558473587036

Instance : A-n39-k05.xml
Time = 1.0183110237121582

res = 828.989
res_int = 822
solution = [[0, 14, 19, 25, 33, 12, 18, 4], [0, 9, 38, 15, 5, 29, 20, 23, 1, 31], [0, 6, 36, 27, 28, 13, 30, 21], [0, 17, 24, 35, 37, 34, 26, 11, 8], [0, 10, 32, 16, 7, 3, 22, 2]]

res = 828.989
res_int = 822
solution = [[0, 14, 19, 25, 33, 12, 18, 4], [0, 9, 38, 15, 5, 29, 20, 23, 1, 31], [0, 6, 36, 27, 28, 13, 30, 21], [0, 17, 24, 35, 37, 34, 26, 11, 8], [0, 10, 32, 16, 7, 3, 22, 2]]

res = 828.989
res_int = 822
solution = [[0, 14, 19, 25, 33, 12, 18, 4], [0, 31, 1, 23, 20, 29, 5, 15, 38, 9], [0, 6, 36, 27, 28, 13, 30, 21], [0, 17, 24, 35, 37, 34, 26, 11, 8], [0, 2, 22, 3, 7, 16, 32, 10]]

res = 828.989
res_int = 822
solution = [[0, 14, 19, 25, 33, 12, 18, 4], [0, 31, 1, 23, 20, 29, 5, 15, 38, 9], [0, 6, 36, 27, 28, 13, 30, 21], [0, 17, 24, 35, 37, 34, 26, 11, 8], [0, 10, 32, 16, 7, 3, 22, 2]]

res = 828.989
res_int = 822
solution = [[0, 14, 19, 25, 33, 12, 18, 4], [0, 31, 1, 23, 20, 29, 5, 15, 38, 9], [0, 6, 36, 27, 28, 13, 30, 21], [0, 17, 24, 35, 37, 34, 26, 11, 8], [0, 10, 32, 16, 7, 3, 22, 2]]

res = 828.989
res_int = 822
solution = [[0, 9, 38, 15, 5, 29, 20, 23, 1, 31], [0, 6, 36, 27, 28, 13, 30, 21], [0, 14, 19, 25, 33, 12, 18, 4], [0, 17, 24, 35, 37, 34, 26, 11, 8], [0, 10, 32, 16, 7, 3, 22, 2]]

res = 828.989
res_int = 822
solution = [[0, 9, 38, 15, 5, 29, 20, 23, 1, 31], [0, 14, 19, 25, 33, 12, 18, 4], [0, 6, 36, 27, 28, 13, 30, 21], [0, 17, 24, 35, 37, 34, 26, 11, 8], [0, 10, 32, 16, 7, 3, 22, 2]]

res = 828.989
res_int = 822
solution = [[0, 14, 19, 25, 33, 12, 18, 4], [0, 31, 1, 23, 20, 29, 5, 15, 38, 9], [0, 6, 36, 27, 28, 13, 30, 21], [0, 2, 22, 3, 7, 16, 32, 10], [0, 17, 24, 35, 37, 34, 26, 11, 8]]

res = 828.989
res_int = 822
solution = [[0, 31, 1, 23, 20, 29, 5, 15, 38, 9], [0, 4, 18, 12, 33, 25, 19, 14], [0, 6, 36, 27, 28, 13, 30, 21], [0, 17, 24, 35, 37, 34, 26, 11, 8], [0, 2, 22, 3, 7, 16, 32, 10]]

res = 828.989
res_int = 822
solution = [[0, 31, 1, 23, 20, 29, 5, 15, 38, 9], [0, 4, 18, 12, 33, 25, 19, 14], [0, 6, 36, 27, 28, 13, 30, 21], [0, 17, 24, 35, 37, 34, 26, 11, 8], [0, 2, 22, 3, 7, 16, 32, 10]]

Mean = 828.9891154240538
Execution = 378.7999105453491

Instance : A-n39-k06.xml
Time = 0.995023250579834

res = 835.252
res_int = 835
solution = [[0, 14, 25, 35, 31, 37, 38, 12, 3], [0, 26, 5, 9, 28, 29, 24], [0, 18, 22, 34, 16, 10, 27, 32, 20], [0, 6, 1, 21, 23, 17, 36, 11], [0, 30, 7, 8, 4, 19, 33, 2], [0, 15, 13]]

res = 835.252
res_int = 835
solution = [[0, 13, 15], [0, 18, 22, 34, 16, 10, 27, 32, 20], [0, 6, 1, 21, 23, 17, 36, 11], [0, 2, 33, 19, 4, 8, 7, 30], [0, 26, 5, 9, 28, 29, 24], [0, 14, 25, 35, 31, 37, 38, 12, 3]]

res = 835.252
res_int = 835
solution = [[0, 20, 32, 27, 10, 16, 34, 22, 18], [0, 14, 25, 35, 31, 37, 38, 12, 3], [0, 6, 1, 21, 23, 17, 36, 11], [0, 30, 7, 8, 4, 19, 33, 2], [0, 26, 5, 9, 28, 29, 24], [0, 15, 13]]

res = 835.443
res_int = 834
solution = [[0, 15, 13], [0, 24, 29, 28, 9, 5, 26], [0, 32, 27, 10, 16, 34, 22, 18, 21], [0, 6, 1, 23, 17, 36, 11], [0, 20, 7, 8, 4, 19, 33, 2, 30], [0, 14, 25, 35, 31, 37, 38, 12, 3]]

res = 835.443
res_int = 834
solution = [[0, 13, 15], [0, 20, 7, 8, 4, 19, 33, 2, 30], [0, 32, 27, 10, 16, 34, 22, 18, 21], [0, 14, 25, 35, 31, 37, 38, 12, 3], [0, 6, 1, 23, 17, 36, 11], [0, 26, 5, 9, 28, 29, 24]]

res = 835.443
res_int = 834
solution = [[0, 15, 13], [0, 14, 25, 35, 31, 37, 38, 12, 3], [0, 32, 27, 10, 16, 34, 22, 18, 21], [0, 20, 7, 8, 4, 19, 33, 2, 30], [0, 26, 5, 9, 28, 29, 24], [0, 11, 36, 17, 23, 1, 6]]

res = 835.443
res_int = 834
solution = [[0, 26, 5, 9, 28, 29, 24], [0, 14, 25, 35, 31, 37, 38, 12, 3], [0, 20, 7, 8, 4, 19, 33, 2, 30], [0, 15, 13], [0, 21, 18, 22, 34, 16, 10, 27, 32], [0, 6, 1, 23, 17, 36, 11]]

res = 835.443
res_int = 834
solution = [[0, 26, 5, 9, 28, 29, 24], [0, 21, 18, 22, 34, 16, 10, 27, 32], [0, 14, 25, 35, 31, 37, 38, 12, 3], [0, 30, 2, 33, 19, 4, 8, 7, 20], [0, 6, 1, 23, 17, 36, 11], [0, 15, 13]]

res = 835.474
res_int = 833
solution = [[0, 15, 13], [0, 3, 12, 38, 37, 31, 35, 25, 14], [0, 24, 29, 28, 9, 5, 26], [0, 20, 7, 8, 4, 19, 33, 2, 30], [0, 32, 10, 16, 27, 34, 22, 18, 21], [0, 6, 1, 23, 17, 36, 11]]

res = 835.474
res_int = 833
solution = [[0, 15, 13], [0, 20, 7, 8, 4, 19, 33, 2, 30], [0, 32, 10, 16, 27, 34, 22, 18, 21], [0, 14, 25, 35, 31, 37, 38, 12, 3], [0, 24, 29, 28, 9, 5, 26], [0, 6, 1, 23, 17, 36, 11]]

Mean = 835.3915334472829
Execution = 388.08424401283264

Instance : A-n44-k06.xml
Time = 1.255600929260254

res = 938.181
res_int = 937
solution = [[0, 29, 43, 40, 23, 30, 17], [0, 2, 41, 14, 13, 38, 9, 36, 22], [0, 6, 25, 3, 12, 39, 34, 4], [0, 26, 10, 11, 16, 20, 18, 35, 1], [0, 7, 28, 27, 15, 8, 31], [0, 33, 37, 42, 32, 21, 5, 24, 19]]

res = 938.181
res_int = 937
solution = [[0, 29, 43, 40, 23, 30, 17], [0, 26, 10, 11, 16, 20, 18, 35, 1], [0, 6, 25, 3, 12, 39, 34, 4], [0, 22, 36, 9, 38, 13, 14, 41, 2], [0, 7, 28, 27, 15, 8, 31], [0, 33, 37, 42, 32, 21, 5, 24, 19]]

res = 938.181
res_int = 937
solution = [[0, 1, 35, 18, 20, 16, 11, 10, 26], [0, 22, 36, 9, 38, 13, 14, 41, 2], [0, 29, 43, 40, 23, 30, 17], [0, 4, 34, 39, 12, 3, 25, 6], [0, 33, 37, 42, 32, 21, 5, 24, 19], [0, 7, 28, 27, 15, 8, 31]]

res = 938.181
res_int = 937
solution = [[0, 6, 25, 3, 12, 39, 34, 4], [0, 17, 30, 23, 40, 43, 29], [0, 22, 36, 9, 38, 13, 14, 41, 2], [0, 7, 28, 27, 15, 8, 31], [0, 33, 37, 42, 32, 21, 5, 24, 19], [0, 26, 10, 11, 16, 20, 18, 35, 1]]

res = 938.181
res_int = 937
solution = [[0, 6, 25, 3, 12, 39, 34, 4], [0, 22, 36, 9, 38, 13, 14, 41, 2], [0, 26, 10, 11, 16, 20, 18, 35, 1], [0, 17, 30, 23, 40, 43, 29], [0, 7, 28, 27, 15, 8, 31], [0, 33, 37, 42, 32, 21, 5, 24, 19]]

res = 938.181
res_int = 937
solution = [[0, 22, 36, 9, 38, 13, 14, 41, 2], [0, 6, 25, 3, 12, 39, 34, 4], [0, 29, 43, 40, 23, 30, 17], [0, 26, 10, 11, 16, 20, 18, 35, 1], [0, 33, 37, 42, 32, 21, 5, 24, 19], [0, 7, 28, 27, 15, 8, 31]]

res = 938.181
res_int = 937
solution = [[0, 22, 36, 9, 38, 13, 14, 41, 2], [0, 6, 25, 3, 12, 39, 34, 4], [0, 29, 43, 40, 23, 30, 17], [0, 26, 10, 11, 16, 20, 18, 35, 1], [0, 33, 37, 42, 32, 21, 5, 24, 19], [0, 7, 28, 27, 15, 8, 31]]

res = 938.181
res_int = 937
solution = [[0, 22, 36, 9, 38, 13, 14, 41, 2], [0, 29, 43, 40, 23, 30, 17], [0, 6, 25, 3, 12, 39, 34, 4], [0, 7, 28, 27, 15, 8, 31], [0, 33, 37, 42, 32, 21, 5, 24, 19], [0, 26, 10, 11, 16, 20, 18, 35, 1]]

res = 938.181
res_int = 937
solution = [[0, 22, 36, 9, 38, 13, 14, 41, 2], [0, 29, 43, 40, 23, 30, 17], [0, 6, 25, 3, 12, 39, 34, 4], [0, 26, 10, 11, 16, 20, 18, 35, 1], [0, 7, 28, 27, 15, 8, 31], [0, 33, 37, 42, 32, 21, 5, 24, 19]]

res = 938.181
res_int = 937
solution = [[0, 22, 36, 9, 38, 13, 14, 41, 2], [0, 29, 43, 40, 23, 30, 17], [0, 6, 25, 3, 12, 39, 34, 4], [0, 26, 10, 11, 16, 20, 18, 35, 1], [0, 33, 37, 42, 32, 21, 5, 24, 19], [0, 7, 28, 27, 15, 8, 31]]

Mean = 938.1812806893467
Execution = 369.61307668685913


Instance : A-n45-k06.xml
Time = 2.6275415420532227

res = 961.779
res_int = 959
solution = [[0, 11, 40, 30, 19, 34, 37, 24], [0, 27, 18, 17, 43, 29, 26], [0, 14, 31, 35, 1, 44, 6], [0, 15, 22, 13, 7, 28], [0, 2, 25, 12, 39, 36, 42, 4, 16, 9, 23], [0, 3, 10, 8, 41, 33, 21, 5, 20, 32], [0, 38]]

res = 961.779
res_int = 959
solution = [[0, 11, 40, 30, 19, 34, 37, 24], [0, 27, 18, 17, 43, 29, 26], [0, 14, 31, 35, 1, 44, 6], [0, 15, 22, 13, 7, 28], [0, 2, 25, 12, 39, 36, 42, 4, 16, 9, 23], [0, 3, 10, 8, 41, 33, 21, 5, 20, 32], [0, 38]]

res = 961.779
res_int = 959
solution = [[0, 11, 40, 30, 19, 34, 37, 24], [0, 27, 18, 17, 43, 29, 26], [0, 14, 31, 35, 1, 44, 6], [0, 15, 22, 13, 7, 28], [0, 2, 25, 12, 39, 36, 42, 4, 16, 9, 23], [0, 3, 10, 8, 41, 33, 21, 5, 20, 32], [0, 38]]

res = 961.779
res_int = 959
solution = [[0, 11, 40, 30, 19, 34, 37, 24], [0, 27, 18, 17, 43, 29, 26], [0, 14, 31, 35, 1, 44, 6], [0, 38], [0, 23, 9, 16, 4, 42, 36, 39, 12, 25, 2], [0, 3, 10, 8, 41, 33, 21, 5, 20, 32], [0, 15, 22, 13, 7, 28]]

res = 961.779
res_int = 959
solution = [[0, 11, 40, 30, 19, 34, 37, 24], [0, 2, 25, 12, 39, 36, 42, 4, 16, 9, 23], [0, 27, 18, 17, 43, 29, 26], [0, 28, 7, 13, 22, 15], [0, 3, 10, 8, 41, 33, 21, 5, 20, 32], [0, 38], [0, 14, 31, 35, 1, 44, 6]]

res = 961.779
res_int = 959
solution = [[0, 11, 40, 30, 19, 34, 37, 24], [0, 26, 29, 43, 17, 18, 27], [0, 3, 10, 8, 41, 33, 21, 5, 20, 32], [0, 38], [0, 14, 31, 35, 1, 44, 6], [0, 2, 25, 12, 39, 36, 42, 4, 16, 9, 23], [0, 28, 7, 13, 22, 15]]

res = 961.779
res_int = 959
solution = [[0, 11, 40, 30, 19, 34, 37, 24], [0, 27, 18, 17, 43, 29, 26], [0, 14, 31, 35, 1, 44, 6], [0, 38], [0, 3, 10, 8, 41, 33, 21, 5, 20, 32], [0, 2, 25, 12, 39, 36, 42, 4, 16, 9, 23], [0, 28, 7, 13, 22, 15]]

res = 961.779
res_int = 959
solution = [[0, 11, 40, 30, 19, 34, 37, 24], [0, 27, 18, 17, 43, 29, 26], [0, 32, 20, 5, 21, 33, 41, 8, 10, 3], [0, 38], [0, 14, 31, 35, 1, 44, 6], [0, 2, 25, 12, 39, 36, 42, 4, 16, 9, 23], [0, 28, 7, 13, 22, 15]]

res = 961.779
res_int = 959
solution = [[0, 11, 40, 30, 19, 34, 37, 24], [0, 27, 18, 17, 43, 29, 26], [0, 38], [0, 14, 31, 35, 1, 44, 6], [0, 3, 10, 8, 41, 33, 21, 5, 20, 32], [0, 2, 25, 12, 39, 36, 42, 4, 16, 9, 23], [0, 28, 7, 13, 22, 15]]

res = 961.779
res_int = 959
solution = [[0, 11, 40, 30, 19, 34, 37, 24], [0, 27, 18, 17, 43, 29, 26], [0, 38], [0, 14, 31, 35, 1, 44, 6], [0, 3, 10, 8, 41, 33, 21, 5, 20, 32], [0, 2, 25, 12, 39, 36, 42, 4, 16, 9, 23], [0, 28, 7, 13, 22, 15]]

Mean = 961.779376143602
Execution = 448.455739736557

Instance : A-n45-k07.xml
Time = 2.5746850967407227
Instance : A-n45-k06.xml
Time = 2.6558187007904053

res = 955.997
res_int = 953
solution = [[0, 11, 40, 30, 19, 34, 37, 24], [0, 14, 31, 35, 1, 44, 6], [0, 23], [0, 12, 39, 36, 42, 4, 16, 22, 9], [0, 27, 18, 17, 43, 29, 26], [0, 28, 7, 13, 15, 25, 2, 38], [0, 3, 10, 8, 41, 33, 21, 5, 20, 32]]

res = 955.997
res_int = 953
solution = [[0, 11, 40, 30, 19, 34, 37, 24], [0, 27, 18, 17, 43, 29, 26], [0, 14, 31, 35, 1, 44, 6], [0, 3, 10, 8, 41, 33, 21, 5, 20, 32], [0, 23], [0, 38, 2, 25, 15, 13, 7, 28], [0, 12, 39, 36, 42, 4, 16, 22, 9]]

res = 955.997
res_int = 953
solution = [[0, 11, 40, 30, 19, 34, 37, 24], [0, 14, 31, 35, 1, 44, 6], [0, 38, 2, 25, 15, 13, 7, 28], [0, 23], [0, 9, 22, 16, 4, 42, 36, 39, 12], [0, 3, 10, 8, 41, 33, 21, 5, 20, 32], [0, 27, 18, 17, 43, 29, 26]]

res = 955.997
res_int = 953
solution = [[0, 27, 18, 17, 43, 29, 26], [0, 14, 31, 35, 1, 44, 6], [0, 38, 2, 25, 15, 13, 7, 28], [0, 11, 40, 30, 19, 34, 37, 24], [0, 9, 22, 16, 4, 42, 36, 39, 12], [0, 23], [0, 3, 10, 8, 41, 33, 21, 5, 20, 32]]

res = 955.997
res_int = 953
solution = [[0, 27, 18, 17, 43, 29, 26], [0, 14, 31, 35, 1, 44, 6], [0, 38, 2, 25, 15, 13, 7, 28], [0, 23], [0, 3, 10, 8, 41, 33, 21, 5, 20, 32], [0, 11, 40, 30, 19, 34, 37, 24], [0, 9, 22, 16, 4, 42, 36, 39, 12]]

res = 955.997
res_int = 953
solution = [[0, 27, 18, 17, 43, 29, 26], [0, 38, 2, 25, 15, 13, 7, 28], [0, 12, 39, 36, 42, 4, 16, 22, 9], [0, 23], [0, 11, 40, 30, 19, 34, 37, 24], [0, 3, 10, 8, 41, 33, 21, 5, 20, 32], [0, 14, 31, 35, 1, 44, 6]]

res = 955.997
res_int = 953
solution = [[0, 24, 37, 34, 19, 30, 40, 11], [0, 3, 10, 8, 41, 33, 21, 5, 20, 32], [0, 26, 29, 43, 17, 18, 27], [0, 14, 31, 35, 1, 44, 6], [0, 38, 2, 25, 15, 13, 7, 28], [0, 12, 39, 36, 42, 4, 16, 22, 9], [0, 23]]

res = 958.523
res_int = 955
solution = [[0, 27, 18, 17, 43, 29, 26], [0, 14, 31, 35, 1, 44, 6], [0, 38, 2, 25, 15, 13, 7, 28], [0, 12, 39, 36, 42, 4, 16, 22], [0, 23], [0, 11, 40, 30, 19, 34, 37, 24], [0, 32, 20, 5, 21, 33, 41, 8, 10, 3, 9]]

res = 959.77
res_int = 956
solution = [[0, 11, 40, 30, 19, 34, 37, 24], [0, 27, 18, 17, 43, 29, 26], [0, 3, 10, 8, 41, 33, 21, 5, 20, 32], [0, 6, 44, 1, 14, 35, 31], [0, 28, 7, 13, 15, 25, 2, 38], [0, 23], [0, 12, 39, 36, 42, 4, 16, 22, 9]]

res = 961.779
res_int = 959
solution = [[0, 11, 40, 30, 19, 34, 37, 24], [0, 27, 18, 17, 43, 29, 26], [0, 14, 31, 35, 1, 44, 6], [0, 15, 22, 13, 7, 28], [0, 2, 25, 12, 39, 36, 42, 4, 16, 9, 23], [0, 38], [0, 3, 10, 8, 41, 33, 21, 5, 20, 32]]

Mean = 957.2051803698503
Execution = 448.77448749542236

Instance : A-n45-k07.xml
Time = 2.512051820755005

res = 1156.009
res_int = 1154
solution = [[0, 31, 19, 36, 29, 41, 27], [0, 22, 5, 30, 37, 1, 42], [0, 9, 14, 33, 44, 24, 21], [0, 4, 11, 43, 3, 28, 6, 2], [0, 8, 10, 15, 25, 23, 17, 38, 13], [0, 40, 20, 16, 7, 18, 32], [0, 12, 26, 34, 35, 39]]

res = 1156.009
res_int = 1154
solution = [[0, 8, 10, 15, 25, 23, 17, 38, 13], [0, 22, 5, 30, 37, 1, 42], [0, 27, 41, 29, 36, 19, 31], [0, 9, 14, 33, 44, 24, 21], [0, 40, 20, 16, 7, 18, 32], [0, 4, 11, 43, 3, 28, 6, 2], [0, 35, 39, 34, 26, 12]]

res = 1156.009
res_int = 1154
solution = [[0, 31, 19, 36, 29, 41, 27], [0, 8, 10, 15, 25, 23, 17, 38, 13], [0, 21, 24, 44, 33, 14, 9], [0, 22, 5, 30, 37, 1, 42], [0, 40, 20, 16, 7, 18, 32], [0, 4, 11, 43, 3, 28, 6, 2], [0, 35, 39, 34, 26, 12]]

res = 1156.009
res_int = 1154
solution = [[0, 31, 19, 36, 29, 41, 27], [0, 22, 5, 30, 37, 1, 42], [0, 8, 10, 15, 25, 23, 17, 38, 13], [0, 40, 20, 16, 7, 18, 32], [0, 21, 24, 44, 33, 14, 9], [0, 4, 11, 43, 3, 28, 6, 2], [0, 39, 35, 34, 26, 12]]

res = 1156.009
res_int = 1154
solution = [[0, 31, 19, 36, 29, 41, 27], [0, 22, 5, 30, 37, 1, 42], [0, 9, 14, 33, 44, 24, 21], [0, 4, 11, 43, 3, 28, 6, 2], [0, 8, 10, 15, 25, 23, 17, 38, 13], [0, 12, 26, 34, 35, 39], [0, 40, 20, 16, 7, 18, 32]]

res = 1156.009
res_int = 1154
solution = [[0, 31, 19, 36, 29, 41, 27], [0, 22, 5, 30, 37, 1, 42], [0, 21, 24, 44, 33, 14, 9], [0, 40, 20, 16, 7, 18, 32], [0, 8, 10, 15, 25, 23, 17, 38, 13], [0, 4, 11, 43, 3, 28, 6, 2], [0, 35, 39, 34, 26, 12]]

res = 1156.009
res_int = 1154
solution = [[0, 31, 19, 36, 29, 41, 27], [0, 42, 1, 37, 30, 5, 22], [0, 9, 14, 33, 44, 24, 21], [0, 8, 10, 15, 25, 23, 17, 38, 13], [0, 40, 20, 16, 7, 18, 32], [0, 4, 11, 43, 3, 28, 6, 2], [0, 35, 39, 34, 26, 12]]

res = 1156.009
res_int = 1154
solution = [[0, 31, 19, 36, 29, 41, 27], [0, 42, 1, 37, 30, 5, 22], [0, 9, 14, 33, 44, 24, 21], [0, 8, 10, 15, 25, 23, 17, 38, 13], [0, 40, 20, 16, 7, 18, 32], [0, 4, 11, 43, 3, 28, 6, 2], [0, 35, 39, 34, 26, 12]]

res = 1156.009
res_int = 1154
solution = [[0, 21, 24, 44, 33, 14, 9], [0, 35, 39, 34, 26, 12], [0, 31, 19, 36, 29, 41, 27], [0, 22, 5, 30, 37, 1, 42], [0, 2, 6, 28, 3, 43, 11, 4], [0, 8, 10, 15, 25, 23, 17, 38, 13], [0, 40, 20, 16, 7, 18, 32]]

res = 1156.009
res_int = 1154
solution = [[0, 21, 24, 44, 33, 14, 9], [0, 31, 36, 19, 29, 41, 27], [0, 8, 10, 15, 25, 23, 17, 38, 13], [0, 22, 5, 30, 37, 1, 42], [0, 40, 20, 16, 7, 18, 32], [0, 4, 11, 43, 3, 28, 6, 2], [0, 35, 39, 34, 26, 12]]

Mean = 1156.009230946958
Execution = 479.83226585388184

Instance : A-n46-k07.xml
Time = 2.6411027908325195

res = 917.724
res_int = 914
solution = [[0, 8, 33, 42, 16, 24, 15, 19], [0, 44, 25, 18, 35, 12, 11], [0, 5, 32, 3, 22, 10, 7, 39, 36], [0, 9, 17, 45, 6, 43, 26, 14], [0, 13, 30, 2, 37, 4, 38], [0, 21, 29, 31, 34, 40, 1, 27, 20, 41, 28], [0, 23]]

res = 917.724
res_int = 914
solution = [[0, 44, 25, 18, 35, 12, 11], [0, 5, 32, 3, 22, 10, 7, 39, 36], [0, 9, 17, 45, 6, 43, 26, 14], [0, 13, 30, 2, 37, 4, 38], [0, 23], [0, 8, 33, 42, 16, 24, 15, 19], [0, 21, 29, 31, 34, 40, 1, 27, 20, 41, 28]]

res = 917.907
res_int = 915
solution = [[0, 19, 15, 24, 16, 42, 33, 8], [0, 44, 25, 18, 35, 12, 11], [0, 21, 29, 31, 34, 40, 1, 27, 20, 41, 28], [0, 38, 37, 2, 30, 4, 14], [0, 9, 17, 45, 6, 43, 13, 26], [0, 23], [0, 5, 32, 3, 22, 10, 7, 39, 36]]

res = 917.907
res_int = 915
solution = [[0, 8, 33, 42, 16, 24, 15, 19], [0, 44, 25, 18, 35, 12, 11], [0, 5, 32, 3, 22, 10, 7, 39, 36], [0, 21, 29, 31, 34, 40, 1, 27, 20, 41, 28], [0, 26, 13, 43, 6, 45, 17, 9], [0, 23], [0, 38, 37, 2, 30, 4, 14]]

res = 917.907
res_int = 915
solution = [[0, 26, 13, 43, 6, 45, 17, 9], [0, 44, 25, 18, 35, 12, 11], [0, 5, 32, 3, 22, 10, 7, 39, 36], [0, 38, 37, 2, 30, 4, 14], [0, 8, 33, 42, 16, 24, 15, 19], [0, 23], [0, 21, 29, 31, 34, 40, 1, 27, 20, 41, 28]]

res = 918.127
res_int = 917
solution = [[0, 37, 2, 30, 4, 38], [0, 45, 6, 43, 13, 26, 14, 23], [0, 17, 9], [0, 21, 29, 31, 34, 40, 1, 27, 20, 41, 28], [0, 19, 15, 24, 16, 42, 33, 8], [0, 11, 12, 35, 18, 25, 44], [0, 5, 32, 3, 22, 10, 7, 39, 36]]

res = 918.127
res_int = 917
solution = [[0, 37, 2, 30, 4, 38], [0, 45, 6, 43, 13, 26, 14, 23], [0, 17, 9], [0, 21, 29, 31, 34, 40, 1, 27, 20, 41, 28], [0, 36, 39, 7, 10, 22, 3, 32, 5], [0, 19, 15, 24, 16, 42, 33, 8], [0, 44, 25, 18, 35, 12, 11]]

res = 918.127
res_int = 917
solution = [[0, 5, 32, 3, 22, 10, 7, 39, 36], [0, 28, 41, 20, 27, 1, 40, 34, 31, 29, 21], [0, 37, 2, 30, 4, 38], [0, 19, 15, 24, 16, 42, 33, 8], [0, 45, 6, 43, 13, 26, 14, 23], [0, 44, 25, 18, 35, 12, 11], [0, 17, 9]]

res = 918.127
res_int = 917
solution = [[0, 5, 32, 3, 22, 10, 7, 39, 36], [0, 37, 2, 30, 4, 38], [0, 45, 6, 43, 13, 26, 14, 23], [0, 21, 29, 31, 34, 40, 1, 27, 20, 41, 28], [0, 17, 9], [0, 19, 15, 24, 16, 42, 33, 8], [0, 44, 25, 18, 35, 12, 11]]

res = 918.127
res_int = 917
solution = [[0, 5, 32, 3, 22, 10, 7, 39, 36], [0, 37, 2, 30, 4, 38], [0, 45, 6, 43, 13, 26, 14, 23], [0, 21, 29, 31, 34, 40, 1, 27, 20, 41, 28], [0, 17, 9], [0, 44, 25, 18, 35, 12, 11], [0, 8, 33, 42, 16, 24, 15, 19]]

Mean = 917.9808023568625
Execution = 380.3182053565979

Instance : A-n48-k07.xml
Time = 3.047117233276367

res = 1087.478
res_int = 1086
solution = [[0, 27, 15, 8, 39, 26, 20, 3, 7], [0, 45, 28, 33, 10, 2, 41], [0, 29, 21, 30, 46, 13, 24, 4, 11, 42, 9, 34], [0, 16, 47, 17, 14], [0, 32, 38, 25, 19, 37, 36, 40], [0, 12, 23, 44, 18], [0, 43, 31, 5, 1, 6, 22, 35]]

res = 1087.478
res_int = 1086
solution = [[0, 27, 15, 8, 39, 26, 20, 3, 7], [0, 45, 28, 33, 10, 2, 41], [0, 29, 21, 30, 46, 13, 24, 4, 11, 42, 9, 34], [0, 32, 38, 25, 19, 37, 36, 40], [0, 16, 47, 17, 14], [0, 12, 23, 44, 18], [0, 43, 31, 5, 1, 6, 22, 35]]

res = 1087.478
res_int = 1086
solution = [[0, 27, 15, 8, 39, 26, 20, 3, 7], [0, 29, 21, 30, 46, 13, 24, 4, 11, 42, 9, 34], [0, 32, 38, 25, 19, 37, 36, 40], [0, 16, 47, 17, 14], [0, 45, 28, 33, 10, 2, 41], [0, 12, 23, 44, 18], [0, 35, 22, 6, 1, 5, 31, 43]]

res = 1087.478
res_int = 1086
solution = [[0, 27, 15, 8, 39, 26, 20, 3, 7], [0, 29, 21, 30, 46, 13, 24, 4, 11, 42, 9, 34], [0, 45, 28, 33, 10, 2, 41], [0, 16, 47, 17, 14], [0, 32, 38, 25, 19, 37, 36, 40], [0, 12, 23, 44, 18], [0, 35, 22, 6, 1, 5, 31, 43]]

res = 1087.478
res_int = 1086
solution = [[0, 27, 15, 8, 39, 26, 20, 3, 7], [0, 34, 9, 42, 11, 4, 24, 13, 46, 30, 21, 29], [0, 43, 31, 5, 1, 6, 22, 35], [0, 32, 38, 25, 19, 37, 36, 40], [0, 12, 23, 44, 18], [0, 16, 47, 17, 14], [0, 41, 2, 10, 33, 28, 45]]

res = 1087.478
res_int = 1086
solution = [[0, 29, 21, 30, 46, 13, 24, 4, 11, 42, 9, 34], [0, 27, 15, 8, 39, 26, 20, 3, 7], [0, 16, 47, 17, 14], [0, 45, 28, 33, 10, 2, 41], [0, 32, 38, 25, 19, 37, 36, 40], [0, 12, 23, 44, 18], [0, 43, 31, 5, 1, 6, 22, 35]]

res = 1087.478
res_int = 1086
solution = [[0, 35, 22, 6, 1, 5, 31, 43], [0, 29, 21, 30, 46, 13, 24, 4, 11, 42, 9, 34], [0, 27, 15, 8, 39, 26, 20, 3, 7], [0, 12, 23, 44, 18], [0, 32, 38, 25, 19, 37, 36, 40], [0, 16, 47, 17, 14], [0, 45, 28, 33, 10, 2, 41]]

res = 1087.478
res_int = 1086
solution = [[0, 29, 21, 30, 46, 13, 24, 4, 11, 42, 9, 34], [0, 27, 15, 8, 39, 26, 20, 3, 7], [0, 32, 38, 25, 19, 37, 36, 40], [0, 12, 23, 44, 18], [0, 35, 22, 6, 1, 5, 31, 43], [0, 16, 47, 17, 14], [0, 41, 2, 10, 33, 28, 45]]

res = 1087.939
res_int = 1084
solution = [[0, 32, 37, 19, 25, 38, 22, 6], [0, 12, 5, 1, 31, 43, 23], [0, 29, 21, 30, 46, 13, 24, 4, 11, 42, 9, 34], [0, 45, 28, 33, 10, 2, 41], [0, 36, 40, 16, 47, 17, 14], [0, 7, 3, 20, 26, 39, 8, 15, 27], [0, 44, 35, 18]]

res = 1088.743
res_int = 1085
solution = [[0, 36, 40, 16, 47, 17, 14], [0, 45, 28, 33, 10, 2, 41], [0, 29, 21, 30, 46, 13, 4, 11, 42, 24, 9, 34], [0, 12, 5, 1, 31, 43, 23], [0, 32, 37, 19, 25, 38, 22, 6], [0, 44, 35, 18], [0, 7, 3, 20, 26, 39, 8, 15, 27]]

Mean = 1087.650381305797
Execution = 446.37660932540894

Instance : A-n53-k07.xml
Time = 3.8188698291778564

res = 1020.152
res_int = 1017
solution = [[0, 51, 46, 8, 35, 27], [0, 20, 6, 33, 3, 5], [0, 1, 30, 37, 2, 36, 50, 43, 45, 22, 28], [0, 25, 21, 34, 52, 13, 14, 39], [0, 24, 11, 41, 17, 9, 47], [0, 7, 12, 16, 32, 15, 19, 23, 42, 48, 4], [0, 44, 29, 49, 10, 26, 40, 18, 38, 31]]

res = 1020.152
res_int = 1017
solution = [[0, 51, 46, 8, 35, 27], [0, 20, 6, 33, 3, 5], [0, 4, 48, 42, 23, 19, 15, 32, 16, 12, 7], [0, 24, 11, 41, 17, 9, 47], [0, 1, 30, 37, 2, 36, 50, 43, 45, 22, 28], [0, 25, 21, 34, 52, 13, 14, 39], [0, 44, 29, 49, 10, 26, 40, 18, 38, 31]]

res = 1020.152
res_int = 1017
solution = [[0, 51, 46, 8, 35, 27], [0, 47, 9, 17, 41, 24, 11], [0, 20, 6, 33, 3, 5], [0, 25, 21, 34, 52, 13, 14, 39], [0, 44, 29, 49, 10, 26, 40, 18, 38, 31], [0, 7, 12, 16, 32, 15, 19, 23, 42, 48, 4], [0, 28, 22, 45, 43, 50, 36, 2, 37, 30, 1]]

res = 1020.618
res_int = 1017
solution = [[0, 47, 9, 17, 41, 24, 11], [0, 51, 46, 8, 35, 27], [0, 4, 28, 22, 45, 43, 50, 36, 2, 37, 30, 1], [0, 7, 12, 16, 32, 15, 19, 23, 42, 48], [0, 25, 21, 34, 52, 13, 14, 39], [0, 31, 38, 18, 40, 26, 10, 49, 29, 44], [0, 20, 6, 33, 3, 5]]

res = 1020.618
res_int = 1017
solution = [[0, 11, 24, 41, 17, 9, 47], [0, 48, 42, 23, 19, 15, 32, 16, 12, 7], [0, 27, 35, 8, 46, 51], [0, 25, 21, 34, 52, 13, 14, 39], [0, 20, 6, 33, 3, 5], [0, 4, 28, 22, 45, 43, 50, 36, 2, 37, 30, 1], [0, 44, 29, 49, 10, 26, 40, 18, 38, 31]]

res = 1020.618
res_int = 1017
solution = [[0, 25, 21, 34, 52, 13, 14, 39], [0, 7, 12, 16, 32, 15, 19, 23, 42, 48], [0, 47, 9, 17, 41, 24, 11], [0, 27, 35, 8, 46, 51], [0, 44, 29, 49, 10, 26, 40, 18, 38, 31], [0, 4, 28, 22, 45, 43, 50, 36, 2, 37, 30, 1], [0, 20, 6, 33, 3, 5]]

res = 1020.618
res_int = 1017
solution = [[0, 25, 21, 34, 52, 13, 14, 39], [0, 11, 24, 41, 17, 9, 47], [0, 27, 35, 8, 46, 51], [0, 31, 38, 18, 40, 26, 10, 49, 29, 44], [0, 20, 6, 33, 3, 5], [0, 7, 12, 16, 32, 15, 19, 23, 42, 48], [0, 4, 28, 22, 45, 43, 50, 36, 2, 37, 30, 1]]

res = 1020.618
res_int = 1017
solution = [[0, 5, 3, 33, 6, 20], [0, 11, 24, 41, 17, 9, 47], [0, 25, 21, 34, 52, 13, 14, 39], [0, 27, 35, 8, 46, 51], [0, 48, 42, 23, 19, 15, 32, 16, 12, 7], [0, 44, 29, 49, 10, 26, 40, 18, 38, 31], [0, 4, 28, 22, 45, 43, 50, 36, 2, 37, 30, 1]]

res = 1020.618
res_int = 1017
solution = [[0, 11, 24, 41, 17, 9, 47], [0, 51, 46, 8, 35, 27], [0, 31, 38, 18, 40, 26, 10, 49, 29, 44], [0, 20, 6, 33, 3, 5], [0, 25, 21, 34, 52, 13, 14, 39], [0, 4, 28, 22, 45, 43, 50, 36, 2, 37, 30, 1], [0, 7, 12, 16, 32, 15, 19, 23, 42, 48]]

res = 1020.618
res_int = 1017
solution = [[0, 27, 35, 8, 46, 51], [0, 48, 42, 23, 19, 15, 32, 16, 12, 7], [0, 24, 11, 41, 17, 9, 47], [0, 20, 6, 33, 3, 5], [0, 25, 21, 34, 52, 13, 14, 39], [0, 44, 29, 49, 10, 26, 40, 18, 38, 31], [0, 4, 28, 22, 45, 43, 50, 36, 2, 37, 30, 1]]

Mean = 1020.4780297653358
Execution = 430.4220576286316

Instance : A-n54-k07.xml
Time = 3.7971346378326416

res = 1177.018
res_int = 1174
solution = [[0, 13, 22, 3, 53, 44], [0, 19, 8, 31, 40, 48, 37, 12], [0, 11, 38, 9, 33, 21, 45, 36, 49, 20], [0, 23, 29, 1, 26, 17, 10, 15, 35], [0, 32, 14, 2, 27, 6, 16], [0, 30, 25, 47, 51, 24, 42, 46, 41, 34, 52], [0, 18, 5, 50, 39, 7, 28, 4, 43]]

res = 1177.018
res_int = 1174
solution = [[0, 44, 53, 3, 22, 13], [0, 11, 38, 9, 33, 21, 45, 36, 49, 20], [0, 19, 8, 31, 40, 48, 37, 12], [0, 35, 15, 10, 17, 26, 1, 29, 23], [0, 32, 14, 2, 27, 6, 16], [0, 52, 34, 41, 46, 42, 24, 51, 47, 25, 30], [0, 18, 5, 50, 39, 7, 28, 4, 43]]

res = 1177.018
res_int = 1174
solution = [[0, 52, 34, 41, 46, 42, 24, 51, 47, 25, 30], [0, 32, 14, 2, 27, 6, 16], [0, 13, 22, 3, 53, 44], [0, 19, 8, 31, 40, 48, 37, 12], [0, 11, 38, 9, 33, 21, 45, 36, 49, 20], [0, 35, 15, 10, 17, 26, 1, 29, 23], [0, 18, 5, 50, 39, 7, 28, 4, 43]]

res = 1177.018
res_int = 1174
solution = [[0, 52, 34, 41, 46, 42, 24, 51, 47, 25, 30], [0, 32, 14, 2, 27, 6, 16], [0, 19, 8, 31, 40, 48, 37, 12], [0, 44, 53, 3, 22, 13], [0, 11, 38, 9, 33, 21, 45, 36, 49, 20], [0, 23, 29, 1, 26, 17, 10, 15, 35], [0, 18, 5, 50, 39, 7, 28, 4, 43]]

res = 1177.018
res_int = 1174
solution = [[0, 52, 34, 41, 46, 42, 24, 51, 47, 25, 30], [0, 32, 14, 2, 27, 6, 16], [0, 19, 8, 31, 40, 48, 37, 12], [0, 44, 53, 3, 22, 13], [0, 11, 38, 9, 33, 21, 45, 36, 49, 20], [0, 35, 15, 10, 17, 26, 1, 29, 23], [0, 43, 4, 28, 7, 39, 50, 5, 18]]

res = 1177.018
res_int = 1174
solution = [[0, 32, 14, 2, 27, 6, 16], [0, 44, 53, 3, 22, 13], [0, 11, 38, 9, 33, 21, 45, 36, 49, 20], [0, 23, 29, 1, 26, 17, 10, 15, 35], [0, 18, 5, 50, 39, 7, 28, 4, 43], [0, 19, 8, 31, 40, 48, 37, 12], [0, 30, 25, 47, 51, 24, 42, 46, 41, 34, 52]]

res = 1177.239
res_int = 1173
solution = [[0, 19, 8, 31, 40, 48, 37, 12], [0, 44, 53, 3, 22, 13], [0, 30, 25, 47, 51, 24, 42, 46, 41, 34, 52], [0, 23, 20, 29, 36, 1, 17, 10, 15, 35], [0, 32, 14, 2, 27, 6, 16], [0, 18, 5, 50, 39, 7, 28, 4, 43], [0, 11, 38, 9, 33, 21, 45, 26, 49]]

res = 1178.088
res_int = 1175
solution = [[0, 19, 8, 31, 40, 48, 37, 12], [0, 44, 53, 3, 22, 13], [0, 35, 15, 10, 17, 26, 1, 29, 23], [0, 11, 38, 9, 33, 21, 45, 36, 49, 20], [0, 18, 5, 50, 39, 7, 28, 4, 43], [0, 34, 41, 46, 42, 24, 51, 47, 25, 30], [0, 16, 6, 27, 2, 14, 32, 52]]

res = 1178.088
res_int = 1175
solution = [[0, 34, 41, 46, 42, 24, 51, 47, 25, 30], [0, 19, 8, 31, 40, 48, 37, 12], [0, 44, 53, 3, 22, 13], [0, 11, 38, 9, 33, 21, 45, 36, 49, 20], [0, 35, 15, 10, 17, 26, 1, 29, 23], [0, 16, 6, 27, 2, 14, 32, 52], [0, 18, 5, 50, 39, 7, 28, 4, 43]]

res = 1178.088
res_int = 1175
solution = [[0, 44, 53, 3, 22, 13], [0, 35, 15, 10, 17, 26, 1, 29, 23], [0, 19, 8, 31, 40, 48, 37, 12], [0, 11, 38, 9, 33, 21, 45, 36, 49, 20], [0, 18, 5, 50, 39, 7, 28, 4, 43], [0, 52, 32, 14, 2, 27, 6, 16], [0, 34, 41, 46, 42, 24, 51, 47, 25, 30]]

Mean = 1177.3613396333433
Execution = 371.1344504356384

Instance : A-n55-k09.xml
Time = 3.458468198776245

res = 1074.959
res_int = 1074
solution = [[0, 6, 45, 1, 29], [0, 23, 52, 24, 44, 50, 48, 18], [0, 28, 54, 13, 27, 19, 22, 30], [0, 26, 46, 20, 31, 42, 7, 4], [0, 43, 35, 9, 49, 39, 47], [0, 32, 38, 16, 40, 53, 5, 10, 12], [0, 11, 15, 51, 2, 33, 36], [0, 21, 8, 41, 25], [0, 14, 17, 34, 3, 37]]

res = 1074.959
res_int = 1074
solution = [[0, 6, 45, 1, 29], [0, 26, 46, 20, 31, 42, 7, 4], [0, 28, 54, 13, 27, 19, 22, 30], [0, 18, 48, 50, 44, 24, 52, 23], [0, 15, 11, 51, 2, 33, 36], [0, 43, 35, 9, 49, 39, 47], [0, 12, 10, 5, 53, 40, 16, 38, 32], [0, 21, 8, 41, 25], [0, 14, 17, 34, 3, 37]]

res = 1075.101
res_int = 1073
solution = [[0, 43, 35, 9, 49, 39, 47], [0, 8, 6, 45, 1], [0, 26, 46, 20, 31, 42, 7, 4], [0, 14, 17, 2, 51, 15, 11], [0, 18, 48, 50, 44, 24, 52, 23], [0, 36, 37, 3, 34, 33, 21], [0, 12, 10, 5, 53, 40, 16, 38, 32], [0, 25, 41, 29], [0, 28, 54, 13, 27, 19, 22, 30]]

res = 1075.609
res_int = 1074
solution = [[0, 6, 45, 1, 29], [0, 26, 46, 20, 31, 42, 7, 4], [0, 28, 54, 13, 27, 19, 22, 30], [0, 12, 10, 5, 53, 40, 16, 38, 32], [0, 47, 39, 49, 9, 35, 43], [0, 14, 17, 34, 3, 37, 36], [0, 15, 11, 51, 2, 33], [0, 21, 8, 41, 25], [0, 18, 48, 50, 44, 24, 52, 23]]

res = 1075.609
res_int = 1074
solution = [[0, 6, 45, 1, 29], [0, 28, 54, 13, 27, 19, 22, 30], [0, 18, 48, 50, 44, 24, 52, 23], [0, 26, 46, 20, 31, 42, 7, 4], [0, 43, 35, 9, 49, 39, 47], [0, 32, 38, 16, 40, 53, 5, 10, 12], [0, 25, 41, 8, 21], [0, 15, 11, 51, 2, 33], [0, 14, 17, 34, 3, 37, 36]]

res = 1075.609
res_int = 1074
solution = [[0, 18, 48, 50, 44, 24, 52, 23], [0, 29, 1, 45, 6], [0, 28, 54, 13, 27, 19, 22, 30], [0, 32, 38, 16, 40, 53, 5, 10, 12], [0, 26, 46, 20, 31, 42, 7, 4], [0, 11, 15, 51, 2, 33], [0, 14, 17, 34, 3, 37, 36], [0, 21, 8, 41, 25], [0, 47, 39, 49, 9, 35, 43]]

res = 1075.609
res_int = 1074
solution = [[0, 28, 54, 13, 27, 19, 22, 30], [0, 23, 52, 24, 44, 50, 48, 18], [0, 6, 45, 1, 29], [0, 26, 46, 20, 31, 42, 7, 4], [0, 43, 35, 9, 49, 39, 47], [0, 12, 10, 5, 53, 40, 16, 38, 32], [0, 21, 8, 41, 25], [0, 15, 11, 51, 2, 33], [0, 14, 17, 34, 3, 37, 36]]

res = 1075.609
res_int = 1074
solution = [[0, 43, 35, 9, 49, 39, 47], [0, 28, 54, 13, 27, 19, 22, 30], [0, 12, 10, 5, 53, 40, 16, 38, 32], [0, 26, 46, 20, 31, 42, 7, 4], [0, 25, 41, 8, 21], [0, 18, 48, 50, 44, 24, 52, 23], [0, 6, 45, 1, 29], [0, 11, 15, 51, 2, 33], [0, 14, 17, 34, 3, 37, 36]]

res = 1075.609
res_int = 1074
solution = [[0, 6, 45, 1, 29], [0, 26, 46, 20, 31, 42, 7, 4], [0, 28, 54, 13, 27, 19, 22, 30], [0, 14, 17, 34, 3, 37, 36], [0, 15, 11, 51, 2, 33], [0, 21, 8, 41, 25], [0, 43, 35, 9, 49, 39, 47], [0, 18, 48, 50, 44, 24, 52, 23], [0, 32, 38, 16, 40, 53, 5, 10, 12]]

res = 1075.609
res_int = 1074
solution = [[0, 6, 45, 1, 29], [0, 28, 54, 13, 27, 19, 22, 30], [0, 18, 48, 50, 44, 24, 52, 23], [0, 43, 35, 9, 49, 39, 47], [0, 26, 46, 20, 31, 42, 7, 4], [0, 32, 38, 16, 40, 53, 5, 10, 12], [0, 21, 8, 41, 25], [0, 15, 11, 51, 2, 33], [0, 14, 17, 34, 3, 37, 36]]

Mean = 1075.4283514418955
Execution = 465.5066497325897

Instance : A-n60-k09.xml
Time = 4.3312828540802

res = 1355.799
res_int = 1354
solution = [[0, 10, 54, 5, 45, 42], [0, 32, 9, 51, 12, 56, 43, 50], [0, 31, 36, 22, 48, 1, 2], [0, 39, 26, 17, 37, 57, 27, 19], [0, 41, 33, 38, 59, 52, 18], [0, 35, 55, 15, 8, 13, 29, 7], [0, 14, 47, 23, 58, 24, 34], [0, 25, 46, 40, 11, 3, 20, 16], [0, 4, 21, 53, 30, 49, 44, 28, 6]]

res = 1355.799
res_int = 1354
solution = [[0, 32, 9, 51, 12, 56, 43, 50], [0, 35, 55, 15, 8, 13, 29, 7], [0, 18, 52, 59, 38, 33, 41], [0, 39, 26, 17, 37, 57, 27, 19], [0, 2, 1, 48, 22, 36, 31], [0, 34, 24, 58, 23, 47, 14], [0, 16, 20, 3, 11, 40, 46, 25], [0, 42, 45, 5, 54, 10], [0, 6, 28, 44, 49, 30, 53, 21, 4]]

res = 1356.154
res_int = 1355
solution = [[0, 32, 9, 51, 12, 56, 43, 50], [0, 35, 55, 15, 8, 13, 29, 7], [0, 18, 52, 59, 38, 33, 41], [0, 10, 54, 5, 42, 45], [0, 39, 26, 17, 37, 57, 27, 19], [0, 4, 21, 53, 30, 49, 44, 28, 6], [0, 2, 1, 48, 22, 36, 31], [0, 34, 24, 58, 23, 47, 14], [0, 16, 20, 3, 11, 40, 46, 25]]

res = 1356.157
res_int = 1354
solution = [[0, 10, 54, 5, 45, 42], [0, 32, 9, 51, 12, 56, 43, 50], [0, 31, 36, 22, 48, 1, 2], [0, 35, 55, 15, 8, 13, 29, 7], [0, 25, 46, 40, 11, 3, 20, 16], [0, 4, 21, 53, 30, 49, 44, 28, 6], [0, 34, 24, 58, 23, 47, 14], [0, 52, 59, 38, 33, 41], [0, 39, 26, 17, 37, 57, 27, 19, 18]]

res = 1356.345
res_int = 1355
solution = [[0, 35, 55, 15, 8, 13, 29, 7], [0, 18, 52, 59, 38, 33, 41], [0, 50, 39, 26, 17, 37, 57, 27, 19], [0, 42, 45, 5, 54, 10], [0, 32, 9, 51, 12, 56, 43], [0, 34, 24, 58, 23, 47, 14], [0, 2, 1, 48, 22, 36, 31], [0, 25, 46, 40, 11, 3, 20, 16], [0, 4, 21, 53, 30, 49, 44, 28, 6]]

res = 1356.345
res_int = 1355
solution = [[0, 10, 54, 5, 45, 42], [0, 43, 56, 12, 51, 9, 32], [0, 50, 39, 26, 17, 37, 57, 27, 19], [0, 4, 21, 53, 30, 49, 44, 28, 6], [0, 35, 55, 15, 8, 13, 29, 7], [0, 34, 24, 58, 23, 47, 14], [0, 18, 52, 59, 38, 33, 41], [0, 25, 46, 40, 11, 3, 20, 16], [0, 2, 1, 48, 22, 36, 31]]

res = 1356.345
res_int = 1355
solution = [[0, 18, 52, 59, 38, 33, 41], [0, 4, 21, 53, 30, 49, 44, 28, 6], [0, 2, 1, 48, 22, 36, 31], [0, 42, 45, 5, 54, 10], [0, 43, 56, 12, 51, 9, 32], [0, 19, 27, 57, 37, 17, 26, 39, 50], [0, 35, 55, 15, 8, 13, 29, 7], [0, 34, 24, 58, 23, 47, 14], [0, 16, 20, 3, 11, 40, 46, 25]]

res = 1358.335
res_int = 1356
solution = [[0, 2, 1, 48, 22, 36, 31], [0, 42, 45, 5, 54, 10], [0, 39, 26, 17, 37, 57, 27, 19], [0, 32, 9, 51, 12, 56, 43, 50], [0, 7, 29, 13, 8, 15, 55, 35], [0, 6, 28, 44, 49, 30, 53, 4, 21], [0, 34, 24, 58, 23, 47, 14], [0, 16, 20, 3, 11, 40, 46, 25], [0, 18, 52, 59, 38, 33, 41]]

res = 1358.348
res_int = 1356
solution = [[0, 32, 9, 51, 12, 56, 43], [0, 34, 24, 58, 23, 47, 14], [0, 42, 45, 5, 54, 10], [0, 4, 21, 53, 30, 49, 44, 28, 6], [0, 35, 55, 15, 8, 13, 29, 7], [0, 50, 39, 26, 27, 17, 37, 57, 19], [0, 18, 52, 59, 38, 33, 41], [0, 25, 46, 40, 11, 3, 20, 16], [0, 2, 1, 48, 22, 36, 31]]

res = 1358.808
res_int = 1357
solution = [[0, 2, 1, 48, 22, 36, 31], [0, 10, 54, 5, 45, 42], [0, 34, 24, 58, 23, 47, 14, 18], [0, 35, 55, 15, 8, 13, 29, 7], [0, 32, 9, 51, 12, 56, 43, 50], [0, 39, 26, 17, 37, 57, 27, 19], [0, 52, 59, 38, 33, 41], [0, 16, 20, 3, 11, 40, 46, 25], [0, 4, 21, 53, 30, 49, 44, 28, 6]]

Mean = 1356.8435067262617
Execution = 473.2765243053436

Instance : A-n61-k09.xml
Time = 4.248280048370361

res = 1040.309
res_int = 1035
solution = [[0, 43, 32, 26, 4, 22, 12, 13], [0, 25, 20, 6, 8, 53, 40, 19], [0, 14, 7, 23, 55, 50], [0, 34, 35, 18, 48, 16, 1, 44, 39], [0, 9], [0, 41, 5, 54, 46, 2, 49], [0, 3, 38, 15], [0, 24, 10, 59, 45, 37, 30, 42, 33], [0, 28, 60, 11, 31, 52, 57, 17], [0, 58, 29, 36, 21, 27, 56, 47, 51]]

res = 1040.309
res_int = 1035
solution = [[0, 43, 32, 26, 4, 22, 12, 13], [0, 25, 20, 6, 8, 53, 40, 19], [0, 14, 7, 23, 55, 50], [0, 34, 35, 18, 48, 16, 1, 44, 39], [0, 9], [0, 41, 5, 54, 46, 2, 49], [0, 3, 38, 15], [0, 24, 10, 59, 45, 37, 30, 42, 33], [0, 28, 60, 11, 31, 52, 57, 17], [0, 58, 29, 36, 21, 27, 56, 47, 51]]

res = 1040.309
res_int = 1035
solution = [[0, 15, 38, 3], [0, 43, 32, 26, 4, 22, 12, 13], [0, 25, 20, 6, 8, 53, 40, 19], [0, 33, 42, 30, 37, 45, 59, 10, 24], [0, 14, 7, 23, 55, 50], [0, 17, 57, 52, 31, 11, 60, 28], [0, 51, 47, 56, 27, 21, 36, 29, 58], [0, 9], [0, 41, 5, 54, 46, 2, 49], [0, 34, 35, 18, 48, 16, 1, 44, 39]]

res = 1040.309
res_int = 1035
solution = [[0, 15, 38, 3], [0, 43, 32, 26, 4, 22, 12, 13], [0, 41, 5, 54, 46, 2, 49], [0, 25, 20, 6, 8, 53, 40, 19], [0, 33, 42, 30, 37, 45, 59, 10, 24], [0, 14, 7, 23, 55, 50], [0, 17, 57, 52, 31, 11, 60, 28], [0, 51, 47, 56, 27, 21, 36, 29, 58], [0, 34, 35, 18, 48, 16, 1, 44, 39], [0, 9]]

res = 1040.309
res_int = 1035
solution = [[0, 15, 38, 3], [0, 43, 32, 26, 4, 22, 12, 13], [0, 41, 5, 54, 46, 2, 49], [0, 33, 42, 30, 37, 45, 59, 10, 24], [0, 14, 7, 23, 55, 50], [0, 17, 57, 52, 31, 11, 60, 28], [0, 51, 47, 56, 27, 21, 36, 29, 58], [0, 9], [0, 34, 35, 18, 48, 16, 1, 44, 39], [0, 25, 20, 6, 8, 53, 40, 19]]

res = 1040.347
res_int = 1035
solution = [[0, 15, 38, 3], [0, 24, 10, 59, 45, 37, 30, 42, 33], [0, 17, 57, 52, 31, 11, 60, 28, 39], [0, 25, 20, 6, 8, 53, 40, 19], [0, 14, 7, 23, 55, 50], [0, 41, 5, 54, 46, 2, 49], [0, 43, 32, 26, 4, 22, 12, 13], [0, 9], [0, 34, 35, 18, 48, 16, 1, 44], [0, 58, 29, 36, 21, 27, 56, 47, 51]]

res = 1040.347
res_int = 1035
solution = [[0, 15, 38, 3], [0, 33, 42, 30, 37, 45, 59, 10, 24], [0, 34, 35, 18, 48, 16, 1, 44], [0, 43, 32, 26, 4, 22, 12, 13], [0, 50, 55, 23, 7, 14], [0, 17, 57, 52, 31, 11, 60, 28, 39], [0, 41, 5, 54, 46, 2, 49], [0, 25, 20, 6, 53, 8, 40, 19], [0, 58, 29, 36, 21, 27, 56, 47, 51], [0, 9]]

res = 1040.347
res_int = 1035
solution = [[0, 15, 38, 3], [0, 43, 32, 26, 4, 22, 12, 13], [0, 41, 5, 54, 46, 2, 49], [0, 34, 35, 18, 48, 16, 1, 44], [0, 25, 20, 6, 53, 8, 40, 19], [0, 58, 29, 36, 21, 27, 56, 47, 51], [0, 24, 10, 59, 45, 37, 30, 42, 33], [0, 17, 57, 52, 31, 11, 60, 28, 39], [0, 9], [0, 50, 55, 7, 23, 14]]

res = 1040.347
res_int = 1035
solution = [[0, 25, 20, 6, 8, 53, 40, 19], [0, 34, 35, 18, 48, 16, 1, 44], [0, 41, 5, 54, 46, 2, 49], [0, 24, 10, 59, 45, 37, 30, 42, 33], [0, 3, 38, 15], [0, 58, 29, 36, 21, 27, 56, 47, 51], [0, 43, 32, 26, 4, 22, 12, 13], [0, 17, 57, 52, 31, 11, 60, 28, 39], [0, 14, 7, 23, 55, 50], [0, 9]]

res = 1040.347
res_int = 1035
solution = [[0, 34, 35, 18, 48, 16, 1, 44], [0, 41, 5, 54, 46, 2, 49], [0, 25, 20, 6, 8, 53, 40, 19], [0, 3, 38, 15], [0, 24, 10, 59, 45, 37, 30, 42, 33], [0, 17, 57, 52, 31, 11, 60, 28, 39], [0, 43, 32, 26, 4, 22, 12, 13], [0, 58, 29, 36, 21, 27, 56, 47, 51], [0, 9], [0, 14, 7, 23, 55, 50]]

Mean = 1040.327857392417
Execution = 397.87074184417725

Instance : A-n62-k08.xml
Time = 5.257724046707153

res = 1313.3
res_int = 1308
solution = [[0, 45, 47, 24, 42, 46], [0, 52, 2, 44, 22, 37, 16, 36], [0, 34, 31, 35, 4, 21, 41, 23, 27, 39, 3, 54], [0, 53, 13, 18, 30, 1, 9, 11, 49, 25, 60, 5, 14, 28], [0, 15, 38, 19, 12, 48, 56], [0, 7, 29, 43, 8, 10, 51], [0, 59, 55, 26, 33, 58, 17, 50], [0, 61, 6, 32, 57, 40, 20]]

res = 1313.355
res_int = 1309
solution = [[0, 46, 42, 24, 47, 45], [0, 52, 2, 44, 22, 37, 16, 36], [0, 29, 43, 8, 10, 51], [0, 50, 17, 58, 33, 26, 55, 59], [0, 20, 40, 57, 32, 6, 61, 7], [0, 56, 48, 12, 19, 38, 15], [0, 54, 3, 39, 27, 23, 41, 21, 4, 35, 31, 34, 28], [0, 53, 13, 18, 30, 1, 9, 11, 49, 25, 60, 5, 14]]

res = 1313.598
res_int = 1308
solution = [[0, 36, 16, 37, 22, 44, 2, 52], [0, 59, 55, 26, 33, 58, 17, 50], [0, 46, 42, 24, 47, 45], [0, 56, 48, 12, 19, 38, 15], [0, 61, 6, 32, 57, 40, 20, 28], [0, 51, 10, 8, 43, 29, 7], [0, 34, 31, 35, 4, 21, 41, 23, 27, 39, 3, 54], [0, 14, 5, 60, 25, 49, 11, 9, 1, 30, 18, 13, 53]]

res = 1313.598
res_int = 1308
solution = [[0, 45, 47, 24, 42, 46], [0, 36, 16, 37, 22, 44, 2, 52], [0, 50, 17, 58, 33, 26, 55, 59], [0, 56, 48, 12, 19, 38, 15], [0, 34, 31, 35, 4, 21, 41, 23, 27, 39, 3, 54], [0, 14, 5, 60, 25, 49, 11, 9, 1, 30, 18, 13, 53], [0, 7, 29, 43, 8, 10, 51], [0, 61, 6, 32, 57, 40, 20, 28]]

res = 1313.598
res_int = 1308
solution = [[0, 45, 47, 24, 42, 46], [0, 50, 17, 58, 33, 26, 55, 59], [0, 14, 5, 60, 25, 49, 11, 9, 1, 30, 18, 13, 53], [0, 34, 31, 35, 4, 21, 41, 23, 27, 39, 3, 54], [0, 36, 16, 37, 22, 44, 2, 52], [0, 15, 38, 19, 12, 48, 56], [0, 51, 10, 8, 43, 29, 7], [0, 61, 6, 32, 57, 40, 20, 28]]

res = 1313.598
res_int = 1308
solution = [[0, 46, 42, 24, 47, 45], [0, 36, 16, 37, 22, 44, 2, 52], [0, 50, 17, 58, 33, 26, 55, 59], [0, 53, 13, 18, 30, 1, 9, 11, 49, 25, 60, 5, 14], [0, 34, 31, 35, 4, 21, 41, 23, 27, 39, 3, 54], [0, 7, 29, 43, 8, 10, 51], [0, 56, 48, 12, 19, 38, 15], [0, 61, 6, 32, 57, 40, 20, 28]]

res = 1313.641
res_int = 1309
solution = [[0, 46, 42, 24, 47, 45], [0, 50, 17, 58, 33, 26, 55, 59], [0, 52, 2, 44, 22, 37, 16, 36], [0, 14, 5, 60, 25, 49, 11, 9, 1, 30, 18, 53], [0, 34, 31, 35, 4, 21, 41, 23, 27, 39, 3, 54, 13], [0, 56, 48, 12, 19, 38, 15], [0, 51, 10, 8, 43, 29], [0, 7, 61, 6, 32, 57, 40, 20, 28]]

res = 1313.653
res_int = 1309
solution = [[0, 36, 16, 37, 22, 44, 2, 52], [0, 50, 17, 58, 33, 26, 55, 59], [0, 46, 42, 24, 47, 45], [0, 51, 10, 8, 43, 29], [0, 56, 48, 12, 19, 38, 15], [0, 7, 61, 6, 32, 57, 40, 20, 28], [0, 34, 31, 35, 4, 21, 41, 23, 27, 39, 3, 54], [0, 14, 5, 60, 25, 49, 11, 9, 1, 30, 18, 13, 53]]

res = 1313.653
res_int = 1309
solution = [[0, 52, 2, 44, 22, 37, 16, 36], [0, 50, 17, 58, 33, 26, 55, 59], [0, 45, 47, 24, 42, 46], [0, 51, 10, 8, 43, 29], [0, 34, 31, 35, 4, 21, 41, 23, 27, 39, 3, 54], [0, 14, 5, 60, 25, 49, 11, 9, 1, 30, 18, 13, 53], [0, 56, 48, 12, 19, 38, 15], [0, 7, 61, 6, 32, 57, 40, 20, 28]]

res = 1313.653
res_int = 1309
solution = [[0, 45, 47, 24, 42, 46], [0, 34, 31, 35, 4, 21, 41, 23, 27, 39, 3, 54], [0, 53, 13, 18, 30, 1, 9, 11, 49, 25, 60, 5, 14], [0, 50, 17, 58, 33, 26, 55, 59], [0, 36, 16, 37, 22, 44, 2, 52], [0, 56, 48, 12, 19, 38, 15], [0, 7, 61, 6, 32, 57, 40, 20, 28], [0, 29, 43, 8, 10, 51]]

Mean = 1313.5649267735973
Execution = 621.5046715736389

Instance : A-n63-k09.xml
Time = 4.91706657409668

res = 1647.307
res_int = 1641
solution = [[0, 11, 33, 44, 15, 56], [0, 49, 8, 24, 36, 48, 60], [0, 30, 2, 5, 45, 27, 59, 34, 13], [0, 42, 9, 38, 41, 3], [0, 26, 20, 54, 29, 25, 19], [0, 28, 6, 37, 52, 23, 39, 10, 7], [0, 62, 47, 4, 18, 1, 46, 31, 43, 61, 16], [0, 21, 40, 14, 58, 32, 55, 53, 12], [0, 22, 50, 57, 51, 35, 17]]

res = 1648.081
res_int = 1643
solution = [[0, 42, 9, 38, 41, 3], [0, 19, 25, 29, 54, 20, 26], [0, 49, 8, 24, 36, 48, 60], [0, 30, 2, 5, 45, 27, 59, 34, 13], [0, 11, 33, 44, 15, 56], [0, 28, 22, 55, 32, 58, 14, 40, 21], [0, 62, 47, 4, 18, 1, 46, 31, 43, 61, 16], [0, 53, 50, 57, 51, 35, 17], [0, 12, 6, 37, 52, 23, 39, 10, 7]]

res = 1648.52
res_int = 1643
solution = [[0, 11, 33, 44, 15, 56], [0, 42, 9, 38, 41, 3], [0, 49, 8, 24, 36, 48, 60], [0, 30, 2, 5, 45, 27, 59, 34, 13], [0, 19, 25, 29, 54, 20, 26], [0, 61, 43, 31, 46, 1, 18, 4, 47, 62, 52], [0, 21, 40, 14, 58, 32, 55, 22, 28], [0, 53, 50, 57, 51, 35, 17], [0, 12, 6, 37, 23, 39, 10, 16, 7]]

res = 1648.798
res_int = 1644
solution = [[0, 11, 33, 44, 15, 56], [0, 19, 25, 13, 29, 54, 20, 26], [0, 49, 8, 24, 36, 48, 60], [0, 30, 2, 5, 45, 27, 59, 34], [0, 42, 9, 38, 41, 3], [0, 21, 40, 14, 58, 32, 55, 22, 28], [0, 17, 35, 51, 57, 50, 53], [0, 12, 6, 37, 52, 23, 39, 10, 7], [0, 62, 47, 4, 18, 1, 46, 31, 43, 61, 16]]

res = 1649.594
res_int = 1644
solution = [[0, 50, 57, 51, 35, 17, 12], [0, 21, 40, 14, 58, 32, 55, 22, 53], [0, 11, 33, 44, 15, 56], [0, 47, 4, 18, 1, 46, 43, 31, 38, 42], [0, 10, 39, 23, 62, 52, 37, 6, 28], [0, 20, 13, 3, 41, 9, 61], [0, 16, 60, 48, 36, 49, 34, 25], [0, 19, 2, 30, 29, 54, 26], [0, 7, 8, 24, 59, 27, 45, 5]]

res = 1652.073
res_int = 1646
solution = [[0, 11, 33, 44, 15, 56], [0, 42, 9, 38, 41, 3], [0, 19, 25, 29, 54, 20, 26], [0, 49, 8, 24, 36, 48, 60], [0, 30, 2, 5, 45, 27, 59, 34, 13], [0, 17, 35, 51, 57, 14, 40, 21], [0, 62, 47, 4, 18, 1, 46, 31, 43, 61, 16], [0, 12, 6, 37, 52, 23, 39, 10, 7], [0, 53, 55, 32, 58, 50, 22, 28]]

res = 1652.781
res_int = 1646
solution = [[0, 11, 33, 44, 15, 56], [0, 49, 8, 24, 36, 48, 60], [0, 30, 2, 5, 45, 27, 59, 34], [0, 19, 25, 13, 29, 54, 20, 26], [0, 31, 38, 9, 42, 41, 3], [0, 10, 62, 47, 4, 18, 1, 46, 43, 61], [0, 22, 50, 57, 51, 35, 17], [0, 21, 40, 14, 58, 32, 55, 53, 12], [0, 7, 16, 39, 23, 52, 37, 6, 28]]

res = 1653.14
res_int = 1648
solution = [[0, 11, 33, 44, 15, 56], [0, 31, 38, 9, 42, 41, 3], [0, 19, 25, 29, 54, 20, 26], [0, 28, 22, 55, 32, 58, 14, 40, 21], [0, 49, 8, 24, 36, 48, 60], [0, 30, 2, 5, 45, 27, 59, 34, 13], [0, 53, 50, 57, 51, 35, 17], [0, 12, 10, 39, 23, 61, 16, 7], [0, 43, 46, 1, 18, 4, 47, 62, 52, 37, 6]]

res = 1653.14
res_int = 1648
solution = [[0, 11, 33, 44, 15, 56], [0, 49, 8, 24, 36, 48, 60], [0, 31, 38, 9, 42, 41, 3], [0, 30, 2, 5, 45, 27, 59, 34, 13], [0, 19, 25, 29, 54, 20, 26], [0, 53, 50, 57, 51, 35, 17], [0, 21, 40, 14, 58, 32, 55, 22, 28], [0, 6, 37, 52, 62, 47, 4, 18, 1, 46, 43], [0, 12, 10, 39, 23, 61, 16, 7]]

res = 1653.299
res_int = 1647
solution = [[0, 19, 25, 13, 29, 54, 20, 26], [0, 30, 2, 5, 45, 27, 59, 34], [0, 56, 15, 44, 33, 11], [0, 31, 38, 9, 42, 41, 3], [0, 60, 48, 36, 24, 8, 49], [0, 21, 40, 14, 58, 32, 55, 53, 12], [0, 22, 50, 57, 51, 35, 17], [0, 62, 47, 4, 18, 1, 46, 43, 61, 16], [0, 28, 6, 37, 52, 23, 39, 10, 7]]

Mean = 1650.6731901193075
Execution = 451.6265516281128

Instance : A-n63-k10.xml
Time = 4.655096769332886

res = 1323.075
res_int = 1320
solution = [[0, 24, 55, 33, 60, 54, 21], [0, 20, 28, 32, 57, 62, 17], [0, 6, 27, 35, 8, 37], [0, 7, 23, 46, 61], [0, 15, 49, 14, 53, 56, 29, 40], [0, 31, 51, 58, 22, 11, 34, 47, 44, 50], [0, 13, 26, 4, 38, 30], [0, 45, 39, 1, 41, 2, 9, 12, 16], [0, 25, 18, 5, 3, 42, 19, 10, 59], [0, 52, 43, 36, 48]]

res = 1323.075
res_int = 1320
solution = [[0, 6, 27, 35, 8, 37], [0, 61, 46, 23, 7], [0, 24, 55, 33, 60, 54, 21], [0, 31, 51, 58, 22, 11, 34, 47, 44, 50], [0, 16, 12, 9, 2, 41, 1, 39, 45], [0, 15, 49, 14, 53, 56, 29, 40], [0, 20, 28, 32, 57, 62, 17], [0, 13, 26, 4, 38, 30], [0, 59, 10, 19, 42, 3, 5, 18, 25], [0, 52, 43, 36, 48]]

res = 1323.075
res_int = 1320
solution = [[0, 7, 23, 46, 61], [0, 15, 49, 14, 53, 56, 29, 40], [0, 20, 28, 32, 57, 62, 17], [0, 24, 55, 33, 60, 54, 21], [0, 31, 51, 58, 22, 11, 34, 47, 44, 50], [0, 6, 27, 35, 8, 37], [0, 13, 26, 4, 38, 30], [0, 16, 12, 9, 2, 41, 1, 39, 45], [0, 52, 43, 36, 48], [0, 25, 18, 5, 3, 42, 19, 10, 59]]

res = 1323.075
res_int = 1320
solution = [[0, 24, 55, 33, 60, 54, 21], [0, 61, 46, 23, 7], [0, 37, 8, 35, 27, 6], [0, 15, 49, 14, 53, 56, 29, 40], [0, 31, 51, 58, 22, 11, 34, 47, 44, 50], [0, 20, 28, 32, 57, 62, 17], [0, 13, 26, 4, 38, 30], [0, 45, 39, 1, 41, 2, 9, 12, 16], [0, 52, 43, 36, 48], [0, 59, 10, 19, 42, 3, 5, 18, 25]]

res = 1323.27
res_int = 1320
solution = [[0, 6, 27, 35, 8, 37], [0, 7, 23, 46, 61], [0, 20, 28, 32, 57, 50, 62, 17], [0, 24, 55, 33, 60, 54, 21], [0, 44, 47, 34, 11, 22, 58, 51, 31], [0, 15, 49, 14, 53, 56, 29, 40], [0, 13, 26, 4, 38, 30], [0, 16, 12, 9, 2, 41, 1, 39, 45], [0, 59, 10, 19, 42, 3, 5, 18, 25], [0, 52, 43, 36, 48]]

res = 1323.27
res_int = 1320
solution = [[0, 15, 49, 14, 53, 56, 29, 40], [0, 6, 27, 35, 8, 37], [0, 16, 12, 9, 2, 41, 1, 39, 45], [0, 7, 23, 46, 61], [0, 24, 55, 33, 60, 54, 21], [0, 13, 26, 4, 38, 30], [0, 44, 47, 34, 11, 22, 58, 51, 31], [0, 20, 28, 32, 57, 50, 62, 17], [0, 52, 43, 36, 48], [0, 59, 10, 19, 42, 3, 5, 18, 25]]

res = 1323.27
res_int = 1320
solution = [[0, 21, 54, 60, 33, 55, 24], [0, 20, 28, 32, 57, 50, 62, 17], [0, 6, 27, 35, 8, 37], [0, 7, 23, 46, 61], [0, 15, 49, 14, 53, 56, 29, 40], [0, 44, 47, 34, 11, 22, 58, 51, 31], [0, 13, 26, 4, 38, 30], [0, 45, 39, 1, 41, 2, 9, 12, 16], [0, 59, 10, 19, 42, 3, 5, 18, 25], [0, 52, 43, 36, 48]]

res = 1323.27
res_int = 1320
solution = [[0, 61, 46, 23, 7], [0, 21, 54, 60, 33, 55, 24], [0, 37, 8, 35, 27, 6], [0, 15, 49, 14, 53, 56, 29, 40], [0, 31, 51, 58, 22, 11, 34, 47, 44], [0, 16, 12, 9, 2, 41, 1, 39, 45], [0, 17, 62, 50, 57, 32, 28, 20], [0, 13, 26, 4, 38, 30], [0, 52, 43, 36, 48], [0, 59, 10, 19, 42, 3, 5, 18, 25]]

res = 1323.27
res_int = 1320
solution = [[0, 21, 54, 60, 33, 55, 24], [0, 15, 49, 14, 53, 56, 29, 40], [0, 7, 23, 46, 61], [0, 48, 36, 43, 52], [0, 30, 38, 4, 26, 13], [0, 6, 27, 35, 8, 37], [0, 44, 47, 34, 11, 22, 58, 51, 31], [0, 20, 28, 32, 57, 50, 62, 17], [0, 59, 10, 19, 42, 3, 5, 18, 25], [0, 16, 12, 9, 2, 41, 1, 39, 45]]

res = 1323.27
res_int = 1320
solution = [[0, 21, 54, 60, 33, 55, 24], [0, 61, 46, 23, 7], [0, 6, 27, 35, 8, 37], [0, 44, 47, 34, 11, 22, 58, 51, 31], [0, 20, 28, 32, 57, 50, 62, 17], [0, 15, 49, 14, 53, 56, 29, 40], [0, 16, 12, 9, 2, 41, 1, 39, 45], [0, 59, 10, 19, 42, 3, 5, 18, 25], [0, 52, 43, 36, 48], [0, 13, 26, 4, 38, 30]]

Mean = 1323.192143589112
Execution = 444.9250679016113

Instance : A-n64-k09.xml
Time = 5.31074333190918

res = 1433.158
res_int = 1433
solution = [[0, 23, 37, 5, 54, 4, 34, 9], [0, 48, 62, 33], [0, 20, 19, 51, 3, 53], [0, 25, 29, 11, 15, 45, 6], [0, 55, 49, 39, 44, 21, 7, 36, 40, 50, 31, 59], [0, 58, 2, 63, 47, 46, 8, 16, 60, 24], [0, 42, 32, 61, 13, 52, 56, 41, 10], [0, 30, 27, 14, 26, 35, 1, 17, 57], [0, 38, 43, 28, 12, 22, 18]]

res = 1433.158
res_int = 1433
solution = [[0, 23, 37, 5, 54, 4, 34, 9], [0, 48, 62, 33], [0, 58, 2, 63, 47, 46, 8, 16, 60, 24], [0, 30, 27, 14, 26, 35, 1, 17, 57], [0, 38, 43, 28, 12, 22, 18], [0, 53, 3, 51, 19, 20], [0, 59, 31, 50, 40, 36, 7, 21, 44, 39, 49, 55], [0, 10, 41, 56, 52, 13, 61, 32, 42], [0, 6, 45, 15, 11, 29, 25]]

res = 1433.158
res_int = 1433
solution = [[0, 48, 62, 33], [0, 58, 2, 63, 47, 46, 8, 16, 60, 24], [0, 23, 37, 5, 54, 4, 34, 9], [0, 20, 19, 51, 3, 53], [0, 55, 49, 39, 44, 21, 7, 40, 36, 50, 31, 59], [0, 57, 17, 1, 35, 26, 14, 27, 30], [0, 38, 43, 28, 12, 22, 18], [0, 25, 29, 11, 15, 45, 6], [0, 42, 32, 61, 13, 52, 56, 41, 10]]

res = 1434.391
res_int = 1434
solution = [[0, 48, 62, 33], [0, 23, 37, 5, 54, 4, 34, 9], [0, 18, 22, 12, 28, 43, 38], [0, 53, 3, 15, 29, 25, 6], [0, 11, 57, 17, 1, 27, 14, 30], [0, 45, 51, 19, 20, 42], [0, 35, 26, 21, 7, 44, 39, 36, 40, 50, 49, 55], [0, 59, 31, 58, 2, 63, 47, 46, 8, 16, 60, 32], [0, 56, 52, 24, 61, 13, 41, 10]]

res = 1436.535
res_int = 1436
solution = [[0, 48, 62, 33], [0, 9, 4, 54, 5, 34, 23, 37], [0, 53, 3, 51, 19, 20], [0, 24, 60, 16, 8, 46, 47, 63, 2, 58], [0, 42, 32, 61, 13, 52, 56, 41, 10], [0, 18, 22, 12, 28, 43, 38], [0, 55, 49, 39, 44, 21, 7, 36, 40, 50, 31, 59], [0, 6, 45, 15, 11, 29, 25], [0, 57, 17, 1, 35, 26, 14, 27, 30]]

res = 1436.535
res_int = 1436
solution = [[0, 48, 62, 33], [0, 9, 4, 54, 5, 34, 23, 37], [0, 53, 3, 51, 19, 20], [0, 18, 22, 12, 28, 43, 38], [0, 30, 27, 14, 26, 35, 1, 17, 57], [0, 55, 49, 39, 44, 21, 7, 36, 40, 50, 31, 59], [0, 25, 29, 11, 15, 45, 6], [0, 42, 32, 61, 13, 52, 56, 41, 10], [0, 24, 60, 16, 8, 46, 47, 63, 2, 58]]

res = 1444.509
res_int = 1444
solution = [[0, 32, 16, 60, 24, 61, 13, 52, 56, 41, 10], [0, 8, 46, 47, 63, 2, 58, 5, 37, 23, 9], [0, 55, 49, 39, 44, 21, 7, 36, 40, 50, 31, 59], [0, 25, 29, 15, 45, 6], [0, 33, 48, 53, 3, 11], [0, 62, 51, 20], [0, 42, 54, 4, 34, 19], [0, 18, 22, 12, 28, 43, 38], [0, 30, 27, 14, 26, 35, 1, 17, 57]]

res = 1445.152
res_int = 1444
solution = [[0, 9, 34, 4, 54, 5, 37, 23], [0, 18, 22, 38, 29, 25], [0, 12, 43, 1, 17, 57, 11, 15], [0, 58, 2, 63, 47, 46, 8, 16, 60, 24], [0, 20, 19, 51, 33], [0, 59, 31, 50, 36, 40, 7, 21, 44, 39, 49, 55], [0, 53, 3, 30, 27, 14, 26, 35, 28], [0, 42, 32, 61, 13, 52, 56, 41, 10], [0, 48, 62, 45, 6]]

res = 1445.152
res_int = 1444
solution = [[0, 9, 34, 4, 54, 5, 37, 23], [0, 58, 2, 63, 47, 46, 8, 16, 60, 24], [0, 20, 19, 51, 33], [0, 48, 62, 45, 6], [0, 28, 35, 26, 14, 27, 30, 3, 53], [0, 12, 43, 1, 17, 57, 11, 15], [0, 55, 49, 39, 44, 21, 7, 40, 36, 50, 31, 59], [0, 10, 41, 56, 52, 13, 61, 32, 42], [0, 18, 22, 38, 29, 25]]

res = 1445.152
res_int = 1444
solution = [[0, 9, 34, 4, 54, 5, 37, 23], [0, 12, 43, 1, 17, 57, 11, 15], [0, 59, 31, 50, 36, 40, 7, 21, 44, 39, 49, 55], [0, 48, 62, 45, 6], [0, 53, 3, 30, 27, 14, 26, 35, 28], [0, 58, 2, 63, 47, 46, 8, 16, 60, 24], [0, 20, 19, 51, 33], [0, 42, 32, 61, 13, 52, 56, 41, 10], [0, 18, 22, 38, 29, 25]]

Mean = 1438.6900313186738
Execution = 553.9270899295807

Instance : A-n65-k09.xml
Time = 4.824245452880859

res = 1181.687
res_int = 1174
solution = [[0, 28, 23, 57, 48, 54, 63, 11, 7], [0, 17, 51, 39, 62, 29, 55], [0, 33, 1, 12, 13, 24, 52, 25, 21], [0, 44, 59, 40, 58, 20, 32], [0, 18, 19, 8, 10, 56, 53, 5], [0, 15, 22, 9, 14, 27, 43], [0, 47, 34, 31, 26, 6, 64, 46], [0, 30, 37, 35, 36, 3, 4, 49], [0, 60, 50, 16, 41, 2, 38, 42, 61, 45]]

res = 1181.687
res_int = 1174
solution = [[0, 45, 61, 42, 38, 2, 41, 16, 50, 60], [0, 15, 22, 9, 14, 27, 43], [0, 47, 34, 31, 26, 6, 64, 46], [0, 44, 59, 40, 58, 20, 32], [0, 28, 23, 57, 48, 54, 11, 63, 7], [0, 30, 37, 35, 36, 3, 4, 49], [0, 55, 29, 62, 39, 51, 17], [0, 33, 1, 12, 13, 24, 52, 25, 21], [0, 18, 19, 8, 10, 56, 53, 5]]

res = 1181.687
res_int = 1174
solution = [[0, 45, 61, 42, 38, 2, 41, 16, 50, 60], [0, 17, 51, 39, 62, 29, 55], [0, 33, 1, 12, 13, 24, 52, 25, 21], [0, 44, 59, 40, 58, 20, 32], [0, 18, 19, 8, 10, 56, 53, 5], [0, 30, 37, 35, 36, 3, 4, 49], [0, 47, 34, 31, 26, 6, 64, 46], [0, 7, 63, 11, 54, 48, 57, 23, 28], [0, 15, 22, 9, 14, 27, 43]]

res = 1181.687
res_int = 1174
solution = [[0, 45, 61, 42, 38, 2, 41, 16, 50, 60], [0, 28, 23, 57, 48, 54, 63, 11, 7], [0, 15, 22, 9, 14, 27, 43], [0, 47, 34, 31, 26, 6, 64, 46], [0, 30, 37, 35, 36, 3, 4, 49], [0, 55, 29, 62, 39, 51, 17], [0, 33, 1, 12, 13, 24, 52, 25, 21], [0, 44, 59, 40, 58, 20, 32], [0, 18, 19, 8, 10, 56, 53, 5]]

res = 1181.687
res_int = 1174
solution = [[0, 45, 61, 42, 38, 2, 41, 16, 50, 60], [0, 47, 34, 31, 26, 6, 64, 46], [0, 30, 37, 35, 36, 3, 4, 49], [0, 15, 22, 9, 14, 27, 43], [0, 28, 23, 57, 48, 54, 63, 11, 7], [0, 55, 29, 62, 39, 51, 17], [0, 21, 25, 52, 24, 13, 12, 1, 33], [0, 44, 59, 40, 58, 20, 32], [0, 18, 19, 8, 10, 56, 53, 5]]

res = 1185.51
res_int = 1178
solution = [[0, 60, 50, 16, 41, 2, 38, 42, 61, 45], [0, 47, 34, 31, 26, 6, 64, 46], [0, 7, 11, 63, 54, 48, 57, 23, 28], [0, 30, 37, 35, 36, 3, 4, 49], [0, 15, 22, 9, 14, 27, 43], [0, 18, 8, 10, 44, 53, 5], [0, 56, 59, 40, 58, 20, 32], [0, 55, 29, 62, 39, 51, 17], [0, 33, 1, 12, 13, 19, 24, 52, 25, 21]]

res = 1187.539
res_int = 1180
solution = [[0, 60, 50, 16, 41, 2, 38, 42, 61, 45], [0, 30, 37, 35, 36, 3, 4, 49], [0, 56, 59, 40, 58, 20, 32], [0, 15, 22, 9, 14, 27, 43], [0, 46, 64, 6, 26, 31, 34, 47], [0, 17, 51, 39, 28, 33, 1, 12, 13], [0, 62, 23, 57, 48, 54, 11, 63, 7], [0, 29, 55, 21, 25, 53, 5], [0, 44, 10, 8, 52, 24, 19, 18]]

res = 1187.539
res_int = 1180
solution = [[0, 44, 59, 40, 58, 20, 32], [0, 18, 19, 24, 52, 8, 10, 56], [0, 45, 61, 42, 38, 2, 41, 16, 50, 60], [0, 43, 27, 14, 9, 22, 15], [0, 30, 37, 35, 36, 3, 4, 49], [0, 46, 64, 6, 26, 31, 34, 47], [0, 62, 23, 57, 48, 54, 63, 11, 7], [0, 5, 53, 25, 21, 55, 29], [0, 17, 51, 39, 28, 33, 1, 12, 13]]

res = 1190.826
res_int = 1183
solution = [[0, 47, 34, 31, 26, 6, 64, 46], [0, 32, 20, 58, 40, 59, 44], [0, 7, 11, 63, 54, 48, 57, 23, 28], [0, 18, 19, 8, 10, 56, 53, 5], [0, 21, 25, 52, 24, 13, 12, 1, 33], [0, 15, 22, 9, 14, 27, 43], [0, 17, 51, 39, 55, 29, 62], [0, 30, 37, 35, 36, 3, 4, 49], [0, 45, 61, 42, 38, 2, 41, 16, 50, 60]]

res = 1190.826
res_int = 1183
solution = [[0, 47, 34, 31, 26, 6, 64, 46], [0, 32, 20, 58, 40, 59, 44], [0, 45, 61, 42, 38, 2, 41, 16, 50, 60], [0, 7, 11, 63, 54, 48, 57, 23, 28], [0, 30, 37, 35, 36, 3, 4, 49], [0, 15, 22, 9, 14, 27, 43], [0, 17, 51, 39, 55, 29, 62], [0, 21, 25, 52, 24, 13, 12, 1, 33], [0, 18, 19, 8, 10, 56, 53, 5]]

Mean = 1185.0676449075274
Execution = 427.21219301223755

Instance : A-n69-k09.xml
Time = 5.794404029846191

res = 1170.939
res_int = 1166
solution = [[0, 12, 29, 40, 39, 56, 62], [0, 37, 17, 32, 10, 36, 1, 48, 16], [0, 66, 13, 44, 15, 3, 6, 51, 30, 9, 49, 33, 2], [0, 68, 41, 35, 45, 20, 59, 8, 38], [0, 24, 22, 58, 23, 19], [0, 67, 21, 61, 64, 53, 18, 31], [0, 34, 14, 47, 4, 60, 55, 65, 27, 7], [0, 43, 52, 26, 54, 28], [0, 50, 5, 46, 63, 11, 25, 42, 57]]

res = 1172.375
res_int = 1167
solution = [[0, 12, 29, 40, 39, 56, 62], [0, 67, 21, 61, 64, 53, 18, 31], [0, 16, 48, 1, 36, 10, 32, 17, 37], [0, 68, 41, 35, 45, 20, 59, 8, 38], [0, 50, 5, 46, 63, 11, 25, 42, 57], [0, 34, 14, 47, 4, 60, 55, 65, 27, 7], [0, 28, 54, 26, 52, 43, 24], [0, 66, 13, 44, 15, 3, 6, 51, 30, 9, 49, 33, 2], [0, 22, 58, 23, 19]]

res = 1172.435
res_int = 1167
solution = [[0, 67, 21, 61, 64, 2, 53, 18, 31], [0, 34, 14, 47, 4, 60, 55, 65, 27, 7], [0, 33, 49, 9, 30, 51, 6, 3, 15, 44, 13, 66], [0, 50, 5, 46, 63, 11, 25, 42, 57], [0, 68, 41, 35, 45, 20, 59, 8, 38], [0, 62, 56, 39, 40, 29, 12], [0, 16, 48, 1, 36, 10, 17, 32, 37], [0, 24, 22, 58, 23, 19], [0, 43, 52, 26, 54, 28]]

res = 1172.577
res_int = 1167
solution = [[0, 67, 21, 61, 64, 53, 18, 31], [0, 12, 29, 40, 39, 56, 62], [0, 16, 48, 1, 36, 10, 17, 32, 37], [0, 68, 41, 35, 45, 20, 59, 8, 38], [0, 66, 13, 44, 15, 3, 6, 51, 30, 9, 49, 33, 2], [0, 19, 23, 58, 22, 24], [0, 7, 27, 65, 55, 60, 4, 47, 34], [0, 57, 42, 11, 63, 25, 14, 28], [0, 26, 54, 46, 5, 50, 52, 43]]

res = 1172.577
res_int = 1167
solution = [[0, 66, 13, 44, 15, 3, 6, 51, 30, 9, 49, 33, 2], [0, 68, 41, 35, 45, 20, 59, 8, 38], [0, 19, 23, 58, 22, 24], [0, 67, 21, 61, 64, 53, 18, 31], [0, 62, 56, 39, 40, 29, 12], [0, 16, 48, 1, 36, 10, 17, 32, 37], [0, 26, 54, 46, 5, 50, 52, 43], [0, 34, 47, 4, 60, 55, 65, 27, 7], [0, 57, 42, 11, 63, 25, 14, 28]]

res = 1173.99
res_int = 1169
solution = [[0, 37, 17, 32, 10, 36, 1, 48, 16], [0, 12, 29, 40, 39, 56, 62], [0, 34, 14, 47, 4, 60, 55, 65, 27, 7], [0, 68, 41, 35, 45, 20, 59, 8, 38], [0, 2, 33, 49, 9, 30, 51, 6, 3, 15, 44, 13, 66], [0, 31, 18, 53, 64, 61, 67, 21], [0, 24, 22, 58, 23, 19], [0, 43, 52, 26, 54, 28], [0, 50, 5, 46, 63, 11, 25, 42, 57]]

res = 1176.22
res_int = 1173
solution = [[0, 16, 48, 1, 36, 10, 32, 17, 37], [0, 13, 44, 15, 3, 6, 51, 30, 9, 49, 33, 2], [0, 68, 41, 35, 45, 20, 59, 8, 38, 29], [0, 34, 14, 47, 4, 60, 55, 65, 27, 7], [0, 31, 18, 53, 64, 61, 67, 21], [0, 26, 5, 46, 63, 11, 25, 42, 57, 28], [0, 40, 39, 56, 62, 50, 54], [0, 52, 43, 24], [0, 58, 22, 12, 66, 23, 19]]

res = 1176.22
res_int = 1173
solution = [[0, 31, 18, 53, 64, 61, 67, 21], [0, 34, 14, 47, 4, 60, 55, 65, 27, 7], [0, 37, 32, 17, 10, 36, 1, 48, 16], [0, 58, 22, 12, 66, 23, 19], [0, 40, 39, 56, 62, 50, 54], [0, 68, 41, 35, 45, 20, 59, 8, 38, 29], [0, 13, 44, 15, 3, 6, 51, 30, 9, 49, 33, 2], [0, 26, 5, 46, 63, 11, 25, 42, 57, 28], [0, 52, 43, 24]]

res = 1176.705
res_int = 1173
solution = [[0, 12, 29, 40, 39, 56, 62], [0, 68, 41, 35, 45, 20, 59, 8, 38], [0, 48, 1, 36, 10, 17, 32, 37, 54], [0, 31, 18, 53, 2, 64, 61, 67, 21], [0, 34, 14, 47, 4, 60, 55, 65, 27, 7], [0, 33, 49, 9, 30, 51, 6, 3, 15, 44, 13, 66], [0, 19, 23, 58, 22, 24], [0, 26, 50, 16, 52, 43], [0, 5, 46, 63, 11, 25, 42, 57, 28]]

res = 1178.14
res_int = 1170
solution = [[0, 62, 56, 39, 8, 59, 20, 41], [0, 13, 45, 35, 44, 15, 3, 6, 51, 30], [0, 16, 48, 1, 36, 10, 32, 17, 37], [0, 34, 14, 47, 4, 60, 55, 65, 27], [0, 18, 53, 2, 33, 49, 9, 23, 19], [0, 31, 64, 61, 21, 67, 7], [0, 58, 66, 68, 38, 40, 29, 12, 22], [0, 24, 43, 52, 26, 54, 28], [0, 50, 5, 46, 63, 11, 25, 42, 57]]

Mean = 1174.2178038861177
Execution = 533.8482220172882

Instance : A-n80-k10.xml
Time = 8.638617992401123

res = 1796.822
res_int = 1792
solution = [[0, 63, 11, 52, 34, 2, 37, 8, 68, 78], [0, 54, 9, 55, 56, 69, 65, 35, 26, 19, 47, 41, 15, 33, 64], [0, 61, 16, 43, 57, 20, 75, 25, 46], [0, 76, 72, 50, 45, 22, 4, 32, 58], [0, 53, 39, 60, 3, 77, 51, 42], [0, 14, 48, 18, 79, 28, 71, 10], [0, 1, 7, 21, 40], [0, 73, 36, 66, 67, 70, 38, 49], [0, 62, 23, 24, 6, 30, 44, 12], [0, 5, 59, 27, 31, 17, 29, 74, 13]]

res = 1798.435
res_int = 1792
solution = [[0, 5, 59, 27, 31, 17, 29, 74, 13], [0, 61, 16, 43, 57, 20, 75, 25, 46], [0, 54, 9, 55, 56, 69, 65, 35, 26, 19, 47, 41, 15, 33, 64], [0, 12, 44, 23, 30, 6, 24, 62], [0, 78, 68, 8, 37, 2, 34, 52, 11, 63], [0, 40, 21, 7, 1], [0, 14, 48, 18, 79, 28, 71, 10], [0, 76, 72, 50, 45, 22, 4, 32, 58], [0, 73, 36, 67, 66, 70, 38, 49], [0, 53, 39, 60, 3, 77, 51, 42]]

res = 1799.651
res_int = 1795
solution = [[0, 33, 15, 41, 47, 19, 26, 35, 65, 69, 56, 55, 9, 54, 72, 70], [0, 74, 17, 31, 27, 59, 25, 46, 64], [0, 20, 75, 57, 61, 16, 43, 68, 78, 30, 44], [0, 58, 32, 4, 22, 45, 50, 76], [0, 49, 73, 38, 66, 67, 53, 36], [0, 14, 48, 18, 79, 28, 71, 10], [0, 52, 34, 2, 37, 8, 6, 24, 12], [0, 29, 5, 23, 11, 63, 62], [0, 1, 7, 21, 40], [0, 42, 51, 77, 39, 60, 3, 13]]

res = 1799.89
res_int = 1795
solution = [[0, 63, 11, 52, 34, 2, 37, 8, 68, 78], [0, 54, 9, 55, 56, 69, 65, 35, 26, 19, 47, 41, 15, 33, 64], [0, 46, 25, 75, 20, 57, 43, 16, 61], [0, 5, 59, 27, 31, 17, 29, 74, 13], [0, 12, 44, 30, 6, 24, 23, 62], [0, 14, 48, 18, 79, 28, 71, 10], [0, 1, 7, 21, 40], [0, 53, 39, 60, 3, 77, 51, 42], [0, 32, 4, 22, 45, 50, 76, 72, 70], [0, 49, 38, 58, 66, 67, 36, 73]]

res = 1799.895
res_int = 1795
solution = [[0, 14, 48, 18, 79, 28, 71, 10], [0, 12, 44, 30, 6, 24, 23, 62], [0, 54, 9, 55, 56, 69, 65, 35, 26, 19, 47, 41, 15, 33, 64], [0, 63, 11, 52, 34, 2, 37, 8, 68, 78], [0, 76, 72, 50, 45, 22, 4, 32, 58], [0, 49, 73, 38, 70, 66, 67, 53, 36], [0, 61, 16, 43, 57, 20, 75, 25, 46], [0, 5, 59, 27, 31, 17, 29, 74, 13], [0, 3, 60, 39, 77, 51, 42], [0, 1, 7, 21, 40]]

res = 1800.271
res_int = 1797
solution = [[0, 63, 11, 52, 34, 2, 37, 8, 68, 78], [0, 54, 9, 55, 56, 69, 65, 35, 26, 19, 47, 41, 15, 33, 64], [0, 46, 25, 75, 20, 57, 43, 16, 61], [0, 5, 59, 27, 31, 17, 29, 74], [0, 12, 44, 30, 6, 24, 23, 62], [0, 73, 36, 53, 67, 66, 70, 38, 49], [0, 58, 32, 4, 22, 45, 50, 76, 72], [0, 14, 48, 18, 79, 28, 71, 10], [0, 42, 51, 77, 39, 60, 3, 13], [0, 1, 7, 21, 40]]

res = 1801.218
res_int = 1796
solution = [[0, 54, 9, 55, 56, 69, 65, 35, 26, 19, 47, 41, 15, 33, 64], [0, 53, 39, 60, 3, 77, 51, 42], [0, 1, 7, 21, 40], [0, 46, 25, 75, 20, 57, 43, 16, 61], [0, 78, 68, 8, 37, 2, 34, 52, 11, 63], [0, 70, 72, 76, 50, 45, 22, 4, 32], [0, 73, 36, 67, 66, 58, 38, 49], [0, 12, 44, 59, 27, 31, 17, 29, 74], [0, 14, 48, 18, 79, 28, 71, 10], [0, 62, 23, 24, 6, 30, 5, 13]]

res = 1802.235
res_int = 1800
solution = [[0, 54, 9, 55, 56, 69, 65, 35, 26, 19, 47, 41, 15, 33, 64], [0, 58, 32, 4, 22, 45, 50, 76, 72], [0, 49, 38, 70, 66, 67, 53, 36, 73], [0, 46, 25, 75, 20, 57, 61, 16, 43, 78], [0, 12, 44, 5, 59, 27, 31, 17, 74], [0, 13, 3, 60, 39, 77, 51, 42], [0, 1, 7, 21, 40], [0, 14, 48, 18, 79, 28, 71, 10], [0, 63, 52, 34, 2, 37, 8, 68, 29], [0, 11, 24, 6, 30, 23, 62]]

res = 1802.746
res_int = 1799
solution = [[0, 10, 71, 28, 79, 18, 48, 14], [0, 52, 34, 2, 37, 24, 6, 30, 5, 44], [0, 27, 59, 78, 8, 68, 43, 16, 61, 75, 20], [0, 58, 32, 4, 22, 45, 50, 76, 70], [0, 3, 60, 31, 17, 29, 74, 13], [0, 51, 77, 39, 64, 33, 15, 55, 9, 54, 72, 38], [0, 46, 25, 19, 57, 26, 35, 65, 69, 56, 47, 41], [0, 42, 53, 67, 66, 36, 73, 49], [0, 1, 7, 21, 40], [0, 62, 63, 11, 23, 12]]

res = 1802.94
res_int = 1798
solution = [[0, 76, 72, 50, 45, 22, 4, 32, 58], [0, 54, 9, 55, 56, 69, 65, 35, 26, 19, 47, 41, 15, 33, 64], [0, 29, 27, 59, 25, 46, 31, 17, 74], [0, 73, 36, 53, 67, 66, 70, 38, 49], [0, 71, 52, 28, 79, 34, 11, 63], [0, 24, 8, 37, 2, 18, 48, 14, 10], [0, 20, 75, 57, 61, 16, 43, 68, 78, 30], [0, 42, 51, 77, 39, 60, 3, 13], [0, 1, 7, 21, 40], [0, 12, 44, 5, 6, 23, 62]]

Mean = 1800.410419214232
Execution = 655.7827038764954

Instance : B-n31-k05.xml
Time = 1.2054553031921387

res = 676.088
res_int = 672
solution = [[0, 14, 15, 11, 24, 19, 1, 3], [0, 26, 28, 12, 23, 30, 8], [0, 2, 10, 27, 20], [0, 29, 4, 25, 5, 18, 16, 21], [0, 7, 13, 17, 9, 6, 22]]

res = 676.088
res_int = 672
solution = [[0, 7, 13, 17, 9, 6, 22], [0, 8, 30, 23, 12, 28, 26], [0, 21, 16, 18, 5, 25, 4, 29], [0, 20, 27, 10, 2], [0, 3, 1, 19, 24, 11, 15, 14]]

res = 676.088
res_int = 672
solution = [[0, 8, 7, 23, 12, 28, 26], [0, 20, 27, 10, 2], [0, 14, 15, 11, 24, 19, 1, 3], [0, 29, 4, 25, 5, 18, 16, 21], [0, 30, 17, 13, 9, 6, 22]]

res = 676.088
res_int = 672
solution = [[0, 8, 7, 23, 12, 28, 26], [0, 22, 6, 9, 13, 17, 30], [0, 21, 16, 18, 5, 25, 4, 29], [0, 20, 27, 10, 2], [0, 14, 15, 11, 24, 19, 1, 3]]

res = 676.088
res_int = 672
solution = [[0, 8, 30, 23, 12, 28, 26], [0, 2, 10, 27, 20], [0, 14, 15, 11, 24, 19, 1, 3], [0, 29, 4, 25, 5, 18, 16, 21], [0, 22, 6, 9, 17, 13, 7]]

res = 676.088
res_int = 672
solution = [[0, 8, 30, 23, 12, 28, 26], [0, 20, 27, 10, 2], [0, 14, 15, 11, 24, 19, 1, 3], [0, 29, 4, 25, 5, 18, 16, 21], [0, 22, 6, 9, 17, 13, 7]]

res = 676.088
res_int = 672
solution = [[0, 8, 30, 23, 12, 28, 26], [0, 21, 16, 18, 5, 25, 4, 29], [0, 20, 27, 10, 2], [0, 14, 15, 11, 24, 19, 1, 3], [0, 22, 6, 9, 17, 13, 7]]

res = 676.088
res_int = 672
solution = [[0, 8, 30, 23, 12, 28, 26], [0, 21, 16, 18, 5, 25, 4, 29], [0, 22, 6, 9, 13, 17, 7], [0, 20, 27, 10, 2], [0, 14, 15, 11, 24, 19, 1, 3]]

res = 676.088
res_int = 672
solution = [[0, 8, 30, 23, 12, 28, 26], [0, 21, 16, 18, 5, 25, 4, 29], [0, 22, 6, 9, 17, 13, 7], [0, 20, 27, 10, 2], [0, 14, 15, 11, 24, 19, 1, 3]]

res = 676.088
res_int = 672
solution = [[0, 8, 30, 23, 12, 28, 26], [0, 22, 6, 9, 17, 13, 7], [0, 21, 16, 18, 5, 25, 4, 29], [0, 20, 27, 10, 2], [0, 3, 1, 19, 24, 11, 15, 14]]

Mean = 676.0884122584412
Execution = 364.5852630138397

Instance : B-n34-k05.xml
Time = 1.4525020122528076

res = 789.841
res_int = 788
solution = [[0, 2, 7, 21, 4, 20, 8, 26], [0, 14, 9], [0, 15, 13, 28, 31, 17, 25, 6, 5], [0, 1, 19, 18, 16, 24, 29, 27, 3, 30, 11], [0, 22, 32, 33, 10, 23, 12]]

res = 789.841
res_int = 788
solution = [[0, 2, 7, 21, 4, 20, 8, 26], [0, 15, 13, 28, 31, 17, 25, 6, 5], [0, 14, 9], [0, 1, 19, 18, 16, 24, 29, 27, 3, 30, 11], [0, 22, 32, 33, 23, 10, 12]]

res = 789.841
res_int = 788
solution = [[0, 12, 10, 23, 33, 32, 22], [0, 15, 13, 28, 31, 17, 25, 6, 5], [0, 26, 8, 20, 4, 21, 7, 2], [0, 1, 19, 18, 16, 24, 29, 27, 3, 30, 11], [0, 9, 14]]

res = 789.841
res_int = 788
solution = [[0, 12, 23, 10, 33, 32, 22], [0, 15, 13, 28, 31, 17, 25, 6, 5], [0, 2, 21, 7, 4, 20, 8, 26], [0, 11, 30, 3, 27, 29, 24, 16, 18, 19, 1], [0, 9, 14]]

res = 789.841
res_int = 788
solution = [[0, 15, 13, 28, 31, 17, 25, 6, 5], [0, 2, 7, 21, 4, 20, 8, 26], [0, 14, 9], [0, 1, 19, 18, 16, 24, 29, 27, 3, 30, 11], [0, 22, 32, 33, 23, 10, 12]]

res = 789.841
res_int = 788
solution = [[0, 15, 13, 28, 31, 17, 25, 6, 5], [0, 14, 9], [0, 2, 7, 21, 4, 20, 8, 26], [0, 1, 19, 18, 16, 24, 29, 27, 3, 30, 11], [0, 22, 32, 33, 10, 23, 12]]

res = 789.841
res_int = 788
solution = [[0, 15, 13, 28, 31, 17, 25, 6, 5], [0, 22, 32, 33, 10, 23, 12], [0, 2, 7, 21, 4, 20, 8, 26], [0, 1, 19, 18, 16, 24, 29, 27, 3, 30, 11], [0, 9, 14]]

res = 789.841
res_int = 788
solution = [[0, 15, 13, 28, 31, 17, 25, 6, 5], [0, 22, 32, 33, 10, 23, 12], [0, 2, 7, 21, 4, 20, 8, 26], [0, 1, 19, 18, 16, 24, 29, 27, 3, 30, 11], [0, 14, 9]]

res = 789.841
res_int = 788
solution = [[0, 15, 13, 28, 31, 17, 25, 6, 5], [0, 26, 8, 20, 4, 7, 21, 2], [0, 9, 14], [0, 1, 19, 18, 16, 24, 29, 27, 3, 30, 11], [0, 22, 32, 33, 10, 23, 12]]

res = 789.841
res_int = 788
solution = [[0, 15, 13, 28, 31, 17, 25, 6, 5], [0, 26, 8, 20, 4, 7, 21, 2], [0, 9, 14], [0, 1, 19, 18, 16, 24, 29, 27, 3, 30, 11], [0, 22, 32, 33, 10, 23, 12]]

Mean = 789.8408678128491
Execution = 401.1610436439514

Instance : B-n35-k05.xml
Time = 1.5787291526794434

res = 958.893
res_int = 958
solution = [[0, 15, 30, 5, 11, 19, 2, 32, 13], [0, 34, 27, 24, 28, 4, 14, 22], [0, 20, 7, 9, 1, 23, 16, 10, 12], [0, 8, 31, 25, 21], [0, 6, 33, 3, 18, 26, 29, 17]]

res = 958.893
res_int = 958
solution = [[0, 15, 30, 5, 11, 19, 2, 32, 13], [0, 34, 27, 24, 28, 4, 14, 22], [0, 20, 7, 9, 1, 23, 16, 10, 12], [0, 8, 31, 25, 21], [0, 6, 33, 3, 18, 26, 29, 17]]

res = 958.893
res_int = 958
solution = [[0, 34, 27, 24, 28, 4, 14, 22], [0, 15, 30, 5, 11, 19, 2, 32, 13], [0, 20, 7, 9, 1, 23, 16, 10, 12], [0, 29, 17, 26, 18, 3, 33, 6], [0, 8, 31, 25, 21]]

res = 958.893
res_int = 958
solution = [[0, 12, 10, 16, 23, 1, 9, 7, 20], [0, 13, 32, 2, 19, 11, 5, 30, 15], [0, 34, 27, 24, 28, 4, 14, 22], [0, 6, 33, 3, 18, 26, 29, 17], [0, 21, 25, 31, 8]]

res = 958.893
res_int = 958
solution = [[0, 12, 10, 16, 23, 1, 9, 7, 20], [0, 15, 30, 5, 11, 19, 2, 32, 13], [0, 34, 27, 24, 28, 4, 14, 22], [0, 21, 25, 31, 8], [0, 29, 17, 26, 18, 3, 33, 6]]

res = 958.893
res_int = 958
solution = [[0, 12, 10, 16, 23, 1, 9, 7, 20], [0, 34, 27, 24, 28, 4, 14, 22], [0, 13, 32, 2, 19, 11, 5, 30, 15], [0, 6, 33, 3, 18, 26, 29, 17], [0, 21, 25, 31, 8]]

res = 958.893
res_int = 958
solution = [[0, 13, 32, 2, 19, 11, 5, 30, 15], [0, 34, 27, 24, 28, 4, 14, 22], [0, 12, 10, 16, 23, 1, 9, 7, 20], [0, 21, 25, 31, 8], [0, 29, 17, 26, 18, 3, 33, 6]]

res = 958.893
res_int = 958
solution = [[0, 13, 32, 2, 19, 11, 5, 30, 15], [0, 34, 27, 24, 28, 4, 14, 22], [0, 20, 7, 9, 1, 23, 16, 10, 12], [0, 29, 17, 26, 18, 3, 33, 6], [0, 21, 25, 31, 8]]

res = 958.893
res_int = 958
solution = [[0, 15, 30, 5, 11, 19, 2, 32, 13], [0, 12, 10, 16, 23, 1, 9, 7, 20], [0, 34, 27, 24, 28, 4, 14, 22], [0, 6, 33, 3, 18, 26, 29, 17], [0, 21, 25, 31, 8]]

res = 958.893
res_int = 958
solution = [[0, 15, 30, 5, 11, 19, 2, 32, 13], [0, 12, 10, 16, 23, 1, 9, 7, 20], [0, 34, 27, 24, 28, 4, 14, 22], [0, 6, 33, 3, 18, 26, 29, 17], [0, 21, 25, 31, 8]]

Mean = 958.8934983452853
Execution = 410.03939986228943

Instance : B-n38-k06.xml
Time = 1.7726843357086182
Time = 1.2983825206756592
Time = 1.3618800640106201

res = 953
res_int = 953
solution = [[0, 12, 39, 36, 42, 4, 16, 22, 9], [0, 11, 40, 30, 19, 34, 37, 24], [0, 3, 10, 8, 41, 33, 21, 5, 20, 32], [0, 26, 29, 43, 17, 18, 27], [0, 28, 7, 13, 15, 25, 2, 38], [0, 23], [0, 14, 31, 35, 1, 44, 6]]

res = 953
res_int = 953
solution = [[0, 26, 29, 43, 17, 18, 27], [0, 3, 10, 8, 41, 33, 21, 5, 20, 32], [0, 24, 37, 34, 19, 30, 40, 11], [0, 28, 7, 13, 15, 25, 2, 38], [0, 23], [0, 12, 39, 36, 42, 4, 16, 22, 9], [0, 6, 44, 1, 35, 31, 14]]

res = 953
res_int = 953
solution = [[0, 27, 18, 17, 43, 29, 26], [0, 11, 40, 30, 19, 34, 37, 24], [0, 14, 31, 35, 1, 44, 6], [0, 3, 10, 8, 41, 33, 21, 5, 20, 32], [0, 23], [0, 38, 2, 25, 15, 13, 7, 28], [0, 12, 39, 36, 42, 4, 16, 22, 9]]

res = 956
res_int = 956
solution = [[0, 11, 40, 30, 19, 34, 37, 24], [0, 27, 18, 17, 43, 29, 26], [0, 6, 44, 1, 14, 35, 31], [0, 28, 7, 13, 15, 25, 2, 38], [0, 3, 10, 8, 41, 33, 21, 5, 20, 32], [0, 12, 39, 36, 42, 4, 16, 22, 9], [0, 23]]

res = 956
res_int = 956
solution = [[0, 12, 39, 36, 42, 4, 16, 22, 9], [0, 11, 40, 30, 19, 34, 37, 24], [0, 3, 10, 8, 41, 33, 21, 5, 20, 32], [0, 26, 29, 43, 17, 18, 27], [0, 23], [0, 6, 44, 1, 14, 35, 31], [0, 28, 7, 13, 15, 25, 2, 38]]

res = 959
res_int = 959
solution = [[0, 2, 25, 12, 39, 36, 42, 4, 16, 9, 23], [0, 27, 18, 17, 43, 29, 26], [0, 11, 40, 30, 19, 34, 37, 24], [0, 14, 31, 35, 1, 44, 6], [0, 38], [0, 20, 5, 21, 33, 41, 8, 10, 3], [0, 28, 7, 32, 13, 22, 15]]

res = 959
res_int = 959
solution = [[0, 11, 40, 30, 19, 34, 37, 24], [0, 2, 25, 12, 39, 36, 42, 4, 16, 9, 23], [0, 27, 18, 17, 43, 29, 26], [0, 38], [0, 14, 31, 35, 1, 44, 6], [0, 20, 5, 21, 33, 41, 8, 10, 3], [0, 28, 7, 32, 13, 22, 15]]

res = 959
res_int = 959
solution = [[0, 11, 40, 30, 19, 34, 37, 24], [0, 26, 29, 43, 17, 18, 27], [0, 2, 25, 12, 39, 36, 42, 4, 16, 9, 23], [0, 20, 5, 21, 33, 41, 8, 10, 3], [0, 28, 7, 32, 13, 22, 15], [0, 38], [0, 6, 44, 1, 35, 31, 14]]

res = 959
res_int = 959
solution = [[0, 11, 40, 30, 19, 34, 37, 24], [0, 27, 18, 17, 43, 29, 26], [0, 3, 10, 8, 41, 33, 21, 5, 20, 32], [0, 2, 25, 12, 39, 36, 42, 4, 16, 9, 23], [0, 28, 7, 13, 22, 15], [0, 14, 31, 35, 1, 44, 6], [0, 38]]

res = 959
res_int = 959
solution = [[0, 11, 40, 30, 19, 34, 37, 24], [0, 27, 18, 17, 43, 29, 26], [0, 20, 5, 21, 33, 41, 8, 10, 3], [0, 28, 7, 32, 13, 22, 15], [0, 2, 25, 12, 39, 36, 42, 4, 16, 9, 23], [0, 14, 31, 35, 1, 44, 6], [0, 38]]

Mean = 956.6
Execution = 674.5022737979889

Time = 1.2996349334716797
Time = 1.3170506954193115
Time = 1.3338449001312256
Time = 1.3257832527160645

res = 955
res_int = 955
solution = [[0, 3, 10, 8, 41, 33, 21, 5, 20, 32], [0, 13, 17, 18, 43, 29], [0, 12, 39, 36, 42, 4, 16, 22, 9], [0, 1, 44, 6, 24, 7, 28], [0, 15, 25, 2, 38, 31, 35, 14], [0, 37, 34, 19, 30, 40, 11, 27, 26, 23]]

res = 956
res_int = 956
solution = [[0, 6, 44, 1, 14, 35, 31], [0, 23], [0, 12, 39, 36, 42, 4, 16, 22, 9], [0, 11, 40, 30, 19, 34, 37, 24], [0, 27, 18, 17, 43, 29, 26], [0, 38, 2, 25, 15, 13, 7, 28], [0, 3, 10, 8, 41, 33, 21, 5, 20, 32]]

res = 956
res_int = 956
solution = [[0, 27, 18, 17, 43, 29, 26], [0, 11, 40, 30, 19, 34, 37, 24], [0, 6, 44, 1, 14, 35, 31], [0, 12, 39, 36, 42, 4, 16, 22, 9], [0, 28, 7, 13, 15, 25, 2, 38], [0, 23], [0, 3, 10, 8, 41, 33, 21, 5, 20, 32]]

res = 959
res_int = 959
solution = [[0, 11, 40, 30, 19, 34, 37, 24], [0, 27, 18, 17, 43, 29, 26], [0, 2, 25, 12, 39, 36, 42, 4, 16, 9, 23], [0, 28, 7, 32, 13, 22, 15], [0, 20, 5, 21, 33, 41, 8, 10, 3], [0, 6, 44, 1, 35, 31, 14], [0, 38]]

res = 959
res_int = 959
solution = [[0, 11, 40, 30, 19, 34, 37, 24], [0, 28, 7, 32, 13, 22, 15], [0, 14, 31, 35, 1, 44, 6], [0, 27, 18, 17, 43, 29, 26], [0, 2, 25, 12, 39, 36, 42, 4, 16, 9, 23], [0, 3, 10, 8, 41, 33, 21, 5, 20], [0, 38]]

res = 959
res_int = 959
solution = [[0, 14, 31, 35, 1, 44, 6], [0, 27, 18, 17, 43, 29, 26], [0, 11, 40, 30, 19, 34, 37, 24], [0, 38], [0, 2, 25, 12, 39, 36, 42, 4, 16, 9, 23], [0, 3, 10, 8, 41, 33, 21, 5, 20, 32], [0, 28, 7, 13, 22, 15]]

res = 959
res_int = 959
solution = [[0, 20, 5, 21, 33, 41, 8, 10, 3], [0, 28, 7, 32, 13, 22, 15], [0, 2, 25, 12, 39, 36, 42, 4, 16, 9, 23], [0, 11, 40, 30, 19, 34, 37, 24], [0, 27, 18, 17, 43, 29, 26], [0, 6, 44, 1, 35, 31, 14], [0, 38]]

res = 959
res_int = 959
solution = [[0, 32, 20, 5, 21, 33, 41, 8, 10, 3], [0, 27, 18, 17, 43, 29, 26], [0, 11, 40, 30, 19, 34, 37, 24], [0, 14, 31, 35, 1, 44, 6], [0, 38], [0, 15, 22, 13, 7, 28], [0, 2, 25, 12, 39, 36, 42, 4, 16, 9, 23]]

res = 960
res_int = 960
solution = [[0, 11, 40, 30, 19, 34, 37, 24], [0, 2, 25, 12, 39, 36, 42, 4, 16], [0, 27, 18, 17, 43, 29, 26], [0, 14, 31, 35, 1, 44, 6], [0, 28, 7, 13, 22, 15, 23], [0, 32, 20, 5, 21, 33, 41, 8, 10, 3, 9], [0, 38]]

res = 960
res_int = 960
solution = [[0, 11, 40, 30, 19, 34, 37, 24], [0, 9, 3, 10, 8, 41, 33, 21, 5, 20, 32], [0, 2, 25, 12, 39, 36, 42, 4, 16], [0, 28, 7, 13, 22, 15, 23], [0, 14, 31, 35, 1, 44, 6], [0, 38], [0, 27, 18, 17, 43, 29, 26]]

Mean = 958.2
Execution = 791.4636051654816

Time = 1.288970708847046
Time = 1.338104486465454
Time = 1.3417832851409912
Time = 1.3014895915985107
Time = 1.300905466079712
Time = 1.2803034782409668
Time = 1.299804449081421
Time = 1.037487268447876

res = 955.997
res_int = 953
solution = [[0, 12, 39, 36, 42, 4, 16, 22, 9], [0, 11, 40, 30, 19, 34, 37, 24], [0, 14, 31, 35, 1, 44, 6], [0, 23], [0, 3, 10, 8, 41, 33, 21, 5, 20, 32], [0, 27, 18, 17, 43, 29, 26], [0, 28, 7, 13, 15, 25, 2, 38]]

res = 955.997
res_int = 953
solution = [[0, 11, 40, 30, 19, 34, 37, 24], [0, 26, 29, 43, 17, 18, 27], [0, 23], [0, 12, 39, 36, 42, 4, 16, 22, 9], [0, 3, 10, 8, 41, 33, 21, 5, 20, 32], [0, 28, 7, 13, 15, 25, 2, 38], [0, 14, 31, 35, 1, 44, 6]]

res = 955.997
res_int = 953
solution = [[0, 12, 39, 36, 42, 4, 16, 22, 9], [0, 11, 40, 30, 19, 34, 37, 24], [0, 3, 10, 8, 41, 33, 21, 5, 20, 32], [0, 27, 18, 17, 43, 29, 26], [0, 23], [0, 28, 7, 13, 15, 25, 2, 38], [0, 6, 44, 1, 35, 31, 14]]

res = 955.997
res_int = 953
solution = [[0, 9, 22, 16, 4, 42, 36, 39, 12], [0, 11, 40, 30, 19, 34, 37, 24], [0, 26, 29, 43, 17, 18, 27], [0, 23], [0, 3, 10, 8, 41, 33, 21, 5, 20, 32], [0, 6, 44, 1, 35, 31, 14], [0, 28, 7, 13, 15, 25, 2, 38]]

res = 959.596
res_int = 956
solution = [[0, 24, 37, 19, 30, 40, 11, 34], [0, 26, 29, 43, 17, 18, 27], [0, 14, 31, 35, 1, 44, 6], [0, 28, 7, 13, 15, 25, 2, 38], [0, 3, 10, 8, 41, 33, 21, 5, 20, 32], [0, 23], [0, 12, 39, 36, 42, 4, 16, 22, 9]]

res = 959.77
res_int = 956
solution = [[0, 11, 40, 30, 19, 34, 37, 24], [0, 27, 18, 17, 43, 29, 26], [0, 6, 44, 1, 14, 35, 31], [0, 3, 10, 8, 41, 33, 21, 5, 20, 32], [0, 38, 2, 25, 15, 13, 7, 28], [0, 23], [0, 12, 39, 36, 42, 4, 16, 22, 9]]

res = 959.77
res_int = 956
solution = [[0, 11, 40, 30, 19, 34, 37, 24], [0, 27, 18, 17, 43, 29, 26], [0, 12, 39, 36, 42, 4, 16, 22, 9], [0, 6, 44, 1, 14, 35, 31], [0, 3, 10, 8, 41, 33, 21, 5, 20, 32], [0, 28, 7, 13, 15, 25, 2, 38], [0, 23]]

res = 961.779
res_int = 959
solution = [[0, 3, 10, 8, 41, 33, 21, 5, 20, 32], [0, 27, 18, 17, 43, 29, 26], [0, 11, 40, 30, 19, 34, 37, 24], [0, 23, 9, 16, 4, 42, 36, 39, 12, 25, 2], [0, 15, 22, 13, 7, 28], [0, 38], [0, 6, 44, 1, 35, 31, 14]]

res = 961.779
res_int = 959
solution = [[0, 27, 18, 17, 43, 29, 26], [0, 6, 44, 1, 35, 31, 14], [0, 38], [0, 11, 40, 30, 19, 34, 37, 24], [0, 3, 10, 8, 41, 33, 21, 5, 20, 32], [0, 2, 25, 12, 39, 36, 42, 4, 16, 9, 23], [0, 28, 7, 13, 22, 15]]

res = 961.779
res_int = 959
solution = [[0, 11, 40, 30, 19, 34, 37, 24], [0, 14, 31, 35, 1, 44, 6], [0, 27, 18, 17, 43, 29, 26], [0, 32, 20, 5, 21, 33, 41, 8, 10, 3], [0, 38], [0, 2, 25, 12, 39, 36, 42, 4, 16, 9, 23], [0, 28, 7, 13, 22, 15]]

Mean = 958.8462653569355
Execution = 556.348352432251

