Time = 5.814962387084961
Time = 5.861047983169556
Time = 5.97273850440979
Time = 5.855189085006714
Time = 5.86567497253418
Time = 5.981262922286987
Time = 5.87143349647522
Time = 5.875056505203247
Time = 5.894616365432739
Time = 6.01917290687561

res = 1792.443
res_int = 1791
solution = [[0, 20, 75, 19, 47, 26, 35, 65, 69, 56, 55, 9, 54, 72], [0, 30, 78, 68, 43, 16, 61, 57, 59, 27, 31], [0, 58, 32, 4, 22, 45, 50, 76, 70], [0, 39, 64, 33, 15, 41, 25, 46, 17, 29], [0, 34, 2, 37, 8, 6, 24, 62], [0, 12, 44, 5, 23, 11, 63, 10], [0, 1, 7, 21, 40], [0, 52, 28, 79, 18, 48, 14, 71], [0, 13, 74, 60, 3, 77, 51, 42], [0, 73, 36, 53, 66, 67, 38, 49]]

res = 1795.66
res_int = 1792
solution = [[0, 50, 45, 22, 4, 32, 38], [0, 58, 76, 72, 54, 9, 55, 15, 33, 64, 39, 77, 51], [0, 42, 53, 70, 67, 66, 36, 73, 49], [0, 20, 75, 19, 47, 26, 35, 65, 69, 56, 41, 25, 46], [0, 27, 59, 57, 61, 16, 43, 68, 78, 30], [0, 13, 74, 29, 17, 31, 60, 3], [0, 52, 28, 79, 18, 48, 14, 71], [0, 24, 6, 8, 37, 2, 34, 11, 10], [0, 12, 44, 5, 23, 62, 63], [0, 1, 7, 21, 40]]

res = 1802.81
res_int = 1800
solution = [[0, 58, 32, 4, 22, 45, 50, 76], [0, 34, 2, 37, 8, 68, 43, 16, 61, 78, 30], [0, 39, 46, 41, 15, 33, 55, 9, 54, 72], [0, 20, 75, 57, 19, 26, 35, 65, 69, 56, 47, 25, 64], [0, 10, 71, 63, 62, 23, 12, 44], [0, 5, 24, 6, 59, 27, 31, 17, 29], [0, 49, 38, 70, 66, 67, 53, 36, 73], [0, 14, 48, 18, 79, 28, 52, 11], [0, 1, 7, 21, 40], [0, 42, 51, 77, 3, 60, 74, 13]]

res = 1804.108
res_int = 1800
solution = [[0, 30, 78, 61, 16, 43, 68, 8, 37, 2, 34], [0, 29, 31, 27, 59, 6, 24, 11, 62], [0, 58, 32, 4, 22, 45, 50, 76, 70], [0, 52, 28, 79, 18, 48, 14, 71], [0, 74, 60, 39, 3, 77, 51, 73], [0, 42, 36, 53, 66, 67, 38, 49], [0, 64, 33, 19, 47, 56, 69, 65, 35, 26, 57, 75, 20, 5], [0, 17, 46, 25, 41, 15, 55, 9, 54, 72], [0, 40, 21, 1, 13], [0, 7, 10, 63, 23, 44, 12]]

res = 1805.75
res_int = 1803
solution = [[0, 11, 52, 28, 79, 18, 48, 14], [0, 19, 47, 56, 69, 65, 35, 26, 57, 75, 20, 17], [0, 64, 46, 25, 41, 15, 33, 55, 9, 54, 72, 76], [0, 10, 71, 63, 62, 23, 12, 44], [0, 34, 24, 6, 30, 59, 27, 31, 29, 74], [0, 2, 37, 8, 68, 43, 16, 61, 78, 5], [0, 40, 21, 7, 1, 13], [0, 53, 39, 60, 3, 77, 51, 42], [0, 73, 67, 66, 38, 49], [0, 58, 32, 4, 22, 45, 50, 70, 36]]

res = 1810.182
res_int = 1805
solution = [[0, 52, 28, 79, 18, 48, 14, 71], [0, 17, 31, 64, 46, 41, 25, 59, 27, 29], [0, 20, 75, 57, 61, 16, 43, 68, 78, 30, 44], [0, 76, 72, 45, 22, 4, 32, 50, 58], [0, 24, 6, 8, 37, 2, 34, 11, 10], [0, 33, 15, 47, 19, 26, 35, 65, 69, 56, 55, 9, 54, 70, 36], [0, 63, 62, 23, 5, 12, 13], [0, 40, 21, 7, 1], [0, 51, 77, 3, 74, 60, 39, 53, 0], [0, 42, 67, 66, 38, 73, 49]]

res = 1811.13
res_int = 1807
solution = [[0, 2, 37, 8, 68, 43, 16, 61, 78, 30], [0, 51, 77, 3, 39, 60, 74, 13], [0, 1, 63, 7, 21, 40], [0, 50, 45, 22, 4, 32, 38], [0, 49, 73, 36, 67, 66, 53, 42], [0, 58, 76, 72, 54, 9, 55, 33, 15, 41, 46, 64, 70], [0, 20, 75, 57, 26, 35, 65, 69, 56, 47, 19, 25], [0, 52, 28, 79, 18, 48, 14, 71], [0, 62, 23, 6, 24, 34, 11, 10], [0, 29, 17, 31, 27, 59, 5, 44, 12]]

res = 1811.294
res_int = 1810
solution = [[0, 12, 44, 5, 29, 59, 17, 31, 60], [0, 30, 78, 61, 16, 43, 68, 8, 37, 2, 34], [0, 1, 63, 7, 21, 40], [0, 52, 28, 79, 18, 48, 14, 71], [0, 10, 11, 24, 6, 23, 62, 13], [0, 74, 39, 3, 77, 51, 42], [0, 25, 19, 47, 56, 69, 65, 35, 26, 57, 75, 20, 27], [0, 64, 46, 41, 15, 33, 55, 9, 54, 72, 38], [0, 53, 67, 66, 36, 73, 49], [0, 58, 32, 4, 22, 45, 50, 76, 70]]

res = 1812.916
res_int = 1811
solution = [[0, 30, 78, 68, 43, 16, 61, 57, 59, 27], [0, 32, 4, 22, 45, 50, 70, 67, 66], [0, 12, 44, 5, 23, 11, 63, 10], [0, 34, 2, 37, 8, 6, 24, 62], [0, 40, 21, 7, 1], [0, 52, 28, 79, 18, 48, 14, 71], [0, 77, 39, 60, 31, 17, 29, 74, 13], [0, 42, 51, 3, 53, 36, 73, 49], [0, 46, 25, 20, 75, 19, 47, 26, 35, 65, 69, 56, 41], [0, 38, 58, 76, 72, 54, 9, 55, 15, 33, 64]]

res = 1813.738
res_int = 1807
solution = [[0, 14, 48, 18, 79, 28, 52, 11], [0, 62, 23, 30, 6, 24, 63], [0, 12, 44, 5, 29, 17, 31, 60, 39], [0, 34, 2, 37, 8, 43, 16, 20, 59, 27], [0, 78, 68, 61, 57, 26, 35, 65, 69, 56, 47, 19, 75], [0, 1, 7, 71, 10, 21, 40], [0, 64, 46, 25, 41, 15, 33, 55, 9, 54, 72, 76], [0, 13, 42, 73, 49], [0, 51, 74, 3, 77, 53, 67, 66, 38], [0, 58, 32, 4, 22, 45, 50, 70, 36]]

Mean = 1806.003237925952
Execution = 753.2806344032288

Time = 5.861024618148804
Time = 5.8981428146362305

res = 1783.497
res_int = 1779
solution = [[0, 46, 20, 75, 57, 19, 47, 26, 35, 65, 69, 56, 33, 64], [0, 14, 48, 18, 79, 28, 52, 11], [0, 34, 2, 37, 8, 68, 43, 16, 61, 78, 5], [0, 24, 6, 30, 59, 27, 31, 17, 29], [0, 12, 44, 23, 62, 63, 71, 10], [0, 1, 7, 21, 40], [0, 51, 77, 3, 39, 60, 74, 13], [0, 42, 53, 67, 66, 36, 73, 49], [0, 38, 58, 32, 4, 22, 45], [0, 25, 41, 15, 55, 9, 54, 72, 50, 76, 70]]

res = 1791.134
res_int = 1785
solution = [[0, 42, 53, 70, 67, 66, 36, 73, 49], [0, 74, 29, 60, 39, 3, 77, 51], [0, 64, 33, 56, 69, 65, 35, 26, 47, 19, 57, 75, 20, 5], [0, 52, 28, 79, 18, 48, 14, 71], [0, 13, 1, 7, 21, 40], [0, 12, 44, 23, 11, 63, 62], [0, 78, 61, 16, 43, 68, 8, 37, 2, 34, 10], [0, 17, 31, 27, 59, 30, 6, 24], [0, 50, 45, 22, 4, 32, 38], [0, 46, 25, 41, 15, 55, 9, 54, 72, 76, 58]]

res = 1792.026
res_int = 1788
solution = [[0, 62, 12, 44, 23, 63, 71, 10], [0, 5, 78, 61, 16, 43, 68, 8, 37, 2, 34], [0, 29, 17, 31, 27, 59, 30, 6, 24], [0, 64, 33, 15, 47, 56, 69, 65, 35, 26, 19, 57, 75, 20], [0, 39, 46, 25, 41, 55, 9, 54, 72], [0, 13, 74, 60, 3, 77, 51, 42], [0, 58, 32, 4, 22, 45, 50, 76, 70], [0, 49, 73, 38, 66, 67, 53, 36], [0, 1, 7, 21, 40], [0, 14, 48, 18, 79, 28, 52, 11]]

res = 1794.493
res_int = 1789
solution = [[0, 24, 6, 8, 37, 2, 34, 11, 10], [0, 17, 31, 27, 59, 46, 25, 41, 15, 33, 64], [0, 52, 28, 79, 18, 48, 14, 71], [0, 20, 75, 57, 61, 16, 43, 68, 78, 30], [0, 29, 5, 44, 12, 23, 62, 63], [0, 51, 77, 3, 39, 60, 74, 13], [0, 38, 32, 4, 22, 45, 50], [0, 47, 19, 26, 35, 65, 69, 56, 55, 9, 54, 72, 76, 58], [0, 40, 21, 7, 1], [0, 42, 53, 70, 67, 66, 36, 73, 49]]

res = 1801.769
res_int = 1797
solution = [[0, 34, 2, 37, 8, 68, 43, 16, 61, 78, 5], [0, 51, 77, 3, 39, 60, 74, 13], [0, 45, 22, 4, 32, 58, 38], [0, 46, 25, 75, 20, 57, 19, 26, 35, 65, 47, 41], [0, 11, 52, 28, 79, 18, 48, 14], [0, 1, 7, 21, 40], [0, 64, 33, 15, 56, 69, 55, 9, 54, 72, 50, 76, 70], [0, 24, 6, 30, 59, 27, 31, 17, 29], [0, 10, 71, 63, 23, 44, 12, 62], [0, 42, 53, 66, 67, 36, 73, 49]]

res = 1802.632
res_int = 1797
solution = [[0, 42, 53, 70, 66, 67, 36, 73, 49], [0, 51, 77, 3, 39, 60, 74, 13], [0, 38, 32, 4, 22, 45, 50], [0, 52, 28, 79, 18, 48, 14, 71], [0, 24, 6, 8, 37, 2, 34, 11, 10], [0, 20, 75, 57, 61, 16, 43, 68, 78, 30], [0, 58, 76, 72, 33, 15, 41, 46, 59, 27, 31, 17], [0, 54, 9, 55, 56, 69, 65, 35, 26, 19, 47, 25, 64], [0, 40, 21, 7, 1], [0, 29, 5, 44, 12, 23, 62, 63]]

res = 1802.763
res_int = 1797
solution = [[0, 20, 75, 57, 61, 16, 43, 68, 78, 30], [0, 29, 5, 44, 12, 23, 63, 62], [0, 24, 6, 8, 37, 2, 34, 11, 10], [0, 47, 19, 26, 35, 65, 69, 56, 55, 9, 54, 72, 76, 58], [0, 50, 45, 22, 4, 32, 38], [0, 13, 42, 53, 36, 73, 49], [0, 52, 28, 79, 18, 48, 14, 71], [0, 1, 7, 21, 40], [0, 66, 67, 39, 60, 74, 3, 77, 51], [0, 17, 31, 27, 59, 46, 25, 41, 15, 33, 64, 70]]

res = 1808.831
res_int = 1807
solution = [[0, 1, 7, 21, 40], [0, 64, 33, 56, 69, 65, 35, 26, 47, 19, 57, 75, 20, 60], [0, 54, 9, 55, 15, 41, 25, 46, 39, 77], [0, 42, 51, 3, 74, 13], [0, 2, 37, 8, 68, 43, 16, 61, 78, 5], [0, 34, 24, 6, 30, 59, 27, 31, 17, 29], [0, 12, 44, 23, 62, 11, 52, 63], [0, 14, 48, 18, 79, 28, 71, 10], [0, 49, 38, 70, 67, 66, 53, 36, 73], [0, 76, 72, 50, 45, 22, 4, 32, 58]]

res = 1812.332
res_int = 1809
solution = [[0, 12, 44, 5, 23, 11, 63, 71, 14], [0, 70, 76, 50, 45, 22, 4, 32, 58], [0, 52, 28, 79, 18, 48, 10], [0, 62, 24, 6, 8, 37, 2, 34], [0, 20, 75, 57, 61, 16, 43, 68, 78, 30], [0, 64, 33, 15, 47, 19, 26, 35, 65, 69, 56, 55, 9, 54, 72, 73], [0, 17, 31, 46, 41, 25, 59, 27, 29], [0, 42, 36, 53, 67, 66, 38, 49], [0, 40, 21, 7, 1], [0, 51, 77, 3, 39, 60, 74, 13]]

res = 1814.589
res_int = 1811
solution = [[0, 17, 31, 46, 41, 25, 59, 27, 29], [0, 20, 75, 57, 61, 16, 43, 68, 78, 30], [0, 42, 36, 53, 66, 67, 38, 49], [0, 40, 21, 7, 1, 13, 0], [0, 74, 60, 39, 3, 77, 51, 73], [0, 34, 2, 37, 8, 6, 24, 62], [0, 52, 28, 79, 18, 48, 14, 10], [0, 71, 63, 11, 23, 5, 12, 44], [0, 76, 50, 45, 22, 4, 32, 58], [0, 64, 33, 15, 47, 19, 26, 35, 65, 69, 56, 55, 9, 54, 72, 70]]

Mean = 1800.4065028293912
Execution = 503.2314496040344

Time = 5.9200146198272705
Time = 5.882926940917969
Time = 5.891358137130737
Time = 6.397672653198242
Time = 0.7162520885467529
Time = 2.681264877319336
Time = 2.747368574142456
Time = 2.60015606880188

res = 1313.407
res_int = 1309
solution = [[0, 15, 38, 19, 12, 48, 56], [0, 29, 43, 8, 10, 51], [0, 50, 17, 58, 33, 26, 55, 59], [0, 45, 47, 24, 42, 46], [0, 14, 5, 60, 25, 49, 11, 9, 1, 30, 18], [0, 36, 16, 37, 22, 44, 2, 52], [0, 34, 31, 35, 4, 21, 41, 23, 27, 39, 3, 54, 13, 53], [0, 7, 61, 6, 32, 57, 40, 20, 28]]

res = 1313.598
res_int = 1308
solution = [[0, 36, 16, 37, 22, 44, 2, 52], [0, 45, 47, 24, 42, 46], [0, 50, 17, 58, 33, 26, 55, 59], [0, 15, 38, 19, 12, 48, 56], [0, 7, 29, 43, 8, 10, 51], [0, 61, 6, 32, 57, 40, 20, 28], [0, 34, 31, 35, 4, 21, 41, 23, 27, 39, 3, 54], [0, 14, 5, 60, 25, 49, 11, 9, 1, 30, 18, 13, 53]]

res = 1313.598
res_int = 1308
solution = [[0, 45, 47, 24, 42, 46], [0, 50, 17, 58, 33, 26, 55, 59], [0, 7, 29, 43, 8, 10, 51], [0, 61, 6, 32, 57, 40, 20, 28], [0, 56, 48, 12, 19, 38, 15], [0, 52, 2, 44, 22, 37, 16, 36], [0, 34, 31, 35, 4, 21, 41, 23, 27, 39, 3, 54], [0, 14, 5, 60, 25, 49, 11, 9, 1, 30, 18, 13, 53]]

res = 1313.598
res_int = 1308
solution = [[0, 45, 47, 24, 42, 46], [0, 52, 2, 44, 22, 37, 16, 36], [0, 50, 17, 58, 33, 26, 55, 59], [0, 56, 48, 12, 19, 38, 15], [0, 61, 6, 32, 57, 40, 20, 28], [0, 7, 29, 43, 8, 10, 51], [0, 34, 31, 35, 4, 21, 41, 23, 27, 39, 3, 54], [0, 14, 5, 60, 25, 49, 11, 9, 1, 30, 18, 13, 53]]

res = 1313.598
res_int = 1308
solution = [[0, 45, 47, 24, 42, 46], [0, 50, 17, 58, 33, 26, 55, 59], [0, 36, 16, 37, 22, 44, 2, 52], [0, 56, 48, 12, 19, 38, 15], [0, 61, 6, 32, 57, 40, 20, 28], [0, 7, 29, 43, 8, 10, 51], [0, 34, 31, 35, 4, 21, 41, 23, 27, 39, 3, 54], [0, 14, 5, 60, 25, 49, 11, 9, 1, 30, 18, 13, 53]]

res = 1313.598
res_int = 1308
solution = [[0, 45, 47, 24, 42, 46], [0, 50, 17, 58, 33, 26, 55, 59], [0, 52, 2, 44, 22, 37, 16, 36], [0, 56, 48, 12, 19, 38, 15], [0, 51, 10, 8, 43, 29, 7], [0, 61, 6, 32, 57, 40, 20, 28], [0, 34, 31, 35, 4, 21, 41, 23, 27, 39, 3, 54], [0, 14, 5, 60, 25, 49, 11, 9, 1, 30, 18, 13, 53]]

res = 1313.598
res_int = 1308
solution = [[0, 45, 47, 24, 42, 46], [0, 59, 55, 26, 33, 58, 17, 50], [0, 52, 2, 44, 22, 37, 16, 36], [0, 56, 48, 12, 19, 38, 15], [0, 61, 6, 32, 57, 40, 20, 28], [0, 51, 10, 8, 43, 29, 7], [0, 34, 31, 35, 4, 21, 41, 23, 27, 39, 3, 54], [0, 14, 5, 60, 25, 49, 11, 9, 1, 30, 18, 13, 53]]

res = 1313.598
res_int = 1308
solution = [[0, 46, 42, 24, 47, 45], [0, 50, 17, 58, 33, 26, 55, 59], [0, 36, 16, 37, 22, 44, 2, 52], [0, 56, 48, 12, 19, 38, 15], [0, 7, 29, 43, 8, 10, 51], [0, 61, 6, 32, 57, 40, 20, 28], [0, 34, 31, 35, 4, 21, 41, 23, 27, 39, 3, 54], [0, 14, 5, 60, 25, 49, 11, 9, 1, 30, 18, 13, 53]]

res = 1313.598
res_int = 1308
solution = [[0, 50, 17, 58, 33, 26, 55, 59], [0, 46, 42, 24, 47, 45], [0, 7, 29, 43, 8, 10, 51], [0, 36, 16, 37, 22, 44, 2, 52], [0, 14, 5, 60, 25, 49, 11, 9, 1, 30, 18, 13, 53], [0, 34, 31, 35, 4, 21, 41, 23, 27, 39, 3, 54], [0, 56, 48, 12, 19, 38, 15], [0, 61, 6, 32, 57, 40, 20, 28]]

res = 1313.598
res_int = 1308
solution = [[0, 14, 5, 60, 25, 49, 11, 9, 1, 30, 18, 13, 53], [0, 46, 42, 24, 47, 45], [0, 34, 31, 35, 4, 21, 41, 23, 27, 39, 3, 54], [0, 36, 16, 37, 22, 44, 2, 52], [0, 59, 55, 26, 33, 58, 17, 50], [0, 56, 48, 12, 19, 38, 15], [0, 51, 10, 8, 43, 29, 7], [0, 61, 6, 32, 57, 40, 20, 28]]

Mean = 1313.5789259651422
Execution = 423.65296936035156

Time = 1.9206550121307373

res = 1020.152
res_int = 1017
solution = [[0, 20, 6, 33, 3, 5], [0, 31, 38, 18, 40, 26, 10, 49, 29, 44], [0, 11, 24, 41, 17, 9, 47], [0, 27, 35, 8, 46, 51], [0, 7, 12, 16, 32, 15, 19, 23, 42, 48, 4], [0, 25, 21, 34, 52, 13, 14, 39], [0, 28, 22, 45, 43, 50, 36, 2, 37, 30, 1]]

res = 1020.618
res_int = 1017
solution = [[0, 4, 28, 22, 45, 43, 50, 36, 2, 37, 30, 1], [0, 27, 35, 8, 46, 51], [0, 24, 11, 41, 17, 9, 47], [0, 7, 12, 16, 32, 15, 19, 23, 42, 48], [0, 25, 21, 34, 52, 13, 14, 39], [0, 44, 29, 49, 10, 26, 40, 18, 38, 31], [0, 20, 6, 33, 3, 5]]

res = 1020.618
res_int = 1017
solution = [[0, 11, 24, 41, 17, 9, 47], [0, 7, 12, 16, 32, 15, 19, 23, 42, 48], [0, 27, 35, 8, 46, 51], [0, 44, 29, 49, 10, 26, 40, 18, 38, 31], [0, 4, 28, 22, 45, 43, 50, 36, 2, 37, 30, 1], [0, 25, 21, 34, 52, 13, 14, 39], [0, 20, 6, 33, 3, 5]]

res = 1020.618
res_int = 1017
solution = [[0, 25, 21, 34, 52, 13, 14, 39], [0, 48, 42, 23, 19, 15, 32, 16, 12, 7], [0, 51, 46, 8, 35, 27], [0, 11, 24, 41, 17, 9, 47], [0, 20, 6, 33, 3, 5], [0, 44, 29, 49, 10, 26, 40, 18, 38, 31], [0, 4, 28, 22, 45, 43, 50, 36, 2, 37, 30, 1]]

res = 1020.618
res_int = 1017
solution = [[0, 47, 9, 17, 41, 11, 24], [0, 44, 29, 49, 10, 26, 40, 18, 38, 31], [0, 27, 35, 8, 46, 51], [0, 7, 12, 16, 32, 15, 19, 23, 42, 48], [0, 4, 28, 22, 45, 43, 50, 36, 2, 37, 30, 1], [0, 25, 21, 34, 52, 13, 14, 39], [0, 20, 6, 33, 3, 5]]

res = 1020.618
res_int = 1017
solution = [[0, 51, 46, 8, 35, 27], [0, 48, 42, 23, 19, 15, 32, 16, 12, 7], [0, 11, 24, 41, 17, 9, 47], [0, 4, 28, 22, 45, 43, 50, 36, 2, 37, 30, 1], [0, 39, 14, 13, 52, 34, 21, 25], [0, 31, 38, 18, 40, 26, 10, 49, 29, 44], [0, 20, 6, 33, 3, 5]]

res = 1020.618
res_int = 1017
solution = [[0, 20, 6, 33, 3, 5], [0, 25, 21, 34, 52, 13, 14, 39], [0, 27, 35, 8, 46, 51], [0, 48, 42, 23, 19, 15, 32, 16, 12, 7], [0, 11, 24, 41, 17, 9, 47], [0, 4, 28, 22, 45, 43, 50, 36, 2, 37, 30, 1], [0, 44, 29, 49, 10, 26, 40, 18, 38, 31]]

res = 1020.618
res_int = 1017
solution = [[0, 27, 35, 8, 46, 51], [0, 25, 21, 34, 52, 13, 14, 39], [0, 20, 6, 33, 3, 5], [0, 48, 42, 23, 19, 15, 32, 16, 12, 7], [0, 11, 24, 41, 17, 9, 47], [0, 4, 28, 22, 45, 43, 50, 36, 2, 37, 30, 1], [0, 44, 29, 49, 10, 26, 40, 18, 38, 31]]

res = 1020.618
res_int = 1017
solution = [[0, 25, 21, 34, 52, 13, 14, 39], [0, 44, 29, 49, 10, 26, 40, 18, 38, 31], [0, 27, 35, 8, 46, 51], [0, 20, 6, 33, 3, 5], [0, 11, 24, 41, 17, 9, 47], [0, 7, 12, 16, 32, 15, 19, 23, 42, 48], [0, 4, 28, 22, 45, 43, 50, 36, 2, 37, 30, 1]]

res = 1021.657
res_int = 1019
solution = [[0, 25, 21, 34, 52, 13, 14], [0, 20, 6, 33, 3, 5, 39], [0, 11, 24, 41, 17, 9, 47], [0, 48, 42, 23, 19, 15, 32, 16, 12, 7], [0, 51, 46, 8, 35, 27], [0, 31, 38, 18, 40, 26, 10, 49, 29, 44], [0, 4, 28, 22, 45, 43, 50, 36, 2, 37, 30, 1]]

Mean = 1020.6750810067385
Execution = 394.06948041915894

Time = 1.8843615055084229
Time = 1.8966858386993408
Time = 1.9076335430145264

res = 1038.582
res_int = 1036
solution = [[0, 16, 32, 15, 19, 23, 43, 50, 36, 2, 37, 22], [0, 47, 7, 12, 48, 42, 45, 4], [0, 25, 21, 34, 52, 13, 14, 39], [0, 38, 18, 40, 26, 10, 49, 29, 44, 30, 1], [0, 9, 17, 41, 24, 11, 5, 3], [0, 51, 46, 8, 35, 27], [0, 33, 6, 20, 31, 28]]

res = 1042.201
res_int = 1040
solution = [[0, 47, 7, 12, 48, 42, 45, 4], [0, 51, 46, 8, 35, 27], [0, 14, 13, 52, 34, 21, 25], [0, 1, 22, 37, 2, 36, 50, 43, 23, 19, 15, 32, 16], [0, 30, 44, 29, 49, 10, 26, 40, 18, 38], [0, 9, 17, 41, 24, 11, 5, 3, 39], [0, 33, 6, 20, 31, 28]]

res = 1045.715
res_int = 1043
solution = [[0, 27, 35, 8, 46, 51], [0, 9, 17, 34, 14, 5, 3, 39], [0, 41, 11, 24, 52, 13, 21, 25], [0, 38, 18, 40, 26, 10, 49, 29, 44, 30], [0, 16, 32, 15, 19, 23, 43, 50, 36, 2, 37, 1], [0, 47, 7, 12, 48, 42, 45, 22], [0, 33, 6, 20, 31, 28, 4]]

res = 1051.359
res_int = 1049
solution = [[0, 51, 46, 8, 35, 27], [0, 41, 11, 24, 52, 13, 21, 25], [0, 9, 17, 34, 14, 5, 3, 39], [0, 45, 42, 48, 12, 7, 47], [0, 16, 32, 15, 19, 23, 43, 50, 36, 2, 37, 1], [0, 38, 18, 40, 26, 10, 49, 29, 44, 30], [0, 33, 6, 20, 31, 22, 28, 4]]

res = 1052.505
res_int = 1050
solution = [[0, 25, 21, 13, 52, 11, 24, 9], [0, 28, 47, 34, 14, 5, 3, 39], [0, 45, 42, 19, 15, 32, 16, 41, 17], [0, 33, 6, 20, 31], [0, 27, 35, 8, 46, 51], [0, 38, 18, 40, 26, 10, 49, 29, 44, 30, 22, 4], [0, 7, 12, 48, 23, 43, 50, 36, 2, 37, 1]]

res = 1052.709
res_int = 1050
solution = [[0, 3, 5, 14, 34, 17, 9], [0, 46, 8, 27, 35], [0, 30, 44, 29, 49, 10, 26, 40, 18, 38, 51], [0, 47, 7, 12, 48, 42, 45, 4], [0, 41, 24, 11, 52, 13, 21, 25, 39], [0, 16, 32, 15, 19, 23, 43, 50, 36, 2, 37, 22, 1], [0, 33, 6, 20, 31, 28]]

res = 1053.188
res_int = 1051
solution = [[0, 30, 44, 29, 49, 10, 26, 40, 18, 38], [0, 9, 17, 34, 14, 5, 3, 39], [0, 22, 45, 42, 48, 12, 7, 47], [0, 41, 11, 24, 52, 13, 21, 25], [0, 51, 37, 2, 36, 50, 43, 23, 19, 15, 32, 16, 1], [0, 4, 28, 31, 20, 6, 33], [0, 46, 8, 35, 27]]

res = 1056.33
res_int = 1052
solution = [[0, 27, 35, 8, 46, 51], [0, 38, 18, 40, 26, 10, 49, 29, 44, 30], [0, 12, 48, 42, 45, 22, 28, 4, 1], [0, 7, 16, 32, 15, 19, 23, 43, 50, 36, 2, 37], [0, 47, 31, 20, 6, 33], [0, 39, 3, 5, 14, 34, 41, 17], [0, 25, 21, 13, 52, 11, 24, 9]]

res = 1056.502
res_int = 1053
solution = [[0, 51, 46, 8, 35, 27], [0, 28, 47, 34, 14, 5, 3, 39], [0, 45, 42, 19, 15, 32, 16, 17, 41], [0, 25, 21, 13, 52, 24, 11, 9, 4], [0, 31, 20, 6, 33], [0, 38, 18, 40, 26, 10, 49, 29, 44, 30, 1], [0, 7, 12, 48, 23, 43, 50, 36, 2, 37, 22]]

res = 1056.966
res_int = 1054
solution = [[0, 38, 18, 40, 26, 10, 49, 29, 44, 30], [0, 7, 12, 48, 42, 45, 28], [0, 51, 46, 8, 35, 27], [0, 9, 17, 34, 14, 5, 3, 39], [0, 41, 11, 24, 52, 13, 21, 25], [0, 4, 16, 32, 15, 19, 23, 43, 50, 36, 2, 37, 22, 1], [0, 33, 6, 20, 31, 47]]

Mean = 1050.6058324183373
Execution = 252.12687754631042

Time = 1.9728164672851562

res = 1020.618
res_int = 1017
solution = [[0, 39, 14, 13, 52, 34, 21, 25], [0, 7, 12, 16, 32, 15, 19, 23, 42, 48], [0, 51, 46, 8, 35, 27], [0, 24, 11, 41, 17, 9, 47], [0, 20, 6, 33, 3, 5], [0, 31, 38, 18, 40, 26, 10, 49, 29, 44], [0, 4, 28, 22, 45, 43, 50, 36, 2, 37, 30, 1]]

res = 1020.618
res_int = 1017
solution = [[0, 39, 14, 13, 52, 34, 21, 25], [0, 20, 6, 33, 3, 5], [0, 27, 35, 8, 46, 51], [0, 11, 24, 41, 17, 9, 47], [0, 48, 42, 23, 19, 15, 32, 16, 12, 7], [0, 44, 29, 49, 10, 26, 40, 18, 38, 31], [0, 4, 28, 22, 45, 43, 50, 36, 2, 37, 30, 1]]

res = 1020.618
res_int = 1017
solution = [[0, 20, 6, 33, 3, 5], [0, 4, 28, 22, 45, 43, 50, 36, 2, 37, 30, 1], [0, 11, 24, 41, 17, 9, 47], [0, 25, 21, 34, 52, 13, 14, 39], [0, 51, 46, 8, 35, 27], [0, 48, 42, 23, 19, 15, 32, 16, 12, 7], [0, 31, 38, 18, 40, 26, 10, 49, 29, 44]]

res = 1020.618
res_int = 1017
solution = [[0, 27, 35, 8, 46, 51], [0, 39, 14, 13, 52, 34, 21, 25], [0, 5, 3, 33, 6, 20], [0, 44, 29, 49, 10, 26, 40, 18, 38, 31], [0, 11, 24, 41, 17, 9, 47], [0, 4, 28, 22, 45, 43, 50, 36, 2, 37, 30, 1], [0, 48, 42, 23, 19, 15, 32, 16, 12, 7]]

res = 1020.618
res_int = 1017
solution = [[0, 48, 42, 23, 19, 15, 32, 16, 12, 7], [0, 11, 24, 41, 17, 9, 47], [0, 20, 6, 33, 3, 5], [0, 25, 21, 34, 52, 13, 14, 39], [0, 27, 35, 8, 46, 51], [0, 4, 28, 22, 45, 43, 50, 36, 2, 37, 30, 1], [0, 44, 29, 49, 10, 26, 40, 18, 38, 31]]

res = 1021.657
res_int = 1019
solution = [[0, 27, 35, 8, 46, 51], [0, 14, 13, 52, 34, 21, 25], [0, 20, 6, 33, 3, 5, 39], [0, 48, 42, 23, 19, 15, 32, 16, 12, 7], [0, 24, 11, 41, 17, 9, 47], [0, 4, 28, 22, 45, 43, 50, 36, 2, 37, 30, 1], [0, 44, 29, 49, 10, 26, 40, 18, 38, 31]]

res = 1021.657
res_int = 1019
solution = [[0, 48, 42, 23, 19, 15, 32, 16, 12, 7], [0, 27, 35, 8, 46, 51], [0, 24, 11, 41, 17, 9, 47], [0, 44, 29, 49, 10, 26, 40, 18, 38, 31], [0, 4, 28, 22, 45, 43, 50, 36, 2, 37, 30, 1], [0, 14, 13, 52, 34, 21, 25], [0, 20, 6, 33, 3, 5, 39]]

res = 1021.657
res_int = 1019
solution = [[0, 24, 11, 41, 17, 9, 47], [0, 48, 42, 23, 19, 15, 32, 16, 12, 7], [0, 14, 13, 52, 34, 21, 25], [0, 27, 35, 8, 46, 51], [0, 44, 29, 49, 10, 26, 40, 18, 38, 31], [0, 4, 28, 22, 45, 43, 50, 36, 2, 37, 30, 1], [0, 20, 6, 33, 3, 5, 39]]

res = 1021.666
res_int = 1019
solution = [[0, 27, 35, 8, 46, 51], [0, 24, 11, 41, 17, 9, 47], [0, 7, 12, 16, 32, 15, 19, 23, 42, 48, 4], [0, 25, 21, 34, 52, 13, 14, 39], [0, 20, 6, 33, 5, 3], [0, 28, 22, 45, 43, 50, 36, 2, 37, 30, 1], [0, 44, 29, 49, 10, 26, 40, 18, 38, 31]]

res = 1024.119
res_int = 1022
solution = [[0, 48, 42, 23, 19, 15, 32, 16, 12, 7], [0, 47, 9, 17, 41, 11, 24, 25], [0, 20, 6, 33, 3, 5, 39], [0, 14, 13, 52, 34, 21], [0, 27, 35, 8, 46, 51], [0, 44, 29, 49, 10, 26, 40, 18, 38, 31], [0, 4, 28, 22, 45, 43, 50, 36, 2, 37, 30, 1]]

Mean = 1021.3845620387419
Execution = 386.3051908016205

Time = 2.1077029705047607

res = 1013.151
res_int = 1011
solution = [[0, 37, 2, 42, 48, 45, 28], [0, 36, 50, 43, 23, 19, 15, 32, 16, 12, 7, 47], [0, 51, 27, 35, 8, 46, 1], [0, 3, 5, 11, 24, 41, 17, 9], [0, 25, 21, 34, 52, 13, 14, 39], [0, 38, 18, 40, 26, 10, 49, 29, 44, 30, 22, 4], [0, 31, 20, 6, 33]]

res = 1013.151
res_int = 1011
solution = [[0, 37, 2, 42, 48, 45, 28], [0, 38, 18, 40, 26, 10, 49, 29, 44, 30, 22, 4], [0, 51, 27, 35, 8, 46, 1], [0, 3, 5, 24, 11, 41, 17, 9], [0, 36, 50, 43, 23, 19, 15, 32, 16, 12, 7, 47], [0, 33, 6, 20, 31], [0, 25, 21, 34, 52, 13, 14, 39]]

res = 1013.151
res_int = 1011
solution = [[0, 38, 18, 40, 26, 10, 49, 29, 44, 30, 22, 4], [0, 25, 21, 34, 52, 13, 14, 39], [0, 37, 2, 42, 48, 45, 28], [0, 33, 6, 20, 31], [0, 51, 27, 35, 8, 46, 1], [0, 36, 50, 43, 23, 19, 15, 32, 16, 12, 7, 47], [0, 3, 5, 11, 24, 41, 17, 9]]

res = 1023.814
res_int = 1020
solution = [[0, 37, 2, 36, 50, 43, 23, 19, 15, 32, 45, 28], [0, 47, 7, 12, 16, 48, 42], [0, 33, 6, 20, 31], [0, 1, 46, 8, 35, 27, 51], [0, 38, 18, 40, 26, 10, 49, 29, 44, 30, 22, 4], [0, 25, 21, 34, 52, 13, 14, 39], [0, 3, 5, 11, 24, 41, 17, 9]]

res = 1023.814
res_int = 1020
solution = [[0, 38, 18, 40, 26, 10, 49, 29, 44, 30, 22, 4], [0, 42, 48, 16, 12, 7, 47], [0, 51, 27, 35, 8, 46, 1], [0, 37, 2, 36, 50, 43, 23, 19, 15, 32, 45, 28], [0, 33, 6, 20, 31], [0, 25, 21, 34, 52, 13, 14, 39], [0, 3, 5, 11, 24, 41, 17, 9]]

res = 1023.814
res_int = 1020
solution = [[0, 42, 48, 16, 12, 7, 47], [0, 28, 45, 32, 15, 19, 23, 43, 50, 36, 2, 37], [0, 51, 27, 35, 8, 46, 1], [0, 38, 18, 40, 26, 10, 49, 29, 44, 30, 22, 4], [0, 9, 17, 41, 11, 24, 5, 3], [0, 33, 6, 20, 31], [0, 39, 14, 13, 52, 34, 21, 25]]

res = 1026.985
res_int = 1025
solution = [[0, 3, 5, 11, 24, 41, 17, 9], [0, 45, 48, 19, 15, 32, 16, 12, 47], [0, 38, 18, 40, 26, 10, 49, 29, 44, 30, 22, 4], [0, 7, 42, 23, 43, 50, 36, 2, 37, 28], [0, 51, 27, 35, 8, 46, 1], [0, 31, 20, 6, 33], [0, 39, 14, 13, 52, 34, 21, 25]]

res = 1027.637
res_int = 1025
solution = [[0, 42, 48, 16, 12, 7, 47], [0, 38, 18, 40, 26, 10, 49, 29, 44, 30, 22, 4], [0, 37, 2, 36, 50, 43, 23, 19, 15, 32, 45, 28], [0, 3, 21, 11, 24, 41, 17, 9], [0, 25, 34, 52, 13, 14, 5, 39], [0, 1, 46, 8, 35, 27, 51], [0, 31, 20, 6, 33]]

res = 1034.443
res_int = 1032
solution = [[0, 25, 21, 34, 52, 13, 14, 39], [0, 5, 3, 33, 6, 20], [0, 45, 48, 42, 2, 37, 30], [0, 10, 26, 40, 18, 38, 27], [0, 31, 35, 8, 46, 51, 1], [0, 47, 9, 17, 41, 24, 11], [0, 4, 28, 22, 7, 12, 16, 32, 15, 19, 23, 43, 50, 36, 49, 29, 44]]

res = 1034.85
res_int = 1032
solution = [[0, 51, 27, 35, 8, 46, 1], [0, 14, 13, 52, 34, 21, 25], [0, 38, 18, 40, 26, 10, 49, 29, 44, 30, 22, 4], [0, 9, 17, 41, 24, 11, 39, 3, 5], [0, 42, 48, 16, 12, 7, 47], [0, 33, 6, 20, 31], [0, 37, 2, 36, 50, 43, 23, 19, 15, 32, 45, 28]]

Mean = 1023.4810710878686
Execution = 387.5939042568207

Time = 1.2468600273132324

res = 1150.436
res_int = 1149
solution = [[0, 14, 33, 27, 41, 43, 11, 6], [0, 42, 1, 37, 30, 22, 9], [0, 40, 20, 16, 7, 18], [0, 8, 10, 15, 25, 23, 17, 38, 13], [0, 31, 29, 19, 36, 5, 32], [0, 21, 24, 44, 3, 28, 4], [0, 12, 2, 26, 34, 35, 39]]

res = 1150.872
res_int = 1149
solution = [[0, 14, 33, 27, 41, 43, 11, 6], [0, 42, 1, 37, 30, 22, 9], [0, 31, 29, 36, 19, 5, 32], [0, 8, 10, 15, 25, 23, 17, 38, 13], [0, 40, 20, 16, 7, 18], [0, 2, 4, 26, 34, 35, 39], [0, 21, 24, 44, 3, 28, 12]]

res = 1150.872
res_int = 1149
solution = [[0, 42, 1, 37, 30, 22, 9], [0, 14, 33, 27, 41, 43, 11, 6], [0, 40, 20, 16, 7, 18], [0, 13, 38, 17, 23, 25, 15, 10, 8], [0, 31, 29, 36, 19, 5, 32], [0, 2, 4, 26, 34, 35, 39], [0, 21, 24, 44, 3, 28, 12]]

res = 1151.664
res_int = 1150
solution = [[0, 12, 6, 28, 3, 44, 24], [0, 13, 38, 17, 23, 25, 15, 10], [0, 40, 20, 16, 7, 18], [0, 9, 22, 30, 37, 1, 42, 8], [0, 31, 29, 19, 36, 5, 32], [0, 21, 14, 33, 27, 41, 43, 11], [0, 2, 4, 26, 34, 35, 39]]

res = 1153.247
res_int = 1151
solution = [[0, 42, 1, 37, 30, 22, 9], [0, 8, 10, 15, 25, 23, 17, 38, 13], [0, 11, 43, 41, 27, 33, 14, 21], [0, 18, 7, 16, 20, 40], [0, 31, 29, 19, 36, 5, 32], [0, 24, 44, 3, 28, 6, 12], [0, 2, 4, 26, 34, 35, 39]]

res = 1153.247
res_int = 1151
solution = [[0, 12, 6, 28, 3, 44, 24], [0, 11, 43, 41, 27, 33, 14, 21], [0, 2, 4, 26, 34, 35, 39], [0, 8, 10, 15, 25, 23, 17, 38, 13], [0, 40, 20, 16, 7, 18], [0, 31, 29, 36, 19, 5, 32], [0, 42, 1, 37, 30, 22, 9]]

res = 1153.247
res_int = 1151
solution = [[0, 31, 29, 19, 36, 5, 32], [0, 11, 43, 41, 27, 33, 14, 21], [0, 2, 4, 26, 34, 35, 39], [0, 24, 44, 3, 28, 6, 12], [0, 8, 10, 15, 25, 23, 17, 38, 13], [0, 42, 1, 37, 30, 22, 9], [0, 40, 20, 16, 7, 18]]

res = 1153.247
res_int = 1151
solution = [[0, 24, 44, 3, 28, 6, 12], [0, 11, 43, 41, 27, 33, 14, 21], [0, 2, 4, 26, 34, 35, 39], [0, 31, 29, 36, 19, 5, 32], [0, 8, 10, 15, 25, 23, 17, 38, 13], [0, 42, 1, 37, 30, 22, 9], [0, 40, 20, 16, 7, 18]]

res = 1154.22
res_int = 1153
solution = [[0, 40, 7, 20, 16, 18], [0, 42, 1, 37, 30, 22, 9], [0, 11, 43, 41, 27, 33, 14, 21], [0, 2, 4, 26, 34, 39, 35], [0, 8, 10, 15, 25, 23, 17, 38, 13], [0, 31, 29, 19, 36, 5, 32], [0, 12, 6, 28, 3, 44, 24]]

res = 1155.938
res_int = 1156
solution = [[0, 14, 33, 27, 41, 43, 11, 6], [0, 8, 10, 15, 25, 23, 17, 38], [0, 31, 29, 19, 36, 5, 9], [0, 22, 30, 37, 1, 42, 32], [0, 40, 20, 16, 7, 18, 13], [0, 35, 39, 34, 26, 2, 12], [0, 4, 28, 3, 44, 24, 21]]

Mean = 1152.6990161629378
Execution = 340.4234046936035

Time = 4.252969980239868

res = 1772.727
res_int = 1768
solution = [[0, 46, 25, 41, 55, 9, 54, 72, 38], [0, 64, 33, 15, 47, 56, 69, 65, 35, 26, 19, 57, 75, 20, 29], [0, 23, 6, 24, 34, 11, 63, 10], [0, 52, 28, 79, 18, 48, 14, 71], [0, 17, 31, 27, 59, 5, 44, 12, 62], [0, 2, 37, 8, 68, 43, 16, 61, 78, 30], [0, 51, 77, 3, 39, 60, 74, 13], [0, 1, 7, 21, 40], [0, 58, 32, 4, 22, 45, 50, 76, 70], [0, 42, 53, 66, 67, 36, 73, 49]]

res = 1773.363
res_int = 1769
solution = [[0, 23, 6, 24, 34, 11, 63, 10], [0, 46, 25, 41, 55, 9, 54, 72, 38], [0, 64, 33, 15, 56, 69, 65, 35, 26, 47, 19, 57, 75, 20, 29], [0, 2, 37, 8, 68, 43, 16, 61, 78, 30], [0, 58, 32, 4, 22, 45, 50, 76, 70], [0, 62, 12, 44, 5, 59, 27, 31, 17], [0, 51, 77, 3, 39, 60, 74, 13], [0, 42, 53, 66, 67, 36, 73, 49], [0, 1, 7, 21, 40], [0, 52, 28, 79, 18, 48, 14, 71]]

res = 1773.363
res_int = 1769
solution = [[0, 23, 6, 24, 34, 11, 63, 10], [0, 17, 31, 27, 59, 5, 44, 12, 62], [0, 2, 37, 8, 68, 43, 16, 61, 78, 30], [0, 29, 20, 75, 57, 19, 47, 26, 35, 65, 69, 56, 15, 33, 64], [0, 51, 77, 3, 39, 60, 74, 13], [0, 46, 25, 41, 55, 9, 54, 72, 38], [0, 70, 76, 50, 45, 22, 4, 32, 58], [0, 42, 53, 66, 67, 36, 73, 49], [0, 52, 28, 79, 18, 48, 14, 71], [0, 40, 21, 7, 1]]

res = 1779.525
res_int = 1773
solution = [[0, 2, 37, 8, 68, 43, 16, 61, 78, 30], [0, 29, 20, 75, 57, 19, 26, 35, 65, 69, 56, 47, 15, 33, 64], [0, 23, 6, 24, 34, 11, 63, 10], [0, 46, 25, 41, 55, 9, 54, 72, 76, 58], [0, 17, 31, 27, 59, 5, 44, 12, 62], [0, 52, 28, 79, 18, 48, 14, 71], [0, 1, 7, 21, 40], [0, 50, 45, 22, 4, 32, 38], [0, 51, 77, 3, 39, 60, 74, 13], [0, 42, 53, 70, 66, 67, 36, 73, 49]]

res = 1781.167
res_int = 1777
solution = [[0, 2, 37, 8, 68, 43, 16, 61, 78, 30], [0, 58, 32, 4, 22, 45, 50, 76, 70], [0, 46, 25, 41, 55, 9, 54, 72, 38], [0, 12, 44, 6, 24, 34, 11, 63, 10], [0, 40, 21, 7, 1, 13], [0, 52, 28, 79, 18, 48, 14, 71], [0, 51, 77, 3, 39, 60, 74], [0, 42, 53, 67, 66, 36, 73, 49], [0, 64, 33, 15, 47, 56, 69, 65, 35, 26, 19, 57, 75, 20, 29], [0, 62, 23, 5, 59, 27, 31, 17]]

res = 1787.804
res_int = 1786
solution = [[0, 71, 14, 48, 18, 79, 28, 52], [0, 2, 37, 8, 68, 43, 16, 61, 78, 30], [0, 17, 31, 27, 59, 5, 44, 12, 62], [0, 23, 6, 24, 34, 11, 63, 10], [0, 1, 7, 21, 40], [0, 29, 20, 75, 57, 19, 47, 26, 35, 65, 69, 56, 33, 64], [0, 72, 54, 9, 55, 15, 41, 25, 46, 74], [0, 42, 51, 77, 39, 60, 3, 13], [0, 49, 38, 67, 66, 53, 36, 73], [0, 58, 32, 4, 22, 45, 50, 76, 70]]

res = 1793.119
res_int = 1790
solution = [[0, 70, 76, 50, 45, 22, 4, 32, 58], [0, 23, 6, 24, 34, 11, 63, 10], [0, 62, 12, 44, 5, 59, 27, 3], [0, 72, 54, 9, 55, 15, 41, 25, 46, 17], [0, 42, 51, 77, 39, 60, 74, 13], [0, 73, 36, 53, 66, 67, 38, 49], [0, 2, 37, 8, 68, 43, 16, 61, 78, 30], [0, 64, 33, 56, 69, 65, 35, 26, 47, 19, 57, 75, 20, 31, 29], [0, 40, 21, 7, 1], [0, 52, 28, 79, 18, 48, 14, 71]]

res = 1793.472
res_int = 1789
solution = [[0, 2, 37, 8, 68, 43, 16, 61, 78, 30], [0, 20, 75, 57, 19, 47, 26, 35, 65, 69, 56, 33, 64, 53], [0, 62, 12, 44, 5, 59, 27, 17], [0, 58, 32, 4, 22, 45, 50, 76, 70], [0, 49, 73, 38, 66, 67, 36, 42], [0, 72, 54, 9, 55, 15, 41, 25, 46, 31, 29], [0, 23, 6, 24, 34, 11, 63, 10], [0, 71, 14, 48, 18, 79, 28, 52], [0, 51, 77, 3, 39, 60, 74, 13], [0, 1, 7, 21, 40]]

res = 1796.713
res_int = 1793
solution = [[0, 2, 37, 8, 68, 43, 16, 61, 78, 30], [0, 64, 33, 56, 69, 65, 35, 26, 47, 19, 57, 75, 20, 29], [0, 76, 72, 50, 45, 22, 4, 32, 58], [0, 23, 6, 24, 34, 11, 63, 10], [0, 17, 31, 27, 59, 5, 44, 12, 62], [0, 54, 9, 55, 15, 41, 25, 46, 74], [0, 49, 38, 70, 67, 66, 53, 36, 73], [0, 42, 51, 77, 39, 60, 3, 13], [0, 71, 14, 48, 18, 79, 28, 52], [0, 40, 21, 7, 1]]

res = 1796.713
res_int = 1793
solution = [[0, 76, 72, 50, 45, 22, 4, 32, 58], [0, 2, 37, 8, 68, 43, 16, 61, 78, 30], [0, 17, 31, 27, 59, 5, 44, 12, 62], [0, 54, 9, 55, 15, 41, 25, 46, 74], [0, 29, 20, 75, 57, 19, 47, 26, 35, 65, 69, 56, 33, 64], [0, 52, 28, 79, 18, 48, 14, 71], [0, 49, 38, 70, 66, 67, 53, 36, 73], [0, 42, 51, 77, 39, 60, 3, 13], [0, 40, 21, 7, 1], [0, 23, 6, 24, 34, 11, 63, 10]]

Mean = 1784.7965022484962
Execution = 506.2357063293457

