Instance : A-n32-k05.xml

res = 787.082
res_int = 785
solution = [[0, 6, 3, 2, 23, 4, 11, 28, 14], [0, 27, 24], [0, 18, 8, 9, 22, 15, 29, 10, 25, 5, 20], [0, 12, 1, 16, 30], [0, 21, 31, 19, 17, 13, 7, 26]]

res = 787.082
res_int = 785
solution = [[0, 6, 3, 2, 23, 4, 11, 28, 14], [0, 18, 8, 9, 22, 15, 29, 10, 25, 5, 20], [0, 21, 31, 19, 17, 13, 7, 26], [0, 12, 1, 16, 30], [0, 27, 24]]

res = 787.082
res_int = 785
solution = [[0, 6, 3, 2, 23, 4, 11, 28, 14], [0, 18, 8, 9, 22, 15, 29, 10, 25, 5, 20], [0, 21, 31, 19, 17, 13, 7, 26], [0, 24, 27], [0, 12, 1, 16, 30]]

res = 787.082
res_int = 785
solution = [[0, 6, 3, 2, 23, 4, 11, 28, 14], [0, 18, 8, 9, 22, 15, 29, 10, 25, 5, 20], [0, 27, 24], [0, 21, 31, 19, 17, 13, 7, 26], [0, 12, 1, 16, 30]]

res = 787.082
res_int = 785
solution = [[0, 6, 3, 2, 23, 4, 11, 28, 14], [0, 21, 31, 19, 17, 13, 7, 26], [0, 20, 5, 25, 10, 29, 15, 22, 9, 8, 18], [0, 24, 27], [0, 12, 1, 16, 30]]

res = 787.082
res_int = 785
solution = [[0, 6, 3, 2, 23, 4, 11, 28, 14], [0, 24, 27], [0, 18, 8, 9, 22, 15, 29, 10, 25, 5, 20], [0, 21, 31, 19, 17, 13, 7, 26], [0, 12, 1, 16, 30]]

res = 787.082
res_int = 785
solution = [[0, 14, 28, 11, 4, 23, 2, 3, 6], [0, 18, 8, 9, 22, 15, 29, 10, 25, 5, 20], [0, 27, 24], [0, 12, 1, 16, 30], [0, 21, 31, 19, 17, 13, 7, 26]]

res = 787.082
res_int = 785
solution = [[0, 21, 31, 19, 17, 13, 7, 26], [0, 12, 1, 16, 30], [0, 18, 8, 9, 22, 15, 29, 10, 25, 5, 20], [0, 24, 27], [0, 14, 28, 11, 4, 23, 2, 3, 6]]

res = 787.082
res_int = 785
solution = [[0, 21, 31, 19, 17, 13, 7, 26], [0, 12, 1, 16, 30], [0, 27, 24], [0, 14, 28, 11, 4, 23, 2, 3, 6], [0, 20, 5, 25, 10, 29, 15, 22, 9, 8, 18]]

res = 787.082
res_int = 785
solution = [[0, 12, 1, 16, 30], [0, 21, 31, 19, 17, 13, 7, 26], [0, 20, 5, 25, 10, 29, 15, 22, 9, 8, 18], [0, 14, 28, 11, 4, 23, 2, 3, 6], [0, 24, 27]]

Mean = 314.8327555420441
Execution = 433.2544963359833

Instance : A-n33-k05.xml

res = 662.11
res_int = 661
solution = [[0, 10, 30, 25, 27, 4, 20], [0, 24, 6, 19, 14, 21, 1, 31, 11], [0, 12, 5, 26, 7, 8, 13, 32, 2], [0, 15, 17, 9, 3, 16, 29], [0, 23, 18, 28, 22]]

res = 662.11
res_int = 661
solution = [[0, 12, 5, 26, 7, 8, 13, 32, 2], [0, 11, 31, 1, 21, 14, 19, 6, 24], [0, 29, 16, 3, 9, 17, 15], [0, 20, 4, 27, 25, 30, 10], [0, 22, 28, 18, 23]]

res = 662.11
res_int = 661
solution = [[0, 10, 30, 25, 27, 4, 20], [0, 12, 5, 26, 7, 8, 13, 32, 2], [0, 11, 31, 1, 21, 14, 19, 6, 24], [0, 22, 28, 18, 23], [0, 29, 16, 3, 9, 17, 15]]

res = 662.11
res_int = 661
solution = [[0, 12, 5, 26, 7, 8, 13, 32, 2], [0, 10, 30, 25, 27, 4, 20], [0, 11, 31, 1, 21, 14, 19, 6, 24], [0, 15, 17, 9, 3, 16, 29], [0, 23, 18, 28, 22]]

res = 662.11
res_int = 661
solution = [[0, 12, 5, 26, 7, 8, 13, 32, 2], [0, 10, 30, 25, 27, 4, 20], [0, 11, 31, 1, 21, 14, 19, 6, 24], [0, 29, 16, 3, 9, 17, 15], [0, 23, 18, 28, 22]]

res = 662.11
res_int = 661
solution = [[0, 12, 5, 26, 7, 8, 13, 32, 2], [0, 24, 6, 19, 14, 21, 1, 31, 11], [0, 10, 30, 25, 27, 4, 20], [0, 29, 16, 3, 9, 17, 15], [0, 23, 18, 28, 22]]

res = 662.264
res_int = 662
solution = [[0, 11, 31, 1, 21, 14, 19, 6, 24], [0, 20, 5, 26, 7, 8, 13, 32, 2], [0, 4, 27, 25, 30, 10, 12], [0, 15, 17, 9, 3, 16, 29], [0, 23, 18, 28, 22]]

res = 662.264
res_int = 662
solution = [[0, 4, 27, 25, 30, 10, 12], [0, 20, 5, 26, 7, 8, 13, 32, 2], [0, 11, 31, 1, 21, 14, 19, 6, 24], [0, 29, 16, 3, 9, 17, 15], [0, 22, 28, 18, 23]]

res = 662.264
res_int = 662
solution = [[0, 4, 27, 25, 30, 10, 12], [0, 20, 5, 26, 7, 8, 13, 32, 2], [0, 24, 6, 19, 14, 21, 1, 31, 11], [0, 29, 16, 3, 9, 17, 15], [0, 22, 28, 18, 23]]

res = 662.264
res_int = 662
solution = [[0, 12, 10, 30, 25, 27, 4], [0, 11, 31, 1, 21, 14, 19, 6, 24], [0, 22, 28, 18, 23], [0, 29, 16, 3, 9, 17, 15], [0, 2, 32, 13, 8, 7, 26, 5, 20]]

Mean = 264.86869551885667
Execution = 550.9900724887848

Instance : A-n33-k06.xml

res = 742.693
res_int = 742
solution = [[0, 13, 6, 18, 1, 14], [0, 10, 12, 21], [0, 4, 8, 3, 9, 15, 20, 2, 5], [0, 32, 25, 16, 30, 27, 28], [0, 7, 19, 29, 11, 17], [0, 22, 26, 24, 23, 31]]

res = 743.004
res_int = 743
solution = [[0, 20, 9, 15, 2, 3, 4, 8, 5], [0, 13, 6, 18, 1, 14], [0, 17, 11, 29, 19, 7], [0, 22, 26, 24, 23, 31], [0, 32, 25, 16, 30, 27, 28], [0, 10, 12, 21]]

res = 743.132
res_int = 742
solution = [[0, 4, 8, 3, 9, 15, 20, 2, 5], [0, 21, 12], [0, 13, 6, 18, 1, 14], [0, 7, 19, 29, 11, 17, 10], [0, 32, 25, 16, 30, 27, 28], [0, 22, 26, 24, 23, 31]]

res = 743.132
res_int = 742
solution = [[0, 4, 8, 3, 9, 15, 20, 2, 5], [0, 21, 12], [0, 28, 27, 30, 16, 25, 32], [0, 13, 6, 18, 1, 14], [0, 7, 19, 29, 11, 17, 10], [0, 22, 26, 24, 23, 31]]

res = 743.132
res_int = 742
solution = [[0, 4, 8, 3, 9, 15, 20, 2, 5], [0, 21, 12], [0, 32, 25, 16, 30, 27, 28], [0, 13, 6, 18, 1, 14], [0, 7, 19, 29, 11, 17, 10], [0, 22, 26, 24, 23, 31]]

res = 743.132
res_int = 742
solution = [[0, 21, 12], [0, 13, 6, 18, 1, 14], [0, 7, 19, 29, 11, 17, 10], [0, 4, 8, 3, 9, 15, 20, 2, 5], [0, 22, 26, 24, 23, 31], [0, 28, 27, 30, 16, 25, 32]]

res = 743.443
res_int = 743
solution = [[0, 20, 9, 15, 2, 3, 4, 8, 5], [0, 21, 12], [0, 7, 19, 29, 11, 17, 10], [0, 13, 6, 18, 1, 14], [0, 32, 25, 16, 30, 27, 28], [0, 31, 23, 24, 26, 22]]

res = 743.443
res_int = 743
solution = [[0, 20, 9, 15, 2, 3, 4, 8, 5], [0, 21, 12], [0, 28, 27, 30, 16, 25, 32], [0, 13, 6, 18, 1, 14], [0, 7, 19, 29, 11, 17, 10], [0, 22, 26, 24, 23, 31]]

res = 743.443
res_int = 743
solution = [[0, 20, 9, 15, 2, 3, 4, 8, 5], [0, 21, 12], [0, 28, 27, 30, 16, 25, 32], [0, 13, 6, 18, 1, 14], [0, 7, 19, 29, 11, 17, 10], [0, 22, 26, 24, 23, 31]]

res = 743.443
res_int = 743
solution = [[0, 20, 9, 15, 2, 3, 4, 8, 5], [0, 21, 12], [0, 28, 27, 30, 16, 25, 32], [0, 13, 6, 18, 1, 14], [0, 7, 19, 29, 11, 17, 10], [0, 22, 26, 24, 23, 31]]

Mean = 297.279957138131
Execution = 437.81661438941956

Instance : A-n34-k05.xml

res = 780.936
res_int = 779
solution = [[0, 4, 26, 5, 30, 24], [0, 27, 1, 23, 11, 19, 17, 10], [0, 2, 9, 12, 3, 22, 16, 33, 20], [0, 13, 25, 31, 28, 32, 21, 18], [0, 14, 29, 8, 15, 6, 7]]

res = 780.936
res_int = 779
solution = [[0, 24, 30, 5, 26, 4], [0, 2, 9, 12, 3, 22, 16, 33, 20], [0, 27, 1, 23, 11, 19, 17, 10], [0, 13, 25, 31, 28, 32, 21, 18], [0, 14, 29, 8, 15, 6, 7]]

res = 780.936
res_int = 779
solution = [[0, 2, 9, 12, 3, 22, 16, 33, 20], [0, 14, 29, 8, 15, 6, 7], [0, 24, 30, 5, 26, 4], [0, 27, 1, 23, 11, 19, 17, 10], [0, 13, 25, 31, 28, 32, 21, 18]]

res = 780.936
res_int = 779
solution = [[0, 2, 9, 12, 3, 22, 16, 33, 20], [0, 24, 30, 5, 26, 4], [0, 14, 29, 8, 15, 6, 7], [0, 27, 1, 23, 11, 19, 17, 10], [0, 13, 25, 31, 28, 32, 21, 18]]

res = 780.936
res_int = 779
solution = [[0, 2, 9, 12, 3, 22, 16, 33, 20], [0, 24, 30, 5, 26, 4], [0, 27, 1, 23, 11, 19, 17, 10], [0, 13, 25, 31, 28, 32, 21, 18], [0, 14, 29, 8, 15, 6, 7]]

res = 780.936
res_int = 779
solution = [[0, 2, 9, 12, 3, 22, 16, 33, 20], [0, 24, 30, 5, 26, 4], [0, 27, 1, 23, 11, 19, 17, 10], [0, 13, 25, 31, 28, 32, 21, 18], [0, 14, 29, 8, 15, 6, 7]]

res = 780.936
res_int = 779
solution = [[0, 2, 9, 12, 3, 22, 16, 33, 20], [0, 27, 1, 23, 11, 19, 17, 10], [0, 24, 30, 5, 26, 4], [0, 13, 25, 31, 28, 32, 21, 18], [0, 14, 29, 8, 15, 6, 7]]

res = 780.936
res_int = 779
solution = [[0, 2, 9, 12, 3, 22, 16, 33, 20], [0, 27, 1, 23, 11, 19, 17, 10], [0, 24, 30, 5, 26, 4], [0, 13, 25, 31, 28, 32, 21, 18], [0, 14, 29, 8, 15, 6, 7]]

res = 780.936
res_int = 779
solution = [[0, 24, 30, 5, 26, 4], [0, 2, 9, 12, 3, 22, 16, 33, 20], [0, 14, 29, 8, 15, 6, 7], [0, 27, 1, 23, 11, 19, 17, 10], [0, 13, 25, 31, 28, 32, 21, 18]]

res = 780.936
res_int = 779
solution = [[0, 24, 30, 5, 26, 4], [0, 2, 9, 12, 3, 22, 16, 33, 20], [0, 14, 29, 8, 15, 6, 7], [0, 27, 1, 23, 11, 19, 17, 10], [0, 13, 25, 31, 28, 32, 21, 18]]

Mean = 312.37443006953004
Execution = 431.25042057037354

Instance : A-n36-k05.xml

res = 802.132
res_int = 799
solution = [[0, 1, 22, 32, 13, 17, 30, 29, 33, 18, 21], [0, 15, 8, 35, 2, 23, 34, 14, 28], [0, 9, 6, 3, 4, 19, 31, 12], [0, 20, 5, 25, 27, 24, 11, 16], [0, 10, 7, 26]]

res = 802.132
res_int = 799
solution = [[0, 1, 22, 32, 13, 17, 30, 29, 33, 18, 21], [0, 15, 8, 35, 2, 23, 34, 14, 28], [0, 9, 6, 3, 4, 19, 31, 12], [0, 20, 5, 25, 27, 24, 11, 16], [0, 26, 7, 10]]

res = 802.132
res_int = 799
solution = [[0, 1, 22, 32, 13, 17, 30, 29, 33, 18, 21], [0, 28, 14, 34, 23, 2, 35, 8, 15], [0, 12, 31, 19, 4, 3, 6, 9], [0, 20, 5, 25, 27, 24, 11, 16], [0, 10, 7, 26]]

res = 802.132
res_int = 799
solution = [[0, 20, 5, 25, 27, 24, 11, 16], [0, 15, 8, 35, 2, 23, 34, 14, 28], [0, 1, 22, 32, 13, 17, 30, 29, 33, 18, 21], [0, 26, 7, 10], [0, 9, 6, 3, 4, 19, 31, 12]]

res = 802.132
res_int = 799
solution = [[0, 21, 18, 33, 29, 30, 17, 13, 32, 22, 1], [0, 12, 31, 19, 4, 3, 6, 9], [0, 28, 14, 34, 23, 2, 35, 8, 15], [0, 20, 5, 25, 27, 24, 11, 16], [0, 26, 7, 10]]

res = 802.132
res_int = 799
solution = [[0, 21, 18, 33, 29, 30, 17, 13, 32, 22, 1], [0, 15, 8, 35, 2, 23, 34, 14, 28], [0, 9, 6, 3, 4, 19, 31, 12], [0, 20, 5, 25, 27, 24, 11, 16], [0, 26, 7, 10]]

res = 802.132
res_int = 799
solution = [[0, 21, 18, 33, 29, 30, 17, 13, 32, 22, 1], [0, 15, 8, 35, 2, 23, 34, 14, 28], [0, 20, 5, 25, 27, 24, 11, 16], [0, 26, 7, 10], [0, 9, 6, 3, 4, 19, 31, 12]]

res = 802.132
res_int = 799
solution = [[0, 21, 18, 33, 29, 30, 17, 13, 32, 22, 1], [0, 15, 8, 35, 2, 23, 34, 14, 28], [0, 20, 5, 25, 27, 24, 11, 16], [0, 26, 7, 10], [0, 9, 6, 3, 4, 19, 31, 12]]

res = 802.132
res_int = 799
solution = [[0, 21, 18, 33, 29, 30, 17, 13, 32, 22, 1], [0, 15, 8, 35, 2, 23, 34, 14, 28], [0, 20, 5, 25, 27, 24, 11, 16], [0, 26, 7, 10], [0, 12, 31, 19, 4, 3, 6, 9]]

res = 802.132
res_int = 799
solution = [[0, 21, 18, 33, 29, 30, 17, 13, 32, 22, 1], [0, 28, 14, 34, 23, 2, 35, 8, 15], [0, 12, 31, 19, 4, 3, 6, 9], [0, 20, 5, 25, 27, 24, 11, 16], [0, 26, 7, 10]]

Mean = 320.85272140951383
Execution = 457.78626227378845

Instance : A-n37-k05.xml
