Instance : A-n32-k05.xml
Time = 0.7328574657440186

res = 787.082
solution = [[0, 6, 3, 2, 23, 4, 11, 28, 14], [0, 18, 8, 9, 22, 15, 29, 10, 25, 5, 20], [0, 21, 31, 19, 17, 13, 7, 26], [0, 12, 1, 16, 30], [0, 27, 24]]

res = 787.082
solution = [[0, 6, 3, 2, 23, 4, 11, 28, 14], [0, 18, 8, 9, 22, 15, 29, 10, 25, 5, 20], [0, 21, 31, 19, 17, 13, 7, 26], [0, 12, 1, 16, 30], [0, 27, 24]]

res = 787.082
solution = [[0, 6, 3, 2, 23, 4, 11, 28, 14], [0, 18, 8, 9, 22, 15, 29, 10, 25, 5, 20], [0, 27, 24], [0, 21, 31, 19, 17, 13, 7, 26], [0, 12, 1, 16, 30]]

res = 787.082
solution = [[0, 6, 3, 2, 23, 4, 11, 28, 14], [0, 21, 31, 19, 17, 13, 7, 26], [0, 20, 5, 25, 10, 29, 15, 22, 9, 8, 18], [0, 27, 24], [0, 12, 1, 16, 30]]

res = 787.082
solution = [[0, 18, 8, 9, 22, 15, 29, 10, 25, 5, 20], [0, 6, 3, 2, 23, 4, 11, 28, 14], [0, 21, 31, 19, 17, 13, 7, 26], [0, 27, 24], [0, 30, 16, 1, 12]]

res = 787.082
solution = [[0, 18, 8, 9, 22, 15, 29, 10, 25, 5, 20], [0, 6, 3, 2, 23, 4, 11, 28, 14], [0, 27, 24], [0, 12, 1, 16, 30], [0, 21, 31, 19, 17, 13, 7, 26]]

res = 787.082
solution = [[0, 21, 31, 19, 17, 13, 7, 26], [0, 12, 1, 16, 30], [0, 18, 8, 9, 22, 15, 29, 10, 25, 5, 20], [0, 24, 27], [0, 6, 3, 2, 23, 4, 11, 28, 14]]

res = 787.082
solution = [[0, 21, 31, 19, 17, 13, 7, 26], [0, 12, 1, 16, 30], [0, 18, 8, 9, 22, 15, 29, 10, 25, 5, 20], [0, 27, 24], [0, 6, 3, 2, 23, 4, 11, 28, 14]]

res = 787.082
solution = [[0, 21, 31, 19, 17, 13, 7, 26], [0, 12, 1, 16, 30], [0, 18, 8, 9, 22, 15, 29, 10, 25, 5, 20], [0, 27, 24], [0, 6, 3, 2, 23, 4, 11, 28, 14]]

res = 787.082
solution = [[0, 21, 31, 19, 17, 13, 7, 26], [0, 12, 1, 16, 30], [0, 20, 5, 25, 10, 29, 15, 22, 9, 8, 18], [0, 24, 27], [0, 6, 3, 2, 23, 4, 11, 28, 14]]

Mean = 314.8327555420441
Execution = 421.7865641117096

Instance : A-n33-k05.xml
Time = 0.7200021743774414


res = 662.11
solution = [[0, 11, 31, 1, 21, 14, 19, 6, 24], [0, 12, 5, 26, 7, 8, 13, 32, 2], [0, 10, 30, 25, 27, 4, 20], [0, 29, 16, 3, 9, 17, 15], [0, 22, 28, 18, 23]]

res = 662.11
solution = [[0, 12, 5, 26, 7, 8, 13, 32, 2], [0, 24, 6, 19, 14, 21, 1, 31, 11], [0, 20, 4, 27, 25, 30, 10], [0, 15, 17, 9, 3, 16, 29], [0, 22, 28, 18, 23]]

res = 662.11
solution = [[0, 20, 4, 27, 25, 30, 10], [0, 24, 6, 19, 14, 21, 1, 31, 11], [0, 12, 5, 26, 7, 8, 13, 32, 2], [0, 29, 16, 3, 9, 17, 15], [0, 22, 28, 18, 23]]

res = 662.11
solution = [[0, 24, 6, 19, 14, 21, 1, 31, 11], [0, 10, 30, 25, 27, 4, 20], [0, 12, 5, 26, 7, 8, 13, 32, 2], [0, 29, 16, 3, 9, 17, 15], [0, 22, 28, 18, 23]]

res = 662.11
solution = [[0, 24, 6, 19, 14, 21, 1, 31, 11], [0, 12, 5, 26, 7, 8, 13, 32, 2], [0, 10, 30, 25, 27, 4, 20], [0, 29, 16, 3, 9, 17, 15], [0, 22, 28, 18, 23]]

res = 662.11
solution = [[0, 10, 30, 25, 27, 4, 20], [0, 12, 5, 26, 7, 8, 13, 32, 2], [0, 24, 6, 19, 14, 21, 1, 31, 11], [0, 22, 28, 18, 23], [0, 29, 16, 3, 9, 17, 15]]

res = 662.11
solution = [[0, 12, 5, 26, 7, 8, 13, 32, 2], [0, 11, 31, 1, 21, 14, 19, 6, 24], [0, 29, 16, 3, 9, 17, 15], [0, 22, 28, 18, 23], [0, 10, 30, 25, 27, 4, 20]]

res = 662.11
solution = [[0, 12, 5, 26, 7, 8, 13, 32, 2], [0, 24, 6, 19, 14, 21, 1, 31, 11], [0, 10, 30, 25, 27, 4, 20], [0, 15, 17, 9, 3, 16, 29], [0, 23, 18, 28, 22]]

res = 662.11
solution = [[0, 12, 5, 26, 7, 8, 13, 32, 2], [0, 24, 6, 19, 14, 21, 1, 31, 11], [0, 29, 16, 3, 9, 17, 15], [0, 22, 28, 18, 23], [0, 20, 4, 27, 25, 30, 10]]

res = 662.11
solution = [[0, 20, 4, 27, 25, 30, 10], [0, 12, 5, 26, 7, 8, 13, 32, 2], [0, 11, 31, 1, 21, 14, 19, 6, 24], [0, 29, 16, 3, 9, 17, 15], [0, 23, 18, 28, 22]]

Mean = 264.8440390596889
Execution = 427.8595960140228

Instance : A-n33-k06.xml
Time = 0.6518573760986328

res = 742.693
solution = [[0, 4, 8, 3, 9, 15, 20, 2, 5], [0, 13, 6, 18, 1, 14], [0, 17, 11, 29, 19, 7], [0, 22, 26, 24, 23, 31], [0, 32, 25, 16, 30, 27, 28], [0, 10, 12, 21]]

res = 742.693
solution = [[0, 28, 27, 30, 16, 25, 32], [0, 4, 8, 3, 9, 15, 20, 2, 5], [0, 10, 12, 21], [0, 13, 6, 18, 1, 14], [0, 7, 19, 29, 11, 17], [0, 22, 26, 24, 23, 31]]

res = 742.693
solution = [[0, 32, 25, 16, 30, 27, 28], [0, 4, 8, 3, 9, 15, 20, 2, 5], [0, 10, 12, 21], [0, 13, 6, 18, 1, 14], [0, 7, 19, 29, 11, 17], [0, 22, 26, 24, 23, 31]]

res = 742.693
solution = [[0, 28, 27, 30, 16, 25, 32], [0, 31, 23, 24, 26, 22], [0, 7, 19, 29, 11, 17], [0, 4, 8, 3, 9, 15, 20, 2, 5], [0, 10, 12, 21], [0, 13, 6, 18, 1, 14]]

res = 742.693
solution = [[0, 28, 27, 30, 16, 25, 32], [0, 31, 23, 24, 26, 22], [0, 7, 19, 29, 11, 17], [0, 4, 8, 3, 9, 15, 20, 2, 5], [0, 10, 12, 21], [0, 13, 6, 18, 1, 14]]

res = 743.004
solution = [[0, 7, 19, 29, 11, 17], [0, 10, 12, 21], [0, 5, 8, 4, 3, 2, 15, 9, 20], [0, 13, 6, 18, 1, 14], [0, 32, 25, 16, 30, 27, 28], [0, 22, 26, 24, 23, 31]]

res = 743.004
solution = [[0, 7, 19, 29, 11, 17], [0, 10, 12, 21], [0, 5, 8, 4, 3, 2, 15, 9, 20], [0, 13, 6, 18, 1, 14], [0, 32, 25, 16, 30, 27, 28], [0, 22, 26, 24, 23, 31]]

res = 743.004
solution = [[0, 21, 12, 10], [0, 28, 27, 30, 16, 25, 32], [0, 5, 8, 4, 3, 2, 15, 9, 20], [0, 13, 6, 18, 1, 14], [0, 7, 19, 29, 11, 17], [0, 22, 26, 24, 23, 31]]

res = 743.004
solution = [[0, 28, 27, 30, 16, 25, 32], [0, 10, 12, 21], [0, 5, 8, 4, 3, 2, 15, 9, 20], [0, 13, 6, 18, 1, 14], [0, 7, 19, 29, 11, 17], [0, 22, 26, 24, 23, 31]]

res = 743.004
solution = [[0, 28, 27, 30, 16, 25, 32], [0, 10, 12, 21], [0, 5, 8, 4, 3, 2, 15, 9, 20], [0, 13, 6, 18, 1, 14], [0, 7, 19, 29, 11, 17], [0, 22, 26, 24, 23, 31]]

Mean = 297.13945553483927
Execution = 320.9573941230774

Instance : A-n34-k05.xml
Time = 0.7374846935272217

res = 780.936
solution = [[0, 4, 26, 5, 30, 24], [0, 2, 9, 12, 3, 22, 16, 33, 20], [0, 27, 1, 23, 11, 19, 17, 10], [0, 7, 6, 15, 8, 29, 14], [0, 13, 25, 31, 28, 32, 21, 18]]

res = 780.936
solution = [[0, 2, 9, 12, 3, 22, 16, 33, 20], [0, 14, 29, 8, 15, 6, 7], [0, 24, 30, 5, 26, 4], [0, 27, 1, 23, 11, 19, 17, 10], [0, 13, 25, 31, 28, 32, 21, 18]]

res = 780.936
solution = [[0, 2, 9, 12, 3, 22, 16, 33, 20], [0, 24, 30, 5, 26, 4], [0, 14, 29, 8, 15, 6, 7], [0, 27, 1, 23, 11, 19, 17, 10], [0, 13, 25, 31, 28, 32, 21, 18]]

res = 780.936
solution = [[0, 2, 9, 12, 3, 22, 16, 33, 20], [0, 24, 30, 5, 26, 4], [0, 27, 1, 23, 11, 19, 17, 10], [0, 13, 25, 31, 28, 32, 21, 18], [0, 14, 29, 8, 15, 6, 7]]

res = 780.936
solution = [[0, 20, 33, 16, 22, 3, 12, 9, 2], [0, 14, 29, 8, 15, 6, 7], [0, 24, 30, 5, 26, 4], [0, 27, 1, 23, 11, 19, 17, 10], [0, 13, 25, 31, 28, 32, 21, 18]]

res = 780.936
solution = [[0, 24, 30, 5, 26, 4], [0, 2, 9, 12, 3, 22, 16, 33, 20], [0, 14, 29, 8, 15, 6, 7], [0, 27, 1, 23, 11, 19, 17, 10], [0, 13, 25, 31, 28, 32, 21, 18]]

res = 780.936
solution = [[0, 24, 30, 5, 26, 4], [0, 14, 29, 8, 15, 6, 7], [0, 27, 1, 23, 11, 19, 17, 10], [0, 2, 9, 12, 3, 22, 16, 33, 20], [0, 13, 25, 31, 28, 32, 21, 18]]

res = 780.936
solution = [[0, 24, 30, 5, 26, 4], [0, 20, 33, 16, 22, 3, 12, 9, 2], [0, 14, 29, 8, 15, 6, 7], [0, 27, 1, 23, 11, 19, 17, 10], [0, 13, 25, 31, 28, 32, 21, 18]]

res = 786.437
solution = [[0, 33, 16, 22, 3, 12, 9, 2, 18], [0, 30, 5, 26, 4, 20], [0, 17, 19, 11, 8, 15, 6, 7], [0, 14, 29, 1, 23, 27, 24], [0, 21, 32, 28, 31, 25, 13, 10]]

res = 786.797
solution = [[0, 10, 13, 28, 31, 25, 17, 19], [0, 7, 6, 29, 24, 30, 5], [0, 27, 1, 23, 11, 8, 15, 14], [0, 20, 16, 33, 4, 26], [0, 21, 32, 3, 12, 9, 22, 2, 18]]

Mean = 312.8288846394376
Execution = 405.6825029850006

Instance : A-n36-k05.xml
Time = 1.0412969589233398

res = 802.132
solution = [[0, 15, 8, 35, 2, 23, 34, 14, 28], [0, 21, 18, 33, 29, 30, 17, 13, 32, 22, 1], [0, 9, 6, 3, 4, 19, 31, 12], [0, 20, 5, 25, 27, 24, 11, 16], [0, 10, 7, 26]]

res = 802.132
solution = [[0, 15, 8, 35, 2, 23, 34, 14, 28], [0, 21, 18, 33, 29, 30, 17, 13, 32, 22, 1], [0, 12, 31, 19, 4, 3, 6, 9], [0, 20, 5, 25, 27, 24, 11, 16], [0, 26, 7, 10]]

res = 802.132
solution = [[0, 15, 8, 35, 2, 23, 34, 14, 28], [0, 21, 18, 33, 29, 30, 17, 13, 32, 22, 1], [0, 20, 5, 25, 27, 24, 11, 16], [0, 26, 7, 10], [0, 12, 31, 19, 4, 3, 6, 9]]

res = 802.132
solution = [[0, 15, 8, 35, 2, 23, 34, 14, 28], [0, 21, 18, 33, 29, 30, 17, 13, 32, 22, 1], [0, 20, 5, 25, 27, 24, 11, 16], [0, 26, 7, 10], [0, 12, 31, 19, 4, 3, 6, 9]]

res = 802.132
solution = [[0, 20, 5, 25, 27, 24, 11, 16], [0, 15, 8, 35, 2, 23, 34, 14, 28], [0, 21, 18, 33, 29, 30, 17, 13, 32, 22, 1], [0, 26, 7, 10], [0, 9, 6, 3, 4, 19, 31, 12]]

res = 802.132
solution = [[0, 21, 18, 33, 29, 30, 17, 13, 32, 22, 1], [0, 15, 8, 35, 2, 23, 34, 14, 28], [0, 9, 6, 3, 4, 19, 31, 12], [0, 20, 5, 25, 27, 24, 11, 16], [0, 10, 7, 26]]

res = 802.132
solution = [[0, 21, 18, 33, 29, 30, 17, 13, 32, 22, 1], [0, 15, 8, 35, 2, 23, 34, 14, 28], [0, 20, 5, 25, 27, 24, 11, 16], [0, 26, 7, 10], [0, 9, 6, 3, 4, 19, 31, 12]]

res = 802.132
solution = [[0, 21, 18, 33, 29, 30, 17, 13, 32, 22, 1], [0, 15, 8, 35, 2, 23, 34, 14, 28], [0, 20, 5, 25, 27, 24, 11, 16], [0, 26, 7, 10], [0, 9, 6, 3, 4, 19, 31, 12]]

res = 802.132
solution = [[0, 28, 14, 34, 23, 2, 35, 8, 15], [0, 21, 18, 33, 29, 30, 17, 13, 32, 22, 1], [0, 9, 6, 3, 4, 19, 31, 12], [0, 20, 5, 25, 27, 24, 11, 16], [0, 10, 7, 26]]

res = 802.132
solution = [[0, 28, 14, 34, 23, 2, 35, 8, 15], [0, 21, 18, 33, 29, 30, 17, 13, 32, 22, 1], [0, 10, 7, 26], [0, 20, 5, 25, 27, 24, 11, 16], [0, 12, 31, 19, 4, 3, 6, 9]]

Mean = 320.85272140951383
Execution = 472.5484199523926

Instance : A-n37-k05.xml
Time = 1.0173840522766113

res = 672.465
solution = [[0, 34, 36, 29, 32, 28, 31, 30], [0, 3, 24, 9, 11, 27, 8, 25, 35, 18, 26, 15], [0, 21, 16], [0, 7, 4, 33, 5, 6, 10, 13, 22], [0, 17, 14, 23, 20, 19, 2, 12, 1]]

res = 672.517
solution = [[0, 15, 34, 36, 29, 32, 28, 31, 30], [0, 3, 24, 9, 11, 27, 8, 25, 35, 18, 26], [0, 21, 16], [0, 7, 4, 33, 5, 6, 10, 13, 22], [0, 17, 14, 23, 20, 19, 2, 12, 1]]

res = 672.517
solution = [[0, 15, 34, 36, 29, 32, 28, 31, 30], [0, 3, 24, 9, 11, 27, 8, 25, 35, 18, 26], [0, 21, 16], [0, 7, 4, 33, 5, 6, 10, 13, 22], [0, 17, 14, 23, 20, 19, 2, 12, 1]]

res = 672.517
solution = [[0, 15, 34, 36, 29, 32, 28, 31, 30], [0, 3, 24, 9, 11, 27, 8, 25, 35, 18, 26], [0, 21, 16], [0, 7, 4, 33, 5, 6, 10, 13, 22], [0, 17, 14, 23, 20, 19, 2, 12, 1]]

res = 672.517
solution = [[0, 15, 34, 36, 29, 32, 28, 31, 30], [0, 3, 24, 9, 11, 27, 8, 25, 35, 18, 26], [0, 21, 16], [0, 7, 4, 33, 5, 6, 10, 13, 22], [0, 17, 14, 23, 20, 19, 2, 12, 1]]

res = 672.517
solution = [[0, 15, 34, 36, 29, 32, 28, 31, 30], [0, 3, 24, 9, 11, 27, 8, 25, 35, 18, 26], [0, 21, 16], [0, 7, 4, 33, 5, 6, 10, 13, 22], [0, 17, 14, 23, 20, 19, 2, 12, 1]]

res = 672.517
solution = [[0, 30, 31, 28, 32, 29, 36, 34, 15], [0, 3, 24, 9, 11, 27, 8, 25, 35, 18, 26], [0, 21, 16], [0, 7, 4, 33, 5, 6, 10, 13, 22], [0, 17, 14, 23, 20, 19, 2, 12, 1]]

res = 672.517
solution = [[0, 17, 14, 23, 20, 19, 2, 12, 1], [0, 30, 31, 28, 32, 29, 36, 34, 15], [0, 26, 18, 35, 25, 8, 27, 11, 9, 24, 3], [0, 7, 4, 33, 5, 6, 10, 13, 22], [0, 16, 21]]

res = 672.517
solution = [[0, 1, 12, 2, 19, 20, 23, 14, 17], [0, 21, 16], [0, 22, 13, 10, 6, 5, 33, 4, 7], [0, 30, 31, 28, 32, 29, 36, 34, 15], [0, 26, 18, 35, 25, 8, 27, 11, 9, 24, 3]]

res = 672.741
solution = [[0, 15, 34, 36, 29, 32, 28, 31, 26, 30], [0, 3, 24, 9, 11, 27, 8, 25, 35, 18], [0, 21, 16], [0, 7, 4, 33, 5, 6, 10, 13, 22], [0, 17, 14, 23, 20, 19, 2, 12, 1]]

Mean = 269.01382185666336
Execution = 408.8776042461395

Instance : A-n37-k06.xml
Time = 0.881281852722168

res = 950.852
solution = [[0, 33, 2, 28, 23, 22, 12, 11, 10], [0, 24, 29, 36, 6, 14], [0, 20, 8, 5, 3, 1, 34, 17, 18], [0, 4, 26, 21, 9, 19, 31], [0, 16, 35, 25, 7], [0, 27, 32, 15, 30, 13]]

res = 950.852
solution = [[0, 24, 29, 36, 6, 14], [0, 27, 32, 15, 30, 13], [0, 7, 25, 35, 16], [0, 10, 11, 12, 22, 23, 28, 2, 33], [0, 4, 26, 21, 9, 19, 31], [0, 18, 17, 34, 1, 3, 5, 8, 20]]

res = 950.852
solution = [[0, 24, 29, 36, 6, 14], [0, 27, 32, 15, 30, 13], [0, 7, 25, 35, 16], [0, 10, 11, 12, 22, 23, 28, 2, 33], [0, 31, 19, 9, 21, 26, 4], [0, 18, 17, 34, 1, 3, 5, 8, 20]]

res = 950.852
solution = [[0, 24, 29, 36, 6, 14], [0, 27, 32, 15, 30, 13], [0, 7, 25, 35, 16], [0, 10, 11, 12, 22, 23, 28, 2, 33], [0, 31, 19, 9, 21, 26, 4], [0, 18, 17, 34, 1, 3, 5, 8, 20]]

res = 950.852
solution = [[0, 24, 29, 36, 6, 14], [0, 27, 32, 15, 30, 13], [0, 7, 25, 35, 16], [0, 10, 11, 12, 22, 23, 28, 2, 33], [0, 31, 19, 9, 21, 26, 4], [0, 18, 17, 34, 1, 3, 5, 8, 20]]

res = 950.852
solution = [[0, 24, 29, 36, 6, 14], [0, 27, 32, 15, 30, 13], [0, 16, 35, 25, 7], [0, 10, 11, 12, 22, 23, 28, 2, 33], [0, 31, 19, 9, 21, 26, 4], [0, 18, 17, 34, 1, 3, 5, 8, 20]]

res = 950.852
solution = [[0, 27, 32, 15, 30, 13], [0, 7, 25, 35, 16], [0, 14, 6, 36, 29, 24], [0, 10, 11, 12, 22, 23, 28, 2, 33], [0, 20, 8, 5, 3, 1, 34, 17, 18], [0, 31, 19, 9, 21, 26, 4]]

res = 950.852
solution = [[0, 10, 11, 12, 22, 23, 28, 2, 33], [0, 31, 19, 9, 21, 26, 4], [0, 16, 35, 25, 7], [0, 27, 32, 15, 30, 13], [0, 24, 29, 36, 6, 14], [0, 20, 8, 5, 3, 1, 34, 17, 18]]

res = 952.083
solution = [[0, 10, 11, 12, 22, 23, 28, 2, 33, 20], [0, 16, 35, 25, 7], [0, 14, 6, 36, 29, 24], [0, 13, 30, 15, 32, 27], [0, 8, 5, 3, 1, 34, 17, 18], [0, 31, 19, 9, 21, 26, 4]]

res = 956.754
solution = [[0, 24, 29, 36, 6, 14], [0, 27, 32, 15, 30, 13], [0, 16, 35, 25, 7], [0, 10, 11, 12, 22, 23, 28, 2, 33], [0, 31, 19, 9, 21, 26, 4], [0, 8, 5, 3, 1, 20, 34, 17, 18]]

Mean = 380.62620554166904
Execution = 335.3385097980499

Instance : A-n38-k05.xml
Time = 0.9107799530029297

res = 734.185
solution = [[0, 10, 30, 29, 34, 19, 18], [0, 7, 5, 22, 27, 11, 37], [0, 28, 31, 6, 25, 16, 4, 1, 3, 12, 26, 21], [0, 24, 33, 35, 23, 8, 9], [0, 20, 32, 15, 13, 36, 17, 2, 14]]

res = 734.185
solution = [[0, 10, 30, 29, 34, 19, 18], [0, 37, 11, 27, 22, 5, 7], [0, 28, 31, 6, 25, 16, 4, 1, 3, 12, 26, 21], [0, 24, 33, 35, 23, 8, 9], [0, 20, 32, 15, 13, 36, 17, 2, 14]]

res = 734.185
solution = [[0, 18, 19, 34, 29, 30, 10], [0, 37, 11, 27, 22, 5, 7], [0, 28, 31, 6, 25, 16, 4, 1, 3, 12, 26, 21], [0, 24, 33, 35, 23, 8, 9], [0, 20, 32, 15, 13, 36, 17, 2, 14]]

res = 737.456
solution = [[0, 10, 30, 29, 34, 18, 19], [0, 37, 11, 27, 22, 5, 7], [0, 9, 8, 23, 35, 33, 24], [0, 20, 32, 15, 13, 36, 17, 2, 14], [0, 28, 31, 6, 25, 16, 4, 1, 3, 12, 26, 21]]

res = 742.413
solution = [[0, 21, 23, 35, 33, 8, 9, 24], [0, 7, 5, 22, 27, 11, 37], [0, 20, 32, 15, 13, 36, 17, 2, 14], [0, 25, 16, 4, 1, 3, 12, 26, 30, 10], [0, 28, 31, 6, 34, 29, 19, 18]]

res = 746.273
solution = [[0, 18, 19, 34, 6, 7, 20, 32], [0, 9, 17, 36, 13, 15, 2, 14, 24], [0, 28, 31, 37, 11, 27, 22, 5], [0, 29, 25, 16, 4, 1, 3, 12, 26, 21], [0, 8, 33, 35, 23, 30, 10]]

res = 746.273
solution = [[0, 24, 14, 2, 15, 13, 36, 17, 9], [0, 5, 22, 27, 11, 37, 31, 28], [0, 32, 20, 7, 6, 34, 19, 18], [0, 29, 25, 16, 4, 1, 3, 12, 26, 21], [0, 8, 33, 35, 23, 30, 10]]

res = 746.273
solution = [[0, 28, 31, 37, 11, 27, 22, 5], [0, 9, 17, 36, 13, 15, 2, 14, 24], [0, 18, 19, 34, 6, 7, 20, 32], [0, 29, 25, 16, 4, 1, 3, 12, 26, 21], [0, 10, 30, 23, 35, 33, 8]]

res = 746.273
solution = [[0, 28, 31, 37, 11, 27, 22, 5], [0, 18, 19, 34, 6, 7, 20, 32], [0, 9, 17, 36, 13, 15, 2, 14, 24], [0, 10, 30, 23, 35, 33, 8], [0, 29, 25, 16, 4, 1, 3, 12, 26, 21]]

res = 746.273
solution = [[0, 28, 31, 37, 11, 27, 22, 5], [0, 18, 19, 34, 6, 7, 20, 32], [0, 9, 17, 36, 13, 15, 2, 14, 24], [0, 29, 25, 16, 4, 1, 3, 12, 26, 21], [0, 8, 33, 35, 23, 30, 10]]

Mean = 296.55152204742046
Execution = 323.1178481578827

Instance : A-n39-k05.xml
Time = 1.0450959205627441

res = 828.989
solution = [[0, 14, 19, 25, 33, 12, 18, 4], [0, 9, 38, 15, 5, 29, 20, 23, 1, 31], [0, 6, 36, 27, 28, 13, 30, 21], [0, 17, 24, 35, 37, 34, 26, 11, 8], [0, 2, 22, 3, 7, 16, 32, 10]]

res = 828.989
solution = [[0, 14, 19, 25, 33, 12, 18, 4], [0, 9, 38, 15, 5, 29, 20, 23, 1, 31], [0, 6, 36, 27, 28, 13, 30, 21], [0, 17, 24, 35, 37, 34, 26, 11, 8], [0, 2, 22, 3, 7, 16, 32, 10]]

res = 828.989
solution = [[0, 14, 19, 25, 33, 12, 18, 4], [0, 9, 38, 15, 5, 29, 20, 23, 1, 31], [0, 6, 36, 27, 28, 13, 30, 21], [0, 17, 24, 35, 37, 34, 26, 11, 8], [0, 2, 22, 3, 7, 16, 32, 10]]

res = 828.989
solution = [[0, 14, 19, 25, 33, 12, 18, 4], [0, 9, 38, 15, 5, 29, 20, 23, 1, 31], [0, 6, 36, 27, 28, 13, 30, 21], [0, 17, 24, 35, 37, 34, 26, 11, 8], [0, 10, 32, 16, 7, 3, 22, 2]]

res = 828.989
solution = [[0, 14, 19, 25, 33, 12, 18, 4], [0, 9, 38, 15, 5, 29, 20, 23, 1, 31], [0, 6, 36, 27, 28, 13, 30, 21], [0, 17, 24, 35, 37, 34, 26, 11, 8], [0, 10, 32, 16, 7, 3, 22, 2]]

res = 828.989
solution = [[0, 14, 19, 25, 33, 12, 18, 4], [0, 9, 38, 15, 5, 29, 20, 23, 1, 31], [0, 6, 36, 27, 28, 13, 30, 21], [0, 17, 24, 35, 37, 34, 26, 11, 8], [0, 10, 32, 16, 7, 3, 22, 2]]

res = 828.989
solution = [[0, 14, 19, 25, 33, 12, 18, 4], [0, 9, 38, 15, 5, 29, 20, 23, 1, 31], [0, 6, 36, 27, 28, 13, 30, 21], [0, 17, 24, 35, 37, 34, 26, 11, 8], [0, 10, 32, 16, 7, 3, 22, 2]]

res = 828.989
solution = [[0, 14, 19, 25, 33, 12, 18, 4], [0, 31, 1, 23, 20, 29, 5, 15, 38, 9], [0, 6, 36, 27, 28, 13, 30, 21], [0, 17, 24, 35, 37, 34, 26, 11, 8], [0, 10, 32, 16, 7, 3, 22, 2]]

res = 828.989
solution = [[0, 31, 1, 23, 20, 29, 5, 15, 38, 9], [0, 6, 36, 27, 28, 13, 30, 21], [0, 4, 18, 12, 33, 25, 19, 14], [0, 17, 24, 35, 37, 34, 26, 11, 8], [0, 10, 32, 16, 7, 3, 22, 2]]

res = 828.989
solution = [[0, 31, 1, 23, 20, 29, 5, 15, 38, 9], [0, 14, 19, 25, 33, 12, 18, 4], [0, 6, 36, 27, 28, 13, 30, 21], [0, 17, 24, 35, 37, 34, 26, 11, 8], [0, 2, 22, 3, 7, 16, 32, 10]]

Mean = 331.59564616962155
Execution = 344.76842188835144

Instance : A-n39-k06.xml
Time = 1.0449447631835938

res = 833.205
solution = [[0, 2, 19, 33, 25, 35, 14, 31, 37], [0, 5, 29, 28, 9, 12, 38, 3, 24], [0, 13, 30, 15], [0, 20, 32, 34, 22, 21, 23, 17, 36, 1, 6], [0, 26, 11], [0, 18, 27, 10, 16, 4, 8, 7]]

res = 833.205
solution = [[0, 2, 19, 33, 25, 35, 14, 31, 37], [0, 24, 3, 38, 12, 9, 28, 29, 5], [0, 15, 30, 13], [0, 20, 32, 34, 22, 21, 23, 17, 36, 1, 6], [0, 11, 26], [0, 7, 8, 4, 16, 10, 27, 18]]

res = 833.205
solution = [[0, 2, 19, 33, 25, 35, 14, 31, 37], [0, 24, 3, 38, 12, 9, 28, 29, 5], [0, 15, 30, 13], [0, 20, 32, 34, 22, 21, 23, 17, 36, 1, 6], [0, 11, 26], [0, 18, 27, 10, 16, 4, 8, 7]]

res = 833.205
solution = [[0, 2, 19, 33, 25, 35, 14, 31, 37], [0, 24, 3, 38, 12, 9, 28, 29, 5], [0, 15, 30, 13], [0, 20, 32, 34, 22, 21, 23, 17, 36, 1, 6], [0, 26, 11], [0, 18, 27, 10, 16, 4, 8, 7]]

res = 833.205
solution = [[0, 13, 30, 15], [0, 20, 32, 34, 22, 21, 23, 17, 36, 1, 6], [0, 18, 27, 10, 16, 4, 8, 7], [0, 11, 26], [0, 5, 29, 28, 9, 12, 38, 3, 24], [0, 37, 31, 14, 35, 25, 33, 19, 2]]

res = 833.205
solution = [[0, 13, 30, 15], [0, 20, 32, 34, 22, 21, 23, 17, 36, 1, 6], [0, 37, 31, 14, 35, 25, 33, 19, 2], [0, 5, 29, 28, 9, 12, 38, 3, 24], [0, 11, 26], [0, 18, 27, 10, 16, 4, 8, 7]]

res = 833.205
solution = [[0, 13, 30, 15], [0, 24, 3, 38, 12, 9, 28, 29, 5], [0, 2, 19, 33, 25, 35, 14, 31, 37], [0, 20, 32, 34, 22, 21, 23, 17, 36, 1, 6], [0, 11, 26], [0, 18, 27, 10, 16, 4, 8, 7]]

res = 833.205
solution = [[0, 15, 30, 13], [0, 37, 31, 14, 35, 25, 33, 19, 2], [0, 24, 3, 38, 12, 9, 28, 29, 5], [0, 20, 32, 34, 22, 21, 23, 17, 36, 1, 6], [0, 11, 26], [0, 7, 8, 4, 16, 10, 27, 18]]

res = 833.205
solution = [[0, 24, 3, 38, 12, 9, 28, 29, 5], [0, 15, 30, 13], [0, 11, 26], [0, 20, 32, 34, 22, 21, 23, 17, 36, 1, 6], [0, 37, 31, 14, 35, 25, 33, 19, 2], [0, 18, 27, 10, 16, 4, 8, 7]]

res = 833.205
solution = [[0, 37, 31, 14, 35, 25, 33, 19, 2], [0, 15, 30, 13], [0, 5, 29, 28, 9, 12, 38, 3, 24], [0, 20, 32, 34, 22, 21, 23, 17, 36, 1, 6], [0, 11, 26], [0, 7, 8, 4, 16, 10, 27, 18]]

Mean = 333.2818421409593
Execution = 391.42148184776306

Instance : A-n44-k06.xml
Time = 1.295175552368164

res = 944.026
solution = [[0, 26, 10, 11, 37, 42, 32, 21, 5, 7], [0, 25, 29, 40, 23, 30, 39], [0, 34, 16, 20, 18, 35, 1, 43], [0, 22, 36, 9, 38, 13, 14, 41, 2], [0, 19, 33, 24, 27, 28, 15, 8], [0, 6, 3, 12, 17, 4, 31]]

res = 944.026
solution = [[0, 25, 29, 40, 23, 30, 39], [0, 19, 33, 24, 27, 28, 15, 8], [0, 22, 36, 9, 38, 13, 14, 41, 2], [0, 34, 16, 20, 18, 35, 1, 43], [0, 6, 3, 12, 17, 4, 31], [0, 26, 10, 11, 37, 42, 32, 21, 5, 7]]

res = 944.026
solution = [[0, 25, 29, 40, 23, 30, 39], [0, 19, 33, 24, 27, 28, 15, 8], [0, 22, 36, 9, 38, 13, 14, 41, 2], [0, 34, 16, 20, 18, 35, 1, 43], [0, 6, 3, 12, 17, 4, 31], [0, 26, 10, 11, 37, 42, 32, 21, 5, 7]]

res = 944.026
solution = [[0, 26, 10, 11, 37, 42, 32, 21, 5, 7], [0, 25, 29, 40, 23, 30, 39], [0, 19, 33, 24, 27, 28, 15, 8], [0, 34, 16, 20, 18, 35, 1, 43], [0, 22, 36, 9, 38, 13, 14, 41, 2], [0, 6, 3, 12, 17, 4, 31]]

res = 944.026
solution = [[0, 22, 36, 9, 38, 13, 14, 41, 2], [0, 6, 3, 12, 17, 4, 31], [0, 39, 30, 23, 40, 29, 25], [0, 34, 16, 20, 18, 35, 1, 43], [0, 26, 10, 11, 37, 42, 32, 21, 5, 7], [0, 8, 15, 28, 27, 24, 33, 19]]

res = 944.026
solution = [[0, 22, 36, 9, 38, 13, 14, 41, 2], [0, 43, 1, 35, 18, 20, 16, 34], [0, 26, 10, 11, 37, 42, 32, 21, 5, 7], [0, 8, 15, 28, 27, 24, 33, 19], [0, 6, 3, 12, 17, 4, 31], [0, 39, 30, 23, 40, 29, 25]]

res = 944.026
solution = [[0, 26, 10, 11, 37, 42, 32, 21, 5, 7], [0, 25, 29, 40, 23, 30, 39], [0, 19, 33, 24, 27, 28, 15, 8], [0, 22, 36, 9, 38, 13, 14, 41, 2], [0, 6, 3, 12, 17, 4, 31], [0, 34, 16, 20, 18, 35, 1, 43]]

res = 944.026
solution = [[0, 26, 10, 11, 37, 42, 32, 21, 5, 7], [0, 25, 29, 40, 23, 30, 39], [0, 19, 33, 24, 27, 28, 15, 8], [0, 22, 36, 9, 38, 13, 14, 41, 2], [0, 6, 3, 12, 17, 4, 31], [0, 34, 16, 20, 18, 35, 1, 43]]

res = 944.026
solution = [[0, 26, 10, 11, 37, 42, 32, 21, 5, 7], [0, 25, 29, 40, 23, 30, 39], [0, 19, 33, 24, 27, 28, 15, 8], [0, 22, 36, 9, 38, 13, 14, 41, 2], [0, 6, 3, 12, 17, 4, 31], [0, 34, 16, 20, 18, 35, 1, 43]]

res = 944.026
solution = [[0, 22, 36, 9, 38, 13, 14, 41, 2], [0, 25, 29, 40, 23, 30, 39], [0, 26, 10, 11, 37, 42, 32, 21, 5, 7], [0, 8, 15, 28, 27, 24, 33, 19], [0, 6, 3, 12, 17, 4, 31], [0, 43, 1, 35, 18, 20, 16, 34]]

Mean = 377.61038738928823
Execution = 342.6814353466034

Instance : A-n45-k06.xml
Time = 1.3133738040924072
