Instance : A-n45-k07.xml
Time = 1.2668766975402832

res = 1150.008
solution = [[0, 13, 8, 38, 17, 23, 25, 15, 10], [0, 31, 36, 19, 29, 33], [0, 42, 1, 37, 30, 5, 22], [0, 40, 20, 16, 7, 18], [0, 21, 27, 41, 43, 11, 3, 28, 6, 2], [0, 34, 24, 44, 14, 9, 32], [0, 35, 39, 26, 4, 12]]

res = 1150.008
solution = [[0, 31, 36, 19, 29, 33], [0, 34, 24, 44, 14, 9, 32], [0, 13, 8, 38, 17, 23, 25, 15, 10], [0, 18, 7, 16, 20, 40], [0, 22, 5, 30, 37, 1, 42], [0, 21, 27, 41, 43, 11, 3, 28, 6, 2], [0, 35, 39, 26, 4, 12]]

res = 1150.217
solution = [[0, 33, 29, 36, 19, 31], [0, 39, 35, 34, 4, 12], [0, 32, 9, 14, 44, 24, 21, 26], [0, 27, 41, 43, 11, 3, 28, 6, 2], [0, 8, 10, 15, 25, 23, 17, 38, 13], [0, 40, 20, 16, 7, 18], [0, 22, 5, 30, 37, 1, 42]]

res = 1150.217
solution = [[0, 31, 36, 19, 29, 33], [0, 42, 1, 37, 30, 5, 22], [0, 39, 35, 34, 4, 12], [0, 32, 9, 14, 44, 24, 21, 26], [0, 27, 41, 43, 11, 3, 28, 6, 2], [0, 8, 10, 15, 25, 23, 17, 38, 13], [0, 40, 20, 16, 7, 18]]

res = 1150.217
solution = [[0, 31, 36, 19, 29, 33], [0, 27, 41, 43, 11, 3, 28, 6, 2], [0, 35, 39, 34, 4, 12], [0, 26, 21, 24, 44, 14, 9, 32], [0, 22, 5, 30, 37, 1, 42], [0, 40, 20, 16, 7, 18], [0, 8, 10, 15, 25, 23, 17, 38, 13]]

res = 1151.871
solution = [[0, 33, 29, 36, 19, 31], [0, 26, 21, 24, 44, 14, 9, 32], [0, 13, 8, 38, 17, 23, 25, 15, 10], [0, 22, 5, 30, 37, 1, 42], [0, 27, 41, 43, 11, 3, 28, 6, 2], [0, 40, 20, 16, 7, 18], [0, 39, 35, 34, 4, 12]]

res = 1152.471
solution = [[0, 27, 41, 43, 11, 3, 28, 6], [0, 35, 39, 26, 4, 2, 12], [0, 34, 24, 44, 33, 14, 21], [0, 8, 10, 15, 25, 23, 17, 38, 13], [0, 31, 29, 36, 19, 5, 32], [0, 40, 20, 16, 7, 18], [0, 42, 1, 37, 30, 22, 9]]

res = 1152.766
solution = [[0, 8, 42, 1, 37, 30, 22, 9], [0, 5, 36, 19, 29, 31, 14], [0, 4, 24, 44, 33, 21], [0, 38, 17, 23, 25, 15, 10], [0, 27, 41, 43, 11, 3, 28, 6], [0, 40, 20, 16, 7, 18, 13, 32], [0, 35, 39, 34, 26, 2, 12]]

res = 1152.766
solution = [[0, 5, 36, 19, 29, 31, 14], [0, 4, 24, 44, 33, 21], [0, 38, 17, 23, 25, 15, 10], [0, 8, 42, 1, 37, 30, 22, 9], [0, 40, 20, 16, 7, 18, 13, 32], [0, 27, 41, 43, 11, 3, 28, 6], [0, 12, 2, 26, 34, 39, 35]]

res = 1154.225
solution = [[0, 31, 36, 19, 29, 33], [0, 42, 1, 37, 30, 5, 22], [0, 35, 39, 34, 26, 4, 2], [0, 6, 28, 3, 11, 43, 41, 27, 21], [0, 32, 9, 14, 44, 24, 12], [0, 8, 10, 15, 25, 23, 17, 38, 13], [0, 40, 7, 20, 16, 18]]

Mean = 460.5906484132133
Execution = 767.9495537281036

Instance : A-n48-k07.xml
Time = 1.522184133529663

res = 1074.338
solution = [[0, 12, 5, 1, 31, 43, 23], [0, 16, 33, 46, 13, 30, 21, 29, 28], [0, 41, 2, 10, 47, 17, 14], [0, 40, 7, 8, 39, 26, 20, 3, 37], [0, 45, 27, 15, 42, 11, 4, 24, 9, 34], [0, 6, 22, 25, 19, 38, 36, 32], [0, 44, 35, 18]]

res = 1074.338
solution = [[0, 28, 29, 21, 30, 13, 46, 33, 16], [0, 45, 27, 15, 42, 11, 4, 24, 9, 34], [0, 12, 5, 1, 31, 43, 23], [0, 41, 2, 10, 47, 17, 14], [0, 37, 3, 20, 26, 39, 8, 7, 40], [0, 32, 36, 38, 19, 25, 22, 6], [0, 44, 35, 18]]

res = 1087.478
solution = [[0, 7, 3, 20, 26, 39, 8, 15, 27], [0, 29, 21, 30, 46, 13, 24, 4, 11, 42, 9, 34], [0, 41, 2, 10, 33, 28, 45], [0, 32, 38, 25, 19, 37, 36, 40], [0, 14, 17, 47, 16], [0, 35, 22, 6, 1, 5, 31, 43], [0, 18, 44, 23, 12]]

res = 1087.478
solution = [[0, 16, 47, 17, 14], [0, 29, 21, 30, 46, 13, 24, 4, 11, 42, 9, 34], [0, 27, 15, 8, 39, 26, 20, 3, 7], [0, 45, 28, 33, 10, 2, 41], [0, 32, 38, 25, 19, 37, 36, 40], [0, 12, 23, 44, 18], [0, 43, 31, 5, 1, 6, 22, 35]]

res = 1087.478
solution = [[0, 32, 38, 25, 19, 37, 36, 40], [0, 29, 21, 30, 46, 13, 24, 4, 11, 42, 9, 34], [0, 27, 15, 8, 39, 26, 20, 3, 7], [0, 45, 28, 33, 10, 2, 41], [0, 16, 47, 17, 14], [0, 18, 44, 23, 12], [0, 43, 31, 5, 1, 6, 22, 35]]

res = 1087.939
solution = [[0, 7, 3, 20, 26, 39, 8, 15, 27], [0, 12, 5, 1, 31, 43, 23], [0, 29, 21, 30, 46, 13, 24, 4, 11, 42, 9, 34], [0, 36, 40, 16, 47, 17, 14], [0, 45, 28, 33, 10, 2, 41], [0, 6, 22, 38, 25, 19, 37, 32], [0, 44, 35, 18]]

res = 1087.939
solution = [[0, 29, 21, 30, 46, 13, 24, 4, 11, 42, 9, 34], [0, 7, 3, 20, 26, 39, 8, 15, 27], [0, 36, 40, 16, 47, 17, 14], [0, 6, 22, 38, 25, 19, 37, 32], [0, 12, 5, 1, 31, 43, 23], [0, 44, 35, 18], [0, 41, 2, 10, 33, 28, 45]]

res = 1090.992
solution = [[0, 29, 21, 30, 46, 13, 24, 4, 11, 42, 9, 34], [0, 32, 38, 25, 19, 37, 36, 40], [0, 45, 28, 33, 10, 2, 41], [0, 16, 47, 17, 14], [0, 12, 31, 43, 23, 44, 18], [0, 5, 1, 6, 22, 35], [0, 27, 15, 8, 39, 26, 20, 3, 7]]

res = 1092.943
solution = [[0, 27, 15, 8, 39, 26, 20, 3, 7], [0, 29, 21, 30, 46, 13, 24, 4, 11, 42, 9, 34], [0, 32, 38, 25, 19, 37, 36, 40], [0, 16, 47, 17, 14], [0, 41, 2, 10, 33, 28, 45], [0, 23, 43, 35, 44, 18], [0, 22, 6, 1, 5, 31, 12]]

res = 1092.943
solution = [[0, 27, 15, 8, 39, 26, 20, 3, 7], [0, 29, 21, 30, 46, 13, 24, 4, 11, 42, 9, 34], [0, 32, 38, 25, 19, 37, 36, 40], [0, 22, 6, 1, 5, 31, 12], [0, 16, 47, 17, 14], [0, 41, 2, 10, 33, 28, 45], [0, 23, 43, 35, 44, 18]]

Mean = 434.5545466388014
Execution = 673.3234293460846

Instance : A-n53-k07.xml
Time = 1.940035104751587

res = 1020.152
solution = [[0, 27, 35, 8, 46, 51], [0, 25, 21, 34, 52, 13, 14, 39], [0, 31, 38, 18, 40, 26, 10, 49, 29, 44], [0, 11, 24, 41, 17, 9, 47], [0, 7, 12, 16, 32, 15, 19, 23, 42, 48, 4], [0, 28, 22, 45, 43, 50, 36, 2, 37, 30, 1], [0, 20, 6, 33, 3, 5]]

res = 1020.618
solution = [[0, 25, 21, 34, 52, 13, 14, 39], [0, 24, 11, 41, 17, 9, 47], [0, 51, 46, 8, 35, 27], [0, 20, 6, 33, 3, 5], [0, 31, 38, 18, 40, 26, 10, 49, 29, 44], [0, 4, 28, 22, 45, 43, 50, 36, 2, 37, 30, 1], [0, 48, 42, 23, 19, 15, 32, 16, 12, 7]]

res = 1020.618
solution = [[0, 25, 21, 34, 52, 13, 14, 39], [0, 27, 35, 8, 46, 51], [0, 5, 3, 33, 6, 20], [0, 48, 42, 23, 19, 15, 32, 16, 12, 7], [0, 24, 11, 41, 17, 9, 47], [0, 44, 29, 49, 10, 26, 40, 18, 38, 31], [0, 4, 28, 22, 45, 43, 50, 36, 2, 37, 30, 1]]

res = 1020.618
solution = [[0, 25, 21, 34, 52, 13, 14, 39], [0, 44, 29, 49, 10, 26, 40, 18, 38, 31], [0, 47, 9, 17, 41, 24, 11], [0, 27, 35, 8, 46, 51], [0, 20, 6, 33, 3, 5], [0, 48, 42, 23, 19, 15, 32, 16, 12, 7], [0, 4, 28, 22, 45, 43, 50, 36, 2, 37, 30, 1]]

res = 1020.618
solution = [[0, 25, 21, 34, 52, 13, 14, 39], [0, 27, 35, 8, 46, 51], [0, 20, 6, 33, 3, 5], [0, 11, 24, 41, 17, 9, 47], [0, 7, 12, 16, 32, 15, 19, 23, 42, 48], [0, 44, 29, 49, 10, 26, 40, 18, 38, 31], [0, 4, 28, 22, 45, 43, 50, 36, 2, 37, 30, 1]]

res = 1021.657
solution = [[0, 14, 13, 52, 34, 21, 25], [0, 11, 24, 41, 17, 9, 47], [0, 27, 35, 8, 46, 51], [0, 20, 6, 33, 3, 5, 39], [0, 48, 42, 23, 19, 15, 32, 16, 12, 7], [0, 44, 29, 49, 10, 26, 40, 18, 38, 31], [0, 4, 28, 22, 45, 43, 50, 36, 2, 37, 30, 1]]

res = 1021.657
solution = [[0, 14, 13, 52, 34, 21, 25], [0, 24, 11, 41, 17, 9, 47], [0, 20, 6, 33, 3, 5, 39], [0, 7, 12, 16, 32, 15, 19, 23, 42, 48], [0, 51, 46, 8, 35, 27], [0, 4, 28, 22, 45, 43, 50, 36, 2, 37, 30, 1], [0, 44, 29, 49, 10, 26, 40, 18, 38, 31]]

res = 1021.657
solution = [[0, 14, 13, 52, 34, 21, 25], [0, 51, 46, 8, 35, 27], [0, 39, 5, 3, 33, 6, 20], [0, 24, 11, 41, 17, 9, 47], [0, 7, 12, 16, 32, 15, 19, 23, 42, 48], [0, 31, 38, 18, 40, 26, 10, 49, 29, 44], [0, 4, 28, 22, 45, 43, 50, 36, 2, 37, 30, 1]]

res = 1024.119
solution = [[0, 14, 13, 52, 34, 21], [0, 51, 46, 8, 35, 27], [0, 48, 42, 23, 19, 15, 32, 16, 12, 7], [0, 25, 11, 24, 41, 17, 9, 47], [0, 39, 5, 3, 33, 6, 20], [0, 44, 29, 49, 10, 26, 40, 18, 38, 31], [0, 4, 28, 22, 45, 43, 50, 36, 2, 37, 30, 1]]

res = 1024.119
solution = [[0, 21, 34, 52, 13, 14], [0, 27, 35, 8, 46, 51], [0, 20, 6, 33, 3, 5, 39], [0, 44, 29, 49, 10, 26, 40, 18, 38, 31], [0, 1, 30, 37, 2, 36, 50, 43, 45, 22, 28, 4], [0, 47, 9, 17, 41, 24, 11, 25], [0, 7, 12, 16, 32, 15, 19, 23, 42, 48]]

Mean = 408.6333283526329
Execution = 792.9484708309174

Instance : A-n54-k07.xml
Time = 1.8967976570129395

res = 1174.62
solution = [[0, 19, 8, 31, 40, 48, 37, 12], [0, 23, 29, 10, 17, 1, 36, 49, 20], [0, 18, 5, 50, 39, 7, 28, 4, 43], [0, 52, 34, 41, 46, 42, 24, 51, 47, 25, 30], [0, 32, 14, 2, 27, 6, 16], [0, 35, 15, 26, 45, 21, 33, 9, 38, 11], [0, 13, 22, 3, 53, 44]]

res = 1174.62
solution = [[0, 19, 8, 31, 40, 48, 37, 12], [0, 44, 53, 3, 22, 13], [0, 11, 38, 9, 33, 21, 45, 26, 15, 35], [0, 23, 29, 10, 17, 1, 36, 49, 20], [0, 18, 5, 50, 39, 7, 28, 4, 43], [0, 30, 25, 47, 51, 24, 42, 46, 41, 34, 52], [0, 16, 6, 27, 2, 14, 32]]

res = 1174.62
solution = [[0, 30, 25, 47, 51, 24, 42, 46, 41, 34, 52], [0, 19, 8, 31, 40, 48, 37, 12], [0, 44, 53, 3, 22, 13], [0, 32, 14, 2, 27, 6, 16], [0, 11, 38, 9, 33, 21, 45, 26, 15, 35], [0, 20, 49, 36, 1, 17, 10, 29, 23], [0, 18, 5, 50, 39, 7, 28, 4, 43]]

res = 1178.069
solution = [[0, 19, 8, 31, 40, 48, 37, 12], [0, 16, 6, 27, 2, 14, 32], [0, 30, 25, 47, 51, 24, 42, 46, 41, 34, 52], [0, 23, 20, 49, 39, 50, 7, 5, 18, 28, 4], [0, 29, 36, 1, 17, 10, 43], [0, 35, 15, 26, 45, 21, 33, 9, 38, 11], [0, 13, 22, 3, 53, 44]]

res = 1178.216
solution = [[0, 29, 36, 1, 17, 10, 43], [0, 19, 8, 31, 40, 48, 37, 12], [0, 23, 20, 49, 39, 50, 7, 5, 18, 28, 4], [0, 30, 25, 47, 51, 24, 42, 46, 41, 34, 52], [0, 32, 14, 2, 27, 6, 16], [0, 11, 44, 9, 33, 21, 45, 26, 15, 35], [0, 38, 53, 3, 22, 13]]

res = 1178.216
solution = [[0, 19, 8, 31, 40, 48, 37, 12], [0, 23, 20, 49, 39, 50, 7, 5, 18, 28, 4], [0, 30, 25, 47, 51, 24, 42, 46, 41, 34, 52], [0, 29, 36, 1, 17, 10, 43], [0, 11, 44, 9, 33, 21, 45, 26, 15, 35], [0, 38, 53, 3, 22, 13], [0, 32, 14, 2, 27, 6, 16]]

res = 1178.602
solution = [[0, 19, 8, 31, 40, 48, 37, 12], [0, 44, 3, 22, 53], [0, 35, 15, 10, 17, 26, 1, 29, 23], [0, 20, 49, 36, 45, 21, 33, 9, 38, 11, 13], [0, 18, 5, 50, 39, 7, 28, 4, 43], [0, 16, 6, 27, 2, 14, 32], [0, 52, 34, 41, 46, 42, 24, 51, 47, 25, 30]]

res = 1179.653
solution = [[0, 53, 22, 3, 44], [0, 19, 8, 31, 40, 48, 37, 12], [0, 30, 25, 47, 51, 24, 42, 46, 41, 34, 52], [0, 32, 14, 2, 27, 6, 16], [0, 29, 36, 1, 17, 10, 43], [0, 13, 11, 38, 9, 33, 21, 45, 26, 15, 35], [0, 23, 20, 49, 39, 50, 7, 5, 18, 28, 4]]

res = 1179.704
solution = [[0, 19, 8, 31, 40, 48, 37, 12], [0, 44, 3, 22, 53], [0, 18, 5, 50, 39, 7, 28, 4, 43], [0, 13, 11, 38, 9, 33, 21, 45, 29], [0, 23, 20, 49, 36, 1, 26, 17, 10, 15, 35], [0, 30, 25, 47, 51, 24, 42, 46, 41, 34, 52], [0, 32, 14, 2, 27, 6, 16]]

res = 1179.723
solution = [[0, 52, 34, 41, 46, 42, 24, 51, 47, 25, 30], [0, 35, 15, 26, 45, 21, 33, 9, 38, 11], [0, 44, 53, 3, 22, 13], [0, 18, 5, 50, 39, 7, 28, 4, 43], [0, 23, 29, 10, 17, 1, 36, 49, 20], [0, 32, 14, 12, 27, 6, 16], [0, 19, 8, 31, 40, 48, 37, 2]]

Mean = 471.0418368809867
Execution = 832.9895203113556

Instance : A-n61-k09.xml
Time = 2.1270899772644043

res = 1041.191
solution = [[0, 39, 28, 60, 11, 31, 52, 57, 17], [0, 14, 7, 23, 55, 50], [0, 51, 47, 56, 27, 21, 36, 29, 58], [0, 33, 42, 30, 37, 45, 59, 10, 24], [0, 25, 6, 41, 8, 53, 40, 19], [0, 9], [0, 15, 38, 3], [0, 20, 5, 54, 46, 2, 49], [0, 34, 35, 18, 48, 16, 1, 44], [0, 43, 32, 26, 4, 22, 12, 13]]

res = 1041.191
solution = [[0, 39, 28, 60, 11, 31, 52, 57, 17], [0, 14, 7, 23, 55, 50], [0, 58, 29, 36, 21, 27, 56, 47, 51], [0, 33, 42, 30, 37, 45, 59, 10, 24], [0, 25, 6, 41, 8, 53, 40, 19], [0, 9], [0, 20, 5, 54, 46, 2, 49], [0, 15, 38, 3], [0, 34, 35, 18, 48, 16, 1, 44], [0, 43, 32, 26, 4, 22, 12, 13]]

res = 1041.191
solution = [[0, 39, 28, 60, 11, 31, 52, 57, 17], [0, 50, 55, 23, 7, 14], [0, 51, 47, 56, 27, 21, 36, 29, 58], [0, 33, 42, 30, 37, 45, 59, 10, 24], [0, 25, 6, 41, 8, 53, 40, 19], [0, 15, 38, 3], [0, 20, 5, 54, 46, 2, 49], [0, 34, 35, 18, 48, 16, 1, 44], [0, 43, 32, 26, 4, 22, 12, 13], [0, 9]]

res = 1041.191
solution = [[0, 3, 38, 15], [0, 34, 35, 18, 48, 16, 1, 44], [0, 33, 42, 30, 37, 45, 59, 10, 24], [0, 17, 57, 52, 31, 11, 60, 28, 39], [0, 20, 5, 54, 46, 2, 49], [0, 9], [0, 58, 29, 36, 21, 27, 56, 47, 51], [0, 25, 6, 41, 8, 53, 40, 19], [0, 43, 32, 26, 4, 22, 12, 13], [0, 14, 23, 7, 55, 50]]

res = 1043.082
solution = [[0, 33, 42, 30, 37, 45, 59, 10, 24], [0, 3, 38, 15], [0, 43, 32, 26, 4, 22, 12, 13], [0, 14, 7, 23, 55, 50], [0, 25, 6, 41, 53, 8, 40, 19], [0, 20, 54, 46, 5, 2, 49], [0, 17, 57, 52, 31, 11, 60, 28, 39], [0, 9], [0, 51, 47, 56, 27, 21, 36, 29, 58], [0, 34, 35, 18, 48, 16, 1, 44]]

res = 1045.711
solution = [[0, 15, 38, 3], [0, 30, 37, 45, 59, 24, 19], [0, 33, 42, 32, 43, 26, 4, 22, 12], [0, 5, 54, 46, 2, 49, 10], [0, 40, 53, 8, 41, 6, 20, 25], [0, 35, 18, 48, 16, 1, 44, 28], [0, 50, 13, 17, 57, 52, 31, 11, 60, 39], [0, 14, 23, 7, 55], [0, 9, 51], [0, 58, 29, 36, 21, 27, 56, 47, 34]]

res = 1048.084
solution = [[0, 15, 38, 3], [0, 25, 20, 6, 41, 53, 24, 19], [0, 40, 8, 5, 54, 46, 2, 10], [0, 49, 59, 45, 37, 30, 42, 33], [0, 34, 35, 18, 48, 16, 1, 44], [0, 58, 29, 36, 21, 27, 56, 47, 51], [0, 17, 57, 52, 31, 11, 60, 28, 39], [0, 9], [0, 43, 32, 26, 4, 22, 12, 13], [0, 50, 55, 7, 23, 14]]

res = 1048.668
solution = [[0, 3, 38, 15], [0, 17, 57, 52, 31, 11, 60, 28, 39], [0, 44, 1, 34, 16, 48, 18, 35], [0, 33, 42, 30, 37, 45, 59, 10, 24], [0, 58, 29, 36, 21, 27, 56, 47], [0, 51, 9], [0, 43, 32, 26, 4, 22, 12, 13], [0, 14, 7, 23, 55, 50], [0, 25, 6, 41, 8, 53, 40, 19], [0, 20, 5, 54, 46, 2, 49]]

res = 1049.396
solution = [[0, 3, 38, 15], [0, 39, 28, 60, 11, 31, 52, 57, 17], [0, 24, 10, 59, 45, 37, 30, 42, 33], [0, 43, 32, 26, 4, 22, 12, 13], [0, 47, 56, 27, 21, 36, 29, 20, 40, 19], [0, 50, 55, 23, 7, 14], [0, 44, 1, 16, 48, 18, 35, 34], [0, 9, 51], [0, 49, 2, 46, 54, 5], [0, 53, 8, 41, 6, 25, 58]]

res = 1050.184
solution = [[0, 3, 38, 15], [0, 25, 20, 6, 41, 8, 53, 40], [0, 30, 37, 45, 59, 24, 19], [0, 33, 42, 32, 43, 26, 4, 22, 12], [0, 28, 60, 11, 31, 52, 57, 17], [0, 34, 35, 18, 48, 16, 1, 44, 39], [0, 58, 29, 36, 21, 27, 56, 47, 51], [0, 14, 23, 7, 55], [0, 50, 13, 9], [0, 5, 54, 46, 2, 49, 10]]

Mean = 417.99559122759473
Execution = 939.1296453475952

Instance : A-n62-k08.xml
Time = 2.646512508392334

res = 1318.89
solution = [[0, 49, 35, 33, 58, 17, 50], [0, 14, 5, 60, 9, 54, 42, 24, 47, 45], [0, 31, 25, 11, 4, 21, 41, 23, 27, 39, 39, 3], [0, 52, 2, 44, 22, 37, 16, 36], [0, 38, 19, 46, 1, 30, 18, 13, 12, 53], [0, 40, 6, 32, 57, 55, 26, 59, 34], [0, 20, 56, 48, 15, 28], [0, 51, 10, 8, 43, 29, 61, 7]]

res = 1318.89
solution = [[0, 50, 17, 58, 33, 35, 49], [0, 40, 6, 32, 57, 55, 26, 59, 34], [0, 45, 47, 24, 42, 54, 9, 60, 5, 14], [0, 3, 39, 39, 27, 23, 41, 21, 4, 11, 25, 31], [0, 36, 16, 37, 22, 44, 2, 52], [0, 38, 19, 46, 1, 30, 18, 13, 12, 53], [0, 20, 56, 48, 15, 28], [0, 51, 10, 8, 43, 29, 61, 7]]

res = 1321.02
solution = [[0, 50, 17, 58, 33, 35, 49], [0, 13, 18, 3, 39, 39, 27, 23, 41, 21, 4, 11, 31, 34], [0, 46, 42, 24, 47, 45], [0, 51, 10, 8, 43, 29, 61, 20], [0, 59, 26, 55, 57, 32, 6, 40, 7], [0, 38, 19, 30, 1, 54, 9, 25, 60, 5, 14, 12, 53], [0, 15, 48, 56, 28], [0, 36, 16, 37, 22, 44, 2, 52]]

res = 1326.97
solution = [[0, 50, 17, 58, 33, 35, 49], [0, 40, 6, 32, 57, 55, 26, 59, 34], [0, 46, 42, 24, 47, 45], [0, 3, 39, 39, 27, 23, 41, 21, 4, 11, 25, 31], [0, 51, 10, 8, 43, 29, 61, 7], [0, 14, 5, 60, 9, 54, 1, 30, 18, 19, 38, 13, 12, 53], [0, 36, 16, 37, 22, 44, 2, 52], [0, 20, 56, 48, 15, 28]]

res = 1327.267
solution = [[0, 59, 26, 55, 57, 32, 6, 40], [0, 50, 17, 58, 33, 35, 49], [0, 52, 2, 44, 22, 37, 16, 36], [0, 45, 47, 24, 3, 42], [0, 38, 19, 18, 30, 46, 1, 5, 60, 14], [0, 34, 31, 25, 11, 4, 21, 41, 23, 27, 39, 39, 54, 9, 13], [0, 20, 56, 48, 12, 53, 15, 28], [0, 51, 10, 8, 43, 29, 61, 7]]

res = 1327.793
solution = [[0, 50, 17, 58, 33, 35, 49], [0, 46, 42, 24, 47, 45], [0, 59, 26, 55, 57, 32, 6, 40], [0, 34, 31, 11, 4, 21, 41, 23, 27, 39, 39, 3, 54, 18], [0, 51, 10, 8, 43, 29, 61, 7], [0, 14, 5, 60, 25, 9, 1, 30, 19, 38, 13, 12, 53], [0, 52, 2, 44, 22, 37, 16, 36], [0, 20, 56, 48, 15, 28]]

res = 1328.636
solution = [[0, 46, 42, 24, 47, 45], [0, 36, 16, 37, 22, 44, 2, 52], [0, 50, 17, 58, 33, 35, 49], [0, 51, 10, 8, 43, 29, 61, 7], [0, 59, 26, 55, 57, 32, 6, 40], [0, 20, 56, 48, 53, 15, 28], [0, 38, 19, 13, 18, 30, 1, 9, 25, 60, 5, 14, 12], [0, 34, 31, 11, 4, 21, 41, 23, 27, 39, 39, 3, 54]]

res = 1331.071
solution = [[0, 49, 35, 33, 58, 17, 50], [0, 52, 2, 44, 22, 37, 16, 36], [0, 59, 26, 55, 57, 32, 6, 40], [0, 38, 19, 18, 30, 46, 1, 5, 60], [0, 51, 10, 8, 43, 29, 61, 7], [0, 20, 56, 48, 12, 53, 15, 28], [0, 13, 9, 54, 39, 39, 27, 23, 41, 21, 4, 11, 25, 31, 34, 14], [0, 45, 47, 24, 3, 42]]

res = 1331.421
solution = [[0, 50, 17, 58, 33, 35, 49], [0, 52, 2, 44, 22, 37, 16, 36], [0, 20, 56, 48, 53, 15, 28], [0, 51, 10, 8, 43, 29, 61, 7], [0, 40, 6, 32, 57, 55, 26, 59, 34], [0, 42, 3, 24, 47, 45], [0, 13, 18, 30, 1, 9, 54, 46, 19, 38], [0, 39, 39, 27, 23, 41, 21, 4, 11, 25, 31, 60, 5, 14, 12]]

res = 1331.836
solution = [[0, 36, 16, 37, 22, 44, 2, 52], [0, 45, 47, 24, 42, 46], [0, 5, 11, 4, 21, 41, 23, 27, 39, 39, 3, 54], [0, 13, 18, 30, 1, 9, 49, 35, 25, 60, 14], [0, 50, 17, 58, 33, 26, 55, 59, 34, 31], [0, 61, 6, 32, 57, 40, 20, 15, 28], [0, 53, 38, 19, 12, 48, 56], [0, 51, 10, 8, 43, 29, 7]]

Mean = 530.551778073737
Execution = 1341.6773235797882

Instance : A-n64-k09.xml
Time = 2.679931402206421
Instance : A-n53-k07.xml
Time = 1.922142505645752
Instance : A-n53-k07.xml
Time = 1.9417927265167236
Instance : A-n53-k07.xml
Time = 1.9467236995697021
Instance : A-n53-k07.xml
Time = 1.9986083507537842
Instance : A-n53-k07.xml
Time = 1.9471139907836914
Instance : A-n61-k09.xml
Time = 2.1398861408233643

res = 1040.347
solution = [[0, 33, 42, 30, 37, 45, 59, 10, 24], [0, 3, 38, 15], [0, 43, 32, 26, 4, 22, 12, 13], [0, 14, 7, 23, 55, 50], [0, 17, 57, 52, 31, 11, 60, 28, 39], [0, 41, 5, 54, 46, 2, 49], [0, 25, 20, 6, 53, 8, 40, 19], [0, 9], [0, 58, 29, 36, 21, 27, 56, 47, 51], [0, 34, 35, 18, 48, 16, 1, 44]]

res = 1045.711
solution = [[0, 3, 38, 15], [0, 12, 22, 4, 26, 43, 32, 42, 33], [0, 35, 18, 48, 16, 1, 44, 28], [0, 58, 29, 36, 21, 27, 56, 47, 34], [0, 25, 20, 6, 41, 8, 53, 40], [0, 55, 23, 7, 14], [0, 30, 37, 45, 59, 24, 19], [0, 5, 54, 46, 2, 49, 10], [0, 51, 9], [0, 50, 13, 17, 57, 52, 31, 11, 60, 39]]

res = 1045.711
solution = [[0, 15, 38, 3], [0, 40, 53, 8, 41, 6, 20, 25], [0, 28, 44, 1, 16, 48, 18, 35], [0, 50, 13, 17, 57, 52, 31, 11, 60, 39], [0, 30, 37, 45, 59, 24, 19], [0, 5, 54, 46, 2, 49, 10], [0, 9, 51], [0, 58, 29, 36, 21, 27, 56, 47, 34], [0, 33, 42, 32, 43, 26, 4, 22, 12], [0, 14, 7, 23, 55]]

res = 1045.711
solution = [[0, 15, 38, 3], [0, 25, 20, 6, 41, 8, 53, 40], [0, 30, 37, 45, 59, 24, 19], [0, 10, 49, 2, 46, 54, 5], [0, 50, 13, 17, 57, 52, 31, 11, 60, 39], [0, 12, 22, 4, 26, 43, 32, 42, 33], [0, 28, 44, 1, 16, 48, 18, 35], [0, 58, 29, 36, 21, 27, 56, 47, 34], [0, 51, 9], [0, 55, 7, 23, 14]]

res = 1045.822
solution = [[0, 15, 38, 3], [0, 33, 42, 30, 37, 45, 59, 10, 24], [0, 17, 57, 52, 31, 11, 60, 28], [0, 34, 35, 18, 48, 16, 1, 44, 39], [0, 14, 23, 7, 55, 50], [0, 43, 32, 26, 4, 22, 12, 13], [0, 9], [0, 58, 29, 36, 21, 27, 56, 47, 51], [0, 25, 8, 53, 49, 19], [0, 2, 46, 54, 5, 41, 6, 20, 40]]

res = 1046.287
solution = [[0, 15, 38, 3], [0, 33, 42, 30, 37, 45, 59, 10, 24], [0, 17, 57, 52, 31, 11, 60, 28, 39], [0, 35, 18, 48, 16, 34, 1, 44], [0, 9], [0, 43, 32, 26, 4, 22, 12, 13], [0, 14, 7, 23, 55, 50], [0, 25, 6, 5, 54, 46, 2, 49], [0, 58, 29, 36, 21, 27, 56, 47, 51], [0, 40, 20, 41, 8, 53, 19]]

res = 1048.226
solution = [[0, 3, 38, 15], [0, 33, 42, 30, 37, 45, 59, 10, 24], [0, 58, 29, 36, 21, 27, 56, 47, 51], [0, 43, 32, 26, 4, 22, 12, 13], [0, 9, 19, 7, 23, 55, 50], [0, 49, 2, 46, 54, 5, 20], [0, 25, 6, 41, 8, 53, 40, 14], [0, 28, 60, 11, 31, 52, 57, 17], [0, 34, 48, 35, 18, 16, 1, 44, 39]]

res = 1048.387
solution = [[0, 39, 28, 60, 11, 31, 52, 57, 17], [0, 33, 42, 32, 43, 26, 4, 22, 12], [0, 15, 38, 3], [0, 44, 1, 16, 48, 18, 35, 34], [0, 30, 37, 45, 59, 10, 24], [0, 19, 23, 7, 14], [0, 13, 50, 55], [0, 49, 2, 46, 54, 5, 40], [0, 58, 29, 36, 21, 27, 56, 47, 9], [0, 8, 53, 41, 6, 20, 25, 51]]

res = 1048.551
solution = [[0, 15, 38, 3], [0, 33, 42, 30, 37, 45, 59, 10, 24], [0, 40, 5, 54, 46, 2, 49], [0, 8, 53, 41, 6, 20, 25, 51], [0, 58, 29, 36, 21, 27, 56, 47, 9], [0, 34, 35, 18, 48, 16, 1, 44], [0, 19, 7, 23, 55, 50], [0, 43, 32, 26, 4, 22, 12, 13], [0, 17, 57, 52, 31, 11, 60, 28, 39], [0, 14]]

res = 1048.972
solution = [[0, 15, 38, 3], [0, 25, 6, 41, 53, 8, 40, 14], [0, 17, 57, 52, 31, 11, 60, 28], [0, 33, 42, 30, 37, 45, 59, 10, 24], [0, 20, 54, 46, 5, 2, 49], [0, 43, 32, 26, 4, 22, 12, 13], [0, 34, 35, 18, 48, 16, 1, 44, 39], [0, 58, 29, 36, 21, 27, 56, 47, 51], [0, 9, 19, 7, 23, 55, 50]]

Mean = 418.54899490643305
Execution = 593.9315671920776

Instance : A-n62-k08.xml
Time = 2.6402437686920166

res = 1351.246
solution = [[0, 4, 21, 41, 23, 27, 39, 39, 3, 54, 30], [0, 5, 60, 31, 25, 35, 49, 11, 9, 1, 18, 13], [0, 16, 16, 37, 22, 44, 2, 52], [0, 50, 17, 58, 33, 26, 55, 59, 34, 14], [0, 46, 42, 24, 47, 45], [0, 15, 28], [0, 53, 48, 56, 12, 38, 19, 36], [0, 20, 40, 57, 57, 32, 6, 61], [0, 7, 29, 43, 43, 8, 10, 51]]

res = 1351.246
solution = [[0, 46, 42, 24, 47, 45], [0, 5, 60, 31, 25, 35, 49, 11, 9, 1, 18, 13], [0, 4, 21, 41, 23, 27, 39, 39, 3, 54, 30], [0, 52, 2, 44, 22, 37, 16, 16], [0, 50, 17, 58, 33, 26, 55, 59, 34, 14], [0, 53, 48, 56, 12, 38, 19, 36], [0, 15, 28], [0, 61, 6, 32, 57, 57, 40, 20], [0, 7, 29, 43, 43, 8, 10, 51]]

res = 1357.246
solution = [[0, 46, 24, 3, 42, 30, 18], [0, 45, 47, 39, 39, 27, 23, 41, 21, 11], [0, 7, 61, 6, 32, 57, 57, 40, 20], [0, 29, 43, 43, 8, 10, 51], [0, 14, 5, 60, 25, 49, 35, 4, 9, 54, 1, 13], [0, 50, 17, 58, 33, 26, 55, 59, 34, 31], [0, 16, 16, 37, 22, 44, 2, 52], [0, 15, 28], [0, 53, 48, 56, 12, 38, 19, 36]]

res = 1357.581
solution = [[0, 50, 17, 58, 33, 26, 55, 59], [0, 54, 42, 3, 24, 47, 45], [0, 34, 31, 25, 4, 21, 41, 23, 27, 39, 39, 46], [0, 35, 49, 11, 9, 1, 30, 18, 13], [0, 20, 40, 57, 57, 32, 6, 61, 7], [0, 29, 43, 43, 8, 10, 51], [0, 15, 28], [0, 38, 19, 5, 60, 14, 56, 48, 12, 53], [0, 52, 2, 44, 22, 37, 16, 36]]

res = 1360.076
solution = [[0, 45, 47, 24, 42, 46], [0, 50, 17, 58, 33, 26, 55, 59, 34, 14], [0, 18, 30, 1, 9, 49, 35, 25, 31, 60], [0, 54, 3, 39, 39, 27, 23, 41, 21, 4, 11, 5], [0, 15, 28], [0, 36, 37, 22, 44, 2, 19, 38, 13, 12, 53], [0, 56, 48, 52, 16, 16], [0, 51, 10, 8, 43, 43, 29, 7], [0, 61, 6, 32, 57, 57, 40, 20]]

res = 1361.178
solution = [[0, 50, 17, 58, 33, 26, 55, 59], [0, 61, 29, 6, 32, 57, 57, 40], [0, 51, 10, 8, 43, 43, 15, 28], [0, 38, 19, 30, 18, 48, 56, 20, 7], [0, 36, 16, 37, 22, 44, 2, 52], [0, 45, 47, 24, 42, 46], [0, 34, 31, 25, 35, 49, 11, 9, 1, 12, 53], [0, 14, 5, 60, 4, 21, 41, 23, 27, 39, 39, 3, 54, 13]]

res = 1361.544
solution = [[0, 50, 17, 58, 33, 26, 55, 59, 34, 31], [0, 46, 24, 3, 42, 30, 18, 13], [0, 45, 47, 39, 39, 27, 23, 41, 21, 25], [0, 16, 16, 37, 22, 44, 2, 52], [0, 15, 28], [0, 53, 48, 56, 12, 38, 19, 36], [0, 1, 54, 9, 11, 4, 35, 49, 60, 5, 14], [0, 20, 40, 57, 57, 32, 6, 61], [0, 51, 10, 8, 43, 43, 29, 7]]

res = 1369.206
solution = [[0, 50, 17, 58, 33, 26, 55, 59], [0, 6, 32, 57, 57, 40, 15], [0, 51, 10, 8, 43, 43, 29, 61, 7], [0, 36, 16, 37, 22, 44, 2, 52], [0, 38, 19, 30, 18, 13, 48, 56, 20, 28], [0, 46, 1, 9, 49, 35, 31, 34], [0, 45, 47, 24, 3, 42, 54], [0, 39, 39, 27, 23, 41, 21, 4, 11, 25, 60, 5, 14, 12, 53]]

res = 1369.722
solution = [[0, 54, 21, 41, 23, 27, 39, 39, 24, 3], [0, 5, 42, 47, 45, 46, 30, 13], [0, 16, 16, 37, 22, 44, 2, 52], [0, 15, 28], [0, 53, 48, 56, 12, 38, 19, 36], [0, 50, 17, 58, 33, 26, 55, 59, 34, 31], [0, 14, 60, 25, 11, 49, 35, 4, 9, 1, 18], [0, 61, 6, 32, 57, 57, 40, 20], [0, 7, 29, 43, 43, 8, 10, 51]]

res = 1371.173
solution = [[0, 54, 21, 41, 23, 27, 39, 39, 24, 3], [0, 45, 47, 42, 46, 30, 5, 60], [0, 16, 16, 37, 22, 44, 2, 52], [0, 36, 19, 38, 12, 56, 48, 53], [0, 15, 28], [0, 50, 17, 58, 33, 26, 55, 59, 34, 14], [0, 31, 25, 11, 49, 35, 4, 9, 1, 18, 13], [0, 61, 6, 32, 57, 57, 40, 20], [0, 51, 10, 8, 43, 43, 29, 7]]

Mean = 544.4087183461313
Execution = 697.8881554603577

Instance : A-n64-k09.xml
Time = 2.6758432388305664
Instance : A-n61-k09.xml
Time = 4.463318347930908
