Instance : X-n261-k13.xml
Time = 92.53665924072266

res = 27604.06
res_int = 27596
solution = [[0, 236, 117, 111, 237, 192, 60, 77, 154, 78, 27, 25, 194, 163, 12, 105, 151, 36, 90, 66, 68], [0, 202, 215, 196, 54, 114, 216, 191, 92, 11, 219, 233, 144, 189, 29, 87, 228, 206, 71, 84, 218, 176], [0, 80, 4, 112, 43, 57, 119, 31, 34, 103, 185, 249, 47, 199, 97, 3, 258, 158, 59], [0, 58, 13, 198, 204, 235, 224, 23, 146, 165, 113, 129, 81, 133, 21, 200, 24, 184, 136, 147], [0, 160, 106, 2, 230, 101, 122, 128, 126, 30, 88, 157, 121, 74, 96, 181, 109, 124, 211], [0, 177, 79, 135, 134, 75, 253, 46, 137, 156, 118, 107, 139, 143, 16, 231, 141, 62, 15, 174, 49, 232, 229, 91], [0, 149, 10, 22, 35, 153, 152, 14, 8, 123, 20, 203, 201, 61, 83, 127, 223, 193, 56, 256, 227, 140, 225, 65, 89, 172, 130, 85, 67, 148], [0, 197, 226, 53, 254, 42, 102, 93, 247, 94, 175, 73, 5, 186, 55, 145, 9, 40, 99, 220, 195, 255], [0, 257, 155, 222, 115, 33, 164, 239, 125, 170, 234, 38, 252, 182, 208, 52, 108, 161, 76, 72, 212], [0, 86, 173, 18, 138, 190, 244, 205, 167, 95, 245, 63, 238, 70, 17, 243, 248, 169, 183, 45, 150, 6, 210], [0, 37, 104, 209, 100, 48, 221, 19, 207, 50, 28, 187, 240, 26, 250, 217, 51, 260], [0, 178, 213, 39, 110, 188, 131, 41, 180, 82, 214, 64, 116, 171, 251, 166, 44, 142, 7], [0, 159, 32, 168, 259, 98, 132, 179, 246, 241, 1, 69, 120, 162, 242]]

res = 27651.456
res_int = 27640
solution = [[0, 172, 225, 56, 256, 193, 223, 127, 83, 17, 70, 167, 238, 63, 61, 201, 203, 20, 123, 8, 14, 152, 227, 140, 65, 89, 71, 84], [0, 5, 73, 125, 170, 234, 38, 252, 182, 208, 52, 108, 175, 94, 247, 59, 93, 76, 72, 212, 166], [0, 6, 150, 45, 183, 169, 248, 243, 190, 244, 111, 117, 236, 80, 207, 19, 221, 173], [0, 18, 138, 205, 245, 95, 192, 237, 60, 77, 154, 78, 27, 25, 194, 163, 12, 105, 34, 31, 258, 158, 240], [0, 68, 90, 66, 3, 97, 199, 47, 249, 185, 103, 36, 151, 119, 57, 43, 112, 4, 50, 48, 100], [0, 246, 259, 98, 179, 132, 195, 220, 99, 230, 24, 184, 136, 147, 74, 2, 106, 255, 160, 109], [0, 40, 55, 186, 128, 58, 13, 198, 204, 239, 164, 33, 115, 222, 155, 161, 257, 145, 9], [0, 181, 96, 121, 157, 88, 30, 200, 21, 133, 81, 129, 113, 165, 146, 235, 224, 23, 126, 122, 101], [0, 178, 39, 110, 188, 37, 104, 209, 28, 187, 26, 250, 217, 171, 260, 44, 142, 7], [0, 218, 196, 54, 114, 216, 191, 206, 228, 87, 29, 189, 144, 153, 35, 22, 10, 233, 219, 11, 92, 149, 215], [0, 91, 229, 232, 49, 174, 15, 62, 46, 253, 134, 135, 79, 177], [0, 75, 156, 202, 118, 107, 137, 139, 141, 143, 231, 16, 168, 241, 1, 69, 124, 211, 120, 162, 32, 159, 242], [0, 176, 148, 67, 213, 85, 130, 210, 86, 131, 41, 180, 82, 214, 51, 64, 116, 102, 42, 254, 251, 53, 226, 197]]

res = 27672.483
res_int = 27665
solution = [[0, 58, 13, 198, 204, 235, 224, 23, 146, 165, 113, 129, 81, 133, 21, 200, 184, 136, 147, 74, 181], [0, 211, 124, 109, 96, 121, 24, 157, 88, 30, 126, 128, 122, 101, 230, 2, 106, 120], [0, 69, 160, 255, 179, 132, 195, 220, 99, 40, 145, 9, 98, 259, 246, 168, 241, 1, 162, 32], [0, 55, 186, 5, 73, 222, 175, 94, 247, 59, 158, 258, 3, 66, 90, 68, 240, 187, 26, 250, 217, 171, 260, 53], [0, 242, 159, 7, 142, 44, 251, 254, 42, 102, 116, 64, 51, 214, 226, 197, 16, 231, 143, 141], [0, 177, 79, 135, 134, 253, 46, 137, 62, 15, 174, 49, 232, 229, 91], [0, 50, 4, 43, 57, 119, 151, 36, 31, 34, 105, 12, 163, 103, 185, 249, 47, 199, 97, 93, 76], [0, 257, 155, 115, 33, 164, 239, 125, 170, 234, 38, 252, 182, 208, 52, 108, 161, 72, 212, 166], [0, 219, 233, 140, 227, 152, 14, 8, 123, 20, 203, 201, 61, 83, 127, 223, 169, 45, 150, 6, 193, 256, 56, 225, 65, 89, 172], [0, 100, 48, 207, 80, 236, 117, 111, 237, 192, 60, 77, 154, 78, 27, 25, 194, 112, 104], [0, 173, 183, 243, 248, 17, 70, 238, 63, 245, 95, 167, 205, 244, 190, 138, 18, 221, 19, 28, 209, 37], [0, 202, 215, 149, 216, 191, 92, 11, 10, 22, 35, 153, 144, 189, 29, 87, 228, 206, 71, 114, 54, 84, 196], [0, 75, 156, 118, 107, 176, 218, 67, 213, 85, 130, 210, 86, 131, 41, 180, 82, 188, 110, 39, 178, 148, 139]]

res = 27688.367
res_int = 27678
solution = [[0, 4, 236, 117, 111, 237, 192, 60, 77, 154, 78, 27, 25, 194, 163, 12, 105, 249, 47, 199, 97, 175], [0, 74, 147, 21, 133, 81, 129, 113, 165, 146, 23, 224, 235, 204, 198, 13, 58, 128, 122, 101], [0, 100, 48, 19, 207, 50, 28, 209, 104, 187, 240, 26, 250, 217, 51, 64, 116, 171, 260, 166], [0, 173, 150, 45, 18, 183, 248, 17, 83, 127, 223, 61, 201, 203, 20, 123, 8, 14, 152, 227, 140, 65, 89, 172], [0, 102, 93, 94, 108, 52, 182, 252, 208, 38, 234, 170, 125, 239, 164, 155, 257, 44], [0, 202, 215, 149, 216, 191, 92, 11, 219, 233, 10, 22, 35, 153, 144, 189, 29, 87, 228, 206, 71, 114, 54, 84], [0, 213, 39, 131, 221, 80, 138, 190, 244, 205, 167, 95, 245, 63, 238, 70, 243, 169, 6, 193, 256, 56, 225, 210, 130, 67, 148], [0, 220, 99, 230, 157, 126, 30, 88, 200, 24, 184, 136, 121, 96, 181, 109, 124, 211, 120], [0, 75, 156, 118, 107, 176, 218, 196, 85, 110, 86, 188, 82, 180, 41, 37, 214, 178, 16, 231, 141], [0, 177, 79, 135, 134, 253, 46, 137, 62, 15, 174, 49, 232, 229, 91], [0, 7, 142, 168, 241, 246, 179, 195, 132, 2, 106, 255, 160, 69, 162, 32, 159, 242], [0, 1, 259, 98, 9, 145, 40, 55, 186, 5, 73, 33, 115, 222, 161, 76, 72, 42, 254, 251, 53, 226, 197, 143, 139], [0, 68, 66, 90, 112, 43, 57, 119, 151, 36, 31, 34, 103, 185, 3, 258, 158, 59, 247, 212]]

res = 27761.894
res_int = 27756
solution = [[0, 236, 117, 111, 237, 192, 60, 77, 154, 78, 27, 25, 194, 163, 12, 105, 151, 36, 90, 66, 68], [0, 6, 150, 45, 183, 169, 248, 243, 17, 70, 238, 63, 245, 95, 167, 205, 244, 190, 138, 18, 173, 131, 41, 180], [0, 211, 124, 109, 160, 96, 121, 147, 136, 157, 88, 30, 126, 128, 122, 101, 230, 2, 106], [0, 58, 13, 198, 204, 235, 224, 23, 146, 165, 113, 129, 81, 133, 21, 200, 24, 184, 74, 181], [0, 80, 4, 112, 43, 57, 119, 31, 34, 103, 185, 249, 47, 199, 97, 3, 258, 158, 240], [0, 197, 226, 64, 51, 104, 209, 100, 48, 221, 19, 207, 50, 28, 187, 26, 250, 217, 116, 171, 166], [0, 178, 39, 110, 86, 225, 89, 65, 140, 227, 256, 56, 193, 223, 127, 83, 61, 201, 203, 20, 123, 8, 14, 152, 153, 35, 22, 10, 149], [0, 257, 155, 115, 33, 164, 239, 125, 170, 234, 38, 208, 252, 182, 52, 108, 175, 161, 76, 72], [0, 7, 142, 44, 9, 55, 186, 5, 73, 222, 94, 247, 59, 93, 102, 42, 212, 254, 251, 260, 53], [0, 214, 37, 82, 188, 210, 130, 172, 29, 189, 144, 233, 219, 11, 92, 216, 54, 215, 202, 156, 75], [0, 32, 162, 1, 241, 168, 246, 259, 98, 145, 40, 99, 220, 195, 132, 179, 255, 69, 120, 242], [0, 118, 107, 176, 218, 196, 84, 114, 191, 87, 228, 206, 71, 85, 213, 67, 148, 143, 16, 231, 141, 229, 91, 177], [0, 159, 232, 49, 174, 15, 62, 139, 137, 46, 253, 134, 135, 79]]

res = 27788.778
res_int = 27787
solution = [[0, 18, 138, 190, 244, 205, 245, 95, 192, 237, 60, 77, 154, 78, 27, 25, 194, 163, 12, 105, 34, 31, 3, 68], [0, 4, 112, 43, 57, 119, 151, 36, 103, 185, 249, 47, 199, 97, 258, 66, 90, 158, 59, 93], [0, 6, 150, 173, 45, 17, 70, 238, 63, 167, 111, 117, 236, 80, 207, 19, 221, 48, 100, 37], [0, 139, 148, 67, 213, 39, 110, 188, 82, 214, 51, 64, 116, 171, 260, 53, 226, 178, 197, 16, 231, 143, 141, 62], [0, 130, 225, 56, 256, 193, 223, 127, 169, 183, 243, 248, 83, 61, 201, 203, 20, 123, 8, 14, 152, 227, 140, 65, 89], [0, 149, 216, 191, 92, 11, 219, 233, 10, 22, 35, 153, 144, 189, 29, 172, 87, 228, 206, 71, 114, 54, 84], [0, 230, 126, 23, 224, 235, 146, 165, 113, 129, 81, 133, 21, 30, 88, 200, 24, 184, 136, 147, 74], [0, 85, 210, 86, 131, 41, 180, 104, 209, 28, 50, 187, 240, 26, 250, 217, 102, 42, 254, 251, 44], [0, 247, 94, 175, 108, 52, 182, 252, 208, 38, 234, 170, 125, 239, 164, 204, 198, 13, 58, 186], [0, 242, 159, 120, 69, 1, 241, 168, 142, 7, 49, 232, 174, 15, 229, 91, 177], [0, 79, 253, 46, 137, 107, 176, 218, 196, 215, 202, 118, 156, 75, 134, 135], [0, 166, 212, 72, 76, 257, 161, 155, 222, 115, 33, 73, 5, 128, 122, 101, 157, 121, 96, 160, 162], [0, 211, 124, 109, 181, 106, 2, 132, 195, 220, 99, 55, 40, 145, 9, 98, 259, 179, 246, 255, 32]]

res = 27802.042
res_int = 27796
solution = [[0, 107, 176, 218, 84, 71, 206, 228, 87, 29, 189, 144, 233, 219, 92, 191, 216, 114, 54, 196, 215, 202, 118, 156, 75], [0, 217, 250, 26, 93, 247, 59, 108, 52, 208, 182, 252, 38, 234, 170, 125, 239, 164, 204, 122, 101], [0, 76, 161, 94, 175, 258, 3, 97, 199, 47, 249, 185, 103, 36, 151, 119, 57, 43, 112, 4, 50], [0, 138, 190, 244, 245, 95, 192, 237, 60, 77, 154, 78, 27, 25, 194, 163, 12, 105, 34, 31, 90, 66, 68, 158], [0, 242, 159, 120, 124, 109, 106, 2, 255, 160, 69, 162, 49, 232, 91, 177], [0, 74, 147, 136, 184, 24, 200, 21, 133, 81, 129, 113, 165, 146, 235, 224, 23, 157, 121, 96, 181, 211], [0, 88, 30, 126, 128, 58, 198, 13, 5, 73, 33, 115, 222, 155, 186, 257, 72, 212, 53, 226], [0, 172, 89, 65, 225, 140, 227, 256, 56, 6, 193, 223, 127, 83, 61, 201, 203, 20, 123, 8, 14, 152, 153, 35, 22, 10, 11, 149], [0, 32, 1, 241, 246, 179, 132, 195, 220, 99, 230, 55, 40, 145, 9, 98, 259, 168, 142, 7], [0, 44, 166, 260, 251, 254, 42, 102, 171, 116, 64, 51, 214, 82, 86, 210, 130, 85, 213, 67, 148, 137, 46, 79], [0, 229, 174, 15, 62, 141, 231, 16, 197, 178, 143, 139, 253, 134, 135], [0, 37, 104, 209, 187, 240, 28, 207, 19, 221, 48, 100, 131, 41, 180, 188, 110, 39], [0, 173, 150, 45, 18, 183, 169, 248, 243, 17, 70, 238, 63, 167, 205, 111, 117, 236, 80]]

res = 27815.482
res_int = 27805
solution = [[0, 162, 160, 106, 2, 157, 88, 30, 200, 24, 184, 136, 121, 96, 181, 109, 124, 211, 242], [0, 91, 229, 232, 49, 174, 15, 62, 139, 107, 118, 156, 137, 46, 253, 134, 135, 79, 177], [0, 120, 69, 1, 246, 179, 195, 220, 99, 230, 40, 145, 9, 98, 259, 168, 241, 32, 159], [0, 68, 258, 3, 66, 90, 151, 105, 12, 163, 194, 25, 27, 78, 154, 77, 60, 192, 237, 111, 236], [0, 74, 147, 21, 133, 81, 129, 113, 165, 146, 235, 224, 23, 198, 13, 58, 128, 122, 101], [0, 126, 204, 164, 239, 125, 170, 234, 38, 252, 182, 208, 52, 108, 175, 161, 257, 76, 72, 212, 44], [0, 86, 6, 150, 45, 183, 169, 248, 243, 17, 70, 238, 63, 245, 95, 167, 205, 244, 190, 138, 18, 173, 39], [0, 172, 89, 65, 225, 140, 227, 256, 56, 193, 223, 127, 83, 61, 201, 203, 20, 123, 8, 14, 152, 153, 35, 22, 10, 11, 149], [0, 75, 202, 215, 196, 54, 114, 216, 191, 92, 219, 233, 144, 189, 29, 87, 228, 206, 71, 84, 218, 176, 148], [0, 7, 142, 53, 64, 51, 217, 250, 26, 187, 209, 37, 82, 214, 178, 16, 231], [0, 221, 117, 4, 112, 43, 57, 119, 36, 31, 34, 103, 185, 249, 47, 199, 97, 158, 240], [0, 255, 132, 55, 186, 5, 73, 33, 115, 222, 155, 94, 247, 59, 93, 102, 42, 254, 260, 226, 197, 143, 141], [0, 67, 213, 85, 130, 210, 110, 188, 180, 41, 131, 100, 48, 207, 19, 80, 50, 28, 104, 116, 171, 251, 166]]

res = 27859.794
res_int = 27852
solution = [[0, 82, 41, 173, 18, 138, 190, 244, 205, 167, 95, 245, 63, 238, 70, 17, 243, 248, 169, 183, 45, 150, 6], [0, 97, 199, 47, 249, 185, 103, 31, 36, 151, 119, 57, 43, 112, 4, 236, 80, 207, 19, 221], [0, 50, 117, 111, 237, 192, 60, 77, 154, 78, 27, 25, 194, 163, 12, 105, 34, 90, 66, 68], [0, 58, 13, 198, 204, 235, 224, 23, 146, 165, 113, 129, 81, 133, 21, 200, 184, 136, 147, 74, 181], [0, 213, 39, 110, 188, 131, 100, 48, 28, 3, 258, 158, 187, 209, 104, 214, 178], [0, 172, 89, 65, 225, 140, 227, 123, 256, 56, 193, 223, 127, 83, 61, 201, 203, 20, 8, 14, 152, 153, 35, 22, 10, 219, 11, 149], [0, 211, 124, 109, 96, 121, 24, 157, 88, 30, 126, 128, 122, 101, 230, 2, 106, 120], [0, 162, 69, 160, 255, 246, 179, 132, 195, 220, 99, 40, 145, 9, 98, 259, 168, 241, 1, 32], [0, 7, 142, 44, 166, 251, 254, 42, 102, 116, 64, 51, 37, 180, 86, 210, 130, 85, 67, 148, 143, 141, 91], [0, 75, 202, 215, 196, 54, 114, 216, 191, 92, 233, 144, 189, 29, 87, 228, 206, 71, 84, 218, 176, 139, 135], [0, 177, 79, 134, 253, 46, 156, 118, 107, 137, 62, 15, 174, 49, 232, 159, 242], [0, 229, 231, 16, 197, 226, 53, 260, 171, 217, 250, 26, 240, 93, 59, 247, 94, 175, 73, 5, 186, 55], [0, 257, 155, 222, 115, 33, 164, 239, 125, 170, 234, 38, 208, 252, 182, 52, 108, 161, 76, 72, 212]]

res = 27886.931
res_int = 27880
solution = [[0, 74, 147, 136, 184, 200, 21, 133, 81, 129, 113, 165, 146, 23, 224, 235, 204, 198, 13, 58], [0, 172, 89, 65, 225, 140, 227, 56, 193, 256, 123, 20, 8, 152, 14, 203, 201, 61, 83, 127, 223, 169, 45, 150, 173], [0, 120, 106, 2, 230, 101, 122, 128, 126, 30, 88, 157, 24, 121, 96, 181, 109, 124, 211], [0, 32, 1, 241, 168, 246, 259, 98, 9, 145, 40, 99, 220, 195, 132, 179, 255, 160, 69, 162], [0, 97, 199, 47, 249, 185, 103, 163, 12, 105, 34, 31, 36, 151, 119, 43, 4, 50, 28, 209], [0, 112, 57, 194, 25, 27, 78, 154, 77, 60, 237, 111, 117, 236, 80, 19, 207, 48], [0, 214, 82, 180, 41, 131, 100, 221, 18, 138, 190, 244, 205, 167, 95, 192, 245, 63, 238, 70, 17, 248, 243, 183, 6], [0, 202, 215, 149, 216, 191, 92, 11, 219, 233, 10, 22, 35, 153, 144, 189, 29, 87, 228, 206, 71, 114, 54, 84], [0, 135, 134, 253, 46, 137, 62, 15, 174, 232, 159, 242, 91], [0, 79, 139, 148, 178, 39, 110, 188, 86, 210, 130, 85, 213, 67, 196, 218, 176, 107, 118, 156, 75], [0, 257, 155, 222, 115, 33, 164, 239, 125, 170, 234, 38, 252, 182, 208, 52, 108, 175, 94, 76, 72, 254, 251, 166], [0, 217, 250, 26, 187, 240, 68, 90, 66, 3, 258, 158, 59, 247, 93, 161, 73, 5, 186, 55], [0, 49, 7, 142, 44, 212, 42, 102, 104, 37, 51, 64, 116, 171, 260, 53, 226, 197, 16, 231, 143, 141, 229, 177]]

Mean = 27753.12872627297
Execution = 11226.245807409286

