Aretes fixées après apprentissage pour cette exécution
Fixed edges = [[0, 2, 20, 13, 8, 7, 26, 4, 0], [0, 3, 9, 17, 0], [0, 10, 30, 25, 27, 5, 12, 0], [0, 24, 6, 23, 22, 0], [0, 11, 19, 14, 21, 31, 18, 28, 0], [0, 1, 0], [0, 15, 0], [0, 16, 0], [0, 29, 0], [0, 32, 0]]


#################
lambda = 0.5
mu = 0.8
nu = 0.1

init = 813.539
res = 680.265
gap = 2.832

solution = [[0, 22, 23, 6, 24, 2], [0, 28, 18, 31, 1, 21, 14, 19, 11], [0, 15, 17, 9, 3, 16, 29], [0, 20, 32, 13, 8, 7, 26, 4], [0, 10, 30, 25, 27, 5, 12]]


#################
lambda = 0.5
mu = 1.3
nu = 1.0

init = 824.75
res = 678.165
gap = 2.531

solution = [[0, 29, 16, 3, 9, 17, 15], [0, 28, 18, 31, 1, 21, 14, 19], [0, 2, 24, 6, 11, 23], [0, 20, 32, 13, 8, 7, 26, 4, 22], [0, 10, 30, 25, 27, 5, 12]]

Aretes fixées après apprentissage pour cette exécution
Fixed edges = [[0, 15, 16, 17, 9, 3, 29, 0], [0, 2, 20, 13, 8, 7, 26, 4, 0], [0, 10, 30, 25, 27, 5, 12, 0], [0, 24, 6, 23, 22, 0], [0, 11, 19, 14, 21, 31, 18, 28, 0], [0, 1, 0], [0, 32, 0]]


#################
lambda = 0.5
mu = 0.8
nu = 0.1

init = 774.015
res = 668.019
gap = 1.051

solution = [[0, 10, 30, 25, 27, 5, 4], [0, 12, 26, 7, 8, 13, 32, 20, 2], [0, 29, 16, 3, 9, 17, 15], [0, 11, 18, 28, 23, 22], [0, 31, 1, 21, 14, 19, 6, 24]]

Aretes fixées après apprentissage pour cette exécution
Fixed edges = [[0, 2, 20, 13, 8, 7, 26, 4, 0], [0, 29, 3, 9, 17, 16, 15, 0], [0, 10, 30, 25, 27, 5, 12, 0], [0, 24, 6, 23, 22, 0], [0, 11, 19, 14, 21, 31, 18, 28, 0], [0, 1, 0], [0, 32, 0]]


#################
lambda = 0.1
mu = 0.1
nu = 0.1

init = 774.015
res = 688.755
gap = 4.03

solution = [[0, 20, 4, 7, 8, 13, 32, 2], [0, 12, 10, 30, 25, 27, 5, 26], [0, 24, 6, 19, 14, 21, 1, 29, 22], [0, 11, 31, 18, 28, 23], [0, 16, 3, 9, 17, 15]]


#################
lambda = 1.3
mu = 1.9000000000000001
nu = 0.1

init = 801.659
res = 705.746
gap = 6.34

solution = [[0, 16, 3, 9, 17, 10], [0, 15, 22], [0, 24, 6, 19, 14, 21, 1, 29], [0, 11, 31, 18, 28, 23], [0, 2, 32, 13, 8, 7, 26, 20], [0, 12, 30, 25, 27, 5, 4]]

Aretes fixées après apprentissage pour cette exécution
Fixed edges = [[0, 2, 20, 13, 8, 7, 26, 4, 0], [0, 29, 3, 9, 17, 16, 15, 0], [0, 10, 30, 25, 27, 5, 12, 0], [0, 24, 6, 23, 22, 0], [0, 11, 19, 14, 21, 31, 18, 28, 0], [0, 1, 0], [0, 32, 0]]


#################
lambda = 0.1
mu = 0.1
nu = 0.1

init = 774.015
res = 688.755
gap = 4.03

solution = [[0, 20, 4, 7, 8, 13, 32, 2], [0, 12, 10, 30, 25, 27, 5, 26], [0, 24, 6, 19, 14, 21, 1, 29, 22], [0, 11, 31, 18, 28, 23], [0, 16, 3, 9, 17, 15]]


#################
lambda = 1.3
mu = 1.9000000000000001
nu = 0.1

init = 801.659
res = 705.746
gap = 6.34

solution = [[0, 16, 3, 9, 17, 10], [0, 15, 22], [0, 24, 6, 19, 14, 21, 1, 29], [0, 11, 31, 18, 28, 23], [0, 2, 32, 13, 8, 7, 26, 20], [0, 12, 30, 25, 27, 5, 4]]


#################
lambda = 0.1
mu = 0.1
nu = 0.1

init = 813.539
res = 700.556
gap = 5.646

solution = [[0, 10, 17, 9, 3, 16, 29], [0, 24, 6, 19, 14, 21, 1, 31], [0, 2, 32, 13, 8, 7, 26], [0, 4, 12, 30, 25, 27, 5, 20], [0, 15, 22], [0, 11, 18, 28, 23]]


#################
lambda = 0.1
mu = 1.1
nu = 0.1

init = 824.75
res = 678.165
gap = 2.531

solution = [[0, 29, 16, 3, 9, 17, 15], [0, 28, 18, 31, 1, 21, 14, 19], [0, 2, 24, 6, 11, 23], [0, 20, 32, 13, 8, 7, 26, 4, 22], [0, 10, 30, 25, 27, 5, 12]]


#################
lambda = 0.9
mu = 0.1
nu = 0.1

init = 817.161
res = 668.656
gap = 1.145

solution = [[0, 29, 16, 3, 9, 17, 10], [0, 24, 6, 19, 14, 21, 1, 31, 11], [0, 23, 18, 28, 22], [0, 2, 32, 13, 8, 7, 26, 4], [0, 15, 12, 30, 25, 27, 5, 20]]


#################
lambda = 1.7000000000000002
mu = 1.1
nu = 1.9000000000000001

init = 834.502
res = 684.087
gap = 3.375

solution = [[0, 12, 10, 30, 25, 27, 4], [0, 2, 20, 32, 13, 8, 7, 26, 5], [0, 24, 6, 11, 18, 28, 23], [0, 15, 17, 9, 3, 16], [0, 19, 14, 21, 1, 31, 29, 22]]


#################
lambda = 0.1
mu = 0.1
nu = 0.1

init = 771
res = 716
gap = 7.682

solution = [[0, 2, 32, 13, 8, 7, 26], [0, 4, 12, 30, 25, 27, 5, 20], [0, 15, 22], [0, 16, 3, 9, 17, 10], [0, 24, 6, 11, 23], [0, 28, 18, 31, 19, 14, 21, 1, 29]]


#################
lambda = 1.3
mu = 1.9000000000000001
nu = 0.1

init = 799
res = 695
gap = 4.892

solution = [[0, 29, 16, 3, 9, 17, 10], [0, 15, 22], [0, 2, 32, 13, 8, 7, 26, 20], [0, 4, 5, 27, 25, 30, 12], [0, 24, 6, 23], [0, 28, 18, 31, 1, 21, 14, 19, 11]]
