Aretes fixées après apprentissage pour cette exécution
Fixed edges = [[0, 27, 25, 30, 10, 0], [0, 18, 28, 0], [0, 1, 21, 14, 19, 0], [0, 26, 7, 8, 13, 32, 20, 0], [0, 3, 9, 17, 0], [0, 6, 24, 0], [0, 2, 0], [0, 4, 0], [0, 5, 0], [0, 11, 0], [0, 12, 0], [0, 15, 0], [0, 16, 0], [0, 22, 0], [0, 23, 0], [0, 29, 0], [0, 31, 0]]
Time = 0.2824287414550781


#################

init = 770.972
res = 675.701
gap = -1143.745

solution = [[0, 26, 5, 27, 25, 30, 10, 12], [0, 20, 4, 7, 8, 13, 32, 2], [0, 29, 16, 3, 9, 17, 15], [0, 23, 18, 28, 22], [0, 24, 6, 19, 14, 21, 1, 31, 11]]


#################

init = 770.972
res = 676.104
gap = -1143.003

solution = [[0, 11, 19, 14, 21, 1, 31, 18, 28], [0, 23, 6, 24, 2], [0, 15, 17, 9, 3, 16, 29], [0, 20, 32, 13, 8, 7, 26, 4, 22], [0, 10, 30, 25, 27, 5, 12]]


#################

init = 770.972
res = 671.586
gap = -1151.367

solution = [[0, 28, 18, 31, 1, 21, 14, 19, 11], [0, 20, 5, 26, 7, 8, 13, 32, 2], [0, 4, 27, 25, 30, 10, 12], [0, 29, 16, 3, 9, 17, 15], [0, 22, 23, 6, 24]]


#################

init = 770.972
res = 662.264
gap = -1168.98

solution = [[0, 12, 10, 30, 25, 27, 4], [0, 20, 5, 26, 7, 8, 13, 32, 2], [0, 29, 16, 3, 9, 17, 15], [0, 23, 18, 28, 22], [0, 24, 6, 19, 14, 21, 1, 31, 11]]


#################

init = 770.972
res = 671.586
gap = -1151.367

solution = [[0, 28, 18, 31, 1, 21, 14, 19, 11], [0, 20, 5, 26, 7, 8, 13, 32, 2], [0, 4, 27, 25, 30, 10, 12], [0, 29, 16, 3, 9, 17, 15], [0, 22, 23, 6, 24]]


#################

init = 798.406
res = 675.701
gap = -1143.745

solution = [[0, 26, 5, 27, 25, 30, 10, 12], [0, 20, 4, 7, 8, 13, 32, 2], [0, 24, 6, 19, 14, 21, 1, 31, 11], [0, 29, 16, 3, 9, 17, 15], [0, 23, 18, 28, 22]]


#################

init = 798.406
res = 668.019
gap = -1158.048

solution = [[0, 12, 26, 7, 8, 13, 32, 20, 2], [0, 10, 30, 25, 27, 5, 4], [0, 24, 6, 19, 14, 21, 1, 31], [0, 29, 16, 3, 9, 17, 15], [0, 11, 18, 28, 23, 22]]


#################

init = 798.406
res = 676.104
gap = -1143.003

solution = [[0, 29, 16, 3, 9, 17, 15], [0, 28, 18, 31, 1, 21, 14, 19, 11], [0, 2, 24, 6, 23], [0, 20, 32, 13, 8, 7, 26, 4, 22], [0, 10, 30, 25, 27, 5, 12]]


#################

init = 798.406
res = 678.165
gap = -1139.227

solution = [[0, 20, 32, 13, 8, 7, 26, 4, 22], [0, 2, 24, 6, 11, 23], [0, 28, 18, 31, 1, 21, 14, 19], [0, 29, 16, 3, 9, 17, 15], [0, 10, 30, 25, 27, 5, 12]]


#################

init = 798.406
res = 676.104
gap = -1143.003

solution = [[0, 11, 19, 14, 21, 1, 31, 18, 28], [0, 23, 6, 24, 2], [0, 15, 17, 9, 3, 16, 29], [0, 20, 32, 13, 8, 7, 26, 4, 22], [0, 10, 30, 25, 27, 5, 12]]


#################

init = 795.42
res = 676.104
gap = -1143.003

solution = [[0, 29, 16, 3, 9, 17, 15], [0, 10, 30, 25, 27, 5, 12], [0, 11, 19, 14, 21, 1, 31, 18, 28], [0, 2, 24, 6, 23], [0, 20, 32, 13, 8, 7, 26, 4, 22]]


#################

init = 795.42
res = 676.104
gap = -1143.003

solution = [[0, 11, 19, 14, 21, 1, 31, 18, 28], [0, 23, 6, 24, 2], [0, 15, 17, 9, 3, 16, 29], [0, 20, 32, 13, 8, 7, 26, 4, 22], [0, 10, 30, 25, 27, 5, 12]]


#################

init = 795.42
res = 676.104
gap = -1143.003

solution = [[0, 11, 19, 14, 21, 1, 31, 18, 28], [0, 15, 17, 9, 3, 16, 29], [0, 23, 6, 24, 2], [0, 20, 32, 13, 8, 7, 26, 4, 22], [0, 10, 30, 25, 27, 5, 12]]


#################

init = 795.42
res = 671.586
gap = -1151.367

solution = [[0, 11, 19, 14, 21, 1, 31, 18, 28], [0, 20, 5, 26, 7, 8, 13, 32, 2], [0, 4, 27, 25, 30, 10, 12], [0, 29, 16, 3, 9, 17, 15], [0, 22, 23, 6, 24]]


#################

init = 795.42
res = 668.019
gap = -1158.048

solution = [[0, 12, 26, 7, 8, 13, 32, 20, 2], [0, 24, 6, 19, 14, 21, 1, 31], [0, 11, 18, 28, 23, 22], [0, 29, 16, 3, 9, 17, 15], [0, 4, 5, 27, 25, 30, 10]]


#################

init = 771.356
res = 684.444
gap = -1127.858

solution = [[0, 10, 30, 25, 27, 5, 12], [0, 11, 19, 14, 21, 1, 31, 18, 28], [0, 20, 32, 13, 8, 7, 26, 4, 15], [0, 2, 24, 6, 23], [0, 29, 16, 3, 9, 17, 22]]


#################

init = 771.356
res = 676.104
gap = -1143.003

solution = [[0, 11, 19, 14, 21, 1, 31, 18, 28], [0, 15, 17, 9, 3, 16, 29], [0, 23, 6, 24, 2], [0, 20, 32, 13, 8, 7, 26, 4, 22], [0, 10, 30, 25, 27, 5, 12]]


#################

init = 771.356
res = 684.444
gap = -1127.858

solution = [[0, 29, 16, 3, 9, 17, 22], [0, 10, 30, 25, 27, 5, 12], [0, 11, 19, 14, 21, 1, 31, 18, 28], [0, 2, 24, 6, 23], [0, 20, 32, 13, 8, 7, 26, 4, 15]]


#################

init = 771.356
res = 684.444
gap = -1127.858

solution = [[0, 10, 30, 25, 27, 5, 12], [0, 11, 19, 14, 21, 1, 31, 18, 28], [0, 20, 32, 13, 8, 7, 26, 4, 15], [0, 2, 24, 6, 23], [0, 29, 16, 3, 9, 17, 22]]


#################

init = 771.356
res = 676.104
gap = -1143.003

solution = [[0, 11, 19, 14, 21, 1, 31, 18, 28], [0, 23, 6, 24, 2], [0, 15, 17, 9, 3, 16, 29], [0, 10, 30, 25, 27, 5, 12], [0, 20, 32, 13, 8, 7, 26, 4, 22]]


#################

init = 833.744
res = 663.826
gap = -1165.995

solution = [[0, 10, 30, 25, 27, 5, 4], [0, 29, 16, 3, 9, 17, 15], [0, 2, 20, 32, 13, 8, 7, 26, 12], [0, 24, 6, 19, 14, 21, 1, 31, 11], [0, 23, 18, 28, 22]]


#################

init = 833.744
res = 676.104
gap = -1143.003

solution = [[0, 28, 18, 31, 1, 21, 14, 19, 11], [0, 23, 6, 24, 2], [0, 15, 17, 9, 3, 16, 29], [0, 20, 32, 13, 8, 7, 26, 4, 22], [0, 10, 30, 25, 27, 5, 12]]
