Aretes fixées après apprentissage pour cette exécution
Fixed edges = [[0, 10, 30, 25, 27, 0], [0, 19, 14, 21, 1, 0], [0, 3, 9, 17, 0], [0, 26, 7, 8, 13, 20, 0], [0, 31, 18, 28, 0], [0, 6, 24, 0], [0, 2, 0], [0, 4, 0], [0, 5, 0], [0, 11, 0], [0, 12, 0], [0, 15, 0], [0, 16, 0], [0, 22, 0], [0, 23, 0], [0, 29, 0], [0, 32, 0]]
Time = 2.2407968044281006


#################

init = 733.496
res = 676.104
gap = 2.086

solution = [[0, 15, 17, 9, 3, 16, 29], [0, 23, 6, 24, 2], [0, 28, 18, 31, 1, 21, 14, 19, 11], [0, 20, 32, 13, 8, 7, 26, 4, 22], [0, 10, 30, 25, 27, 5, 12]]


#################

init = 730.827
res = 662.264
gap = 0.04

solution = [[0, 4, 27, 25, 30, 10, 12], [0, 20, 5, 26, 7, 8, 13, 32, 2], [0, 24, 6, 19, 14, 21, 1, 31, 11], [0, 29, 16, 3, 9, 17, 15], [0, 22, 28, 18, 23]]


#################

init = 676.104
res = 663.826
gap = 0.275

solution = [[0, 12, 26, 7, 8, 13, 32, 20, 2], [0, 10, 30, 25, 27, 5, 4], [0, 29, 16, 3, 9, 17, 15], [0, 23, 18, 28, 22], [0, 24, 6, 19, 14, 21, 1, 31, 11]]


#################

init = 676.104
res = 676.104
gap = 2.086

solution = [[0, 28, 18, 31, 1, 21, 14, 19, 11], [0, 23, 6, 24, 2], [0, 15, 17, 9, 3, 16, 29], [0, 20, 32, 13, 8, 7, 26, 4, 22], [0, 10, 30, 25, 27, 5, 12]]


#################

init = 676.104
res = 663.826
gap = 0.275

solution = [[0, 10, 30, 25, 27, 5, 4], [0, 2, 20, 32, 13, 8, 7, 26, 12], [0, 15, 17, 9, 3, 16, 29], [0, 24, 6, 19, 14, 21, 1, 31, 11], [0, 23, 18, 28, 22]]


#################

init = 676.104
res = 662.264
gap = 0.04

solution = [[0, 4, 27, 25, 30, 10, 12], [0, 20, 5, 26, 7, 8, 13, 32, 2], [0, 24, 6, 19, 14, 21, 1, 31, 11], [0, 29, 16, 3, 9, 17, 15], [0, 22, 28, 18, 23]]


#################

init = 676.104
res = 662.264
gap = 0.04

solution = [[0, 12, 10, 30, 25, 27, 4], [0, 23, 18, 28, 22], [0, 24, 6, 19, 14, 21, 1, 31, 11], [0, 29, 16, 3, 9, 17, 15], [0, 2, 32, 13, 8, 7, 26, 5, 20]]


#################

init = 716.762
res = 662.11
gap = 0.017

solution = [[0, 20, 4, 27, 25, 30, 10], [0, 2, 32, 13, 8, 7, 26, 5, 12], [0, 29, 16, 3, 9, 17, 15], [0, 23, 18, 28, 22], [0, 24, 6, 19, 14, 21, 1, 31, 11]]


#################

init = 676.104
res = 666.303
gap = 0.646

solution = [[0, 24, 6, 19, 14, 21, 1, 31], [0, 15, 17, 9, 3, 16, 29], [0, 10, 30, 25, 27, 4, 20], [0, 22, 23, 28, 18, 11], [0, 2, 32, 13, 8, 7, 26, 5, 12]]


#################

init = 676.104
res = 663.826
gap = 0.275

solution = [[0, 15, 17, 9, 3, 16, 29], [0, 2, 20, 32, 13, 8, 7, 26, 12], [0, 10, 30, 25, 27, 5, 4], [0, 11, 31, 1, 21, 14, 19, 6, 24], [0, 23, 18, 28, 22]]
Execution = 1004.6307148933411
