Aretes fixées après apprentissage pour cette exécution
Fixed edges = [[0, 10, 30, 25, 27, 0], [0, 19, 14, 21, 31, 0], [0, 3, 9, 17, 0], [0, 26, 7, 8, 13, 0], [0, 18, 28, 0], [0, 6, 24, 0], [0, 1, 0], [0, 2, 0], [0, 4, 0], [0, 5, 0], [0, 11, 0], [0, 12, 0], [0, 15, 0], [0, 16, 0], [0, 20, 0], [0, 22, 0], [0, 23, 0], [0, 29, 0], [0, 32, 0]]


#################
lambda = 0.5
mu = 0.1
nu = 0.1

init = 927.146
res = 679.667
gap = -9.171

solution = [[0, 15, 17, 9, 3, 16, 29], [0, 10, 30, 25, 27, 5, 12], [0, 22, 20, 4, 26, 7, 8, 13, 32], [0, 2, 24, 6, 23], [0, 28, 18, 31, 1, 21, 14, 19, 11]]


#################
lambda = 0.5
mu = 0.2
nu = 0.1

init = 927.296
res = 724.419
gap = -2.427

solution = [[0, 2], [0, 24, 6, 19, 14, 21, 1, 31, 11], [0, 15, 16, 3, 29, 18, 28, 23], [0, 22], [0, 12, 27, 5, 26, 7, 8, 13, 32], [0, 20, 4], [0, 9, 17, 10, 30, 25]]


#################
lambda = 0.5
mu = 0.2
nu = 1.5

init = 934.956
res = 689.065
gap = -7.682

solution = [[0, 2, 24, 6, 19, 14, 21, 1, 29], [0, 16, 3, 9, 17, 15], [0, 11, 31, 18, 28, 23, 22], [0, 20, 32, 13, 8, 7, 26, 4], [0, 10, 30, 25, 27, 5, 12]]


#################
lambda = 0.5
mu = 0.2
nu = 1.6

init = 848.654
res = 688.755
gap = -7.731

solution = [[0, 20, 4, 7, 8, 13, 32, 2], [0, 12, 10, 30, 25, 27, 5, 26], [0, 24, 6, 19, 14, 21, 1, 29, 22], [0, 11, 31, 18, 28, 23], [0, 16, 3, 9, 17, 15]]


#################
lambda = 0.5
mu = 0.30000000000000004
nu = 0.4

init = 931.118
res = 676.104
gap = -9.746

solution = [[0, 2, 24, 6, 23], [0, 11, 19, 14, 21, 1, 31, 18, 28], [0, 15, 17, 9, 3, 16, 29], [0, 20, 32, 13, 8, 7, 26, 4, 22], [0, 10, 30, 25, 27, 5, 12]]


#################
lambda = 0.5
mu = 0.4
nu = 0.1

init = 934.541
res = 671.83
gap = -10.445

solution = [[0, 2, 20, 32, 13, 8, 7, 26, 5], [0, 31, 1, 21, 14, 19, 6, 24], [0, 15, 17, 9, 3, 16, 29], [0, 11, 18, 28, 23, 22], [0, 4, 12, 27, 25, 30, 10]]


#################
lambda = 0.5
mu = 0.4
nu = 0.7000000000000001

init = 861.955
res = 668.019
gap = -11.075

solution = [[0, 10, 30, 25, 27, 5, 4], [0, 2, 20, 32, 13, 8, 7, 26, 12], [0, 31, 1, 21, 14, 19, 6, 24], [0, 29, 16, 3, 9, 17, 15], [0, 22, 23, 28, 18, 11]]


#################
lambda = 0.5
mu = 0.5
nu = 0.2

init = 871.309
res = 668.019
gap = -11.075

solution = [[0, 4, 5, 27, 25, 30, 10], [0, 2, 20, 32, 13, 8, 7, 26, 12], [0, 29, 16, 3, 9, 17, 15], [0, 31, 1, 21, 14, 19, 6, 24], [0, 11, 18, 28, 23, 22]]


#################
lambda = 0.5
mu = 0.5
nu = 0.7000000000000001

init = 866.6
res = 679.895
gap = -9.135

solution = [[0, 29, 16, 3, 9, 17, 15], [0, 20, 4, 7, 8, 13, 32, 2], [0, 12, 10, 30, 25, 27, 5, 26], [0, 11, 18, 28, 23, 22], [0, 31, 1, 21, 14, 19, 6, 24]]


#################
lambda = 0.5
mu = 0.7000000000000001
nu = 0.8

init = 904.585
res = 662.11
gap = -12.066

solution = [[0, 15, 17, 9, 3, 16, 29], [0, 2, 32, 13, 8, 7, 26, 5, 12], [0, 10, 30, 25, 27, 4, 20], [0, 24, 6, 19, 14, 21, 1, 31, 11], [0, 23, 18, 28, 22]]


#################
lambda = 0.5
mu = 0.7000000000000001
nu = 1.2000000000000002

init = 932.199
res = 709.356
gap = -4.602

solution = [[0, 29, 16, 3, 9, 17, 10], [0, 24, 6], [0, 23], [0, 28, 18, 31, 1, 21, 14, 19, 11], [0, 4, 5, 27, 25, 30, 12], [0, 15, 22], [0, 20, 26, 7, 8, 13, 32, 2]]


#################
lambda = 0.5
mu = 0.8
nu = 1.4000000000000001

init = 940.793
res = 734.004
gap = -1.089

solution = [[0, 28, 23], [0, 24, 6], [0, 2, 32, 13, 8, 7, 26], [0, 12, 30, 25, 27, 5, 4, 20], [0, 18, 31, 29, 1, 21, 14, 19, 11], [0, 16, 3, 9, 17, 10], [0, 15, 22]]


#################
lambda = 0.5
mu = 1.2000000000000002
nu = 0.1

init = 882.236
res = 676.104
gap = -9.746

solution = [[0, 15, 17, 9, 3, 16, 29], [0, 22, 4, 26, 7, 8, 13, 32, 20], [0, 12, 5, 27, 25, 30, 10], [0, 2, 24, 6, 23], [0, 28, 18, 31, 1, 21, 14, 19, 11]]


#################
lambda = 0.5
mu = 1.2000000000000002
nu = 0.4

init = 880.399
res = 662.399
gap = -12.017

solution = [[0, 15, 17, 9, 3, 16, 29], [0, 10, 30, 25, 27, 12, 4], [0, 11, 31, 1, 21, 14, 19, 6, 24], [0, 20, 5, 26, 7, 8, 13, 32, 2], [0, 23, 18, 28, 22]]


#################
lambda = 0.5
mu = 1.3
nu = 0.1

init = 880.95
res = 668.019
gap = -11.075

solution = [[0, 10, 30, 25, 27, 5, 4], [0, 12, 26, 7, 8, 13, 32, 20, 2], [0, 29, 16, 3, 9, 17, 15], [0, 31, 1, 21, 14, 19, 6, 24], [0, 11, 18, 28, 23, 22]]


#################
lambda = 0.5
mu = 1.4000000000000001
nu = 0.1

init = 924.203
res = 663.826
gap = -11.776

solution = [[0, 2, 20, 32, 13, 8, 7, 26, 12], [0, 4, 5, 27, 25, 30, 10], [0, 29, 16, 3, 9, 17, 15], [0, 11, 31, 1, 21, 14, 19, 6, 24], [0, 23, 18, 28, 22]]


#################
lambda = 0.5
mu = 1.5
nu = 0.8

init = 859.357
res = 679.05
gap = -9.27

solution = [[0, 11, 18, 28, 23, 22], [0, 31, 1, 21, 14, 19, 6, 24], [0, 29, 16, 3, 9, 17, 10], [0, 2, 32, 13, 8, 7, 26, 5, 20], [0, 15, 30, 25, 27, 12, 4]]


#################
lambda = 0.5
mu = 1.6
nu = 0.7000000000000001

init = 864.027
res = 684.643
gap = -8.378

solution = [[0, 20, 32, 13, 8, 7, 26, 4, 22], [0, 10, 30, 25, 27, 5, 12], [0, 19, 14, 21, 1, 29, 31, 18, 28], [0, 23, 11, 6, 24, 2], [0, 16, 3, 9, 17, 15]]


#################
lambda = 0.5
mu = 1.7000000000000002
nu = 0.8

init = 964.412
res = 730.331
gap = -1.598

solution = [[0, 24, 6], [0, 2, 32, 13, 8, 7, 26, 20], [0, 16, 3, 9, 17, 10], [0, 4, 5, 27, 25, 30, 12], [0, 15, 22], [0, 18, 28, 23], [0, 29, 31, 1, 21, 14, 19, 11]]


#################
lambda = 0.5
mu = 1.7000000000000002
nu = 0.9

init = 969.082
res = 702.495
gap = -5.624

solution = [[0, 29, 16, 3, 9, 17, 10], [0, 15, 22], [0, 23, 28, 18, 11], [0, 24, 6, 19, 14, 21, 1, 31], [0, 20, 4, 12, 5, 27, 25, 30], [0, 2, 32, 13, 8, 7, 26]]


#################
lambda = 0.5
mu = 1.9000000000000001
nu = 0.1

init = 940.475
res = 687.384
gap = -7.945

solution = [[0, 2, 20, 4, 25, 30, 10], [0, 32, 13, 8, 7, 26, 5, 27, 12], [0, 29, 16, 3, 9, 17, 15], [0, 19, 14, 21, 1, 31, 18], [0, 24, 6, 11, 28, 23, 22]]


#################
lambda = 0.5
mu = 1.9000000000000001
nu = 0.4

init = 941.602
res = 678.165
gap = -9.413

solution = [[0, 29, 16, 3, 9, 17, 15], [0, 23, 11, 6, 24, 2], [0, 28, 18, 31, 1, 21, 14, 19], [0, 20, 32, 13, 8, 7, 26, 4, 22], [0, 10, 30, 25, 27, 5, 12]]


#################
lambda = 0.5
mu = 1.9000000000000001
nu = 1.2000000000000002

init = 975.823
res = 688.713
gap = -7.737

solution = [[0, 10, 17, 9, 3, 16, 29], [0, 11, 31, 1, 21, 14, 19, 6, 24], [0, 4, 5, 27, 25, 30, 12], [0, 20, 26, 7, 8, 13, 32, 2], [0, 15, 22], [0, 18, 28, 23]]


#################
lambda = 0.6000000000000001
mu = 0.1
nu = 0.1

init = 820.365
res = 676.104
gap = -9.746

solution = [[0, 12, 5, 27, 25, 30, 10], [0, 15, 17, 9, 3, 16, 29], [0, 11, 19, 14, 21, 1, 31, 18, 28], [0, 23, 6, 24, 2], [0, 20, 32, 13, 8, 7, 26, 4, 22]]


#################
lambda = 0.6000000000000001
mu = 0.6000000000000001
nu = 1.1

init = 871.283
res = 684.444
gap = -8.409

solution = [[0, 20, 32, 13, 8, 7, 26, 4, 15], [0, 10, 30, 25, 27, 5, 12], [0, 29, 16, 3, 9, 17, 22], [0, 2, 24, 6, 23], [0, 28, 18, 31, 1, 21, 14, 19, 11]]


#################
lambda = 0.6000000000000001
mu = 0.7000000000000001
nu = 0.1

init = 887.898
res = 680.265
gap = -9.075

solution = [[0, 22, 23, 6, 24, 2], [0, 11, 19, 14, 21, 1, 31, 18, 28], [0, 20, 32, 13, 8, 7, 26, 4], [0, 29, 16, 3, 9, 17, 15], [0, 10, 30, 25, 27, 5, 12]]


#################
lambda = 0.6000000000000001
mu = 0.9
nu = 0.1

init = 863.81
res = 725.024
gap = -2.341

solution = [[0, 28, 23], [0, 22], [0, 16, 3, 9, 17, 15], [0, 12, 10, 30, 25, 27, 4], [0, 2, 20, 32, 13, 8, 7, 26, 5], [0, 6, 24], [0, 11, 18, 31, 19, 14, 21, 1, 29]]


#################
lambda = 0.6000000000000001
mu = 0.9
nu = 1.4000000000000001

init = 902.1
res = 680.286
gap = -9.072

solution = [[0, 12, 26, 7, 8, 13, 32, 20, 2], [0, 10, 30, 25, 27, 5, 4], [0, 16, 3, 9, 17, 15], [0, 24, 6, 19, 14, 21, 1, 11], [0, 23, 28, 18, 31, 29, 22]]


#################
lambda = 0.6000000000000001
mu = 1.3
nu = 1.7000000000000002

init = 879.113
res = 684.444
gap = -8.409

solution = [[0, 10, 30, 25, 27, 5, 12], [0, 29, 16, 3, 9, 17, 22], [0, 11, 19, 14, 21, 1, 31, 18, 28], [0, 23, 6, 24, 2], [0, 15, 4, 26, 7, 8, 13, 32, 20]]


#################
lambda = 0.7000000000000001
mu = 0.4
nu = 0.1

init = 899.133
res = 663.826
gap = -11.776

solution = [[0, 2, 20, 32, 13, 8, 7, 26, 12], [0, 29, 16, 3, 9, 17, 15], [0, 10, 30, 25, 27, 5, 4], [0, 11, 31, 1, 21, 14, 19, 6, 24], [0, 23, 18, 28, 22]]


#################
lambda = 0.7000000000000001
mu = 0.8
nu = 0.8

init = 872.66
res = 663.826
gap = -11.776

solution = [[0, 12, 26, 7, 8, 13, 32, 20, 2], [0, 10, 30, 25, 27, 5, 4], [0, 29, 16, 3, 9, 17, 15], [0, 11, 31, 1, 21, 14, 19, 6, 24], [0, 23, 18, 28, 22]]


#################
lambda = 0.7000000000000001
mu = 0.9
nu = 1.9000000000000001

init = 900.355
res = 668.382
gap = -11.014

solution = [[0, 24, 6, 19, 14, 21, 1, 31], [0, 4, 12, 27, 25, 30, 10], [0, 20, 5, 26, 7, 8, 13, 32, 2], [0, 29, 16, 3, 9, 17, 15], [0, 23, 11, 18, 28, 22]]


#################
lambda = 0.8
mu = 0.1
nu = 0.1

init = 813.539
res = 684.977
gap = -8.325

solution = [[0, 29, 16, 3, 9, 17, 10], [0, 24, 6, 19, 14, 21, 1, 31], [0, 23, 11, 18, 28, 22], [0, 15, 26, 7, 8, 13, 32, 2], [0, 20, 4, 12, 5, 27, 25, 30]]


#################
lambda = 0.8
mu = 0.5
nu = 0.5

init = 845.714
res = 678.165
gap = -9.413

solution = [[0, 28, 18, 31, 1, 21, 14, 19], [0, 2, 24, 6, 11, 23], [0, 29, 16, 3, 9, 17, 15], [0, 20, 32, 13, 8, 7, 26, 4, 22], [0, 10, 30, 25, 27, 5, 12]]


#################
lambda = 0.8
mu = 1.4000000000000001
nu = 1.5

init = 873.21
res = 671.83
gap = -10.445

solution = [[0, 2, 20, 32, 13, 8, 7, 26, 5], [0, 31, 1, 21, 14, 19, 6, 24], [0, 15, 17, 9, 3, 16, 29], [0, 11, 18, 28, 23, 22], [0, 4, 12, 27, 25, 30, 10]]


#################
lambda = 0.8
mu = 1.6
nu = 1.3

init = 899.846
res = 696.493
gap = -6.534

solution = [[0, 29, 16, 3, 9, 17, 2], [0, 24, 6, 19, 14, 21, 1, 31], [0, 22, 15, 28, 18, 11, 23], [0, 20, 32, 13, 8, 7, 26, 4], [0, 10, 30, 25, 27, 5, 12]]


#################
lambda = 0.8
mu = 1.6
nu = 1.9000000000000001

init = 884.147
res = 685.023
gap = -8.318

solution = [[0, 12, 10, 30, 25, 27, 5, 26], [0, 20, 4, 7, 8, 13, 32, 2], [0, 24, 6, 23, 22], [0, 15, 17, 9, 3, 16, 29], [0, 11, 19, 14, 21, 1, 31, 18, 28]]


#################
lambda = 0.8
mu = 1.8
nu = 0.30000000000000004

init = 885.587
res = 668.019
gap = -11.075

solution = [[0, 12, 26, 7, 8, 13, 32, 20, 2], [0, 10, 30, 25, 27, 5, 4], [0, 15, 17, 9, 3, 16, 29], [0, 24, 6, 19, 14, 21, 1, 31], [0, 11, 18, 28, 23, 22]]


#################
lambda = 0.9
mu = 0.1
nu = 0.1

init = 817.161
res = 700.556
gap = -5.916

solution = [[0, 15, 22], [0, 31, 1, 21, 14, 19, 6, 24], [0, 29, 16, 3, 9, 17, 10], [0, 23, 28, 18, 11], [0, 2, 32, 13, 8, 7, 26], [0, 4, 12, 30, 25, 27, 5, 20]]


#################
lambda = 0.9
mu = 1.4000000000000001
nu = 0.9

init = 874.496
res = 679.895
gap = -9.135

solution = [[0, 20, 4, 7, 8, 13, 32, 2], [0, 12, 10, 30, 25, 27, 5, 26], [0, 24, 6, 19, 14, 21, 1, 31], [0, 29, 16, 3, 9, 17, 15], [0, 22, 23, 28, 18, 11]]


#################
lambda = 0.9
mu = 1.7000000000000002
nu = 1.7000000000000002

init = 861.253
res = 668.019
gap = -11.075

solution = [[0, 10, 30, 25, 27, 5, 4], [0, 12, 26, 7, 8, 13, 32, 20, 2], [0, 31, 1, 21, 14, 19, 6, 24], [0, 11, 18, 28, 23, 22], [0, 15, 17, 9, 3, 16, 29]]


#################
lambda = 1.1
mu = 1.8
nu = 0.7000000000000001

init = 874.83
res = 669.809
gap = -10.778

solution = [[0, 29, 16, 3, 9, 17, 15], [0, 31, 1, 21, 14, 19, 6, 24], [0, 23, 11, 18, 28, 22], [0, 12, 26, 7, 8, 13, 32, 20, 2], [0, 10, 30, 25, 27, 5, 4]]


#################
lambda = 1.1
mu = 1.8
nu = 0.8

init = 868.969
res = 678.165
gap = -9.413

solution = [[0, 29, 16, 3, 9, 17, 15], [0, 22, 4, 26, 7, 8, 13, 32, 20], [0, 10, 30, 25, 27, 5, 12], [0, 23, 11, 6, 24, 2], [0, 28, 18, 31, 1, 21, 14, 19]]


#################
lambda = 1.2000000000000002
mu = 1.3
nu = 0.6000000000000001

init = 830.155
res = 676.104
gap = -9.746

solution = [[0, 11, 19, 14, 21, 1, 31, 18, 28], [0, 15, 17, 9, 3, 16, 29], [0, 23, 6, 24, 2], [0, 20, 32, 13, 8, 7, 26, 4, 22], [0, 10, 30, 25, 27, 5, 12]]


#################
lambda = 1.4000000000000001
mu = 0.7000000000000001
nu = 1.9000000000000001

init = 825.7
res = 663.826
gap = -11.776

solution = [[0, 29, 16, 3, 9, 17, 15], [0, 10, 30, 25, 27, 5, 4], [0, 12, 26, 7, 8, 13, 32, 20, 2], [0, 11, 31, 1, 21, 14, 19, 6, 24], [0, 23, 18, 28, 22]]

execution : 289 s
