Aretes fixées après apprentissage pour cette exécution
Fixed edges = [[0, 2, 35, 37, 34, 0], [0, 30, 13, 28, 0], [0, 10, 32, 22, 3, 7, 16, 5, 0], [0, 20, 23, 0], [0, 19, 25, 0], [0, 9, 12, 31, 1, 0], [0, 6, 36, 27, 0], [0, 8, 11, 0], [0, 4, 0], [0, 14, 0], [0, 15, 0], [0, 17, 0], [0, 18, 0], [0, 21, 0], [0, 24, 0], [0, 26, 0], [0, 29, 0], [0, 33, 0], [0, 38, 0]]
Time = 1.660024881362915


#################

init = 860.707
res = 831.023
gap = 0.243

solution = [[0, 14, 19, 25, 33, 18, 9, 4], [0, 38, 15, 5, 29, 20, 23, 1, 31, 12], [0, 6, 36, 27, 28, 13, 30, 21], [0, 17, 24, 35, 37, 34, 26, 11, 8], [0, 10, 32, 16, 7, 3, 22, 2]]


#################

init = 940.771
res = 831.023
gap = 0.243

solution = [[0, 14, 19, 25, 33, 18, 9, 4], [0, 38, 15, 5, 29, 20, 23, 1, 31, 12], [0, 21, 30, 13, 28, 27, 36, 6], [0, 17, 24, 35, 37, 34, 26, 11, 8], [0, 2, 22, 3, 7, 16, 32, 10]]


#################

init = 940.771
res = 831.023
gap = 0.243

solution = [[0, 6, 36, 27, 28, 13, 30, 21], [0, 4, 9, 18, 33, 25, 19, 14], [0, 12, 31, 1, 23, 20, 29, 5, 15, 38], [0, 17, 24, 35, 37, 34, 26, 11, 8], [0, 10, 32, 16, 7, 3, 22, 2]]


#################

init = 940.771
res = 842.844
gap = 1.642

solution = [[0, 14, 12, 9, 18, 4], [0, 6, 36, 27, 28, 13, 30, 21], [0, 15, 2, 22, 3, 7, 16, 1, 31, 33], [0, 19, 25, 23, 20, 29, 5, 32, 10], [0, 8, 11, 17, 26, 34, 37, 35, 24, 38]]


#################

init = 866.555
res = 829.438
gap = 0.053

solution = [[0, 4, 18, 9, 12, 14], [0, 2, 22, 3, 7, 16, 10, 1, 31, 33], [0, 19, 25, 23, 20, 29, 5, 32, 15, 38], [0, 17, 24, 35, 37, 34, 26, 11, 8], [0, 21, 30, 13, 28, 27, 36, 6]]


#################

init = 866.555
res = 838.044
gap = 1.079

solution = [[0, 2, 22, 3, 7, 16, 32, 10, 31], [0, 4, 18, 9, 12, 14], [0, 6, 36, 27, 28, 13, 30, 21], [0, 19, 25, 33, 1, 38, 15, 5, 29, 20, 23], [0, 8, 11, 26, 34, 37, 35, 24, 17]]


#################

init = 866.555
res = 835.654
gap = 0.796

solution = [[0, 21, 30, 13, 28, 27, 36, 6], [0, 8, 11, 17, 26, 34, 37, 35, 24, 38], [0, 4, 18, 9, 12, 14], [0, 2, 22, 3, 7, 16, 32, 10], [0, 33, 31, 1, 15, 5, 29, 20, 23, 25, 19]]


#################

init = 866.555
res = 829.438
gap = 0.053

solution = [[0, 4, 18, 9, 12, 14], [0, 17, 24, 35, 37, 34, 26, 11, 8], [0, 21, 30, 13, 28, 27, 36, 6], [0, 38, 15, 32, 5, 29, 20, 23, 25, 19], [0, 2, 22, 3, 7, 16, 10, 1, 31, 33]]


#################

init = 866.555
res = 835.758
gap = 0.809

solution = [[0, 12, 31, 1, 38, 15, 5, 29, 20, 23], [0, 4, 9, 18, 33, 25, 19, 14], [0, 6, 36, 27, 28, 13, 30, 21], [0, 17, 24, 35, 37, 34, 26, 11, 8], [0, 10, 32, 16, 7, 3, 22, 2]]


#################

init = 866.555
res = 830.836
gap = 0.221

solution = [[0, 4, 18, 9, 12, 14], [0, 19, 25, 33, 31, 23, 20, 29, 32, 10, 15, 38], [0, 6, 36, 27, 28, 13, 30, 21], [0, 2, 22, 3, 7, 16, 5, 1], [0, 17, 24, 35, 37, 34, 26, 11, 8]]


#################

init = 911.73
res = 849.023
gap = 2.358

solution = [[0, 2, 22, 3, 7, 16, 5, 29], [0, 21, 30, 13, 28, 27, 36, 6], [0, 4, 18, 9, 12, 14], [0, 17, 24, 35, 37, 34, 26, 11, 8], [0, 19, 25, 33, 31, 23, 20, 1, 38, 15, 32, 10]]


#################

init = 901.784
res = 849.023
gap = 2.358

solution = [[0, 21, 30, 13, 28, 27, 36, 6], [0, 8, 11, 26, 34, 37, 35, 24, 17], [0, 4, 18, 9, 12, 14], [0, 19, 25, 33, 31, 23, 20, 1, 38, 15, 32, 10], [0, 29, 5, 16, 7, 3, 22, 2]]


#################

init = 901.784
res = 865.706
gap = 4.24

solution = [[0, 29, 5, 2, 22, 3, 7, 16], [0, 4, 18, 9, 12, 14], [0, 21, 30, 13, 28, 27, 36, 6], [0, 17, 24, 35, 37, 34, 26, 11, 8], [0, 19, 25, 33, 31, 23, 20, 1, 38, 15, 10, 32]]


#################

init = 901.784
res = 850.046
gap = 2.476

solution = [[0, 4, 9, 18, 33, 25, 19, 14], [0, 21, 30, 13, 28, 27, 36, 6], [0, 12, 31, 23, 20, 1, 38, 15, 32, 10], [0, 2, 22, 3, 7, 16, 5, 29], [0, 17, 24, 35, 37, 34, 26, 11, 8]]


#################

init = 901.784
res = 837.899
gap = 1.062

solution = [[0, 21, 30, 13, 28, 27, 36, 6], [0, 4, 18, 9, 12, 14], [0, 38, 15, 10, 2, 22, 3, 7], [0, 17, 24, 35, 37, 34, 26, 11, 8], [0, 19, 25, 23, 20, 29, 5, 16, 32, 1, 31, 33]]


#################

init = 885.154
res = 837.798
gap = 1.05

solution = [[0, 4, 9, 18, 33, 25, 19, 14], [0, 29, 5, 16, 7, 3, 22, 2], [0, 6, 36, 27, 28, 13, 30, 21], [0, 12, 31, 1, 23, 20, 32, 10, 15, 38], [0, 17, 24, 35, 37, 34, 26, 11, 8]]


#################

init = 885.154
res = 831.859
gap = 0.344

solution = [[0, 4, 9, 18, 33, 25, 19, 14], [0, 6, 36, 27, 28, 13, 30, 21], [0, 2, 22, 3, 7, 16, 5, 1], [0, 17, 24, 35, 37, 34, 26, 11, 8], [0, 38, 15, 10, 32, 29, 20, 23, 31, 12]]


#################

init = 885.154
res = 837.798
gap = 1.05

solution = [[0, 4, 9, 18, 33, 25, 19, 14], [0, 6, 36, 27, 28, 13, 30, 21], [0, 2, 22, 3, 7, 16, 5, 29], [0, 38, 15, 10, 32, 20, 23, 1, 31, 12], [0, 17, 24, 35, 37, 34, 26, 11, 8]]


#################

init = 885.154
res = 850.1
gap = 2.482

solution = [[0, 2, 22, 3, 7, 16, 5, 29], [0, 12, 31, 23, 20, 1, 38, 15, 10, 32], [0, 4, 9, 18, 33, 25, 19, 14], [0, 21, 30, 13, 28, 27, 36, 6], [0, 17, 24, 35, 37, 34, 26, 11, 8]]


#################

init = 885.154
res = 850.1
gap = 2.482

solution = [[0, 2, 22, 3, 7, 16, 5, 29], [0, 12, 31, 23, 20, 1, 38, 15, 10, 32], [0, 4, 9, 18, 33, 25, 19, 14], [0, 17, 24, 35, 37, 34, 26, 11, 8], [0, 6, 36, 27, 28, 13, 30, 21]]
Execution = 2654.900770664215
