Aretes fixées après apprentissage pour cette exécution
Fixed edges = [[0, 13, 17, 30, 29, 33, 18, 0], [0, 5, 25, 27, 24, 11, 16, 0], [0, 22, 32, 0], [0, 4, 19, 31, 0], [0, 14, 34, 0], [0, 15, 8, 35, 2, 0], [0, 3, 6, 0], [0, 1, 0], [0, 7, 0], [0, 9, 0], [0, 10, 0], [0, 12, 0], [0, 20, 0], [0, 21, 0], [0, 23, 0], [0, 26, 0], [0, 28, 0]]
Time = 0.36894774436950684


#################

init = 928.318
res = 802.132
gap = -947.708

solution = [[0, 21, 18, 33, 29, 30, 17, 13, 32, 22, 1], [0, 16, 11, 24, 27, 25, 5, 20], [0, 12, 31, 19, 4, 3, 6, 9], [0, 10, 7, 26], [0, 15, 8, 35, 2, 23, 34, 14, 28]]


#################

init = 928.318
res = 806.783
gap = -941.668

solution = [[0, 21, 18, 33, 29, 30, 17, 13, 32, 22, 1], [0, 16, 11, 24, 27, 25, 5, 20], [0, 10, 7, 26], [0, 9, 28, 34, 2, 35, 8, 15], [0, 12, 31, 19, 4, 3, 6, 23, 14]]


#################

init = 928.318
res = 810.071
gap = -937.44

solution = [[0, 21, 18, 33, 29, 30, 17, 13, 32, 22, 1], [0, 28, 14, 34, 23, 2, 35, 8, 15], [0, 10, 7, 26, 20, 5], [0, 12, 31, 19, 4, 3, 6, 9], [0, 16, 11, 24, 27, 25]]


#################

init = 928.318
res = 802.132
gap = -947.708

solution = [[0, 16, 11, 24, 27, 25, 5, 20], [0, 10, 7, 26], [0, 21, 18, 33, 29, 30, 17, 13, 32, 22, 1], [0, 12, 31, 19, 4, 3, 6, 9], [0, 28, 14, 34, 23, 2, 35, 8, 15]]


#################

init = 928.318
res = 802.132
gap = -947.708

solution = [[0, 21, 18, 33, 29, 30, 17, 13, 32, 22, 1], [0, 16, 11, 24, 27, 25, 5, 20], [0, 12, 31, 19, 4, 3, 6, 9], [0, 26, 7, 10], [0, 15, 8, 35, 2, 23, 34, 14, 28]]


#################

init = 952.852
res = 802.132
gap = -947.708

solution = [[0, 10, 7, 26], [0, 21, 18, 33, 29, 30, 17, 13, 32, 22, 1], [0, 16, 11, 24, 27, 25, 5, 20], [0, 12, 31, 19, 4, 3, 6, 9], [0, 15, 8, 35, 2, 23, 34, 14, 28]]


#################

init = 952.852
res = 815.562
gap = -930.456

solution = [[0, 10, 7, 26, 20, 5], [0, 15, 8, 35, 2, 23, 34, 14, 28], [0, 21, 18, 22, 32, 13, 17, 30, 29, 33], [0, 11, 25, 27, 24, 1, 16], [0, 12, 31, 19, 4, 3, 6, 9]]


#################

init = 952.852
res = 806.783
gap = -941.668

solution = [[0, 10, 7, 26], [0, 1, 22, 32, 13, 17, 30, 29, 33, 18, 21], [0, 16, 11, 24, 27, 25, 5, 20], [0, 15, 8, 35, 2, 34, 28, 9], [0, 12, 31, 19, 4, 3, 6, 23, 14]]


#################

init = 952.852
res = 815.562
gap = -930.456

solution = [[0, 10, 7, 26, 20, 5], [0, 15, 8, 35, 2, 23, 34, 14, 28], [0, 21, 18, 22, 32, 13, 17, 30, 29, 33], [0, 12, 31, 19, 4, 3, 6, 9], [0, 11, 25, 27, 24, 1, 16]]


#################

init = 952.852
res = 802.132
gap = -947.708

solution = [[0, 16, 11, 24, 27, 25, 5, 20], [0, 21, 18, 33, 29, 30, 17, 13, 32, 22, 1], [0, 15, 8, 35, 2, 23, 34, 14, 28], [0, 12, 31, 19, 4, 3, 6, 9], [0, 10, 7, 26]]


#################

init = 939.108
res = 802.132
gap = -947.708

solution = [[0, 20, 5, 25, 27, 24, 11, 16], [0, 1, 22, 32, 13, 17, 30, 29, 33, 18, 21], [0, 10, 7, 26], [0, 12, 31, 19, 4, 3, 6, 9], [0, 15, 8, 35, 2, 23, 34, 14, 28]]


#################

init = 939.108
res = 810.071
gap = -937.44

solution = [[0, 5, 20, 26, 7, 10], [0, 15, 8, 35, 2, 23, 34, 14, 28], [0, 1, 22, 32, 13, 17, 30, 29, 33, 18, 21], [0, 9, 6, 3, 4, 19, 31, 12], [0, 25, 27, 24, 11, 16]]


#################

init = 939.108
res = 809.026
gap = -938.78

solution = [[0, 1, 21, 18, 22, 32, 13, 17, 30, 29, 33], [0, 20, 5, 25, 27, 24, 11, 16], [0, 15, 8, 35, 2, 23, 34, 14, 28], [0, 26, 7, 10], [0, 12, 31, 19, 4, 3, 6, 9]]


#################

init = 939.108
res = 815.562
gap = -930.456

solution = [[0, 21, 18, 22, 32, 13, 17, 30, 29, 33], [0, 15, 8, 35, 2, 23, 34, 14, 28], [0, 10, 7, 26, 20, 5], [0, 11, 25, 27, 24, 1, 16], [0, 12, 31, 19, 4, 3, 6, 9]]


#################

init = 939.108
res = 802.132
gap = -947.708

solution = [[0, 20, 5, 25, 27, 24, 11, 16], [0, 15, 8, 35, 2, 23, 34, 14, 28], [0, 21, 18, 33, 29, 30, 17, 13, 32, 22, 1], [0, 26, 7, 10], [0, 12, 31, 19, 4, 3, 6, 9]]


#################

init = 971.511
res = 810.071
gap = -937.44

solution = [[0, 10, 7, 26, 20, 5], [0, 15, 8, 35, 2, 23, 34, 14, 28], [0, 1, 22, 32, 13, 17, 30, 29, 33, 18, 21], [0, 12, 31, 19, 4, 3, 6, 9], [0, 25, 27, 24, 11, 16]]


#################

init = 971.511
res = 808.573
gap = -939.362

solution = [[0, 20, 5, 25, 27, 24, 11, 16], [0, 10, 7, 26], [0, 1, 22, 32, 13, 17, 30, 29, 33, 18, 21], [0, 28, 14, 34, 23, 2, 35, 8, 15], [0, 9, 12, 3, 6, 4, 19, 31]]
