Time = 0.4867086410522461
Time = 0.4974038600921631
Time = 0.48898983001708984
Time = 2.444009780883789
Time = 2.453512668609619
Time = 2.533520221710205
Time = 2.532663106918335
Time = 2.4849443435668945

res = 1642.784
solution = [[0, 47, 4, 18, 1, 46, 43, 31, 38, 42], [0, 11, 33, 44, 15, 56], [0, 25, 13, 29, 54, 20, 26], [0, 5, 45, 27, 59, 24, 8], [0, 12, 28, 17, 35, 37, 6, 16], [0, 21, 55, 32, 58, 40, 14, 50, 53], [0, 22, 51, 57, 62, 52, 52, 23, 39, 10], [0, 7, 60, 36, 49, 34, 2, 30, 19], [0, 48, 3, 41, 9, 61]]

res = 1642.784
solution = [[0, 21, 55, 32, 58, 40, 14, 50, 53], [0, 47, 4, 18, 1, 46, 43, 31, 38, 42], [0, 7, 60, 36, 49, 34, 2, 30, 19], [0, 12, 28, 17, 35, 37, 6, 16], [0, 11, 33, 44, 15, 56], [0, 25, 13, 29, 54, 20, 26], [0, 5, 45, 27, 59, 24, 8], [0, 48, 3, 41, 9, 61], [0, 22, 51, 57, 62, 52, 52, 23, 39, 10]]

res = 1642.784
solution = [[0, 21, 55, 32, 58, 40, 14, 50, 53], [0, 47, 4, 18, 1, 46, 43, 31, 38, 42], [0, 7, 60, 36, 49, 34, 2, 30, 19], [0, 12, 28, 17, 35, 37, 6, 16], [0, 11, 33, 44, 15, 56], [0, 25, 13, 29, 54, 20, 26], [0, 5, 45, 27, 59, 24, 8], [0, 48, 3, 41, 9, 61], [0, 22, 51, 57, 62, 52, 52, 23, 39, 10]]

res = 1642.784
solution = [[0, 21, 55, 32, 58, 40, 14, 50, 53], [0, 47, 4, 18, 1, 46, 43, 31, 38, 42], [0, 7, 60, 36, 49, 34, 2, 30, 19], [0, 12, 28, 17, 35, 37, 6, 16], [0, 11, 33, 44, 15, 56], [0, 25, 13, 29, 54, 20, 26], [0, 5, 45, 27, 59, 24, 8], [0, 48, 3, 41, 9, 61], [0, 22, 51, 57, 62, 52, 52, 23, 39, 10]]

res = 1642.784
solution = [[0, 21, 55, 32, 58, 40, 14, 50, 53], [0, 47, 4, 18, 1, 46, 43, 31, 38, 42], [0, 7, 60, 36, 49, 34, 2, 30, 19], [0, 12, 28, 17, 35, 37, 6, 16], [0, 11, 33, 44, 15, 56], [0, 26, 20, 54, 29, 13, 25], [0, 5, 45, 27, 59, 24, 8], [0, 48, 3, 41, 9, 61], [0, 22, 51, 57, 62, 52, 52, 23, 39, 10]]

res = 1642.784
solution = [[0, 21, 55, 32, 58, 40, 14, 50, 53], [0, 47, 4, 18, 1, 46, 43, 31, 38, 42], [0, 7, 60, 36, 49, 34, 2, 30, 19], [0, 12, 28, 17, 35, 37, 6, 16], [0, 11, 33, 44, 15, 56], [0, 26, 20, 54, 29, 13, 25], [0, 5, 45, 27, 59, 24, 8], [0, 48, 3, 41, 9, 61], [0, 22, 51, 57, 62, 52, 52, 23, 39, 10]]

res = 1642.784
solution = [[0, 21, 55, 32, 58, 40, 14, 50, 53], [0, 47, 4, 18, 1, 46, 43, 31, 38, 42], [0, 7, 60, 36, 49, 34, 2, 30, 19], [0, 12, 28, 17, 35, 37, 6, 16], [0, 11, 33, 44, 15, 56], [0, 26, 20, 54, 29, 13, 25], [0, 5, 45, 27, 59, 24, 8], [0, 48, 3, 41, 9, 61], [0, 22, 51, 57, 62, 52, 52, 23, 39, 10]]

res = 1642.784
solution = [[0, 21, 55, 32, 58, 40, 14, 50, 53], [0, 47, 4, 18, 1, 46, 43, 31, 38, 42], [0, 7, 60, 36, 49, 34, 2, 30, 19], [0, 12, 28, 17, 35, 37, 6, 16], [0, 11, 33, 44, 15, 56], [0, 26, 20, 54, 29, 13, 25], [0, 5, 45, 27, 59, 24, 8], [0, 48, 3, 41, 9, 61], [0, 22, 51, 57, 62, 52, 52, 23, 39, 10]]

res = 1642.784
solution = [[0, 21, 55, 32, 58, 40, 14, 50, 53], [0, 47, 4, 18, 1, 46, 43, 31, 38, 42], [0, 7, 60, 36, 49, 34, 2, 30, 19], [0, 12, 28, 17, 35, 37, 6, 16], [0, 11, 33, 44, 15, 56], [0, 26, 20, 54, 29, 13, 25], [0, 5, 45, 27, 59, 24, 8], [0, 48, 3, 41, 9, 61], [0, 22, 51, 57, 62, 52, 52, 23, 39, 10]]

res = 1642.784
solution = [[0, 25, 13, 29, 54, 20, 26], [0, 47, 4, 18, 1, 46, 43, 31, 38, 42], [0, 12, 28, 17, 35, 37, 6, 16], [0, 61, 9, 41, 3, 48], [0, 56, 15, 44, 33, 11], [0, 7, 60, 36, 49, 34, 2, 30, 19], [0, 8, 24, 59, 27, 45, 5], [0, 21, 55, 32, 58, 40, 14, 50, 53], [0, 22, 51, 57, 62, 52, 52, 23, 39, 10]]

Mean = 164.27841825081197
Execution = 850.0634334087372

