Aretes fixées après apprentissage pour cette exécution
Fixed edges = [[0, 11, 63, 54, 48, 57, 23, 0], [0, 44, 56, 0], [0, 3, 36, 35, 37, 30, 60, 50, 16, 41, 2, 38, 42, 61, 0], [0, 40, 59, 0], [0, 18, 29, 55, 21, 25, 0], [0, 39, 51, 17, 47, 46, 6, 26, 31, 34, 9, 22, 15, 27, 14, 0], [0, 19, 24, 52, 8, 10, 0], [0, 20, 58, 0], [0, 33, 1, 12, 13, 0], [0, 43, 49, 5, 45, 0], [0, 28, 62, 0], [0, 32, 53, 0], [0, 4, 0], [0, 7, 0], [0, 64, 0]]
Time = 330.7550013065338


#################

init = 668.158
res = 650.672

solution = [[0, 49, 4, 3, 36, 35, 37, 30, 60, 50, 16, 41, 2, 38, 42, 61, 58, 20, 32, 45, 5, 62, 28, 18, 29, 55, 21, 25, 53, 56, 44, 59, 40, 10, 8, 52, 24, 19, 13, 12, 1, 33, 23, 57, 48, 54, 63, 11, 7, 39, 51, 17, 47, 46, 64, 6, 26, 31, 34, 9, 22, 14, 27, 15, 43]]


#################

init = 646.884
res = 646.884

solution = [[0, 51, 39, 7, 11, 63, 54, 48, 57, 23, 33, 1, 12, 13, 19, 24, 52, 8, 10, 40, 59, 44, 56, 53, 25, 21, 55, 29, 18, 28, 62, 5, 45, 32, 20, 58, 61, 42, 38, 2, 41, 16, 50, 60, 30, 37, 4, 35, 36, 3, 14, 9, 22, 15, 27, 49, 43, 34, 31, 26, 6, 64, 46, 47, 17]]


#################

init = 654.579
res = 654.579

solution = [[0, 17, 47, 46, 64, 6, 26, 31, 34, 9, 22, 14, 27, 15, 43, 49, 5, 32, 45, 4, 3, 36, 35, 37, 30, 60, 50, 16, 41, 2, 38, 42, 61, 20, 58, 40, 10, 8, 52, 24, 19, 56, 44, 59, 53, 25, 21, 55, 29, 18, 13, 12, 1, 33, 28, 23, 57, 48, 54, 11, 63, 7, 62, 39, 51]]


#################

init = 704.469
res = 665.502

solution = [[0, 5, 4, 3, 36, 35, 37, 30, 60, 50, 16, 41, 2, 38, 42, 61, 45, 32, 20, 58, 40, 10, 8, 52, 24, 19, 56, 44, 59, 53, 25, 21, 55, 29, 18, 13, 12, 1, 33, 28, 23, 57, 48, 54, 11, 63, 7, 62, 39, 51, 17, 47, 46, 64, 6, 26, 31, 34, 9, 22, 14, 27, 15, 43, 49]]
