Aretes fixées après apprentissage pour cette exécution
Fixed edges = [[0, 16, 50, 0], [0, 9, 22, 0], [0, 2, 38, 0], [0, 40, 59, 0], [0, 3, 36, 0], [0, 11, 63, 0], [0, 6, 46, 0], [0, 44, 56, 0], [0, 8, 10, 0], [0, 26, 31, 0], [0, 30, 37, 0], [0, 1, 0], [0, 4, 0], [0, 5, 0], [0, 7, 0], [0, 12, 0], [0, 13, 0], [0, 14, 0], [0, 15, 0], [0, 17, 0], [0, 18, 0], [0, 19, 0], [0, 20, 0], [0, 21, 0], [0, 23, 0], [0, 24, 0], [0, 25, 0], [0, 27, 0], [0, 28, 0], [0, 29, 0], [0, 32, 0], [0, 33, 0], [0, 34, 0], [0, 35, 0], [0, 39, 0], [0, 41, 0], [0, 42, 0], [0, 43, 0], [0, 45, 0], [0, 47, 0], [0, 48, 0], [0, 49, 0], [0, 51, 0], [0, 52, 0], [0, 53, 0], [0, 54, 0], [0, 55, 0], [0, 57, 0], [0, 58, 0], [0, 60, 0], [0, 61, 0], [0, 62, 0], [0, 64, 0]]


#################
lambda = 0.5
mu = 0.1
nu = 0.1

init = 1511.445
res = 1225.887
gap = 3.58

solution = [[0, 60, 50, 16, 41, 2, 38, 42, 61], [0, 7, 11, 63, 54, 48, 57, 23, 28], [0, 46, 64, 6, 26, 31, 34, 47], [0, 43, 15, 27, 14, 9, 22], [0, 5, 45, 30, 37, 35, 36, 3, 4], [0, 8, 10, 59, 44, 56], [0, 17, 51, 39], [0, 53, 40, 58, 20, 32, 49], [0, 55, 21, 25, 29], [0, 18, 19, 52, 24, 13, 12, 1, 33, 62]]


#################
lambda = 0.5
mu = 0.1
nu = 0.2

init = 1479.932
res = 1243.437
gap = 4.941

solution = [[0, 53, 59, 44, 56, 21], [0, 47, 34, 31, 26, 6, 64, 46], [0, 55, 5, 45, 60, 30, 37, 4], [0, 50, 16, 41, 2, 38, 42, 61, 20], [0, 29, 18, 19, 52, 8, 10, 40, 58, 32], [0, 62, 33, 1, 12, 13, 24, 25], [0, 7, 11, 63, 54, 48, 57, 23, 28], [0, 22, 9, 14, 3, 36, 35, 49], [0, 51, 39], [0, 43, 27, 15, 17]]


#################
lambda = 0.5
mu = 0.1
nu = 0.5

init = 1462.628
res = 1257.235
gap = 5.984

solution = [[0, 39, 51, 17], [0, 53, 56, 59, 40, 58, 32], [0, 20, 61, 42, 38, 2, 41, 16, 50], [0, 27, 15, 22, 9, 14, 3, 4], [0, 44, 10, 8, 52, 24, 19, 18], [0, 7, 11, 63, 54, 48, 57, 23, 28], [0, 46, 64, 6, 26, 31, 34, 47], [0, 62, 33, 1, 12, 13, 25, 21], [0, 29, 55], [0, 5, 45, 60, 30, 37, 35, 36], [0, 43, 49]]


#################
lambda = 0.5
mu = 0.1
nu = 0.8

init = 1479.446
res = 1231.138
gap = 3.991

solution = [[0, 7, 11, 63, 54, 48, 57, 23, 28], [0, 50, 16, 41, 2, 38, 42, 61, 20], [0, 19, 8, 10, 52, 24, 13, 12, 1], [0, 29, 21, 53, 25, 18, 33, 62], [0, 56, 44, 59, 40, 58, 32], [0, 55, 5, 45, 60, 30, 37], [0, 43, 27, 14, 3, 36, 35, 4], [0, 51, 39, 46, 64, 6, 26, 31, 47], [0, 49, 15, 22, 9, 34, 17]]


#################
lambda = 0.5
mu = 0.1
nu = 1.0

init = 1446.154
res = 1214.885
gap = 2.707

solution = [[0, 30, 37, 35, 36, 3, 4, 49], [0, 47, 34, 31, 26, 6, 64, 46], [0, 15, 22, 9, 14, 27, 43], [0, 60, 50, 16, 41, 2, 38, 42, 61], [0, 24, 52, 8, 10, 56, 59], [0, 5, 45, 32, 20, 58, 40, 44], [0, 29, 55, 21, 25, 53], [0, 18, 19, 13, 12, 1, 33, 62], [0, 7, 11, 63, 54, 48, 57, 23, 28], [0, 39, 51, 17]]


#################
lambda = 0.5
mu = 0.1
nu = 1.1

init = 1452.301
res = 1256.268
gap = 5.912

solution = [[0, 7, 11, 63, 54, 48, 57, 23, 28], [0, 46, 64, 6, 26, 31, 34, 47], [0, 33, 1, 12, 13, 24, 52, 8, 19, 18], [0, 56, 44, 59, 40, 10], [0, 41, 2, 38, 42, 61, 58, 20, 32], [0, 29, 55, 21, 25, 53], [0, 62], [0, 5, 45, 16, 50, 60, 37, 30], [0, 22, 9, 14, 3, 36, 35, 4], [0, 49, 43, 27, 15, 17], [0, 51, 39]]


#################
lambda = 0.5
mu = 0.1
nu = 1.7000000000000002

init = 1483.173
res = 1274.324
gap = 7.245

solution = [[0, 7, 11, 63, 54, 48, 57, 23, 28], [0, 46, 64, 6, 26, 31, 34, 47], [0, 50, 16, 41, 2, 38, 42, 61, 20], [0, 62, 33, 1, 12, 13, 24, 52, 19, 18], [0, 39, 51, 17], [0, 21, 25, 8, 10, 40, 58, 32], [0, 55, 29], [0, 44, 56, 59, 53], [0, 22, 9, 14, 3, 36, 35, 4], [0, 5, 45, 60, 30, 37, 49], [0, 15, 27, 43]]


#################
lambda = 0.5
mu = 0.2
nu = 0.1

init = 1512.807
res = 1249.732
gap = 5.42

solution = [[0, 43, 27, 14, 9, 22, 15], [0, 12, 13, 19, 24, 52, 10, 8, 25], [0, 44, 56, 59, 40, 58, 32, 45], [0, 46, 64, 6, 26, 31, 34, 47], [0, 50, 16, 41, 2, 38, 42, 61, 20], [0, 18, 33, 1, 57, 48, 54, 11, 63, 7, 39], [0, 30, 37, 35, 36, 3, 4, 49], [0, 29, 55, 21, 53, 60, 5], [0, 23, 28, 62], [0, 51, 17]]


#################
lambda = 0.5
mu = 0.2
nu = 0.30000000000000004

init = 1500.388
res = 1211.722
gap = 2.453

solution = [[0, 7, 11, 63, 54, 48, 57, 23, 28], [0, 47, 34, 31, 26, 6, 64, 46], [0, 32, 20, 58, 40, 53, 21], [0, 8, 10, 59, 44, 56], [0, 33, 1, 12, 13, 24, 52, 19, 25, 18], [0, 17, 51, 39, 62, 29, 55, 49], [0, 43, 15, 27, 14, 9, 22], [0, 60, 50, 16, 41, 2, 38, 42, 61, 45], [0, 5, 30, 37, 35, 36, 3, 4]]


#################
lambda = 0.5
mu = 0.2
nu = 0.4

init = 1490.667
res = 1232.728
gap = 4.115

solution = [[0, 17, 51, 39, 62], [0, 46, 64, 6, 26, 31, 34, 47], [0, 50, 16, 41, 2, 38, 42, 61, 20], [0, 55, 18, 21, 25, 19, 13, 12, 1, 33], [0, 28, 23, 57, 48, 54, 7, 11, 63], [0, 56, 44, 59, 40, 58, 32, 45], [0, 53, 10, 8, 52, 24, 29], [0, 15, 22, 9, 14, 3, 36, 35], [0, 43, 49], [0, 27, 4, 37, 30, 60, 5]]


#################
lambda = 0.5
mu = 0.2
nu = 0.6000000000000001

init = 1483.355
res = 1253.554
gap = 5.708

solution = [[0, 32, 58, 40, 59, 44, 56], [0, 55, 21, 53, 25, 18, 29], [0, 7, 11, 63, 54, 48, 57, 23, 33], [0, 1, 12, 13, 19, 24, 52, 8, 10], [0, 27, 15, 22, 9, 14, 3, 4], [0, 62, 28, 39, 51, 17], [0, 47, 34, 31, 26, 6, 64, 46], [0, 5, 45, 60, 30, 37, 35, 36], [0, 49, 43], [0, 50, 16, 41, 2, 38, 42, 61, 20]]


#################
lambda = 0.5
mu = 0.2
nu = 1.4000000000000001

init = 1484.808
res = 1256.212
gap = 5.908

solution = [[0, 46, 64, 6, 26, 31, 34, 47], [0, 7, 11, 63, 54, 48, 57, 23, 28], [0, 44, 56, 59, 52, 24, 19, 18], [0, 50, 16, 41, 2, 38, 42, 61, 20], [0, 21, 25, 8, 10, 40, 58, 32], [0, 55, 29, 13, 12, 1, 33, 62], [0, 5, 30, 37, 60, 45, 53], [0, 17, 51, 39], [0, 22, 9, 14, 3, 36, 35, 4], [0, 43, 15, 27, 49]]


#################
lambda = 0.5
mu = 0.2
nu = 1.8

init = 1523.974
res = 1225.877
gap = 3.579

solution = [[0, 50, 16, 41, 2, 38, 42, 61, 20], [0, 46, 64, 6, 26, 31, 34, 47], [0, 62, 39, 51, 17], [0, 55, 18, 21, 25, 19, 13, 12, 1, 33], [0, 53, 10, 8, 52, 24, 29], [0, 56, 44, 59, 40, 58, 32], [0, 7, 63, 11, 54, 48, 57, 23, 28], [0, 27, 15, 22, 9, 14, 3, 4], [0, 49, 43], [0, 5, 45, 60, 30, 37, 35, 36]]


#################
lambda = 0.5
mu = 0.2
nu = 1.9000000000000001

init = 1536.559
res = 1225.877
gap = 3.579

solution = [[0, 7, 11, 63, 54, 48, 57, 23, 28], [0, 55, 18, 21, 25, 19, 13, 12, 1, 33], [0, 32, 58, 40, 59, 56, 44], [0, 53, 10, 8, 52, 24, 29], [0, 46, 64, 6, 26, 31, 34, 47], [0, 20, 61, 42, 38, 2, 41, 16, 50], [0, 5, 45, 60, 30, 37, 35, 36], [0, 4, 3, 14, 9, 22, 15, 27], [0, 49, 43], [0, 62, 39, 51, 17]]


#################
lambda = 0.5
mu = 0.30000000000000004
nu = 0.1

init = 1532.976
res = 1240.642
gap = 4.727

solution = [[0, 46, 64, 6, 26, 31, 34, 47], [0, 7, 11, 63, 54, 48, 57, 23, 28], [0, 32, 58, 40, 59, 10, 8, 52, 19, 18], [0, 5, 45, 60, 30, 35, 36, 3], [0, 29, 55, 24, 13, 12, 1, 33], [0, 50, 16, 41, 2, 38, 42, 61, 20], [0, 53, 56, 44, 25, 21], [0, 62, 39, 51, 17], [0, 15, 22, 9, 14, 27, 4, 37], [0, 49, 43]]


#################
lambda = 0.5
mu = 0.30000000000000004
nu = 0.30000000000000004

init = 1530.728
res = 1216.521
gap = 2.838

solution = [[0, 46, 64, 6, 26, 31, 34, 47], [0, 60, 50, 16, 41, 2, 38, 42, 61, 45], [0, 30, 37, 35, 36, 3, 4, 49], [0, 5, 53, 59, 44, 56], [0, 8, 10, 40, 58, 20, 32], [0, 15, 22, 9, 14, 27, 43], [0, 55, 21, 25, 52, 24, 19, 18, 29], [0, 28, 23, 57, 48, 54, 63, 11, 7], [0, 17, 51, 39], [0, 62, 33, 1, 12, 13]]


#################
lambda = 0.5
mu = 0.30000000000000004
nu = 0.4

init = 1508.732
res = 1261.982
gap = 6.338

solution = [[0, 46, 64, 6, 47, 34, 31, 26], [0, 23, 57, 48, 54, 63, 11, 7, 39, 51], [0, 5, 45, 60, 30, 37, 35, 36], [0, 27, 15, 22, 9, 14, 3, 4], [0, 32, 58, 40, 10, 8, 52, 24, 19], [0, 21, 56, 44, 59, 53], [0, 17], [0, 18, 25, 13, 12, 1, 33, 28, 62], [0, 29, 55], [0, 43, 49], [0, 50, 16, 41, 2, 38, 42, 61, 20]]


#################
lambda = 0.5
mu = 0.30000000000000004
nu = 0.8

init = 1548.205
res = 1200.118
gap = 1.51

solution = [[0, 30, 37, 35, 36, 3, 4, 49], [0, 47, 34, 31, 26, 6, 64, 46], [0, 23, 57, 48, 54, 63, 11, 7, 39, 51], [0, 55, 21, 56, 44, 59], [0, 25, 8, 10, 52, 24, 19, 29], [0, 18, 13, 12, 1, 33, 28, 62], [0, 60, 50, 16, 41, 2, 38, 42, 61, 45], [0, 5, 32, 20, 58, 40, 53], [0, 17], [0, 15, 22, 9, 14, 27, 43]]


#################
lambda = 0.5
mu = 0.30000000000000004
nu = 0.9

init = 1560.789
res = 1263.619
gap = 6.459

solution = [[0, 5, 45, 32, 20, 58, 61, 42, 38, 2], [0, 4, 36, 35, 37, 30, 60], [0, 46, 64, 6, 26, 31, 34, 47], [0, 22, 9, 14, 3, 50, 16, 41], [0, 28, 23, 57, 48, 54, 7, 11, 63], [0, 21, 56, 10, 8, 52, 24, 19], [0, 53, 40, 59, 44, 25], [0, 49, 43, 27, 15, 17, 51, 39], [0, 62], [0, 55, 29, 18, 13, 12, 1, 33]]


#################
lambda = 0.5
mu = 0.30000000000000004
nu = 1.2000000000000002

init = 1521.378
res = 1205.974
gap = 1.988

solution = [[0, 7, 11, 63, 54, 48, 57, 23, 28], [0, 43, 15, 27, 14, 22, 9], [0, 18, 19, 52, 8, 10, 56, 44], [0, 33, 1, 12, 13, 24, 25, 21], [0, 17, 51, 39, 62, 29, 55, 49], [0, 47, 34, 31, 26, 6, 64, 46], [0, 37, 50, 16, 41, 2, 38, 42, 61, 45, 5], [0, 60, 30, 35, 36, 3, 4], [0, 32, 20, 58, 40, 59, 53]]


#################
lambda = 0.5
mu = 0.4
nu = 0.1

init = 1481.448
res = 1293.836
gap = 8.644

solution = [[0, 20, 61, 42, 38, 2, 41, 16, 50], [0, 8, 10, 59, 40, 58, 32, 45, 5], [0, 12, 13, 19, 24, 52, 44, 56], [0, 46, 64, 6, 26, 31, 34, 47], [0, 55, 21, 25, 53], [0, 17, 51, 39], [0, 62, 33, 1, 18, 29], [0, 7, 63, 11, 54, 48, 57, 23, 28], [0, 60, 30, 37, 35, 36, 4], [0, 49, 43], [0, 27, 3, 14, 9, 22, 15]]


#################
lambda = 0.5
mu = 0.4
nu = 0.2

init = 1516.763
res = 1264.97
gap = 6.559

solution = [[0, 39, 51, 17], [0, 20, 61, 42, 38, 2, 41, 16, 50], [0, 46, 64, 6, 26, 31, 34, 47], [0, 43, 15, 27, 14, 9, 22], [0, 5, 30, 37, 35, 36, 3, 4], [0, 32, 58, 40, 56, 44, 59], [0, 19, 52, 8, 10, 24, 13, 12, 1], [0, 28, 23, 57, 48, 63, 11, 7, 54], [0, 49, 60, 45, 53, 25, 21], [0, 55, 29, 18, 33, 62]]


#################
lambda = 0.5
mu = 0.4
nu = 0.9

init = 1516.213
res = 1227.025
gap = 3.669

solution = [[0, 50, 16, 41, 2, 38, 42, 61, 20], [0, 7, 11, 63, 54, 48, 57, 23, 28], [0, 46, 64, 6, 26, 31, 34, 47], [0, 15, 22, 9, 14, 3, 36, 35], [0, 55, 21, 25, 18, 19, 13, 12, 1, 33], [0, 62, 39, 51, 17], [0, 49, 43], [0, 5, 45, 60, 30, 37, 4, 27], [0, 32, 58, 40, 59, 44, 53], [0, 56, 10, 8, 52, 24, 29]]


#################
lambda = 0.5
mu = 0.4
nu = 1.1

init = 1515.549
res = 1221.133
gap = 3.205

solution = [[0, 7, 11, 63, 54, 48, 57, 23, 28], [0, 47, 34, 31, 26, 6, 64, 46], [0, 32, 20, 58, 40, 56, 59], [0, 21, 53, 25, 13, 12, 1, 33], [0, 17, 51, 39, 62, 29, 55, 49], [0, 18, 19, 24, 52, 8, 10, 44], [0, 15, 22, 9, 14, 27, 43], [0, 5, 4, 30, 37, 35, 36, 3], [0, 60, 50, 16, 41, 2, 38, 42, 61, 45]]


#################
lambda = 0.5
mu = 0.4
nu = 1.3

init = 1523.391
res = 1294.997
gap = 8.726

solution = [[0, 50, 16, 41, 2, 38, 42, 61, 20], [0, 5, 45, 32, 58, 40, 10, 8, 59], [0, 56, 44, 52, 24, 19, 13, 12], [0, 60, 30, 37, 35, 36, 4], [0, 7, 11, 63, 54, 48, 57, 23, 28], [0, 46, 64, 6, 26, 31, 34, 47], [0, 17, 51, 39], [0, 15, 22, 9, 14, 3, 27], [0, 49, 43], [0, 33, 1, 62], [0, 55, 21, 53, 25, 18, 29]]


#################
lambda = 0.5
mu = 0.5
nu = 0.1

init = 1452.101
res = 1268.726
gap = 6.836

solution = [[0, 39, 51, 17], [0, 50, 16, 41, 2, 38, 42, 61, 20], [0, 18, 19, 52, 8, 10, 59, 40, 58, 32], [0, 46, 64, 6, 26, 31, 34, 47], [0, 62, 33, 1, 12, 13, 24], [0, 28, 23, 57, 48, 54, 63, 11, 7], [0, 53, 44, 56, 25, 21], [0, 55, 29], [0, 5, 45, 60, 30, 37, 35, 36], [0, 43, 49], [0, 27, 15, 22, 9, 14, 3, 4]]


#################
lambda = 0.5
mu = 0.5
nu = 0.2

init = 1497.558
res = 1265.486
gap = 6.597

solution = [[0, 50, 16, 41, 2, 38, 42, 61, 20], [0, 18, 19, 52, 8, 10, 40, 58, 32, 5], [0, 53, 59, 44, 56, 21], [0, 17, 31, 26, 6, 64, 46, 51], [0, 15, 22, 9, 34, 47], [0, 28, 33, 1, 12, 13, 24, 25], [0, 39, 7, 11, 63, 54, 48, 57, 23], [0, 62, 29, 55], [0, 43, 27, 14, 3, 49], [0, 4, 36, 35, 37, 30, 60, 45]]


#################
lambda = 0.5
mu = 0.5
nu = 0.9

init = 1500.655
res = 1266.615
gap = 6.68

solution = [[0, 50, 16, 41, 2, 38, 42, 61, 20], [0, 28, 23, 57, 48, 54, 7, 11, 63], [0, 46, 64, 6, 26, 31, 34, 47], [0, 39, 51, 17], [0, 44, 56, 59, 53], [0, 32, 58, 40, 10, 8, 52, 24, 19], [0, 15, 22, 9, 14, 3, 36, 35], [0, 43, 49], [0, 27, 4, 37, 30, 60, 45, 5], [0, 62, 29], [0, 33, 1, 12, 13, 18, 25, 21, 55]]


#################
lambda = 0.5
mu = 0.5
nu = 1.7000000000000002

init = 1471.15
res = 1269.046
gap = 6.859

solution = [[0, 50, 16, 41, 2, 38, 42, 61, 20], [0, 44, 56, 59, 40, 58, 32], [0, 18, 19, 24, 52, 8, 10, 53], [0, 55, 21, 25, 29], [0, 36, 35, 37, 30, 60, 45, 5], [0, 49, 4, 3, 14, 27, 43], [0, 17, 47, 46, 64, 6], [0, 15, 22, 9, 34, 31, 26, 51], [0, 62, 28, 23, 33, 1, 12, 13], [0, 39, 7, 11, 63, 54, 48, 57]]


#################
lambda = 0.5
mu = 0.5
nu = 1.9000000000000001

init = 1502.91
res = 1266.88
gap = 6.7

solution = [[0, 50, 16, 41, 2, 38, 42, 61, 20], [0, 46, 64, 6, 26, 31, 34, 47], [0, 7, 11, 63, 54, 48, 57, 23, 28], [0, 56, 44, 59, 53], [0, 32, 58, 40, 10, 8, 52, 24, 19], [0, 5, 45, 60, 30, 37, 35, 36], [0, 18, 13, 12, 1, 33, 62], [0, 55, 21, 25, 29], [0, 27, 15, 22, 9, 14, 3, 4], [0, 43, 49], [0, 39, 51, 17]]


#################
lambda = 0.5
mu = 0.6000000000000001
nu = 0.1

init = 1443.516
res = 1259.693
gap = 6.168

solution = [[0, 51, 17], [0, 50, 16, 41, 2, 38, 42, 61, 20], [0, 24, 52, 56, 44, 53], [0, 46, 64, 6, 26, 31, 34, 47], [0, 62, 28, 23, 63, 11, 7, 39], [0, 54, 48, 57, 33, 1, 12, 13, 25, 21], [0, 18, 19, 8, 10, 59, 40, 58, 32], [0, 29, 55, 45, 60, 5], [0, 15, 22, 9, 14, 27, 43], [0, 30, 37, 35, 36, 3, 4, 49]]


#################
lambda = 0.5
mu = 0.6000000000000001
nu = 0.2

init = 1477.795
res = 1235.979
gap = 4.367

solution = [[0, 46, 64, 6, 26, 31, 34, 47], [0, 39, 51, 17], [0, 23, 57, 48, 54, 63, 11, 7], [0, 13, 12, 1, 33, 28, 62], [0, 18, 19, 24, 52, 59, 44, 56], [0, 15, 22, 9, 14, 27, 43], [0, 60, 37, 35, 36, 3, 4, 49], [0, 30, 50, 16, 41, 2, 38, 42, 61], [0, 5, 45, 32, 20, 58, 40, 55], [0, 29, 21, 25, 8, 10, 53]]


#################
lambda = 0.5
mu = 0.6000000000000001
nu = 1.8

init = 1533.716
res = 1292.111
gap = 8.522

solution = [[0, 18, 8, 10, 59, 40, 58, 32, 45], [0, 24, 52, 56, 44, 53], [0, 1, 12, 13, 19, 25, 21, 55, 29], [0, 46, 64, 6, 26, 31, 34, 47], [0, 49, 43], [0, 60, 30, 37, 4, 27, 15], [0, 22, 9, 14, 3, 36, 35, 5], [0, 20, 61, 42, 38, 2, 41, 16, 50], [0, 51, 17], [0, 7, 11, 63, 54, 48, 57, 23, 33], [0, 39, 28, 62]]


#################
lambda = 0.5
mu = 0.6000000000000001
nu = 1.9000000000000001

init = 1553.253
res = 1232.478
gap = 4.096

solution = [[0, 46, 64, 6, 26, 31, 34, 47], [0, 23, 57, 48, 54, 63, 11, 7, 39, 51], [0, 60, 50, 16, 41, 2, 38, 42, 61], [0, 53, 59, 40, 58, 20, 32], [0, 17, 22, 9, 14, 27, 15], [0, 49, 43], [0, 5, 45, 30, 37, 35, 36, 3, 4], [0, 19, 52, 8, 10, 24, 13, 12, 1], [0, 29, 18, 33, 28, 62], [0, 55, 21, 25, 56, 44]]


#################
lambda = 0.5
mu = 0.7000000000000001
nu = 0.1

init = 1459.131
res = 1261.549
gap = 6.306

solution = [[0, 7, 63, 11, 54, 48, 57, 23, 28], [0, 19, 24, 52, 8, 10, 40, 58, 32], [0, 56, 44, 59, 53], [0, 39, 51, 17], [0, 46, 64, 6, 26, 31, 34, 47], [0, 55, 21, 25, 18, 13, 12, 1, 33], [0, 62, 29], [0, 27, 15, 22, 9, 14, 3, 4], [0, 5, 45, 60, 30, 37, 35, 36], [0, 49, 43], [0, 50, 16, 41, 2, 38, 42, 61, 20]]


#################
lambda = 0.5
mu = 0.7000000000000001
nu = 0.5

init = 1485.133
res = 1223.605
gap = 3.4

solution = [[0, 50, 16, 41, 2, 38, 42, 61, 20], [0, 23, 57, 48, 54, 63, 11, 7, 39, 51], [0, 5, 60, 30, 37, 4, 27], [0, 15, 22, 9, 14, 3, 36, 35], [0, 45, 32, 58, 40, 10, 8, 52, 24, 19], [0, 18, 25, 13, 12, 1, 33, 28, 62], [0, 46, 64, 6, 26, 31, 34, 47], [0, 29, 55, 49, 43, 17], [0, 53, 59, 44, 56, 21]]


#################
lambda = 0.5
mu = 0.7000000000000001
nu = 0.6000000000000001

init = 1458.857
res = 1276.694
gap = 7.417

solution = [[0, 51, 17], [0, 53, 44, 59, 40, 58, 32], [0, 46, 64, 6, 26, 31, 34, 47], [0, 15, 22, 9, 14, 27, 43], [0, 23, 57, 48, 54, 11, 63, 7, 39], [0, 62, 28, 33, 1, 12, 13], [0, 50, 16, 41, 2, 38, 42, 61, 20], [0, 55, 21, 25, 29], [0, 56, 10, 8, 52, 24, 19, 18], [0, 5, 45, 60, 30, 37], [0, 3, 36, 35, 4, 49]]


#################
lambda = 0.5
mu = 0.7000000000000001
nu = 0.8

init = 1488.309
res = 1250.367
gap = 5.468

solution = [[0, 50, 16, 41, 2, 38, 42, 61, 20], [0, 15, 22, 9, 34, 31, 26, 51], [0, 4, 35, 36, 3, 14, 27, 43], [0, 5, 45, 60, 30, 37, 49], [0, 17, 47, 6, 64, 46], [0, 62, 28, 57, 48, 54, 11, 63, 7, 39], [0, 21, 25, 18, 13, 12, 1, 33, 23], [0, 19, 24, 52, 8, 10, 40, 58, 32], [0, 29, 55], [0, 53, 59, 44, 56]]


#################
lambda = 0.5
mu = 0.8
nu = 0.1

init = 1485.839
res = 1257.593
gap = 6.011

solution = [[0, 50, 16, 41, 2, 38, 42, 61, 20], [0, 44, 56, 59, 40, 58, 32], [0, 46, 64, 6, 26, 31, 34, 47], [0, 51, 39, 7, 63, 11, 54, 48, 57, 23], [0, 18, 13, 12, 1, 33, 28, 62], [0, 53, 10, 8, 52, 24, 19], [0, 55, 21, 25, 29], [0, 17, 15, 27, 43, 49], [0, 5, 45, 60, 30, 37], [0, 4, 35, 36, 3, 14, 9, 22]]


#################
lambda = 0.5
mu = 0.8
nu = 1.9000000000000001

init = 1501.392
res = 1253.351
gap = 5.693

solution = [[0, 50, 16, 41, 2, 38, 42, 61, 20], [0, 5, 45, 60, 30, 37, 35, 36], [0, 7, 11, 63, 54, 48, 57, 23, 28], [0, 49, 4, 3, 14, 27, 15, 43], [0, 62, 33, 1, 12, 13, 19, 25, 21, 18], [0, 51, 31, 26, 6, 64, 46, 39, 55], [0, 53, 10, 8, 52, 24, 29], [0, 56, 44, 59, 40, 58, 32], [0, 17, 47, 34, 9, 22]]


#################
lambda = 0.5
mu = 0.9
nu = 0.1

init = 1533.092
res = 1279.1
gap = 7.591

solution = [[0, 50, 16, 41, 2, 38, 42, 61, 20], [0, 56, 44, 59, 40, 58, 32], [0, 39, 51, 17], [0, 7, 63, 11, 54, 48, 57, 23, 28], [0, 1, 12, 13, 19, 24, 52, 8, 10], [0, 5, 45, 60, 30, 37, 4, 27], [0, 47, 34, 31, 26, 6, 64, 46], [0, 43, 49], [0, 15, 22, 9, 14, 3, 36, 35], [0, 33, 18, 25, 53, 21, 55], [0, 62, 29]]

