Aretes fixées après apprentissage pour cette exécution (10 gen de 500, on garde n/4 arêtes = 16)
Fixed edges = [[0, 9, 22, 0], [0, 2, 38, 0], [0, 6, 46, 0], [0, 3, 36, 0], [0, 40, 59, 0], [0, 16, 50, 0], [0, 44, 56, 0], [0, 11, 63, 0], [0, 8, 10, 0], [0, 26, 31, 0], [0, 48, 57, 0], [0, 30, 37, 0], [0, 14, 27, 0], [0, 1, 0], [0, 4, 0], [0, 5, 0], [0, 7, 0], [0, 12, 0], [0, 13, 0], [0, 15, 0], [0, 17, 0], [0, 18, 0], [0, 19, 0], [0, 20, 0], [0, 21, 0], [0, 23, 0], [0, 24, 0], [0, 25, 0], [0, 28, 0], [0, 29, 0], [0, 32, 0], [0, 33, 0], [0, 34, 0], [0, 35, 0], [0, 39, 0], [0, 41, 0], [0, 42, 0], [0, 43, 0], [0, 45, 0], [0, 47, 0], [0, 49, 0], [0, 51, 0], [0, 52, 0], [0, 53, 0], [0, 54, 0], [0, 55, 0], [0, 58, 0], [0, 60, 0], [0, 61, 0], [0, 62, 0], [0, 64, 0]]

#################
lambda = 0.5
mu = 0.1
nu = 0.1

init = 1511.445
res = 1225.887
gap = 3.58

solution = [[0, 60, 50, 16, 41, 2, 38, 42, 61], [0, 7, 11, 63, 54, 48, 57, 23, 28], [0, 46, 64, 6, 26, 31, 34, 47], [0, 43, 15, 27, 14, 9, 22], [0, 5, 45, 30, 37, 35, 36, 3, 4], [0, 8, 10, 59, 44, 56], [0, 17, 51, 39], [0, 53, 40, 58, 20, 32, 49], [0, 55, 21, 25, 29], [0, 18, 19, 52, 24, 13, 12, 1, 33, 62]]


#################
lambda = 0.5
mu = 0.1
nu = 0.2

init = 1479.932
res = 1243.437
gap = 4.941

solution = [[0, 53, 59, 44, 56, 21], [0, 47, 34, 31, 26, 6, 64, 46], [0, 55, 5, 45, 60, 30, 37, 4], [0, 50, 16, 41, 2, 38, 42, 61, 20], [0, 29, 18, 19, 52, 8, 10, 40, 58, 32], [0, 62, 33, 1, 12, 13, 24, 25], [0, 7, 11, 63, 54, 48, 57, 23, 28], [0, 22, 9, 14, 3, 36, 35, 49], [0, 51, 39], [0, 43, 27, 15, 17]]


#################
lambda = 0.5
mu = 0.1
nu = 0.5

init = 1462.628
res = 1257.235
gap = 5.984

solution = [[0, 39, 51, 17], [0, 53, 56, 59, 40, 58, 32], [0, 20, 61, 42, 38, 2, 41, 16, 50], [0, 27, 15, 22, 9, 14, 3, 4], [0, 44, 10, 8, 52, 24, 19, 18], [0, 7, 11, 63, 54, 48, 57, 23, 28], [0, 46, 64, 6, 26, 31, 34, 47], [0, 62, 33, 1, 12, 13, 25, 21], [0, 29, 55], [0, 5, 45, 60, 30, 37, 35, 36], [0, 43, 49]]


#################
lambda = 0.5
mu = 0.1
nu = 0.8

init = 1472.802
res = 1263.286
gap = 6.435

solution = [[0, 7, 11, 63, 54, 48, 57, 23, 28], [0, 15, 22, 9, 14, 3, 36, 35], [0, 46, 64, 6, 26, 31, 34, 47], [0, 39, 51, 17], [0, 18, 21, 25, 19, 13, 12, 1, 33, 62], [0, 50, 16, 41, 2, 38, 42, 61, 20], [0, 56, 44, 59, 53], [0, 29, 55], [0, 32, 58, 40, 10, 8, 52, 24], [0, 27, 4, 37, 30, 60, 45, 5], [0, 49, 43]]


#################
lambda = 0.5
mu = 0.1
nu = 1.1

init = 1477.017
res = 1252.569
gap = 5.634

solution = [[0, 50, 16, 41, 2, 38, 42, 61, 20], [0, 7, 11, 63, 54, 48, 57, 23, 62], [0, 53, 59, 44, 56], [0, 28, 33, 1, 12, 13, 24, 52, 19, 18], [0, 29, 55], [0, 21, 25, 8, 10, 40, 58, 32, 45], [0, 49, 37, 30, 60, 5], [0, 43, 27, 14, 3, 36, 35, 4], [0, 17, 47, 6, 64, 46, 39], [0, 15, 22, 9, 34, 31, 26, 51]]


#################
lambda = 0.5
mu = 0.1
nu = 1.2000000000000002

init = 1464.256
res = 1230.981
gap = 3.979

solution = [[0, 32, 58, 40, 10, 8, 52, 24, 19], [0, 46, 64, 6, 26, 31, 34, 47], [0, 53, 59, 56, 44, 21], [0, 7, 11, 63, 54, 48, 57, 23, 28], [0, 29, 18, 25, 13, 12, 1, 33, 62], [0, 27, 15, 22, 9, 14, 3, 4], [0, 50, 16, 41, 2, 38, 42, 61, 20], [0, 55, 49, 43, 17, 51, 39], [0, 5, 45, 60, 30, 37, 35, 36]]


#################
lambda = 0.5
mu = 0.1
nu = 1.8

init = 1444.526
res = 1248.669
gap = 5.339

solution = [[0, 17, 62, 29, 55, 21, 25], [0, 47, 9, 22, 15, 43, 49], [0, 51, 39, 46, 64, 6, 26, 31, 34], [0, 7, 11, 63, 54, 48, 57, 23, 28], [0, 4, 30, 35, 36, 3, 14, 27], [0, 37, 60, 50, 16, 2, 41], [0, 33, 1, 12, 13, 24, 8, 10], [0, 40, 59, 44, 56, 52, 19, 18], [0, 5, 45, 38, 42, 61, 58, 20, 32, 53]]


#################
lambda = 0.5
mu = 0.2
nu = 0.1

init = 1512.807
res = 1249.732
gap = 5.42

solution = [[0, 43, 27, 14, 9, 22, 15], [0, 12, 13, 19, 24, 52, 10, 8, 25], [0, 44, 56, 59, 40, 58, 32, 45], [0, 46, 64, 6, 26, 31, 34, 47], [0, 50, 16, 41, 2, 38, 42, 61, 20], [0, 18, 33, 1, 57, 48, 54, 11, 63, 7, 39], [0, 30, 37, 35, 36, 3, 4, 49], [0, 29, 55, 21, 53, 60, 5], [0, 23, 28, 62], [0, 51, 17]]


#################
lambda = 0.5
mu = 0.2
nu = 0.30000000000000004

init = 1500.388
res = 1211.722
gap = 2.453

solution = [[0, 7, 11, 63, 54, 48, 57, 23, 28], [0, 47, 34, 31, 26, 6, 64, 46], [0, 32, 20, 58, 40, 53, 21], [0, 8, 10, 59, 44, 56], [0, 33, 1, 12, 13, 24, 52, 19, 25, 18], [0, 17, 51, 39, 62, 29, 55, 49], [0, 43, 15, 27, 14, 9, 22], [0, 60, 50, 16, 41, 2, 38, 42, 61, 45], [0, 5, 30, 37, 35, 36, 3, 4]]


#################
lambda = 0.5
mu = 0.2
nu = 0.4

init = 1480.115
res = 1301.255
gap = 9.165

solution = [[0, 51, 17], [0, 49, 43], [0, 50, 16, 41, 2, 38, 42, 61, 20], [0, 56, 44, 59, 52, 24, 19, 18], [0, 7, 11, 63, 54, 48, 57, 23, 28], [0, 5, 30, 37, 35, 36, 3, 4], [0, 15, 27, 14, 22, 9, 34], [0, 39, 46, 64, 6, 26, 31, 47], [0, 29, 8, 10, 40, 58, 32], [0, 62, 33, 1, 12, 13], [0, 55, 21, 25, 53, 45, 60]]


#################
lambda = 0.5
mu = 0.2
nu = 1.2000000000000002

init = 1505.739
res = 1228.492
gap = 3.784

solution = [[0, 7, 11, 63, 54, 48, 57, 23, 28], [0, 43, 15, 27, 14, 22, 9], [0, 5, 45, 32, 20, 58, 40, 53], [0, 4, 36, 50, 16, 41, 2, 38, 42, 61], [0, 60, 30, 37, 35, 3, 49], [0, 55, 29, 18, 62], [0, 44, 56, 59, 10, 8], [0, 21, 25, 19, 52, 24, 13, 12, 1, 33], [0, 47, 34, 31, 26, 6, 64, 46], [0, 39, 51, 17]]


#################
lambda = 0.5
mu = 0.2
nu = 1.8

init = 1488.418
res = 1239.496
gap = 4.639

solution = [[0, 46, 64, 6, 26, 31, 34, 47], [0, 50, 16, 41, 2, 38, 42, 61, 20], [0, 7, 11, 63, 54, 48, 57, 23, 28], [0, 33, 1, 12, 13, 52, 10, 8, 29], [0, 17, 51, 39, 62], [0, 18, 19, 24, 53, 25, 21, 55], [0, 44, 56, 59, 40, 58, 32], [0, 15, 22, 9, 14, 3, 36, 35], [0, 49, 43], [0, 5, 45, 60, 30, 37, 4, 27]]


#################
lambda = 0.5
mu = 0.2
nu = 1.9000000000000001

init = 1501.002
res = 1253.52
gap = 5.706

solution = [[0, 20, 61, 42, 38, 2, 41, 16, 50], [0, 19, 52, 8, 10, 24, 13, 12, 1], [0, 56, 44, 59, 40, 58, 32, 45], [0, 23, 57, 48, 54, 11, 63, 7, 39, 51], [0, 35, 36, 3, 14, 9, 22, 15], [0, 46, 64, 6, 26, 31, 34, 47], [0, 49, 43, 17], [0, 55, 21, 53, 25, 18, 29], [0, 33, 28, 62], [0, 27, 4, 37, 30, 60, 5]]


#################
lambda = 0.5
mu = 0.30000000000000004
nu = 0.9

init = 1492.7
res = 1219.046
gap = 3.039

solution = [[0, 47, 34, 31, 26, 6, 64, 46], [0, 7, 11, 63, 54, 48, 57, 23, 28], [0, 43, 15, 27, 14, 22, 9], [0, 60, 50, 16, 41, 2, 38, 42, 61], [0, 49, 4, 3, 36, 35, 37, 30], [0, 5, 45, 32, 20, 58, 40, 53], [0, 55, 21, 44, 56, 59], [0, 29, 19, 24, 52, 10, 8, 25], [0, 62, 33, 1, 12, 13, 18], [0, 17, 51, 39]]


#################
lambda = 0.5
mu = 0.30000000000000004
nu = 1.2000000000000002

init = 1518.324
res = 1219.313
gap = 3.06

solution = [[0, 7, 11, 63, 54, 48, 57, 23, 28], [0, 46, 64, 6, 26, 31, 34, 47], [0, 45, 61, 42, 38, 2, 41, 16, 50, 37, 4], [0, 15, 22, 9, 14, 27, 43], [0, 52, 8, 10, 40, 58, 20], [0, 33, 1, 12, 13, 24, 19, 25, 21, 18], [0, 17, 51, 39], [0, 60, 30, 35, 36, 3, 49], [0, 62, 29, 55], [0, 53, 56, 44, 59, 32, 5]]


#################
lambda = 0.5
mu = 0.4
nu = 0.1

init = 1479.201
res = 1258.544
gap = 6.082

solution = [[0, 53, 44, 59, 40, 58, 32], [0, 46, 64, 6, 26, 31, 34, 47], [0, 39, 51, 17], [0, 15, 22, 9, 14, 3, 36, 35], [0, 28, 33, 1, 12, 13, 25, 21], [0, 62, 23, 57, 48, 54, 63, 11, 7], [0, 56, 10, 8, 52, 24, 19, 18], [0, 20, 61, 42, 38, 2, 41, 16, 50], [0, 49, 43], [0, 5, 45, 60, 30, 37, 4, 27], [0, 29, 55]]


#################
lambda = 0.5
mu = 0.4
nu = 0.2

init = 1500.872
res = 1294.886
gap = 8.718

solution = [[0, 12, 13, 19, 24, 52, 56, 44], [0, 46, 64, 6, 26, 31, 34, 47], [0, 20, 61, 42, 38, 2, 41, 16, 50], [0, 32, 58, 40, 59, 10, 8, 18], [0, 39, 51, 17], [0, 7, 11, 63, 54, 48, 57, 23, 28], [0, 33, 1, 62], [0, 29, 55, 21, 25, 53], [0, 49, 43], [0, 15, 22, 9, 14, 3, 36, 35], [0, 5, 45, 60, 30, 37, 4, 27]]


#################
lambda = 0.5
mu = 0.4
nu = 0.30000000000000004

init = 1522.988
res = 1283.184
gap = 7.885

solution = [[0, 20, 61, 42, 38, 2, 41, 16, 50], [0, 7, 11, 63, 54, 48, 57, 23, 28], [0, 56, 44, 59, 53], [0, 46, 64, 6, 26, 31, 34, 47], [0, 32, 58, 40, 10, 8, 52, 24], [0, 5, 45, 60, 35, 36, 3, 27, 15], [0, 39, 51, 17], [0, 62, 29], [0, 55, 18, 21, 25, 19, 13, 12, 1, 33], [0, 22, 9, 14, 4, 37, 30], [0, 49, 43]]
