

#################

init = 1336.782
res = 1248.884
gap = 23.772

solution = [[0, 50, 16, 41, 2, 38, 42, 61, 20], [0, 53, 44, 59, 40, 58, 32, 45], [0, 49, 27, 4, 35, 36, 3, 14, 15], [0, 7, 63, 11, 54, 48, 57, 23, 28], [0, 29, 18, 25, 13, 12, 1, 33, 62], [0, 55, 5, 30, 37, 60], [0, 19, 24, 52, 8, 10, 56, 21], [0, 43, 31, 26, 6, 64, 46, 39], [0, 22, 9, 34, 47, 17, 51]]


#################

init = 1387.37
res = 1304.123
gap = 27.001

solution = [[0, 44, 56, 59, 40, 58, 32, 45], [0, 21, 25, 8, 10, 52, 24, 19, 18], [0, 43, 27, 36, 3, 14, 15], [0, 22, 9, 34, 47, 17, 51], [0, 31, 26, 6, 64, 46, 39, 53], [0, 55, 29, 13, 12, 1, 33, 62], [0, 7, 63, 11, 54, 48, 57, 23, 28], [0, 60, 16, 50, 30, 37, 35, 4], [0, 5, 20, 61, 42, 38, 2, 41, 49]]


#################

init = 1388.58
res = 1275.128
gap = 25.341

solution = [[0, 56, 44, 59, 40, 58, 32], [0, 21, 25, 8, 10, 52, 24, 19, 18], [0, 60, 50, 16, 2, 38, 41, 5], [0, 37, 30, 45, 53, 20, 61, 42], [0, 49, 4, 35, 36, 3, 14, 27, 15], [0, 17, 51, 39, 46, 47, 34, 43], [0, 22, 9, 31, 26, 6, 64], [0, 55, 29, 13, 12, 1, 33, 62], [0, 7, 63, 11, 54, 48, 57, 23, 28]]


#################

init = 1246.888
res = 1215.05
gap = 21.649

solution = [[0, 60, 50, 16, 41, 2, 38, 42, 61, 45], [0, 44, 56, 59, 52, 24, 19, 18], [0, 8, 10, 40, 58, 20, 32], [0, 4, 3, 36, 35, 37, 30, 5], [0, 15, 22, 9, 14, 27, 43], [0, 46, 64, 6, 26, 31, 34, 47], [0, 29, 55, 21, 25, 53, 49], [0, 63, 11, 48, 57, 23, 1, 12, 13, 33], [0, 62, 28, 54, 7, 39, 51, 17]]


#################

init = 1283.105
res = 1259.463
gap = 24.412

solution = [[0, 61, 42, 38, 2, 41, 16, 50, 60], [0, 15, 22, 9, 14, 27, 43], [0, 46, 64, 6, 26, 31, 34, 47], [0, 5, 45, 30, 37, 35, 36, 3, 4], [0, 32, 20, 58, 40, 59, 53], [0, 56, 44, 25, 21, 55], [0, 19, 52, 8, 10, 24, 13, 12, 1], [0, 18, 33, 23, 57, 48, 54, 63, 11, 39], [0, 62, 7, 28, 29, 49, 17, 51]]


#################

init = 1277.391
res = 1253.422
gap = 24.048

solution = [[0, 47, 34, 31, 26, 6, 64, 46], [0, 15, 22, 9, 14, 27, 43], [0, 62, 7, 28, 29, 49, 17, 51], [0, 32, 20, 58, 40, 59, 53], [0, 56, 44, 25, 21, 55], [0, 18, 33, 23, 57, 48, 54, 63, 11, 39], [0, 19, 52, 8, 10, 24, 13, 12, 1], [0, 60, 50, 16, 41, 2, 38, 42, 61, 45], [0, 5, 30, 37, 35, 36, 3, 4]]


#################

init = 1355.924
res = 1199.807
gap = 20.654

solution = [[0, 46, 64, 6, 26, 31, 34, 47], [0, 43, 15, 27, 14, 9, 22], [0, 60, 50, 16, 41, 2, 38, 42, 61, 45], [0, 30, 37, 35, 36, 3, 4, 49], [0, 53, 40, 58, 20, 32, 5], [0, 13, 12, 1, 33, 28, 62, 17], [0, 23, 57, 48, 54, 63, 11, 7, 39, 51], [0, 55, 21, 8, 10, 52, 24, 19, 18], [0, 59, 56, 44, 25, 29]]


#################

init = 1272.057
res = 1214.131
gap = 21.59

solution = [[0, 60, 50, 16, 41, 2, 38, 42, 61, 45], [0, 30, 37, 35, 36, 3, 4, 49], [0, 15, 22, 9, 14, 27, 43], [0, 47, 34, 31, 26, 6, 64, 46], [0, 40, 58, 20, 32, 5, 17], [0, 18, 25, 13, 12, 1, 33, 28, 62], [0, 23, 57, 48, 54, 63, 11, 7, 39, 51], [0, 21, 56, 44, 59, 53], [0, 29, 19, 24, 52, 10, 8, 55]]


#################

init = 1270.579
res = 1203.232
gap = 20.88

solution = [[0, 30, 37, 35, 36, 3, 4, 49], [0, 47, 34, 31, 26, 6, 64, 46], [0, 23, 57, 48, 54, 63, 11, 7, 39, 51], [0, 43, 15, 27, 14, 9, 22], [0, 62, 28, 33, 1, 12, 13, 18, 29], [0, 60, 50, 16, 41, 2, 38, 42, 61], [0, 55, 25, 8, 10, 52, 24, 19], [0, 40, 58, 20, 32, 45, 5, 17], [0, 53, 59, 56, 44, 21]]


#################

init = 1326.027
res = 1189.884
gap = 19.992

solution = [[0, 7, 63, 11, 54, 48, 57, 23, 28], [0, 53, 59, 44, 56, 21], [0, 40, 10, 8, 52, 24, 19, 18, 29], [0, 15, 27, 14, 3, 36, 35, 4, 49], [0, 55, 25, 13, 12, 1, 33, 62], [0, 17, 31, 26, 6, 64, 46, 39], [0, 43, 22, 9, 34, 47, 51], [0, 37, 30, 60, 50, 16, 45, 5], [0, 32, 20, 58, 61, 42, 38, 2, 41]]
Execution = 775.9350197315216
