

#################
lambda = 0.0
mu = 0.0
nu = 0.0

CW = 1488.405

solution = [[0, 24], [0, 29, 18, 15, 22, 28, 8, 9, 4, 11], [0, 19, 21, 5, 6, 13, 7, 20], [0, 10, 23, 2, 25, 3, 17, 31, 14, 26], [0, 1, 12, 27, 16, 30]]


#################
lambda = 0.0
mu = 0.0
nu = 0.2

CW = 1489.112

solution = [[0, 24], [0, 29, 18, 15, 22, 28, 8, 9, 4, 11], [0, 19, 21, 5, 6, 13, 7, 20], [0, 26, 14, 31, 17, 3, 25, 23, 2, 10], [0, 1, 12, 27, 16, 30]]


#################
lambda = 0.0
mu = 0.0
nu = 1.1

CW = 1546.617

solution = [[0, 16], [0, 29, 18, 15, 22, 8, 28, 9, 4, 11], [0, 19, 21, 5, 6, 13, 7, 20], [0, 26, 14, 31, 3, 17, 25, 23, 2, 10], [0, 1, 12, 27, 24, 30]]


#################
lambda = 0.0
mu = 0.0
nu = 1.4000000000000001

CW = 1619.088

solution = [[0, 16], [0, 29, 18, 15, 22, 8, 28, 9, 4, 11], [0, 19, 21, 5, 6, 13, 7, 20], [0, 2, 10, 23, 25, 17, 3, 31, 14, 26], [0, 1, 12, 27, 24, 30]]


#################
lambda = 0.0
mu = 0.0
nu = 1.8

CW = 1478.983

solution = [[0, 16], [0, 29, 18, 22, 15, 8, 28, 9, 4, 11], [0, 19, 21, 5, 6, 13, 7, 20], [0, 2, 10, 25, 23, 17, 3, 31, 14, 26], [0, 1, 12, 27, 24, 30]]


#################
lambda = 0.0
mu = 0.1
nu = 1.6

CW = 1476.482

solution = [[0, 16], [0, 29, 18, 15, 22, 8, 28, 9, 4, 11], [0, 19, 21, 5, 6, 13, 7, 20], [0, 2, 10, 25, 23, 17, 3, 31, 14, 26], [0, 1, 12, 27, 24, 30]]


#################
lambda = 0.0
mu = 0.1
nu = 1.8

CW = 1492.045

solution = [[0, 16], [0, 29, 18, 22, 15, 8, 28, 9, 4, 11], [0, 2, 10, 25, 23, 19, 3, 31], [0, 17, 21, 5, 6, 13, 7, 20, 14, 26], [0, 1, 12, 27, 24, 30]]


#################
lambda = 0.0
mu = 0.2
nu = 1.4000000000000001

CW = 1562.398

solution = [[0, 16], [0, 29, 18, 15, 22, 8, 28, 9, 4, 11], [0, 19, 21, 5, 6, 13, 7, 20], [0, 26, 14, 31, 3, 17, 23, 25, 2, 10], [0, 1, 12, 27, 24, 30]]


#################
lambda = 0.0
mu = 0.2
nu = 1.5

CW = 1564.9

solution = [[0, 16], [0, 29, 18, 22, 15, 8, 28, 9, 4, 11], [0, 19, 21, 5, 6, 13, 7, 20], [0, 26, 14, 31, 3, 17, 23, 25, 2, 10], [0, 1, 12, 27, 24, 30]]


#################
lambda = 0.0
mu = 0.2
nu = 1.6

CW = 1577.962

solution = [[0, 16], [0, 29, 18, 22, 15, 8, 28, 9, 4, 11], [0, 31, 3, 19, 23, 25, 2, 10], [0, 17, 21, 5, 6, 13, 7, 20, 14, 26], [0, 1, 12, 27, 24, 30]]


#################
lambda = 0.0
mu = 0.30000000000000004
nu = 1.7000000000000002

CW = 1577.232

solution = [[0, 16], [0, 29, 18, 22, 15, 8, 28, 9, 4, 11], [0, 31, 3, 19, 23, 25, 2, 10], [0, 17, 21, 5, 6, 13, 7, 20, 14, 26], [0, 1, 12, 24, 27, 30]]


#################
lambda = 0.0
mu = 0.30000000000000004
nu = 1.8

CW = 1491.316

solution = [[0, 16], [0, 29, 18, 22, 15, 8, 28, 9, 4, 11], [0, 2, 10, 25, 23, 19, 3, 31], [0, 17, 21, 5, 6, 13, 7, 20, 14, 26], [0, 1, 12, 24, 27, 30]]


#################
lambda = 0.0
mu = 0.4
nu = 1.7000000000000002

CW = 1609.39

solution = [[0, 16], [0, 29, 18, 22, 15, 8, 28, 9, 4, 11], [0, 31, 3, 19, 23, 25, 2, 10], [0, 17, 21, 5, 13, 6, 7, 20, 14, 26], [0, 1, 12, 24, 27, 30]]


#################
lambda = 0.0
mu = 0.5
nu = 1.6

CW = 1648.067

solution = [[0, 16], [0, 29, 18, 22, 8, 15, 28, 9, 4, 11], [0, 31, 3, 19, 23, 25, 2, 10], [0, 17, 21, 5, 13, 6, 7, 20, 14, 26], [0, 1, 12, 24, 27, 30]]


#################
lambda = 0.0
mu = 0.5
nu = 1.8

CW = 1642.935

solution = [[0, 16], [0, 29, 18, 22, 8, 15, 28, 9, 4, 11], [0, 31, 3, 23, 19, 25, 2, 10], [0, 17, 21, 5, 13, 6, 7, 20, 14, 26], [0, 1, 12, 24, 27, 30]]


#################
lambda = 0.0
mu = 0.6000000000000001
nu = 1.7000000000000002

CW = 1604.327

solution = [[0, 16], [0, 29, 18, 22, 8, 15, 28, 9, 4, 11], [0, 14, 17, 19, 25, 2, 10], [0, 26, 20, 7, 6, 13, 5, 21, 31, 3, 23], [0, 1, 12, 24, 27, 30]]


#################
lambda = 0.0
mu = 0.7000000000000001
nu = 1.6

CW = 1559.486

solution = [[0, 16], [0, 29, 18, 22, 8, 15, 28, 9, 4, 11], [0, 14, 17, 19, 25, 2, 10], [0, 26, 20, 7, 6, 5, 13, 21, 31, 3, 23], [0, 1, 12, 24, 27, 30]]


#################
lambda = 0.0
mu = 0.7000000000000001
nu = 1.8

CW = 1523.331

solution = [[0, 16], [0, 29, 18, 22, 8, 28, 15, 9, 4, 11], [0, 14, 17, 19, 25, 2, 10], [0, 26, 20, 7, 6, 5, 13, 21, 31, 3, 23], [0, 1, 12, 24, 27, 30]]


#################
lambda = 0.0
mu = 0.8
nu = 1.5

CW = 1512.238

solution = [[0, 16], [0, 29, 18, 22, 8, 28, 15, 9, 4, 11], [0, 14, 17, 19, 25, 2, 10], [0, 26, 20, 7, 5, 6, 13, 21, 31, 3, 23], [0, 1, 12, 24, 27, 30]]


#################
lambda = 0.0
mu = 0.8
nu = 1.7000000000000002

CW = 1355.165

solution = [[0, 16], [0, 29, 18, 22, 8, 28, 15, 9, 4, 11], [0, 10, 25, 2, 19, 17, 14], [0, 26, 20, 7, 5, 6, 13, 21, 31, 3, 23], [0, 1, 12, 24, 27, 30]]


#################
lambda = 0.0
mu = 0.8
nu = 1.9000000000000001

CW = 1374.93

solution = [[0, 30], [0, 29, 18, 22, 8, 28, 15, 9, 4, 11], [0, 10, 25, 2, 19, 17, 14], [0, 26, 20, 1, 5, 6, 13, 21, 31, 3, 23], [0, 7, 12, 24, 27, 16]]


#################
lambda = 0.0
mu = 0.9
nu = 1.3

CW = 1464.368

solution = [[0, 30], [0, 29, 18, 22, 8, 28, 15, 9, 4, 11], [0, 10, 25, 2, 19, 17, 14], [0, 23, 31, 3, 21, 13, 6, 5, 1, 20, 26], [0, 7, 12, 24, 27, 16]]


#################
lambda = 0.0
mu = 0.9
nu = 1.4000000000000001

CW = 1490.526

solution = [[0, 30], [0, 18, 22, 25, 15, 9, 4, 11], [0, 8, 28, 2, 19, 17, 10, 3], [0, 23, 31, 21, 13, 6, 29, 5, 1, 20, 14, 26], [0, 7, 12, 24, 27, 16]]


#################
lambda = 0.0
mu = 0.9
nu = 1.5

CW = 1541.353

solution = [[0, 30], [0, 18, 22, 25, 9, 15, 4, 11], [0, 8, 28, 2, 19, 17, 10, 3], [0, 23, 31, 21, 13, 6, 29, 5, 1, 20, 14, 26], [0, 7, 12, 24, 27, 16]]


#################
lambda = 0.0
mu = 0.9
nu = 1.6

CW = 1647.05

solution = [[0, 30], [0, 18, 22, 25, 9, 15, 4, 11], [0, 3, 10, 17, 19, 28, 2, 8], [0, 23, 31, 21, 13, 6, 29, 5, 1, 20, 14, 26], [0, 7, 24, 12, 27, 16]]


#################
lambda = 0.0
mu = 0.9
nu = 1.7000000000000002

CW = 1728.3

solution = [[0, 30], [0, 18, 22, 25, 9, 15, 4, 11], [0, 3, 10, 17, 28, 19, 2, 8], [0, 23, 31, 21, 13, 6, 29, 5, 1, 20, 14, 26], [0, 7, 24, 12, 27, 16]]


#################
lambda = 0.0
mu = 0.9
nu = 1.8

CW = 1727.108

solution = [[0, 30], [0, 18, 22, 25, 9, 15, 4, 11], [0, 8, 19, 2, 28, 17, 10, 3], [0, 23, 31, 21, 13, 6, 29, 5, 1, 20, 14, 26], [0, 7, 24, 12, 27, 16]]


#################
lambda = 0.0
mu = 0.9
nu = 1.9000000000000001

CW = 1682.183

solution = [[0, 30], [0, 18, 22, 25, 9, 15, 4, 11], [0, 28, 8, 19, 2, 17, 10, 3], [0, 23, 31, 21, 13, 6, 29, 5, 1, 20, 14, 26], [0, 7, 24, 12, 27, 16]]


#################
lambda = 0.0
mu = 1.0
nu = 0.0

CW = 2262.068

solution = [[0, 30], [0, 18, 6, 5, 4, 3, 2, 1, 11], [0, 9, 21, 7, 8, 10, 12, 13, 14, 26], [0, 29, 27, 23, 22, 20, 19, 16, 28], [0, 15, 17, 24, 25, 31]]


#################
lambda = 0.0
mu = 1.0
nu = 0.1

CW = 2341.648

solution = [[0, 11, 19, 24, 25, 30], [0, 4, 15, 2, 12, 7, 18], [0, 9, 27, 1, 17, 16, 10], [0, 8, 13, 28, 6, 21, 31, 20, 23, 5, 3], [0, 26, 29, 14, 22]]


#################
lambda = 0.0
mu = 1.1
nu = 0.0

CW = 1966.357

solution = [[0, 28], [0, 11, 30, 26, 24, 16, 27, 14, 29, 18], [0, 4, 12, 1, 20, 7, 13], [0, 17, 19, 31, 21, 5, 6, 9], [0, 22, 15, 10, 23, 2, 25, 3, 8]]


#################
lambda = 0.0
mu = 1.1
nu = 0.1

CW = 1911.947

solution = [[0, 28], [0, 11, 30, 26, 24, 16, 27, 14, 29, 18], [0, 4, 12, 1, 20, 7, 13], [0, 17, 31, 19, 21, 5, 6, 9], [0, 8, 25, 3, 2, 23, 10, 15, 22]]


#################
lambda = 0.0
mu = 1.1
nu = 0.2

CW = 1916.062

solution = [[0, 28], [0, 11, 30, 26, 24, 27, 16, 14, 29, 18], [0, 4, 12, 1, 7, 20, 13], [0, 17, 31, 19, 21, 5, 6, 9], [0, 8, 25, 3, 2, 23, 10, 15, 22]]


#################
lambda = 0.0
mu = 1.1
nu = 0.30000000000000004

CW = 1951.642

solution = [[0, 28], [0, 11, 30, 24, 26, 27, 16, 14, 29, 18], [0, 4, 12, 1, 7, 20, 13], [0, 31, 17, 19, 21, 5, 6, 9], [0, 8, 25, 2, 3, 23, 15, 10, 22]]


#################
lambda = 0.0
mu = 1.1
nu = 0.4

CW = 2145.383

solution = [[0, 28], [0, 11, 30, 24, 27, 16, 26, 14, 29, 18], [0, 4, 12, 1, 7, 20, 13], [0, 22, 25, 19, 21, 5, 6, 9], [0, 8, 17, 31, 2, 3, 15, 23, 10]]


#################
lambda = 0.0
mu = 1.1
nu = 0.6000000000000001

CW = 2227.438

solution = [[0, 28], [0, 11, 30, 24, 27, 16, 26, 14, 29, 18], [0, 4, 12, 1, 7, 20, 13], [0, 22, 25, 19, 21, 5, 6, 9], [0, 8, 17, 2, 31, 15, 3, 23, 10]]


#################
lambda = 0.0
mu = 1.1
nu = 1.0

CW = 2231.477

solution = [[0, 28], [0, 11, 30, 24, 27, 16, 26, 14, 29, 18], [0, 4, 12, 1, 7, 20, 13], [0, 22, 25, 19, 21, 5, 6, 9], [0, 8, 17, 2, 15, 31, 3, 23, 10]]


#################
lambda = 0.0
mu = 1.1
nu = 1.1

CW = 2232.399

solution = [[0, 28], [0, 11, 30, 24, 27, 16, 26, 14, 29, 18], [0, 4, 12, 1, 7, 20, 13], [0, 22, 25, 21, 19, 5, 6, 9], [0, 8, 17, 2, 15, 31, 3, 23, 10]]


#################
lambda = 0.0
mu = 1.1
nu = 1.2000000000000002

CW = 2235.828

solution = [[0, 28], [0, 11, 24, 30, 27, 16, 26, 14, 29, 18], [0, 4, 12, 1, 7, 20, 13], [0, 22, 25, 21, 19, 5, 6, 9], [0, 8, 17, 2, 15, 31, 3, 23, 10]]


#################
lambda = 0.0
mu = 1.1
nu = 1.3

CW = 2248.85

solution = [[0, 11, 24, 30, 27, 16, 26, 14, 29, 18], [0, 4, 12, 1, 7, 20, 13], [0, 22, 25, 21, 19, 5, 6, 9], [0, 8, 17, 2, 15, 31, 3, 28], [0, 10, 23]]


#################
lambda = 0.0
mu = 1.1
nu = 1.4000000000000001

CW = 2471.716

solution = [[0, 11, 24, 30, 27, 12, 26, 14, 29], [0, 4, 16, 1, 7, 20, 13, 18], [0, 22, 21, 25, 19, 5, 6, 9], [0, 8, 17, 2, 15, 31, 28, 3], [0, 10, 23]]


#################
lambda = 0.0
mu = 1.1
nu = 1.5

CW = 2304.147

solution = [[0, 11, 24, 30, 27, 12, 26, 14, 29], [0, 4, 16, 1, 7, 20, 13, 18], [0, 22, 21, 25, 5, 19, 6, 9], [0, 28, 8, 17, 2, 15, 31, 3], [0, 10, 23]]


#################
lambda = 0.0
mu = 1.1
nu = 1.7000000000000002

CW = 2314.643

solution = [[0, 11, 24, 30, 27, 12, 26, 14, 29], [0, 4, 16, 1, 7, 20, 13, 18], [0, 22, 21, 5, 25, 19, 6, 9], [0, 28, 8, 17, 2, 15, 31, 23], [0, 3, 10]]


#################
lambda = 0.0
mu = 1.2000000000000002
nu = 0.1

CW = 1903.484

solution = [[0, 28], [0, 11, 30, 26, 24, 16, 27, 14, 29, 18], [0, 4, 12, 1, 20, 7, 13], [0, 17, 19, 31, 21, 5, 6, 9], [0, 8, 25, 3, 2, 23, 10, 15, 22]]


#################
lambda = 0.0
mu = 1.2000000000000002
nu = 0.30000000000000004

CW = 1919.764

solution = [[0, 28], [0, 11, 30, 26, 24, 16, 27, 14, 29, 18], [0, 4, 12, 1, 7, 20, 13], [0, 17, 31, 19, 21, 5, 6, 9], [0, 8, 25, 3, 2, 23, 10, 15, 22]]


#################
lambda = 0.0
mu = 1.2000000000000002
nu = 1.1

CW = 2157.353

solution = [[0, 28], [0, 11, 30, 24, 27, 16, 26, 14, 29, 18], [0, 4, 12, 1, 7, 20, 13], [0, 22, 25, 19, 21, 5, 6, 9], [0, 8, 17, 31, 2, 15, 3, 23, 10]]


#################
lambda = 0.0
mu = 1.2000000000000002
nu = 1.6

CW = 2216.243

solution = [[0, 11, 30, 24, 27, 16, 26, 14, 29, 18], [0, 4, 12, 1, 7, 20, 13], [0, 22, 25, 19, 21, 5, 6, 9], [0, 28, 8, 17, 2, 31, 15, 3], [0, 10, 23]]


#################
lambda = 0.0
mu = 1.2000000000000002
nu = 1.9000000000000001

CW = 2220.282

solution = [[0, 11, 30, 24, 27, 16, 26, 14, 29, 18], [0, 4, 12, 1, 7, 20, 13], [0, 22, 25, 19, 21, 5, 6, 9], [0, 28, 8, 17, 2, 15, 31, 3], [0, 10, 23]]


#################
lambda = 0.0
mu = 1.3
nu = 0.7000000000000001

CW = 1917.335

solution = [[0, 28], [0, 11, 30, 26, 24, 27, 16, 14, 29, 18], [0, 4, 12, 1, 7, 20, 13], [0, 17, 31, 19, 21, 5, 6, 9], [0, 8, 25, 2, 3, 23, 10, 15, 22]]


#################
lambda = 0.0
mu = 1.3
nu = 1.1

CW = 2045.648

solution = [[0, 28], [0, 4, 12, 1, 7, 20, 13], [0, 11, 30, 24, 27, 26, 16, 14, 29, 18], [0, 31, 17, 19, 21, 5, 6, 9], [0, 8, 25, 2, 3, 15, 23, 10, 22]]


#################
lambda = 0.0
mu = 1.3
nu = 1.4000000000000001

CW = 2078.013

solution = [[0, 4, 12, 1, 7, 20, 13], [0, 11, 30, 24, 27, 16, 26, 14, 29, 18], [0, 22, 25, 19, 21, 5, 6, 9], [0, 28, 8, 17, 31, 2, 3, 15], [0, 10, 23]]


#################
lambda = 0.0
mu = 1.3
nu = 1.6

CW = 2146.158

solution = [[0, 4, 12, 1, 7, 20, 13], [0, 11, 30, 24, 27, 16, 26, 14, 29, 18], [0, 22, 25, 19, 21, 5, 6, 9], [0, 28, 8, 17, 31, 2, 15, 3], [0, 10, 23]]


#################
lambda = 0.0
mu = 1.4000000000000001
nu = 1.2000000000000002

CW = 1953.631

solution = [[0, 15], [0, 4, 12, 1, 7, 20, 13], [0, 11, 30, 24, 26, 27, 16, 14, 29, 18], [0, 31, 17, 19, 21, 5, 6, 9], [0, 28, 8, 25, 2, 3, 23, 10, 22]]


#################
lambda = 0.0
mu = 1.4000000000000001
nu = 1.4000000000000001

CW = 1934.41

solution = [[0, 4, 12, 1, 7, 20, 13], [0, 11, 30, 24, 26, 27, 16, 14, 29, 18], [0, 31, 17, 19, 21, 5, 6, 9], [0, 28, 8, 25, 2, 3, 23, 10], [0, 15, 22]]


#################
lambda = 0.0
mu = 1.4000000000000001
nu = 1.5

CW = 2077.836

solution = [[0, 4, 12, 1, 7, 20, 13], [0, 11, 30, 24, 27, 26, 16, 14, 29, 18], [0, 22, 25, 19, 21, 5, 6, 9], [0, 28, 8, 17, 31, 2, 3, 15], [0, 10, 23]]


#################
lambda = 0.0
mu = 1.5
nu = 1.0

CW = 1908.159

solution = [[0, 15], [0, 4, 12, 1, 7, 20, 13], [0, 11, 30, 26, 24, 27, 16, 14, 29, 18], [0, 17, 31, 19, 21, 5, 6, 9], [0, 22, 28, 8, 25, 3, 2, 23, 10]]


#################
lambda = 0.0
mu = 1.5
nu = 1.1

CW = 1909.432

solution = [[0, 15], [0, 4, 12, 1, 7, 20, 13], [0, 11, 30, 26, 24, 27, 16, 14, 29, 18], [0, 17, 31, 19, 21, 5, 6, 9], [0, 22, 28, 8, 25, 2, 3, 23, 10]]


#################
lambda = 0.0
mu = 1.5
nu = 1.2000000000000002

CW = 1898.535

solution = [[0, 4, 12, 1, 7, 20, 13], [0, 11, 30, 26, 24, 27, 16, 14, 29, 18], [0, 31, 17, 19, 21, 5, 6, 9], [0, 28, 8, 25, 2, 3, 23, 10], [0, 15, 22]]


#################
lambda = 0.0
mu = 1.5
nu = 1.8

CW = 1965.041

solution = [[0, 4, 12, 1, 7, 20, 13], [0, 11, 30, 24, 27, 26, 16, 14, 29, 18], [0, 31, 17, 19, 21, 5, 6, 9], [0, 22, 28, 8, 25, 2, 3, 15], [0, 10, 23]]


#################
lambda = 0.0
mu = 1.8
nu = 0.0

CW = 1878.532

solution = [[0, 19], [0, 4, 12, 1, 20, 7, 13], [0, 11, 30, 26, 24, 16, 27, 14, 29, 18], [0, 5, 6, 9, 8, 28, 22, 15, 10, 23], [0, 31, 17, 3, 25, 2, 21]]


#################
lambda = 0.0
mu = 1.8
nu = 0.4

CW = 2035.419

solution = [[0, 2], [0, 4, 12, 1, 20, 7, 13], [0, 11, 30, 26, 24, 16, 27, 14, 29, 18], [0, 3, 21, 5, 6, 9, 8, 28, 22, 15], [0, 10, 31, 19, 17, 25, 23]]


#################
lambda = 0.0
mu = 1.8
nu = 1.2000000000000002

CW = 1911.861

solution = [[0, 15], [0, 4, 12, 1, 7, 20, 13], [0, 11, 30, 26, 24, 16, 27, 14, 29, 18], [0, 17, 31, 19, 21, 5, 6, 9], [0, 22, 28, 8, 25, 3, 2, 23, 10]]


#################
lambda = 0.0
mu = 1.8
nu = 1.9000000000000001

CW = 1904.518

solution = [[0, 15], [0, 4, 12, 1, 7, 20, 13], [0, 11, 30, 26, 24, 27, 16, 14, 29, 18], [0, 31, 17, 19, 21, 5, 6, 9], [0, 22, 28, 8, 25, 2, 3, 23, 10]]


#################
lambda = 0.0
mu = 1.9000000000000001
nu = 0.9

CW = 2038.266

solution = [[0, 2], [0, 4, 12, 1, 20, 7, 13], [0, 11, 30, 26, 24, 16, 27, 14, 29, 18], [0, 3, 21, 5, 6, 9, 8, 28, 22, 15], [0, 10, 19, 31, 17, 25, 23]]


#################
lambda = 0.1
mu = 0.0
nu = 0.0

CW = 1229.082

solution = [[0, 24], [0, 29, 18, 15, 22, 28, 8, 9, 4, 11], [0, 21, 31, 19, 2, 23, 3, 17], [0, 10, 25, 5, 6, 13, 20, 7, 14, 26], [0, 1, 12, 16, 27, 30]]


#################
lambda = 0.1
mu = 0.0
nu = 0.1

CW = 1218.508

solution = [[0, 27], [0, 29, 18, 15, 22, 28, 8, 9, 4, 11], [0, 21, 31, 19, 2, 23, 3, 17], [0, 10, 25, 5, 6, 13, 20, 7, 14, 26], [0, 1, 12, 16, 24, 30]]


#################
lambda = 0.1
mu = 0.0
nu = 0.8

CW = 1219.591

solution = [[0, 27], [0, 29, 18, 15, 22, 28, 8, 9, 4, 11], [0, 21, 31, 2, 23, 3, 17, 19], [0, 10, 25, 5, 6, 13, 20, 7, 14, 26], [0, 1, 12, 16, 24, 30]]


#################
lambda = 0.1
mu = 0.0
nu = 1.4000000000000001

CW = 1219.947

solution = [[0, 27], [0, 29, 18, 15, 22, 8, 28, 9, 4, 11], [0, 21, 31, 2, 23, 3, 17, 19], [0, 10, 25, 5, 6, 13, 20, 7, 14, 26], [0, 1, 12, 16, 24, 30]]
