Aretes fixées après apprentissage pour cette exécution(10 gen de 500, mode 10 rgs qualité)
Fixed edges = [[0, 28, 8, 18, 14, 22, 18, 9, 8, 11, 4, 28, 23, 6, 26, 21, 13, 2, 17, 21, 19, 17, 0], [0, 27, 20, 5, 25, 10, 15, 29, 27, 24, 7, 16, 12, 30, 0], [0, 2, 3, 23, 14, 0], [0, 11, 9, 22, 15, 0], [0, 6, 13, 7, 0], [0, 5, 10, 0], [0, 1, 0], [0, 31, 0]]


#################
lambda = 0.1
mu = 0.1
nu = 0.1

init = 1070.113
res = 846.194
gap = 7.35

solution = [[0, 3, 2, 23, 28, 4, 11, 8, 18], [0, 30, 26], [0, 6, 17, 19, 31, 21, 13], [0, 12, 1, 7, 16], [0, 27, 24, 14], [0, 20, 5, 25, 10, 15, 9, 22, 29]]


#################
lambda = 0.1
mu = 0.1
nu = 1.7000000000000002

init = 1071.201
res = 818.68
gap = 4.236

solution = [[0, 20, 5, 25, 10, 23, 2, 3, 6], [0, 26, 7, 13, 17, 19, 31, 21], [0, 12, 1, 16, 30], [0, 18, 8, 28, 4, 11, 9, 22, 15, 29], [0, 27, 24, 14]]


#################
lambda = 0.1
mu = 0.1
nu = 1.9000000000000001

init = 1039.796
res = 818.68
gap = 4.236

solution = [[0, 20, 5, 25, 10, 23, 2, 3, 6], [0, 26, 7, 13, 17, 19, 31, 21], [0, 12, 1, 16, 30], [0, 18, 8, 28, 4, 11, 9, 22, 15, 29], [0, 27, 24, 14]]


#################
lambda = 0.1
mu = 0.2
nu = 0.6000000000000001

init = 1057.765
res = 839.021
gap = 6.558

solution = [[0, 20, 5, 25, 10, 15, 29], [0, 6, 23, 28, 4, 11, 8, 18, 9, 22], [0, 3, 2, 17, 19, 31, 21], [0, 30, 26, 14, 24, 27], [0, 12, 1, 13, 7, 16]]


#################
lambda = 0.1
mu = 0.5
nu = 0.1

init = 1071.566
res = 791.57
gap = 0.956

solution = [[0, 21, 31, 19, 17, 13, 7, 26], [0, 28, 11, 4, 23, 2, 3, 6], [0, 20, 5, 25, 10, 29, 15, 22, 9, 8, 18], [0, 27, 24, 14], [0, 12, 1, 16, 30]]


#################
lambda = 0.1
mu = 0.6000000000000001
nu = 0.1

init = 1254.375
res = 839.823
gap = 6.647

solution = [[0, 7, 13, 21, 31, 19, 17], [0, 16, 1, 12], [0, 26, 30], [0, 28, 11, 4, 23, 2, 3, 6], [0, 29, 18, 8, 9, 22, 15, 10, 25, 5, 20], [0, 27, 24, 14]]


#################
lambda = 0.1
mu = 0.7000000000000001
nu = 0.1

init = 1193.035
res = 795.847
gap = 1.489

solution = [[0, 26, 7, 13, 21, 31, 19, 17], [0, 28, 11, 4, 23, 2, 3, 6], [0, 20, 5, 25, 10, 29, 15, 22, 9, 8, 18], [0, 27, 24, 14], [0, 12, 1, 16, 30]]


#################
lambda = 0.1
mu = 0.7000000000000001
nu = 0.7000000000000001

init = 1084.897
res = 839.067
gap = 6.563

solution = [[0, 3, 2, 17, 19, 31, 21], [0, 12, 1, 13, 7, 16], [0, 22, 9, 18, 8, 11, 4, 28, 23, 6, 26], [0, 20, 5, 25, 10, 15, 29], [0, 27, 24, 14, 30]]


#################
lambda = 0.1
mu = 0.7000000000000001
nu = 1.0

init = 1071.096
res = 887.833
gap = 11.695

solution = [[0, 29, 15, 22, 9, 18, 8, 11, 4, 28], [0, 21, 31, 19, 17, 13, 7, 26], [0, 23, 2, 3, 6], [0, 12, 1, 16, 30], [0, 20, 5, 25, 10, 27], [0, 24, 14]]


#################
lambda = 0.1
mu = 0.7000000000000001
nu = 1.6

init = 1061.743
res = 846.194
gap = 7.35

solution = [[0, 30, 26], [0, 27, 24, 14], [0, 6, 17, 19, 31, 21, 13], [0, 12, 1, 7, 16], [0, 29, 22, 9, 15, 10, 25, 5, 20], [0, 3, 2, 23, 28, 4, 11, 8, 18]]


#################
lambda = 0.1
mu = 0.8
nu = 0.7000000000000001

init = 1177.945
res = 797.378
gap = 1.678

solution = [[0, 6, 3, 2, 23, 28, 4, 11], [0, 20, 5, 25, 10, 29, 15, 22, 9, 8, 18], [0, 26, 7, 13, 21, 31, 19, 17], [0, 27, 24, 14], [0, 12, 1, 16, 30]]


#################
lambda = 0.1
mu = 0.8
nu = 0.9

init = 1109.007
res = 857.596
gap = 8.582

solution = [[0, 27, 24, 14], [0, 21, 31, 19, 17, 13, 6], [0, 30, 26], [0, 12, 1, 16, 7], [0, 3, 2, 23, 28, 4, 11, 8, 18], [0, 29, 22, 9, 15, 10, 25, 5, 20]]


#################
lambda = 0.1
mu = 0.9
nu = 0.1

init = 1101.778
res = 793.101
gap = 1.148

solution = [[0, 21, 31, 19, 17, 13, 7, 26], [0, 12, 1, 16, 30], [0, 27, 24, 14], [0, 20, 5, 25, 10, 29, 15, 22, 9, 8, 18], [0, 6, 3, 2, 23, 28, 4, 11]]


#################
lambda = 0.1
mu = 0.9
nu = 0.9

init = 1016.503
res = 852.453
gap = 8.03

solution = [[0, 18, 8, 11, 4, 28, 23, 2, 3], [0, 27, 24, 14], [0, 29, 22, 9, 15, 10, 25, 5, 20], [0, 13, 21, 31, 19, 17, 6], [0, 16, 30], [0, 12, 1, 7, 26]]


#################
lambda = 0.1
mu = 1.0
nu = 0.1

init = 1172.008
res = 793.101
gap = 1.148

solution = [[0, 21, 31, 19, 17, 13, 7, 26], [0, 12, 1, 16, 30], [0, 27, 24, 14], [0, 20, 5, 25, 10, 29, 15, 22, 9, 8, 18], [0, 6, 3, 2, 23, 28, 4, 11]]


#################
lambda = 0.1
mu = 1.0
nu = 0.4

init = 1158.77
res = 832.784
gap = 5.858

solution = [[0, 21, 31, 19, 17, 2, 3], [0, 22, 9, 18, 8, 11, 4, 28, 23, 6], [0, 26, 16, 7, 13, 1, 12], [0, 20, 5, 25, 10, 15, 29, 27], [0, 30, 14, 24]]


#################
lambda = 0.1
mu = 1.0
nu = 0.9

init = 1087.392
res = 793.101
gap = 1.148

solution = [[0, 21, 31, 19, 17, 13, 7, 26], [0, 12, 1, 16, 30], [0, 27, 24, 14], [0, 20, 5, 25, 10, 29, 15, 22, 9, 8, 18], [0, 6, 3, 2, 23, 28, 4, 11]]


#################
lambda = 0.1
mu = 1.0
nu = 1.4000000000000001

init = 1048.55
res = 887.833
gap = 11.695

solution = [[0, 29, 15, 22, 9, 18, 8, 11, 4, 28], [0, 21, 31, 19, 17, 13, 7, 26], [0, 23, 2, 3, 6], [0, 14, 24], [0, 20, 5, 25, 10, 27], [0, 30, 16, 1, 12]]


#################
lambda = 0.1
mu = 1.0
nu = 1.7000000000000002

init = 1118.454
res = 851.472
gap = 7.924

solution = [[0, 30, 26, 16, 7, 1, 12], [0, 24, 14], [0, 27], [0, 29, 22, 9, 15, 10, 25, 5, 20], [0, 13, 21, 31, 19, 17, 6], [0, 18, 8, 11, 4, 28, 23, 2, 3]]


#################
lambda = 0.1
mu = 1.1
nu = 0.1

init = 1422.287
res = 852.061
gap = 7.988

solution = [[0, 26, 16, 7, 13, 1, 12], [0, 21, 31, 19, 17, 2, 3], [0, 24, 14], [0, 30], [0, 20, 5, 25, 10, 15, 29, 27], [0, 22, 9, 18, 8, 11, 4, 28, 23, 6]]


#################
lambda = 0.1
mu = 1.1
nu = 0.2

init = 1422.17
res = 839.021
gap = 6.558

solution = [[0, 6, 23, 28, 4, 11, 8, 18, 9, 22], [0, 3, 2, 17, 19, 31, 21], [0, 20, 5, 25, 10, 15, 29], [0, 16, 7, 13, 1, 12], [0, 27, 24, 14, 26, 30]]


#################
lambda = 0.1
mu = 1.1
nu = 0.30000000000000004

init = 1409.0
res = 839.021
gap = 6.558

solution = [[0, 22, 9, 18, 8, 11, 4, 28, 23, 6], [0, 20, 5, 25, 10, 15, 29], [0, 3, 2, 17, 19, 31, 21], [0, 30, 26, 14, 24, 27], [0, 12, 1, 13, 7, 16]]


#################
lambda = 0.1
mu = 1.1
nu = 0.4

init = 1289.133
res = 840.884
gap = 6.765

solution = [[0, 21, 31, 19, 17, 2, 3], [0, 22, 9, 18, 8, 11, 4, 28, 23, 6], [0, 12, 1, 13, 7, 16, 26], [0, 27, 24, 14, 30], [0, 20, 5, 25, 10, 15, 29]]


#################
lambda = 0.1
mu = 1.1
nu = 0.6000000000000001

init = 1227.129
res = 867.718
gap = 9.648

solution = [[0, 3, 2, 17, 19, 31, 21], [0, 22, 9, 18, 8, 11, 4, 28, 23, 6], [0, 20, 5, 25, 10, 15, 29], [0, 14, 24, 27], [0, 30, 26], [0, 16, 7, 13, 1, 12]]


#################
lambda = 0.1
mu = 1.1
nu = 0.9

init = 1220.4
res = 887.833
gap = 11.695

solution = [[0, 28, 4, 11, 8, 18, 9, 22, 15, 29], [0, 12, 1, 16, 30], [0, 21, 31, 19, 17, 13, 7, 26], [0, 23, 2, 3, 6], [0, 24, 14], [0, 20, 5, 25, 10, 27]]


#################
lambda = 0.1
mu = 1.1
nu = 1.8

init = 1194.74
res = 835.871
gap = 6.206

solution = [[0, 21, 31, 19, 17, 2, 3, 23], [0, 22, 9, 18, 8, 11, 4, 28, 6], [0, 20, 5, 25, 10, 15, 29, 27], [0, 30, 14, 24], [0, 26, 7, 13, 1, 12, 16]]


#################
lambda = 0.1
mu = 1.2000000000000002
nu = 0.1

init = 1468.504
res = 791.57
gap = 0.956

solution = [[0, 28, 11, 4, 23, 2, 3, 6], [0, 26, 7, 13, 17, 19, 31, 21], [0, 12, 1, 16, 30], [0, 20, 5, 25, 10, 29, 15, 22, 9, 8, 18], [0, 27, 24, 14]]


#################
lambda = 0.1
mu = 1.2000000000000002
nu = 0.7000000000000001

init = 1354.242
res = 859.619
gap = 8.797

solution = [[0, 20, 5, 25, 10, 15, 29, 27], [0, 14, 24], [0, 22, 9, 18, 8, 11, 4, 28, 23, 6], [0, 21, 31, 19, 17, 2, 3], [0, 30, 26], [0, 16, 7, 13, 1, 12]]


#################
lambda = 0.1
mu = 1.2000000000000002
nu = 0.8

init = 1355.149
res = 867.718
gap = 9.648

solution = [[0, 14, 24, 27], [0, 3, 2, 17, 19, 31, 21], [0, 20, 5, 25, 10, 15, 29], [0, 22, 9, 18, 8, 11, 4, 28, 23, 6], [0, 30, 26], [0, 16, 7, 13, 1, 12]]


#################
lambda = 0.1
mu = 1.2000000000000002
nu = 1.3

init = 1436.219
res = 797.378
gap = 1.678

solution = [[0, 12, 1, 16, 30], [0, 18, 8, 9, 22, 15, 29, 10, 25, 5, 20], [0, 26, 7, 13, 21, 31, 19, 17], [0, 6, 3, 2, 23, 28, 4, 11], [0, 27, 24, 14]]


#################
lambda = 0.1
mu = 1.3
nu = 0.1

init = 1341.129
res = 840.884
gap = 6.765

solution = [[0, 20, 5, 25, 10, 15, 29], [0, 6, 23, 28, 4, 11, 8, 18, 9, 22], [0, 21, 31, 19, 17, 2, 3], [0, 30, 14, 24, 27], [0, 12, 1, 13, 7, 16, 26]]


#################
lambda = 0.1
mu = 1.3
nu = 0.2

init = 1350.296
res = 842.698
gap = 6.966

solution = [[0, 16, 12, 1, 13, 7, 26], [0, 20, 5, 25, 10, 15, 29], [0, 30, 14, 24, 27], [0, 6, 23, 28, 4, 11, 8, 18, 9, 22], [0, 21, 31, 19, 17, 2, 3]]


#################
lambda = 0.1
mu = 1.3
nu = 0.6000000000000001

init = 1317.151
res = 846.194
gap = 7.35

solution = [[0, 13, 21, 31, 19, 17, 6], [0, 27, 24, 14], [0, 29, 22, 9, 15, 10, 25, 5, 20], [0, 3, 2, 23, 28, 4, 11, 8, 18], [0, 30, 26], [0, 16, 7, 1, 12]]


#################
lambda = 0.1
mu = 1.3
nu = 1.1

init = 1336.285
res = 823.769
gap = 4.828

solution = [[0, 29, 15, 22, 9, 8, 11, 4, 28], [0, 27, 24, 14], [0, 20, 5, 25, 10, 18, 23, 2, 3, 6], [0, 12, 1, 16, 26, 30], [0, 7, 13, 21, 31, 19, 17]]


#################
lambda = 0.1
mu = 1.3
nu = 1.4000000000000001

init = 1409.679
res = 797.378
gap = 1.678

solution = [[0, 26, 7, 13, 21, 31, 19, 17], [0, 20, 5, 25, 10, 29, 15, 22, 9, 8, 18], [0, 6, 3, 2, 23, 28, 4, 11], [0, 14, 24, 27], [0, 12, 1, 16, 30]]


#################
lambda = 0.1
mu = 1.4000000000000001
nu = 0.1

init = 1445.112
res = 797.378
gap = 1.678

solution = [[0, 26, 7, 13, 21, 31, 19, 17], [0, 27, 24, 14], [0, 30, 16, 1, 12], [0, 20, 5, 25, 10, 29, 15, 22, 9, 8, 18], [0, 6, 3, 2, 23, 28, 4, 11]]


#################
lambda = 0.1
mu = 1.4000000000000001
nu = 0.4

init = 1452.347
res = 795.847
gap = 1.489

solution = [[0, 28, 11, 4, 23, 2, 3, 6], [0, 20, 5, 25, 10, 29, 15, 22, 9, 8, 18], [0, 26, 7, 13, 21, 31, 19, 17], [0, 27, 24, 14], [0, 30, 16, 1, 12]]


#################
lambda = 0.1
mu = 1.4000000000000001
nu = 0.6000000000000001

init = 1463.522
res = 795.847
gap = 1.489

solution = [[0, 28, 11, 4, 23, 2, 3, 6], [0, 20, 5, 25, 10, 29, 15, 22, 9, 8, 18], [0, 26, 7, 13, 21, 31, 19, 17], [0, 27, 24, 14], [0, 30, 16, 1, 12]]


#################
lambda = 0.1
mu = 1.4000000000000001
nu = 1.1

init = 1496.483
res = 795.847
gap = 1.489

solution = [[0, 26, 7, 13, 21, 31, 19, 17], [0, 12, 1, 16, 30], [0, 28, 11, 4, 23, 2, 3, 6], [0, 20, 5, 25, 10, 29, 15, 22, 9, 8, 18], [0, 27, 24, 14]]


#################
lambda = 0.1
mu = 1.5
nu = 0.1

init = 1456.485
res = 795.847
gap = 1.489

solution = [[0, 12, 1, 16, 30], [0, 26, 7, 13, 21, 31, 19, 17], [0, 20, 5, 25, 10, 29, 15, 22, 9, 8, 18], [0, 6, 3, 2, 23, 4, 11, 28], [0, 27, 24, 14]]


#################
lambda = 0.1
mu = 1.5
nu = 1.0

init = 1445.31
res = 795.847
gap = 1.489

solution = [[0, 12, 1, 16, 30], [0, 26, 7, 13, 21, 31, 19, 17], [0, 20, 5, 25, 10, 29, 15, 22, 9, 8, 18], [0, 6, 3, 2, 23, 4, 11, 28], [0, 27, 24, 14]]


#################
lambda = 0.1
mu = 1.5
nu = 1.3

init = 1496.338
res = 795.847
gap = 1.489

solution = [[0, 28, 11, 4, 23, 2, 3, 6], [0, 26, 7, 13, 21, 31, 19, 17], [0, 20, 5, 25, 10, 29, 15, 22, 9, 8, 18], [0, 12, 1, 16, 30], [0, 27, 24, 14]]


#################
lambda = 0.1
mu = 1.9000000000000001
nu = 0.1

init = 1441.042
res = 807.949
gap = 2.964

solution = [[0, 3, 2, 23, 28, 4, 11, 8, 18], [0, 29, 22, 9, 15, 10, 25, 5, 20], [0, 13, 21, 31, 19, 17, 6], [0, 27, 24, 14], [0, 26, 7, 1, 12, 16, 30]]


#################
lambda = 0.1
mu = 1.9000000000000001
nu = 0.5

init = 1486.011
res = 832.784
gap = 5.858

solution = [[0, 3, 2, 17, 19, 31, 21], [0, 22, 9, 18, 8, 11, 4, 28, 23, 6], [0, 12, 1, 13, 7, 16, 26], [0, 20, 5, 25, 10, 15, 29, 27], [0, 30, 14, 24]]


#################
lambda = 0.1
mu = 1.9000000000000001
nu = 1.2000000000000002

init = 1540.507
res = 797.378
gap = 1.678

solution = [[0, 18, 8, 9, 22, 15, 29, 10, 25, 5, 20], [0, 26, 7, 13, 21, 31, 19, 17], [0, 12, 1, 16, 30], [0, 6, 3, 2, 23, 28, 4, 11], [0, 27, 24, 14]]


#################
lambda = 0.1
mu = 1.9000000000000001
nu = 1.4000000000000001

init = 1584.853
res = 797.378
gap = 1.678

solution = [[0, 26, 7, 13, 21, 31, 19, 17], [0, 20, 5, 25, 10, 29, 15, 22, 9, 8, 18], [0, 6, 3, 2, 23, 28, 4, 11], [0, 27, 24, 14], [0, 12, 1, 16, 30]]


#################
lambda = 0.1
mu = 1.9000000000000001
nu = 1.9000000000000001

init = 1488.712
res = 859.619
gap = 8.797

solution = [[0, 21, 31, 19, 17, 2, 3], [0, 22, 9, 18, 8, 11, 4, 28, 23, 6], [0, 30, 26], [0, 16, 7, 13, 1, 12], [0, 20, 5, 25, 10, 15, 29, 27], [0, 24, 14]]


#################
lambda = 0.2
mu = 0.1
nu = 0.1

init = 1100.062
res = 797.378
gap = 1.678

solution = [[0, 12, 1, 16, 30], [0, 26, 7, 13, 21, 31, 19, 17], [0, 20, 5, 25, 10, 29, 15, 22, 9, 8, 18], [0, 6, 3, 2, 23, 28, 4, 11], [0, 27, 24, 14]]


#################
lambda = 0.2
mu = 0.2
nu = 0.7000000000000001

init = 1065.673
res = 793.101
gap = 1.148

solution = [[0, 21, 31, 19, 17, 13, 7, 26], [0, 12, 1, 16, 30], [0, 27, 24, 14], [0, 20, 5, 25, 10, 29, 15, 22, 9, 8, 18], [0, 6, 3, 2, 23, 28, 4, 11]]


#################
lambda = 0.2
mu = 0.4
nu = 1.4000000000000001

init = 1076.601
res = 791.57
gap = 0.956

solution = [[0, 21, 31, 19, 17, 13, 7, 26], [0, 12, 1, 16, 30], [0, 20, 5, 25, 10, 29, 15, 22, 9, 8, 18], [0, 28, 11, 4, 23, 2, 3, 6], [0, 27, 24, 14]]


#################
lambda = 0.2
mu = 0.9
nu = 1.7000000000000002

init = 1121.46
res = 797.378
gap = 1.678

solution = [[0, 26, 7, 13, 21, 31, 19, 17], [0, 20, 5, 25, 10, 29, 15, 22, 9, 8, 18], [0, 6, 3, 2, 23, 28, 4, 11], [0, 14, 24, 27], [0, 12, 1, 16, 30]]


#################
lambda = 0.2
mu = 0.9
nu = 1.9000000000000001

init = 1114.646
res = 839.703
gap = 6.634

solution = [[0, 7, 13, 21, 31, 19, 17], [0, 6, 3, 2, 23, 4, 11, 28], [0, 12, 1, 16], [0, 30, 26], [0, 20, 5, 25, 10, 29, 15, 22, 9, 8, 18], [0, 27, 24, 14]]


#################
lambda = 0.2
mu = 1.0
nu = 0.1

init = 1161.675
res = 797.378
gap = 1.678

solution = [[0, 26, 7, 13, 21, 31, 19, 17], [0, 12, 1, 16, 30], [0, 20, 5, 25, 10, 29, 15, 22, 9, 8, 18], [0, 27, 24, 14], [0, 6, 3, 2, 23, 28, 4, 11]]


#################
lambda = 0.2
mu = 1.0
nu = 1.7000000000000002

init = 1049.516
res = 822.957
gap = 4.734

solution = [[0, 26, 7, 13, 21, 31, 19, 17], [0, 29, 15, 22, 9, 11, 4, 28, 8, 18], [0, 12, 1, 16, 30], [0, 14, 24, 27], [0, 20, 5, 25, 10, 23, 2, 3, 6]]


#################
lambda = 0.2
mu = 1.1
nu = 0.1

init = 1070.975
res = 867.718
gap = 9.648

solution = [[0, 14, 24, 27], [0, 20, 5, 25, 10, 15, 29], [0, 6, 23, 28, 4, 11, 8, 18, 9, 22], [0, 3, 2, 17, 19, 31, 21], [0, 30, 26], [0, 16, 7, 13, 1, 12]]


#################
lambda = 0.2
mu = 1.1
nu = 0.4

init = 1029.048
res = 840.884
gap = 6.765

solution = [[0, 3, 2, 17, 19, 31, 21], [0, 6, 23, 28, 4, 11, 8, 18, 9, 22], [0, 12, 1, 13, 7, 16, 26], [0, 27, 24, 14, 30], [0, 20, 5, 25, 10, 15, 29]]


#################
lambda = 0.2
mu = 1.1
nu = 1.4000000000000001

init = 1160.849
res = 900.556
gap = 12.943

solution = [[0, 21, 31, 19, 17, 2, 3, 23], [0, 28, 4, 11, 8, 18, 9, 22, 15, 29], [0, 20, 5, 25, 10, 27], [0, 14, 24], [0, 6, 13, 7, 1, 12], [0, 26, 16, 30]]


#################
lambda = 0.2
mu = 1.1
nu = 1.6

init = 1169.511
res = 856.252
gap = 8.438

solution = [[0, 21, 31, 19, 17, 2, 3, 23], [0, 29, 15, 22, 9, 11, 4, 28, 8, 18], [0, 26, 16, 30], [0, 20, 5, 25, 10, 27, 24, 14], [0, 12, 1, 7, 13, 6]]


#################
lambda = 0.2
mu = 1.2000000000000002
nu = 0.1

init = 1423.896
res = 868.99
gap = 9.78

solution = [[0, 12, 1, 13, 7, 16], [0, 30, 26], [0, 14, 24, 27], [0, 20, 5, 25, 10, 15, 29], [0, 22, 9, 18, 8, 11, 4, 28, 6], [0, 21, 31, 19, 17, 2, 3, 23]]


#################
lambda = 0.2
mu = 1.3
nu = 0.1

init = 1435.057
res = 840.884
gap = 6.765

solution = [[0, 22, 9, 18, 8, 11, 4, 28, 23, 6], [0, 3, 2, 17, 19, 31, 21], [0, 30, 14, 24, 27], [0, 12, 1, 13, 7, 16, 26], [0, 20, 5, 25, 10, 15, 29]]


#################
lambda = 0.2
mu = 1.3
nu = 1.3

init = 1224.061
res = 795.847
gap = 1.489

solution = [[0, 12, 1, 16, 30], [0, 26, 7, 13, 21, 31, 19, 17], [0, 20, 5, 25, 10, 29, 15, 22, 9, 8, 18], [0, 6, 3, 2, 23, 4, 11, 28], [0, 27, 24, 14]]


#################
lambda = 0.2
mu = 1.4000000000000001
nu = 1.5

init = 1374.478
res = 806.074
gap = 2.738

solution = [[0, 20, 5, 25, 10, 15, 9, 22, 29], [0, 3, 2, 23, 28, 4, 11, 8, 18], [0, 6, 13, 17, 19, 31, 21, 26], [0, 30, 16, 7, 1, 12], [0, 27, 24, 14]]


#################
lambda = 0.2
mu = 1.5
nu = 0.1

init = 1427.677
res = 797.378
gap = 1.678

solution = [[0, 26, 7, 13, 21, 31, 19, 17], [0, 20, 5, 25, 10, 29, 15, 22, 9, 8, 18], [0, 12, 1, 16, 30], [0, 6, 3, 2, 23, 28, 4, 11], [0, 27, 24, 14]]


#################
lambda = 0.2
mu = 1.5
nu = 0.6000000000000001

init = 1318.239
res = 851.087
gap = 7.883

solution = [[0, 27], [0, 30, 16, 12, 1, 7, 26], [0, 13, 21, 31, 19, 17, 6], [0, 24, 14], [0, 29, 22, 9, 15, 10, 25, 5, 20], [0, 3, 2, 23, 28, 4, 11, 8, 18]]


#################
lambda = 0.2
mu = 1.5
nu = 1.2000000000000002

init = 1337.374
res = 807.949
gap = 2.964

solution = [[0, 6, 17, 19, 31, 21, 13], [0, 30, 16, 12, 1, 7, 26], [0, 14, 24, 27], [0, 29, 22, 9, 15, 10, 25, 5, 20], [0, 3, 2, 23, 28, 4, 11, 8, 18]]


#################
lambda = 0.2
mu = 1.5
nu = 1.4000000000000001

init = 1318.044
res = 833.533
gap = 5.943

solution = [[0, 21, 31, 19, 17, 2, 3], [0, 22, 9, 18, 8, 11, 4, 28, 23, 6], [0, 20, 5, 25, 10, 15, 29, 27], [0, 12, 1, 13, 7, 16], [0, 30, 26, 24, 14]]


#################
lambda = 0.2
mu = 1.7000000000000002
nu = 0.1

init = 1496.154
res = 832.194
gap = 5.791

solution = [[0, 21, 31, 19, 17, 2, 3, 23], [0, 6, 28, 4, 11, 8, 18, 9, 22], [0, 12, 1, 13, 7, 16], [0, 20, 5, 25, 10, 15, 29, 27], [0, 30, 26, 14, 24]]


#################
lambda = 0.2
mu = 1.7000000000000002
nu = 0.2

init = 1376.377
res = 868.99
gap = 9.78

solution = [[0, 30, 26], [0, 12, 1, 13, 7, 16], [0, 14, 24, 27], [0, 20, 5, 25, 10, 15, 29], [0, 6, 28, 4, 11, 8, 18, 9, 22], [0, 21, 31, 19, 17, 2, 3, 23]]


#################
lambda = 0.2
mu = 1.7000000000000002
nu = 1.1

init = 1434.039
res = 795.847
gap = 1.489

solution = [[0, 28, 11, 4, 23, 2, 3, 6], [0, 20, 5, 25, 10, 29, 15, 22, 9, 8, 18], [0, 26, 7, 13, 21, 31, 19, 17], [0, 27, 24, 14], [0, 30, 16, 1, 12]]


#################
lambda = 0.2
mu = 1.9000000000000001
nu = 0.1

init = 1481.721
res = 834.599
gap = 6.063

solution = [[0, 20, 5, 25, 10, 15, 29, 27], [0, 6, 23, 28, 4, 11, 8, 18, 9, 22], [0, 21, 31, 19, 17, 2, 3], [0, 30, 14, 24], [0, 26, 7, 13, 1, 12, 16]]


#################
lambda = 0.30000000000000004
mu = 0.1
nu = 0.1

init = 1129.94
res = 839.316
gap = 6.591

solution = [[0, 12, 1, 13, 7, 16, 26], [0, 20, 5, 25, 10, 15, 29], [0, 21, 31, 19, 17, 2, 3], [0, 27, 24, 30], [0, 6, 23, 28, 4, 11, 8, 18, 9, 22, 14]]


#################
lambda = 0.30000000000000004
mu = 0.2
nu = 0.1

init = 1130.459
res = 839.316
gap = 6.591

solution = [[0, 12, 1, 13, 7, 16, 26], [0, 20, 5, 25, 10, 15, 29], [0, 21, 31, 19, 17, 2, 3], [0, 27, 24, 30], [0, 6, 23, 28, 4, 11, 8, 18, 9, 22, 14]]


#################
lambda = 0.30000000000000004
mu = 0.8
nu = 1.0

init = 1187.34
res = 859.619
gap = 8.797

solution = [[0, 21, 31, 19, 17, 2, 3], [0, 14, 24], [0, 27, 29, 15, 10, 25, 5, 20], [0, 6, 23, 28, 4, 11, 8, 18, 9, 22], [0, 30, 26], [0, 16, 7, 13, 1, 12]]


#################
lambda = 0.30000000000000004
mu = 0.9
nu = 0.1

init = 1108.236
res = 863.375
gap = 9.194

solution = [[0, 21, 31, 19, 17, 2, 6], [0, 20, 5, 25, 10, 15, 29, 27], [0, 22, 9, 18, 8, 11, 4, 28, 23, 3], [0, 14, 24], [0, 30, 26], [0, 16, 7, 13, 1, 12]]


#################
lambda = 0.30000000000000004
mu = 0.9
nu = 1.4000000000000001

init = 1137.378
res = 807.949
gap = 2.964

solution = [[0, 27, 24, 14], [0, 26, 7, 1, 12, 16, 30], [0, 20, 5, 25, 10, 15, 9, 22, 29], [0, 3, 2, 23, 28, 4, 11, 8, 18], [0, 6, 17, 19, 31, 21, 13]]


#################
lambda = 0.30000000000000004
mu = 0.9
nu = 1.9000000000000001

init = 1118.608
res = 840.884
gap = 6.765

solution = [[0, 20, 5, 25, 10, 15, 29], [0, 6, 23, 28, 4, 11, 8, 18, 9, 22], [0, 21, 31, 19, 17, 2, 3], [0, 30, 14, 24, 27], [0, 12, 1, 13, 7, 16, 26]]


#################
lambda = 0.30000000000000004
mu = 1.0
nu = 1.0

init = 1149.359
res = 793.101
gap = 1.148

solution = [[0, 21, 31, 19, 17, 13, 7, 26], [0, 20, 5, 25, 10, 29, 15, 22, 9, 8, 18], [0, 6, 3, 2, 23, 28, 4, 11], [0, 14, 24, 27], [0, 12, 1, 16, 30]]


#################
lambda = 0.30000000000000004
mu = 1.1
nu = 0.1

init = 1048.281
res = 920.756
gap = 14.853

solution = [[0, 3, 2, 17, 19, 31, 21], [0, 22, 9, 18, 8, 11, 4, 28, 23, 6], [0, 30, 26], [0, 12, 16], [0, 7, 13, 1], [0, 14, 24], [0, 27, 29, 15, 10, 25, 5, 20]]


#################
lambda = 0.30000000000000004
mu = 1.2000000000000002
nu = 0.1

init = 1120.466
res = 795.847
gap = 1.489

solution = [[0, 28, 11, 4, 23, 2, 3, 6], [0, 20, 5, 25, 10, 29, 15, 22, 9, 8, 18], [0, 12, 1, 16, 30], [0, 27, 24, 14], [0, 26, 7, 13, 21, 31, 19, 17]]


#################
lambda = 0.30000000000000004
mu = 1.2000000000000002
nu = 0.8

init = 1116.581
res = 867.718
gap = 9.648

solution = [[0, 22, 9, 18, 8, 11, 4, 28, 23, 6], [0, 3, 2, 17, 19, 31, 21], [0, 20, 5, 25, 10, 15, 29], [0, 14, 24, 27], [0, 30, 26], [0, 16, 7, 13, 1, 12]]


#################
lambda = 0.30000000000000004
mu = 1.2000000000000002
nu = 1.1

init = 1009.797
res = 795.847
gap = 1.489

solution = [[0, 26, 7, 13, 21, 31, 19, 17], [0, 12, 1, 16, 30], [0, 28, 11, 4, 23, 2, 3, 6], [0, 27, 24, 14], [0, 20, 5, 25, 10, 29, 15, 22, 9, 8, 18]]


#################
lambda = 0.30000000000000004
mu = 1.3
nu = 1.1

init = 1453.417
res = 810.376
gap = 3.255

solution = [[0, 21, 31, 19, 17, 13, 6], [0, 30, 16, 12, 1, 7, 26], [0, 27, 24, 14], [0, 29, 22, 9, 15, 10, 25, 5, 20], [0, 3, 2, 23, 28, 4, 11, 8, 18]]


#################
lambda = 0.30000000000000004
mu = 1.3
nu = 1.2000000000000002

init = 1282.41
res = 793.101
gap = 1.148

solution = [[0, 21, 31, 19, 17, 13, 7, 26], [0, 20, 5, 25, 10, 29, 15, 22, 9, 8, 18], [0, 12, 1, 16, 30], [0, 27, 24, 14], [0, 6, 3, 2, 23, 28, 4, 11]]


#################
lambda = 0.30000000000000004
mu = 1.3
nu = 1.7000000000000002

init = 1197.282
res = 855.169
gap = 8.322

solution = [[0, 13, 21, 31, 19, 17, 6], [0, 27, 24, 14], [0, 29, 22, 9, 15, 10, 25, 5, 20], [0, 18, 8, 11, 4, 28, 23, 2, 3], [0, 30, 26], [0, 12, 1, 16, 7]]


#################
lambda = 0.30000000000000004
mu = 1.4000000000000001
nu = 0.1

init = 1517.423
res = 824.184
gap = 4.876

solution = [[0, 29, 15, 22, 9, 11, 4, 28, 8, 18], [0, 21, 31, 19, 17, 13, 7, 26], [0, 20, 5, 25, 10, 23, 2, 3, 6], [0, 27, 24, 14], [0, 30, 16, 12, 1]]


#################
lambda = 0.30000000000000004
mu = 1.4000000000000001
nu = 0.7000000000000001

init = 1443.458
res = 832.784
gap = 5.858

solution = [[0, 20, 5, 25, 10, 15, 29, 27], [0, 12, 1, 13, 7, 16, 26], [0, 24, 14, 30], [0, 6, 23, 28, 4, 11, 8, 18, 9, 22], [0, 21, 31, 19, 17, 2, 3]]


#################
lambda = 0.30000000000000004
mu = 1.4000000000000001
nu = 1.5

init = 1418.713
res = 793.101
gap = 1.148

solution = [[0, 6, 3, 2, 23, 28, 4, 11], [0, 18, 8, 9, 22, 15, 29, 10, 25, 5, 20], [0, 27, 24, 14], [0, 12, 1, 16, 30], [0, 21, 31, 19, 17, 13, 7, 26]]


#################
lambda = 0.30000000000000004
mu = 1.5
nu = 0.1

init = 1384.312
res = 793.101
gap = 1.148

solution = [[0, 21, 31, 19, 17, 13, 7, 26], [0, 12, 1, 16, 30], [0, 27, 24, 14], [0, 20, 5, 25, 10, 29, 15, 22, 9, 8, 18], [0, 6, 3, 2, 23, 28, 4, 11]]


#################
lambda = 0.30000000000000004
mu = 1.5
nu = 1.7000000000000002

init = 1424.981
res = 830.922
gap = 5.647

solution = [[0, 22, 9, 18, 8, 11, 4, 28, 23, 6], [0, 21, 31, 19, 17, 2, 3], [0, 16, 7, 13, 1, 12], [0, 30, 26, 14, 24], [0, 20, 5, 25, 10, 15, 29, 27]]


#################
lambda = 0.30000000000000004
mu = 1.7000000000000002
nu = 1.0

init = 1298.91
res = 846.194
gap = 7.35

solution = [[0, 27, 24, 14], [0, 29, 22, 9, 15, 10, 25, 5, 20], [0, 3, 2, 23, 28, 4, 11, 8, 18], [0, 30, 26], [0, 6, 17, 19, 31, 21, 13], [0, 12, 1, 7, 16]]


#################
lambda = 0.4
mu = 0.1
nu = 0.1

init = 1059.875
res = 856.209
gap = 8.434

solution = [[0, 20, 5, 25, 10, 15, 29, 27], [0, 14, 22, 9, 18, 8, 11, 4, 28, 23, 6], [0, 21, 31, 19, 17, 2, 3], [0, 24], [0, 30, 26], [0, 16, 7, 13, 1, 12]]


#################
lambda = 0.4
mu = 0.2
nu = 0.1

init = 1120.73
res = 832.784
gap = 5.858

solution = [[0, 22, 9, 18, 8, 11, 4, 28, 23, 6], [0, 3, 2, 17, 19, 31, 21], [0, 12, 1, 13, 7, 16, 26], [0, 20, 5, 25, 10, 15, 29, 27], [0, 30, 14, 24]]


#################
lambda = 0.4
mu = 0.5
nu = 0.1

init = 1138.906
res = 802.126
gap = 2.26

solution = [[0, 6, 17, 19, 31, 21, 13, 26], [0, 12, 1, 7, 16, 30], [0, 27, 24, 14], [0, 29, 22, 9, 15, 10, 25, 5, 20], [0, 3, 2, 23, 28, 4, 11, 8, 18]]


#################
lambda = 0.4
mu = 0.5
nu = 0.8

init = 1149.633
res = 841.234
gap = 6.804

solution = [[0, 7, 13, 21, 31, 19, 17], [0, 20, 5, 25, 10, 29, 15, 22, 9, 8, 18], [0, 30, 26], [0, 12, 1, 16], [0, 6, 3, 2, 23, 28, 4, 11], [0, 14, 24, 27]]


#################
lambda = 0.4
mu = 0.8
nu = 1.1

init = 1106.302
res = 791.57
gap = 0.956

solution = [[0, 28, 11, 4, 23, 2, 3, 6], [0, 27, 24, 14], [0, 20, 5, 25, 10, 29, 15, 22, 9, 8, 18], [0, 21, 31, 19, 17, 13, 7, 26], [0, 12, 1, 16, 30]]


#################
lambda = 0.4
mu = 1.3
nu = 0.1

init = 1053.571
res = 795.847
gap = 1.489

solution = [[0, 26, 7, 13, 21, 31, 19, 17], [0, 20, 5, 25, 10, 29, 15, 22, 9, 8, 18], [0, 12, 1, 16, 30], [0, 27, 24, 14], [0, 6, 3, 2, 23, 4, 11, 28]]


#################
lambda = 0.4
mu = 1.3
nu = 0.6000000000000001

init = 1252.418
res = 834.599
gap = 6.063

solution = [[0, 24, 14, 30], [0, 6, 23, 28, 4, 11, 8, 18, 9, 22], [0, 20, 5, 25, 10, 15, 29, 27], [0, 16, 12, 1, 13, 7, 26], [0, 21, 31, 19, 17, 2, 3]]


#################
lambda = 0.4
mu = 1.3
nu = 1.3

init = 1257.246
res = 838.085
gap = 6.453

solution = [[0, 29, 15, 22, 9, 18, 8, 11, 4, 28], [0, 21, 31, 19, 17, 13, 7, 26], [0, 12, 1, 16, 30], [0, 24, 14, 6, 3, 2, 23], [0, 20, 5, 25, 10, 27]]


#################
lambda = 0.4
mu = 1.3
nu = 1.7000000000000002

init = 1062.834
res = 791.57
gap = 0.956

solution = [[0, 21, 31, 19, 17, 13, 7, 26], [0, 12, 1, 16, 30], [0, 20, 5, 25, 10, 29, 15, 22, 9, 8, 18], [0, 28, 11, 4, 23, 2, 3, 6], [0, 27, 24, 14]]


#################
lambda = 0.4
mu = 1.5
nu = 0.1

init = 1324.794
res = 867.718
gap = 9.648

solution = [[0, 14, 24, 27], [0, 29, 15, 10, 25, 5, 20], [0, 6, 23, 28, 4, 11, 8, 18, 9, 22], [0, 3, 2, 17, 19, 31, 21], [0, 12, 1, 13, 7, 16], [0, 30, 26]]


#################
lambda = 0.4
mu = 1.5
nu = 0.4

init = 1396.7
res = 897.452
gap = 12.642

solution = [[0, 30, 16, 1, 12], [0, 26, 7, 13, 21, 31, 19, 17], [0, 23, 2, 3, 6], [0, 29, 15, 22, 9, 11, 4, 28, 8, 18], [0, 14, 24, 27], [0, 20, 5, 25, 10]]


#################
lambda = 0.4
mu = 1.5
nu = 0.7000000000000001

init = 1491.453
res = 808.334
gap = 3.01

solution = [[0, 12, 1, 7, 16, 26, 30], [0, 18, 8, 11, 4, 28, 23, 2, 3], [0, 29, 22, 9, 15, 10, 25, 5, 20], [0, 27, 24, 14], [0, 6, 17, 19, 31, 21, 13]]


#################
lambda = 0.4
mu = 1.5
nu = 1.0

init = 1502.377
res = 840.884
gap = 6.765

solution = [[0, 20, 5, 25, 10, 15, 29], [0, 6, 23, 28, 4, 11, 8, 18, 9, 22], [0, 21, 31, 19, 17, 2, 3], [0, 30, 14, 24, 27], [0, 12, 1, 13, 7, 16, 26]]


#################
lambda = 0.4
mu = 1.5
nu = 1.9000000000000001

init = 1503.602
res = 853.333
gap = 8.125

solution = [[0, 30], [0, 26, 16, 7, 13, 1, 12], [0, 6, 28, 4, 11, 8, 18, 9, 22], [0, 21, 31, 19, 17, 2, 3, 23], [0, 20, 5, 25, 10, 15, 29, 27], [0, 14, 24]]


#################
lambda = 0.4
mu = 1.7000000000000002
nu = 1.4000000000000001

init = 1462.846
res = 797.378
gap = 1.678

solution = [[0, 26, 7, 13, 21, 31, 19, 17], [0, 12, 1, 16, 30], [0, 20, 5, 25, 10, 29, 15, 22, 9, 8, 18], [0, 6, 3, 2, 23, 28, 4, 11], [0, 27, 24, 14]]


#################
lambda = 0.4
mu = 1.8
nu = 0.1

init = 1378.063
res = 795.847
gap = 1.489

solution = [[0, 26, 7, 13, 21, 31, 19, 17], [0, 18, 8, 9, 22, 15, 29, 10, 25, 5, 20], [0, 12, 1, 16, 30], [0, 27, 24, 14], [0, 28, 11, 4, 23, 2, 3, 6]]


#################
lambda = 0.4
mu = 1.9000000000000001
nu = 0.6000000000000001

init = 1289.737
res = 795.847
gap = 1.489

solution = [[0, 12, 1, 16, 30], [0, 26, 7, 13, 21, 31, 19, 17], [0, 20, 5, 25, 10, 29, 15, 22, 9, 8, 18], [0, 6, 3, 2, 23, 4, 11, 28], [0, 27, 24, 14]]


#################
lambda = 0.5
mu = 0.1
nu = 0.1

init = 1090.805
res = 867.718
gap = 9.648

solution = [[0, 22, 9, 18, 8, 11, 4, 28, 23, 6], [0, 21, 31, 19, 17, 2, 3], [0, 30, 26], [0, 12, 1, 13, 7, 16], [0, 20, 5, 25, 10, 15, 29], [0, 14, 24, 27]]


#################
lambda = 0.5
mu = 0.1
nu = 0.8

init = 1078.292
res = 801.962
gap = 2.24

solution = [[0, 7, 13, 21, 31, 19, 17], [0, 12, 1, 16, 26, 30], [0, 28, 11, 4, 23, 2, 3, 6], [0, 29, 18, 8, 9, 22, 15, 10, 25, 5, 20], [0, 27, 24, 14]]


#################
lambda = 0.5
mu = 0.30000000000000004
nu = 0.1

init = 1079.72
res = 905.898
gap = 13.456

solution = [[0, 26, 16, 30], [0, 12, 1, 7, 13, 6], [0, 21, 31, 19, 17, 2, 3, 23], [0, 29, 15, 22, 9, 11, 4, 28, 8, 18], [0, 20, 5, 25, 10], [0, 14, 24, 27]]


#################
lambda = 0.5
mu = 0.30000000000000004
nu = 0.6000000000000001

init = 1084.787
res = 832.784
gap = 5.858

solution = [[0, 21, 31, 19, 17, 2, 3], [0, 22, 9, 18, 8, 11, 4, 28, 23, 6], [0, 20, 5, 25, 10, 15, 29, 27], [0, 30, 14, 24], [0, 26, 16, 7, 13, 1, 12]]


#################
lambda = 0.5
mu = 0.7000000000000001
nu = 0.1

init = 1087.102
res = 863.375
gap = 9.194

solution = [[0, 6, 2, 17, 19, 31, 21], [0, 3, 23, 28, 4, 11, 8, 18, 9, 22], [0, 20, 5, 25, 10, 15, 29, 27], [0, 24, 14], [0, 30, 26], [0, 16, 7, 13, 1, 12]]


#################
lambda = 0.5
mu = 0.8
nu = 0.1

init = 1106.319
res = 867.718
gap = 9.648

solution = [[0, 14, 24, 27], [0, 22, 9, 18, 8, 11, 4, 28, 23, 6], [0, 20, 5, 25, 10, 15, 29], [0, 30, 26], [0, 21, 31, 19, 17, 2, 3], [0, 12, 1, 13, 7, 16]]


#################
lambda = 0.5
mu = 0.9
nu = 0.1

init = 1114.778
res = 808.369
gap = 3.015

solution = [[0, 13, 21, 31, 19, 17, 6], [0, 30, 16, 12, 1, 7, 26], [0, 27, 24, 14], [0, 18, 8, 11, 4, 28, 23, 3, 2], [0, 20, 5, 25, 10, 15, 9, 22, 29]]


#################
lambda = 0.5
mu = 1.0
nu = 1.6

init = 1134.905
res = 839.021
gap = 6.558

solution = [[0, 20, 5, 25, 10, 15, 29], [0, 22, 9, 18, 8, 11, 4, 28, 23, 6], [0, 3, 2, 17, 19, 31, 21], [0, 30, 26, 14, 24, 27], [0, 12, 1, 13, 7, 16]]


#################
lambda = 0.5
mu = 1.1
nu = 0.1

init = 1044.503
res = 793.101
gap = 1.148

solution = [[0, 21, 31, 19, 17, 13, 7, 26], [0, 12, 1, 16, 30], [0, 27, 24, 14], [0, 20, 5, 25, 10, 29, 15, 22, 9, 8, 18], [0, 6, 3, 2, 23, 28, 4, 11]]


#################
lambda = 0.5
mu = 1.2000000000000002
nu = 0.1

init = 1052.83
res = 863.375
gap = 9.194

solution = [[0, 22, 9, 18, 8, 11, 4, 28, 23, 3], [0, 20, 5, 25, 10, 15, 29, 27], [0, 12, 1, 13, 7, 16], [0, 26, 30], [0, 24, 14], [0, 21, 31, 19, 17, 2, 6]]


#################
lambda = 0.5
mu = 1.2000000000000002
nu = 1.9000000000000001

init = 1056.609
res = 863.375
gap = 9.194

solution = [[0, 22, 9, 18, 8, 11, 4, 28, 23, 3], [0, 20, 5, 25, 10, 15, 29, 27], [0, 26, 30], [0, 12, 1, 13, 7, 16], [0, 24, 14], [0, 21, 31, 19, 17, 2, 6]]


#################
lambda = 0.5
mu = 1.3
nu = 0.1

init = 1101.479
res = 839.703
gap = 6.634

solution = [[0, 28, 11, 4, 23, 2, 3, 6], [0, 7, 13, 21, 31, 19, 17], [0, 30, 26], [0, 12, 1, 16], [0, 20, 5, 25, 10, 29, 15, 22, 9, 8, 18], [0, 27, 24, 14]]


#################
lambda = 0.5
mu = 1.3
nu = 0.30000000000000004

init = 1117.263
res = 875.249
gap = 10.426

solution = [[0, 6, 28, 4, 11, 8, 18, 9, 22], [0, 20, 5, 25, 10, 15, 29], [0, 27, 24, 14], [0, 23, 3, 2, 17, 19, 31, 21], [0, 16, 30], [0, 12, 1, 13, 7, 26]]


#################
lambda = 0.5
mu = 1.3
nu = 1.1

init = 1128.166
res = 791.57
gap = 0.956

solution = [[0, 20, 5, 25, 10, 29, 15, 22, 9, 8, 18], [0, 21, 31, 19, 17, 13, 7, 26], [0, 30, 16, 1, 12], [0, 28, 11, 4, 23, 2, 3, 6], [0, 27, 24, 14]]


#################
lambda = 0.5
mu = 1.4000000000000001
nu = 0.1

init = 1147.331
res = 791.57
gap = 0.956

solution = [[0, 20, 5, 25, 10, 29, 15, 22, 9, 8, 18], [0, 21, 31, 19, 17, 13, 7, 26], [0, 12, 1, 16, 30], [0, 27, 24, 14], [0, 28, 11, 4, 23, 2, 3, 6]]


#################
lambda = 0.5
mu = 1.4000000000000001
nu = 1.4000000000000001

init = 1172.702
res = 791.57
gap = 0.956

solution = [[0, 21, 31, 19, 17, 13, 7, 26], [0, 12, 1, 16, 30], [0, 6, 3, 2, 23, 4, 11, 28], [0, 27, 24, 14], [0, 20, 5, 25, 10, 29, 15, 22, 9, 8, 18]]


#################
lambda = 0.5
mu = 1.4000000000000001
nu = 1.7000000000000002

init = 1223.149
res = 808.369
gap = 3.015

solution = [[0, 29, 22, 9, 15, 10, 25, 5, 20], [0, 18, 8, 11, 4, 28, 23, 3, 2], [0, 13, 21, 31, 19, 17, 6], [0, 30, 16, 12, 1, 7, 26], [0, 27, 24, 14]]


#################
lambda = 0.5
mu = 1.6
nu = 1.2000000000000002

init = 1335.719
res = 868.99
gap = 9.78

solution = [[0, 12, 1, 13, 7, 16], [0, 30, 26], [0, 27, 24, 14], [0, 20, 5, 25, 10, 15, 29], [0, 6, 28, 4, 11, 8, 18, 9, 22], [0, 21, 31, 19, 17, 2, 3, 23]]


#################
lambda = 0.5
mu = 1.6
nu = 1.7000000000000002

init = 1460.648
res = 866.971
gap = 9.57

solution = [[0, 3, 2, 23, 28, 4, 11, 8, 18], [0, 27], [0, 20, 5, 25, 10, 29, 15, 9, 22], [0, 21, 31, 19, 17, 13, 6], [0, 24, 14], [0, 30, 16, 12, 1, 7, 26]]


#################
lambda = 0.5
mu = 1.7000000000000002
nu = 0.1

init = 1355.32
res = 863.229
gap = 9.178

solution = [[0, 21, 31, 19, 17, 3, 2], [0, 22, 9, 18, 8, 11, 4, 28, 23, 6], [0, 20, 5, 25, 10, 15, 29, 27], [0, 24, 14], [0, 30, 26], [0, 12, 1, 13, 7, 16]]


#################
lambda = 0.5
mu = 1.7000000000000002
nu = 1.5

init = 1409.087
res = 797.378
gap = 1.678

solution = [[0, 26, 7, 13, 21, 31, 19, 17], [0, 27, 24, 14], [0, 30, 16, 1, 12], [0, 20, 5, 25, 10, 29, 15, 22, 9, 8, 18], [0, 6, 3, 2, 23, 28, 4, 11]]


#################
lambda = 0.5
mu = 1.8
nu = 0.1

init = 1411.874
res = 795.847
gap = 1.489

solution = [[0, 28, 11, 4, 23, 2, 3, 6], [0, 20, 5, 25, 10, 29, 15, 22, 9, 8, 18], [0, 26, 7, 13, 21, 31, 19, 17], [0, 27, 24, 14], [0, 30, 16, 1, 12]]


#################
lambda = 0.5
mu = 1.8
nu = 0.30000000000000004

init = 1422.295
res = 797.378
gap = 1.678

solution = [[0, 26, 7, 13, 21, 31, 19, 17], [0, 12, 1, 16, 30], [0, 20, 5, 25, 10, 29, 15, 22, 9, 8, 18], [0, 6, 3, 2, 23, 28, 4, 11], [0, 27, 24, 14]]


#################
lambda = 0.6000000000000001
mu = 0.1
nu = 0.1

init = 1056.535
res = 791.57
gap = 0.956

solution = [[0, 27, 24, 14], [0, 28, 11, 4, 23, 2, 3, 6], [0, 18, 8, 9, 22, 15, 29, 10, 25, 5, 20], [0, 21, 31, 19, 17, 13, 7, 26], [0, 12, 1, 16, 30]]


#################
lambda = 0.6000000000000001
mu = 0.1
nu = 0.30000000000000004

init = 1044.486
res = 791.57
gap = 0.956

solution = [[0, 21, 31, 19, 17, 13, 7, 26], [0, 20, 5, 25, 10, 29, 15, 22, 9, 8, 18], [0, 28, 11, 4, 23, 2, 3, 6], [0, 27, 24, 14], [0, 30, 16, 1, 12]]


#################
lambda = 0.6000000000000001
mu = 0.2
nu = 0.1

init = 1054.818
res = 818.68
gap = 4.236

solution = [[0, 20, 5, 25, 10, 23, 2, 3, 6], [0, 26, 7, 13, 17, 19, 31, 21], [0, 12, 1, 16, 30], [0, 18, 8, 28, 4, 11, 9, 22, 15, 29], [0, 27, 24, 14]]


#################
lambda = 0.6000000000000001
mu = 0.5
nu = 0.1

init = 1073.537
res = 930.885
gap = 15.779

solution = [[0, 22, 9, 18, 8, 11, 4, 28, 23, 6], [0, 21, 31, 19, 17, 2, 3], [0, 30, 26], [0, 29, 15, 10, 25, 5, 20], [0, 14, 24, 27], [0, 1, 12], [0, 7, 13, 16]]


#################
lambda = 0.6000000000000001
mu = 0.5
nu = 0.30000000000000004

init = 1060.964
res = 822.957
gap = 4.734

solution = [[0, 26, 7, 13, 21, 31, 19, 17], [0, 18, 8, 28, 4, 11, 9, 22, 15, 29], [0, 12, 1, 16, 30], [0, 27, 24, 14], [0, 20, 5, 25, 10, 23, 2, 3, 6]]


#################
lambda = 0.6000000000000001
mu = 0.5
nu = 0.6000000000000001

init = 1069.815
res = 832.784
gap = 5.858

solution = [[0, 22, 9, 18, 8, 11, 4, 28, 23, 6], [0, 20, 5, 25, 10, 15, 29, 27], [0, 3, 2, 17, 19, 31, 21], [0, 12, 1, 13, 7, 16, 26], [0, 24, 14, 30]]


#################
lambda = 0.6000000000000001
mu = 0.7000000000000001
nu = 0.9

init = 1078.403
res = 795.847
gap = 1.489

solution = [[0, 28, 11, 4, 23, 2, 3, 6], [0, 26, 7, 13, 21, 31, 19, 17], [0, 12, 1, 16, 30], [0, 27, 24, 14], [0, 20, 5, 25, 10, 29, 15, 22, 9, 8, 18]]


#################
lambda = 0.6000000000000001
mu = 0.8
nu = 0.1

init = 1118.897
res = 852.874
gap = 8.076

solution = [[0, 29, 22, 9, 15, 10, 25, 5, 20], [0, 18, 8, 11, 4, 28, 23, 3, 2], [0, 27, 24, 14], [0, 13, 21, 31, 19, 17, 6], [0, 12, 1, 7, 26], [0, 16, 30]]


#################
lambda = 0.6000000000000001
mu = 1.3
nu = 1.0

init = 991.905
res = 832.784
gap = 5.858

solution = [[0, 3, 2, 17, 19, 31, 21], [0, 22, 9, 18, 8, 11, 4, 28, 23, 6], [0, 20, 5, 25, 10, 15, 29, 27], [0, 30, 14, 24], [0, 26, 16, 7, 13, 1, 12]]


#################
lambda = 0.6000000000000001
mu = 1.3
nu = 1.6

init = 1048.307
res = 820.738
gap = 4.476

solution = [[0, 26, 7, 13, 21, 31, 19, 17], [0, 29, 22, 9, 15, 10, 25, 5, 20], [0, 12, 1, 16, 30], [0, 27, 24, 14, 6], [0, 3, 2, 23, 28, 4, 11, 8, 18]]


#################
lambda = 0.6000000000000001
mu = 1.3
nu = 1.9000000000000001

init = 1039.849
res = 867.718
gap = 9.648

solution = [[0, 14, 24, 27], [0, 30, 26], [0, 12, 1, 13, 7, 16], [0, 29, 15, 10, 25, 5, 20], [0, 3, 2, 17, 19, 31, 21], [0, 6, 23, 28, 4, 11, 8, 18, 9, 22]]


#################
lambda = 0.6000000000000001
mu = 1.4000000000000001
nu = 0.1

init = 1100.601
res = 832.784
gap = 5.858

solution = [[0, 12, 1, 13, 7, 16, 26], [0, 6, 23, 28, 4, 11, 8, 18, 9, 22], [0, 3, 2, 17, 19, 31, 21], [0, 20, 5, 25, 10, 15, 29, 27], [0, 30, 14, 24]]


#################
lambda = 0.6000000000000001
mu = 1.4000000000000001
nu = 1.6

init = 1082.796
res = 832.784
gap = 5.858

solution = [[0, 12, 1, 13, 7, 16, 26], [0, 6, 23, 28, 4, 11, 8, 18, 9, 22], [0, 3, 2, 17, 19, 31, 21], [0, 20, 5, 25, 10, 15, 29, 27], [0, 30, 14, 24]]


#################
lambda = 0.6000000000000001
mu = 1.5
nu = 0.5

init = 1156.65
res = 839.021
gap = 6.558

solution = [[0, 6, 23, 28, 4, 11, 8, 18, 9, 22], [0, 21, 31, 19, 17, 2, 3], [0, 20, 5, 25, 10, 15, 29], [0, 30, 26, 14, 24, 27], [0, 12, 1, 13, 7, 16]]


#################
lambda = 0.6000000000000001
mu = 1.5
nu = 1.6

init = 1200.915
res = 851.087
gap = 7.883

solution = [[0, 26, 7, 1, 12, 16, 30], [0, 24, 14], [0, 13, 21, 31, 19, 17, 6], [0, 27], [0, 29, 22, 9, 15, 10, 25, 5, 20], [0, 3, 2, 23, 28, 4, 11, 8, 18]]


#################
lambda = 0.6000000000000001
mu = 1.7000000000000002
nu = 1.4000000000000001

init = 1268.004
res = 793.101
gap = 1.148

solution = [[0, 21, 31, 19, 17, 13, 7, 26], [0, 18, 8, 9, 22, 15, 29, 10, 25, 5, 20], [0, 30, 16, 1, 12], [0, 6, 3, 2, 23, 28, 4, 11], [0, 27, 24, 14]]


#################
lambda = 0.6000000000000001
mu = 1.8
nu = 0.1

init = 1423.471
res = 855.147
gap = 8.32

solution = [[0, 30], [0, 16, 12, 1, 13, 7, 26], [0, 24, 14], [0, 20, 5, 25, 10, 15, 29, 27], [0, 6, 28, 4, 11, 8, 18, 9, 22], [0, 21, 31, 19, 17, 2, 3, 23]]


#################
lambda = 0.6000000000000001
mu = 1.8
nu = 1.4000000000000001

init = 1349.506
res = 791.57
gap = 0.956

solution = [[0, 26, 7, 13, 17, 19, 31, 21], [0, 28, 11, 4, 23, 2, 3, 6], [0, 20, 5, 25, 10, 29, 15, 22, 9, 8, 18], [0, 27, 24, 14], [0, 12, 1, 16, 30]]


#################
lambda = 0.6000000000000001
mu = 1.9000000000000001
nu = 0.1

init = 1449.364
res = 859.619
gap = 8.797

solution = [[0, 24, 14], [0, 16, 7, 13, 1, 12], [0, 30, 26], [0, 27, 29, 15, 10, 25, 5, 20], [0, 22, 9, 18, 8, 11, 4, 28, 23, 6], [0, 21, 31, 19, 17, 2, 3]]


#################
lambda = 0.6000000000000001
mu = 1.9000000000000001
nu = 1.6

init = 1468.693
res = 867.718
gap = 9.648

solution = [[0, 14, 24, 27], [0, 20, 5, 25, 10, 15, 29], [0, 3, 2, 17, 19, 31, 21], [0, 6, 23, 28, 4, 11, 8, 18, 9, 22], [0, 12, 1, 13, 7, 16], [0, 30, 26]]


#################
lambda = 0.7000000000000001
mu = 0.1
nu = 0.1

init = 1031.818
res = 797.378
gap = 1.678

solution = [[0, 6, 3, 2, 23, 28, 4, 11], [0, 20, 5, 25, 10, 29, 15, 22, 9, 8, 18], [0, 26, 7, 13, 21, 31, 19, 17], [0, 27, 24, 14], [0, 12, 1, 16, 30]]


#################
lambda = 0.7000000000000001
mu = 0.1
nu = 0.6000000000000001

init = 1031.635
res = 795.847
gap = 1.489

solution = [[0, 28, 11, 4, 23, 2, 3, 6], [0, 12, 1, 16, 30], [0, 26, 7, 13, 21, 31, 19, 17], [0, 20, 5, 25, 10, 29, 15, 22, 9, 8, 18], [0, 27, 24, 14]]


#################
lambda = 0.7000000000000001
mu = 0.2
nu = 0.1

init = 1017.25
res = 834.678
gap = 6.072

solution = [[0, 21, 31, 19, 17, 2, 6], [0, 3, 23, 28, 4, 11, 8, 18, 9, 22], [0, 30, 26, 14, 24], [0, 20, 5, 25, 10, 15, 29, 27], [0, 12, 1, 13, 7, 16]]


#################
lambda = 0.7000000000000001
mu = 0.4
nu = 0.1

init = 1067.347
res = 832.784
gap = 5.858

solution = [[0, 12, 1, 13, 7, 16, 26], [0, 20, 5, 25, 10, 15, 29, 27], [0, 24, 14, 30], [0, 6, 23, 28, 4, 11, 8, 18, 9, 22], [0, 21, 31, 19, 17, 2, 3]]


#################
lambda = 0.7000000000000001
mu = 0.5
nu = 0.1

init = 1076.054
res = 795.847
gap = 1.489

solution = [[0, 26, 7, 13, 21, 31, 19, 17], [0, 20, 5, 25, 10, 29, 15, 22, 9, 8, 18], [0, 12, 1, 16, 30], [0, 28, 11, 4, 23, 2, 3, 6], [0, 14, 24, 27]]


#################
lambda = 0.7000000000000001
mu = 0.8
nu = 0.1

init = 1059.187
res = 795.847
gap = 1.489

solution = [[0, 26, 7, 13, 21, 31, 19, 17], [0, 20, 5, 25, 10, 29, 15, 22, 9, 8, 18], [0, 28, 11, 4, 23, 2, 3, 6], [0, 27, 24, 14], [0, 30, 16, 1, 12]]


#################
lambda = 0.7000000000000001
mu = 0.8
nu = 0.7000000000000001

init = 1050.775
res = 840.884
gap = 6.765

solution = [[0, 22, 9, 18, 8, 11, 4, 28, 23, 6], [0, 3, 2, 17, 19, 31, 21], [0, 12, 1, 13, 7, 16, 26], [0, 30, 14, 24, 27], [0, 20, 5, 25, 10, 15, 29]]


#################
lambda = 0.7000000000000001
mu = 0.8
nu = 0.8

init = 1074.599
res = 832.784
gap = 5.858

solution = [[0, 20, 5, 25, 10, 15, 29, 27], [0, 12, 1, 13, 7, 16, 26], [0, 24, 14, 30], [0, 6, 23, 28, 4, 11, 8, 18, 9, 22], [0, 21, 31, 19, 17, 2, 3]]


#################
lambda = 0.7000000000000001
mu = 0.9
nu = 0.1

init = 1065.825
res = 791.359
gap = 0.93

solution = [[0, 26, 7, 13, 21, 31, 19, 17], [0, 12, 1, 16, 30], [0, 20, 5, 25, 10, 29, 15, 22, 9, 8, 18], [0, 27, 24], [0, 14, 28, 11, 4, 23, 2, 3, 6]]


#################
lambda = 0.7000000000000001
mu = 1.0
nu = 0.1

init = 1149.117
res = 807.949
gap = 2.964

solution = [[0, 13, 21, 31, 19, 17, 6], [0, 27, 24, 14], [0, 26, 7, 1, 12, 16, 30], [0, 29, 22, 9, 15, 10, 25, 5, 20], [0, 3, 2, 23, 28, 4, 11, 8, 18]]


#################
lambda = 0.7000000000000001
mu = 1.0
nu = 0.6000000000000001

init = 1145.074
res = 797.378
gap = 1.678

solution = [[0, 26, 7, 13, 21, 31, 19, 17], [0, 20, 5, 25, 10, 29, 15, 22, 9, 8, 18], [0, 6, 3, 2, 23, 28, 4, 11], [0, 14, 24, 27], [0, 12, 1, 16, 30]]


#################
lambda = 0.7000000000000001
mu = 1.0
nu = 1.5

init = 1065.77
res = 884.958
gap = 11.408

solution = [[0, 6, 3, 2, 23], [0, 21, 31, 19, 17, 13, 7, 26], [0, 12, 1, 16, 30], [0, 22, 9, 18, 8, 11, 4, 28], [0, 27, 29, 15, 10, 25, 5, 20], [0, 14, 24]]


#################
lambda = 0.7000000000000001
mu = 1.0
nu = 1.9000000000000001

init = 1071.19
res = 791.57
gap = 0.956

solution = [[0, 21, 31, 19, 17, 13, 7, 26], [0, 28, 11, 4, 23, 2, 3, 6], [0, 20, 5, 25, 10, 29, 15, 22, 9, 8, 18], [0, 27, 24, 14], [0, 12, 1, 16, 30]]


#################
lambda = 0.7000000000000001
mu = 1.5
nu = 1.0

init = 1087.21
res = 797.378
gap = 1.678

solution = [[0, 26, 7, 13, 21, 31, 19, 17], [0, 27, 24, 14], [0, 30, 16, 1, 12], [0, 20, 5, 25, 10, 29, 15, 22, 9, 8, 18], [0, 6, 3, 2, 23, 28, 4, 11]]


#################
lambda = 0.7000000000000001
mu = 1.5
nu = 1.4000000000000001

init = 1033.387
res = 852.061
gap = 7.988

solution = [[0, 22, 9, 18, 8, 11, 4, 28, 23, 6], [0, 20, 5, 25, 10, 15, 29, 27], [0, 30], [0, 3, 2, 17, 19, 31, 21], [0, 26, 16, 7, 13, 1, 12], [0, 14, 24]]


#################
lambda = 0.7000000000000001
mu = 1.6
nu = 0.1

init = 1160.444
res = 791.57
gap = 0.956

solution = [[0, 18, 8, 9, 22, 15, 29, 10, 25, 5, 20], [0, 6, 3, 2, 23, 4, 11, 28], [0, 27, 24, 14], [0, 12, 1, 16, 30], [0, 21, 31, 19, 17, 13, 7, 26]]


#################
lambda = 0.7000000000000001
mu = 1.6
nu = 1.9000000000000001

init = 1179.692
res = 834.678
gap = 6.072

solution = [[0, 6, 2, 17, 19, 31, 21], [0, 22, 9, 18, 8, 11, 4, 28, 23, 3], [0, 20, 5, 25, 10, 15, 29, 27], [0, 24, 14, 26, 30], [0, 16, 7, 13, 1, 12]]


#################
lambda = 0.7000000000000001
mu = 1.7000000000000002
nu = 0.1

init = 1305.842
res = 793.101
gap = 1.148

solution = [[0, 21, 31, 19, 17, 13, 7, 26], [0, 12, 1, 16, 30], [0, 27, 24, 14], [0, 20, 5, 25, 10, 29, 15, 22, 9, 8, 18], [0, 6, 3, 2, 23, 28, 4, 11]]


#################
lambda = 0.7000000000000001
mu = 1.7000000000000002
nu = 0.5

init = 1304.233
res = 867.718
gap = 9.648

solution = [[0, 30, 26], [0, 22, 9, 18, 8, 11, 4, 28, 23, 6], [0, 20, 5, 25, 10, 15, 29], [0, 14, 24, 27], [0, 21, 31, 19, 17, 2, 3], [0, 12, 1, 13, 7, 16]]


#################
lambda = 0.7000000000000001
mu = 1.7000000000000002
nu = 0.9

init = 1304.116
res = 807.949
gap = 2.964

solution = [[0, 6, 17, 19, 31, 21, 13], [0, 3, 2, 23, 28, 4, 11, 8, 18], [0, 20, 5, 25, 10, 15, 9, 22, 29], [0, 14, 24, 27], [0, 30, 16, 12, 1, 7, 26]]


#################
lambda = 0.7000000000000001
mu = 1.7000000000000002
nu = 1.2000000000000002

init = 1299.839
res = 791.57
gap = 0.956

solution = [[0, 28, 11, 4, 23, 2, 3, 6], [0, 12, 1, 16, 30], [0, 26, 7, 13, 17, 19, 31, 21], [0, 27, 24, 14], [0, 20, 5, 25, 10, 29, 15, 22, 9, 8, 18]]


#################
lambda = 0.7000000000000001
mu = 1.7000000000000002
nu = 1.5

init = 1339.336
res = 791.57
gap = 0.956

solution = [[0, 28, 11, 4, 23, 2, 3, 6], [0, 20, 5, 25, 10, 29, 15, 22, 9, 8, 18], [0, 26, 7, 13, 17, 19, 31, 21], [0, 27, 24, 14], [0, 12, 1, 16, 30]]


#################
lambda = 0.7000000000000001
mu = 1.7000000000000002
nu = 1.7000000000000002

init = 1326.166
res = 797.378
gap = 1.678

solution = [[0, 26, 7, 13, 21, 31, 19, 17], [0, 20, 5, 25, 10, 29, 15, 22, 9, 8, 18], [0, 6, 3, 2, 23, 28, 4, 11], [0, 14, 24, 27], [0, 12, 1, 16, 30]]


#################
lambda = 0.7000000000000001
mu = 1.8
nu = 0.2

init = 1100.04
res = 791.57
gap = 0.956

solution = [[0, 21, 31, 19, 17, 13, 7, 26], [0, 6, 3, 2, 23, 4, 11, 28], [0, 20, 5, 25, 10, 29, 15, 22, 9, 8, 18], [0, 27, 24, 14], [0, 12, 1, 16, 30]]


#################
lambda = 0.7000000000000001
mu = 1.9000000000000001
nu = 0.1

init = 1293.803
res = 808.334
gap = 3.01

solution = [[0, 13, 21, 31, 19, 17, 6], [0, 29, 22, 9, 15, 10, 25, 5, 20], [0, 3, 2, 23, 28, 4, 11, 8, 18], [0, 27, 24, 14], [0, 30, 26, 16, 7, 1, 12]]


#################
lambda = 0.7000000000000001
mu = 1.9000000000000001
nu = 1.0

init = 1304.052
res = 791.57
gap = 0.956

solution = [[0, 6, 3, 2, 23, 4, 11, 28], [0, 21, 31, 19, 17, 13, 7, 26], [0, 12, 1, 16, 30], [0, 27, 24, 14], [0, 18, 8, 9, 22, 15, 29, 10, 25, 5, 20]]


#################
lambda = 0.7000000000000001
mu = 1.9000000000000001
nu = 1.6

init = 1314.976
res = 818.68
gap = 4.236

solution = [[0, 26, 7, 13, 17, 19, 31, 21], [0, 29, 15, 22, 9, 11, 4, 28, 8, 18], [0, 12, 1, 16, 30], [0, 14, 24, 27], [0, 20, 5, 25, 10, 23, 2, 3, 6]]


#################
lambda = 0.8
mu = 0.1
nu = 0.1

init = 981.812
res = 795.847
gap = 1.489

solution = [[0, 28, 11, 4, 23, 2, 3, 6], [0, 18, 8, 9, 22, 15, 29, 10, 25, 5, 20], [0, 26, 7, 13, 21, 31, 19, 17], [0, 27, 24, 14], [0, 30, 16, 1, 12]]


#################
lambda = 0.8
mu = 0.1
nu = 1.8

init = 1040.326
res = 867.718
gap = 9.648

solution = [[0, 3, 2, 17, 19, 31, 21], [0, 14, 24, 27], [0, 30, 26], [0, 12, 1, 13, 7, 16], [0, 20, 5, 25, 10, 15, 29], [0, 22, 9, 18, 8, 11, 4, 28, 23, 6]]


#################
lambda = 0.8
mu = 0.2
nu = 1.4000000000000001

init = 1018.967
res = 867.718
gap = 9.648

solution = [[0, 14, 24, 27], [0, 6, 23, 28, 4, 11, 8, 18, 9, 22], [0, 20, 5, 25, 10, 15, 29], [0, 3, 2, 17, 19, 31, 21], [0, 30, 26], [0, 12, 1, 13, 7, 16]]


#################
lambda = 0.8
mu = 0.4
nu = 0.1

init = 1071.228
res = 834.056
gap = 6.002

solution = [[0, 12, 1, 13, 7, 16, 26], [0, 21, 31, 19, 17, 2, 3, 23], [0, 6, 28, 4, 11, 8, 18, 9, 22], [0, 20, 5, 25, 10, 15, 29, 27], [0, 30, 14, 24]]


#################
lambda = 0.8
mu = 0.4
nu = 0.30000000000000004

init = 1085.795
res = 840.884
gap = 6.765

solution = [[0, 20, 5, 25, 10, 15, 29], [0, 30, 14, 24, 27], [0, 12, 1, 13, 7, 16, 26], [0, 6, 23, 28, 4, 11, 8, 18, 9, 22], [0, 21, 31, 19, 17, 2, 3]]


#################
lambda = 0.8
mu = 1.3
nu = 0.1

init = 1074.152
res = 840.884
gap = 6.765

solution = [[0, 20, 5, 25, 10, 15, 29], [0, 6, 23, 28, 4, 11, 8, 18, 9, 22], [0, 21, 31, 19, 17, 2, 3], [0, 30, 14, 24, 27], [0, 12, 1, 13, 7, 16, 26]]


#################
lambda = 0.8
mu = 1.3
nu = 0.9

init = 1074.098
res = 793.101
gap = 1.148

solution = [[0, 21, 31, 19, 17, 13, 7, 26], [0, 12, 1, 16, 30], [0, 27, 24, 14], [0, 20, 5, 25, 10, 29, 15, 22, 9, 8, 18], [0, 6, 3, 2, 23, 28, 4, 11]]


#################
lambda = 0.8
mu = 1.5
nu = 0.1

init = 1047.016
res = 830.922
gap = 5.647

solution = [[0, 3, 2, 17, 19, 31, 21], [0, 30, 26, 14, 24], [0, 6, 23, 28, 4, 11, 8, 18, 9, 22], [0, 12, 1, 13, 7, 16], [0, 20, 5, 25, 10, 15, 29, 27]]


#################
lambda = 0.8
mu = 1.5
nu = 0.9

init = 1008.314
res = 832.784
gap = 5.858

solution = [[0, 20, 5, 25, 10, 15, 29, 27], [0, 3, 2, 17, 19, 31, 21], [0, 6, 23, 28, 4, 11, 8, 18, 9, 22], [0, 24, 14, 30], [0, 12, 1, 13, 7, 16, 26]]


#################
lambda = 0.8
mu = 1.5
nu = 1.0

init = 993.246
res = 793.101
gap = 1.148

solution = [[0, 21, 31, 19, 17, 13, 7, 26], [0, 12, 1, 16, 30], [0, 27, 24, 14], [0, 20, 5, 25, 10, 29, 15, 22, 9, 8, 18], [0, 6, 3, 2, 23, 28, 4, 11]]


#################
lambda = 0.8
mu = 1.6
nu = 0.1

init = 1147.68
res = 840.884
gap = 6.765

solution = [[0, 3, 2, 17, 19, 31, 21], [0, 6, 23, 28, 4, 11, 8, 18, 9, 22], [0, 26, 16, 7, 13, 1, 12], [0, 20, 5, 25, 10, 15, 29], [0, 30, 14, 24, 27]]


#################
lambda = 0.8
mu = 1.6
nu = 0.2

init = 1035.695
res = 859.619
gap = 8.797

solution = [[0, 22, 9, 18, 8, 11, 4, 28, 23, 6], [0, 3, 2, 17, 19, 31, 21], [0, 24, 14], [0, 12, 1, 13, 7, 16], [0, 30, 26], [0, 20, 5, 25, 10, 15, 29, 27]]


#################
lambda = 0.8
mu = 1.6
nu = 0.7000000000000001

init = 1140.998
res = 867.356
gap = 9.61

solution = [[0, 21, 31, 19, 17, 13, 6], [0, 27], [0, 24, 14], [0, 30, 26, 16, 7, 1, 12], [0, 18, 8, 11, 4, 28, 23, 2, 3], [0, 20, 5, 25, 10, 29, 15, 9, 22]]


#################
lambda = 0.8
mu = 1.6
nu = 1.4000000000000001

init = 1146.363
res = 818.68
gap = 4.236

solution = [[0, 21, 31, 19, 17, 13, 7, 26], [0, 29, 15, 22, 9, 11, 4, 28, 8, 18], [0, 12, 1, 16, 30], [0, 27, 24, 14], [0, 20, 5, 25, 10, 23, 2, 3, 6]]


#################
lambda = 0.8
mu = 1.6
nu = 1.5

init = 1041.061
res = 846.615
gap = 7.396

solution = [[0, 30, 26], [0, 29, 22, 9, 15, 10, 25, 5, 20], [0, 13, 21, 31, 19, 17, 6], [0, 12, 1, 7, 16], [0, 27, 24, 14], [0, 18, 8, 11, 4, 28, 23, 3, 2]]


#################
lambda = 0.8
mu = 1.7000000000000002
nu = 0.1

init = 1187.629
res = 928.814
gap = 15.591

solution = [[0, 30, 26], [0, 16, 1, 12], [0, 14, 24], [0, 6, 3, 2, 23], [0, 21, 31, 19, 17, 13, 7], [0, 28, 4, 11, 8, 18, 9, 22], [0, 20, 5, 25, 10, 15, 29, 27]]


#################
lambda = 0.8
mu = 1.7000000000000002
nu = 1.2000000000000002

init = 1079.067
res = 859.619
gap = 8.797

solution = [[0, 30, 26], [0, 16, 7, 13, 1, 12], [0, 20, 5, 25, 10, 15, 29, 27], [0, 24, 14], [0, 6, 23, 28, 4, 11, 8, 18, 9, 22], [0, 21, 31, 19, 17, 2, 3]]


#################
lambda = 0.8
mu = 1.9000000000000001
nu = 0.1

init = 1104.488
res = 852.061
gap = 7.988

solution = [[0, 20, 5, 25, 10, 15, 29, 27], [0, 24, 14], [0, 30], [0, 26, 16, 7, 13, 1, 12], [0, 21, 31, 19, 17, 2, 3], [0, 6, 23, 28, 4, 11, 8, 18, 9, 22]]


#################
lambda = 0.9
mu = 0.1
nu = 0.1

init = 997.016
res = 859.619
gap = 8.797

solution = [[0, 22, 9, 18, 8, 11, 4, 28, 23, 6], [0, 3, 2, 17, 19, 31, 21], [0, 30, 26], [0, 16, 7, 13, 1, 12], [0, 20, 5, 25, 10, 15, 29, 27], [0, 24, 14]]


#################
lambda = 0.9
mu = 0.1
nu = 1.2000000000000002

init = 1032.499
res = 867.718
gap = 9.648

solution = [[0, 30, 26], [0, 6, 23, 28, 4, 11, 8, 18, 9, 22], [0, 12, 1, 13, 7, 16], [0, 3, 2, 17, 19, 31, 21], [0, 20, 5, 25, 10, 15, 29], [0, 14, 24, 27]]


#################
lambda = 0.9
mu = 0.6000000000000001
nu = 0.1

init = 1073.054
res = 842.156
gap = 6.906

solution = [[0, 26, 16, 7, 13, 1, 12], [0, 6, 28, 4, 11, 8, 18, 9, 22], [0, 21, 31, 19, 17, 2, 3, 23], [0, 20, 5, 25, 10, 15, 29], [0, 30, 14, 24, 27]]


#################
lambda = 0.9
mu = 0.6000000000000001
nu = 0.4

init = 1087.622
res = 863.375
gap = 9.194

solution = [[0, 20, 5, 25, 10, 15, 29, 27], [0, 22, 9, 18, 8, 11, 4, 28, 23, 3], [0, 14, 24], [0, 30, 26], [0, 21, 31, 19, 17, 2, 6], [0, 16, 7, 13, 1, 12]]


#################
lambda = 0.9
mu = 0.9
nu = 0.1

init = 1056.016
res = 867.718
gap = 9.648

solution = [[0, 3, 2, 17, 19, 31, 21], [0, 12, 1, 13, 7, 16], [0, 30, 26], [0, 14, 24, 27], [0, 22, 9, 18, 8, 11, 4, 28, 23, 6], [0, 20, 5, 25, 10, 15, 29]]


#################
lambda = 0.9
mu = 1.4000000000000001
nu = 0.30000000000000004

init = 1079.517
res = 795.847
gap = 1.489

solution = [[0, 28, 11, 4, 23, 2, 3, 6], [0, 26, 7, 13, 21, 31, 19, 17], [0, 12, 1, 16, 30], [0, 27, 24, 14], [0, 20, 5, 25, 10, 29, 15, 22, 9, 8, 18]]


#################
lambda = 0.9
mu = 1.5
nu = 0.1

init = 1063.37
res = 855.147
gap = 8.32

solution = [[0, 16, 12, 1, 13, 7, 26], [0, 30], [0, 6, 28, 4, 11, 8, 18, 9, 22], [0, 21, 31, 19, 17, 2, 3, 23], [0, 20, 5, 25, 10, 15, 29, 27], [0, 24, 14]]


#################
lambda = 0.9
mu = 1.5
nu = 0.5

init = 1059.327
res = 859.619
gap = 8.797

solution = [[0, 14, 24], [0, 27, 29, 15, 10, 25, 5, 20], [0, 30, 26], [0, 16, 7, 13, 1, 12], [0, 6, 23, 28, 4, 11, 8, 18, 9, 22], [0, 3, 2, 17, 19, 31, 21]]


#################
lambda = 0.9
mu = 1.5
nu = 1.2000000000000002

init = 1068.735
res = 840.884
gap = 6.765

solution = [[0, 20, 5, 25, 10, 15, 29], [0, 6, 23, 28, 4, 11, 8, 18, 9, 22], [0, 21, 31, 19, 17, 2, 3], [0, 30, 14, 24, 27], [0, 12, 1, 13, 7, 16, 26]]


#################
lambda = 0.9
mu = 1.6
nu = 0.1

init = 1062.027
res = 795.847
gap = 1.489

solution = [[0, 28, 11, 4, 23, 2, 3, 6], [0, 20, 5, 25, 10, 29, 15, 22, 9, 8, 18], [0, 27, 24, 14], [0, 26, 7, 13, 21, 31, 19, 17], [0, 30, 16, 1, 12]]


#################
lambda = 0.9
mu = 1.6
nu = 1.9000000000000001

init = 1147.432
res = 791.57
gap = 0.956

solution = [[0, 28, 11, 4, 23, 2, 3, 6], [0, 21, 31, 19, 17, 13, 7, 26], [0, 20, 5, 25, 10, 29, 15, 22, 9, 8, 18], [0, 14, 24, 27], [0, 12, 1, 16, 30]]


#################
lambda = 0.9
mu = 1.7000000000000002
nu = 0.30000000000000004

init = 1097.336
res = 863.375
gap = 9.194

solution = [[0, 14, 24], [0, 21, 31, 19, 17, 2, 6], [0, 12, 1, 13, 7, 16], [0, 30, 26], [0, 27, 29, 15, 10, 25, 5, 20], [0, 22, 9, 18, 8, 11, 4, 28, 23, 3]]


#################
lambda = 0.9
mu = 1.8
nu = 0.1

init = 1204.14
res = 791.359
gap = 0.93

solution = [[0, 26, 7, 13, 21, 31, 19, 17], [0, 20, 5, 25, 10, 29, 15, 22, 9, 8, 18], [0, 12, 1, 16, 30], [0, 27, 24], [0, 6, 3, 2, 23, 4, 11, 28, 14]]


#################
lambda = 0.9
mu = 1.8
nu = 0.6000000000000001

init = 1215.993
res = 791.359
gap = 0.93

solution = [[0, 26, 7, 13, 21, 31, 19, 17], [0, 20, 5, 25, 10, 29, 15, 22, 9, 8, 18], [0, 12, 1, 16, 30], [0, 27, 24], [0, 6, 3, 2, 23, 4, 11, 28, 14]]


#################
lambda = 0.9
mu = 1.8
nu = 1.9000000000000001

init = 1107.431
res = 841.234
gap = 6.804

solution = [[0, 7, 13, 21, 31, 19, 17], [0, 30, 26], [0, 18, 8, 9, 22, 15, 29, 10, 25, 5, 20], [0, 12, 1, 16], [0, 6, 3, 2, 23, 28, 4, 11], [0, 27, 24, 14]]


#################
lambda = 0.9
mu = 1.9000000000000001
nu = 0.1

init = 1271.819
res = 791.359
gap = 0.93

solution = [[0, 26, 7, 13, 21, 31, 19, 17], [0, 20, 5, 25, 10, 29, 15, 22, 9, 8, 18], [0, 12, 1, 16, 30], [0, 27, 24], [0, 6, 3, 2, 23, 4, 11, 28, 14]]


#################
lambda = 0.9
mu = 1.9000000000000001
nu = 0.6000000000000001

init = 1270.209
res = 841.234
gap = 6.804

solution = [[0, 7, 13, 21, 31, 19, 17], [0, 12, 1, 16], [0, 30, 26], [0, 18, 8, 9, 22, 15, 29, 10, 25, 5, 20], [0, 6, 3, 2, 23, 28, 4, 11], [0, 27, 24, 14]]


#################
lambda = 0.9
mu = 1.9000000000000001
nu = 1.1

init = 1270.093
res = 791.359
gap = 0.93

solution = [[0, 26, 7, 13, 21, 31, 19, 17], [0, 20, 5, 25, 10, 29, 15, 22, 9, 8, 18], [0, 12, 1, 16, 30], [0, 27, 24], [0, 6, 3, 2, 23, 4, 11, 28, 14]]


#################
lambda = 0.9
mu = 1.9000000000000001
nu = 1.3

init = 1271.181
res = 834.678
gap = 6.072

solution = [[0, 21, 31, 19, 17, 2, 6], [0, 22, 9, 18, 8, 11, 4, 28, 23, 3], [0, 20, 5, 25, 10, 15, 29, 27], [0, 30, 26, 14, 24], [0, 16, 7, 13, 1, 12]]


#################
lambda = 0.9
mu = 1.9000000000000001
nu = 1.5

init = 1265.816
res = 834.678
gap = 6.072

solution = [[0, 21, 31, 19, 17, 2, 6], [0, 22, 9, 18, 8, 11, 4, 28, 23, 3], [0, 20, 5, 25, 10, 15, 29, 27], [0, 30, 26, 14, 24], [0, 16, 7, 13, 1, 12]]


#################
lambda = 0.9
mu = 1.9000000000000001
nu = 1.9000000000000001

init = 1286.498
res = 793.101
gap = 1.148

solution = [[0, 30, 16, 1, 12], [0, 26, 7, 13, 17, 19, 31, 21], [0, 20, 5, 25, 10, 29, 15, 22, 9, 8, 18], [0, 6, 3, 2, 23, 28, 4, 11], [0, 27, 24, 14]]


#################
lambda = 1.0
mu = 0.1
nu = 0.1

init = 1027.744
res = 852.061
gap = 7.988

solution = [[0, 14, 24], [0, 20, 5, 25, 10, 15, 29, 27], [0, 6, 23, 28, 4, 11, 8, 18, 9, 22], [0, 3, 2, 17, 19, 31, 21], [0, 26, 16, 7, 13, 1, 12], [0, 30]]


#################
lambda = 1.0
mu = 0.2
nu = 1.3

init = 1035.571
res = 833.533
gap = 5.943

solution = [[0, 16, 7, 13, 1, 12], [0, 30, 26, 24, 14], [0, 20, 5, 25, 10, 15, 29, 27], [0, 6, 23, 28, 4, 11, 8, 18, 9, 22], [0, 3, 2, 17, 19, 31, 21]]


#################
lambda = 1.0
mu = 0.5
nu = 0.1

init = 1004.743
res = 832.784
gap = 5.858

solution = [[0, 3, 2, 17, 19, 31, 21], [0, 22, 9, 18, 8, 11, 4, 28, 23, 6], [0, 12, 1, 13, 7, 16, 26], [0, 20, 5, 25, 10, 15, 29, 27], [0, 30, 14, 24]]


#################
lambda = 1.0
mu = 0.8
nu = 0.1

init = 1044.015
res = 791.57
gap = 0.956

solution = [[0, 21, 31, 19, 17, 13, 7, 26], [0, 12, 1, 16, 30], [0, 28, 11, 4, 23, 2, 3, 6], [0, 27, 24, 14], [0, 20, 5, 25, 10, 29, 15, 22, 9, 8, 18]]


#################
lambda = 1.0
mu = 1.6
nu = 0.1

init = 1071.987
res = 807.949
gap = 2.964

solution = [[0, 13, 21, 31, 19, 17, 6], [0, 27, 24, 14], [0, 30, 16, 12, 1, 7, 26], [0, 29, 22, 9, 15, 10, 25, 5, 20], [0, 3, 2, 23, 28, 4, 11, 8, 18]]


#################
lambda = 1.0
mu = 1.6
nu = 0.2

init = 1077.352
res = 834.599
gap = 6.063

solution = [[0, 6, 23, 28, 4, 11, 8, 18, 9, 22], [0, 3, 2, 17, 19, 31, 21], [0, 20, 5, 25, 10, 15, 29, 27], [0, 30, 14, 24], [0, 26, 7, 13, 1, 12, 16]]


#################
lambda = 1.0
mu = 1.7000000000000002
nu = 0.4

init = 1067.393
res = 791.57
gap = 0.956

solution = [[0, 28, 11, 4, 23, 2, 3, 6], [0, 20, 5, 25, 10, 29, 15, 22, 9, 8, 18], [0, 21, 31, 19, 17, 13, 7, 26], [0, 27, 24, 14], [0, 12, 1, 16, 30]]


#################
lambda = 1.0
mu = 1.7000000000000002
nu = 1.9000000000000001

init = 1155.451
res = 791.57
gap = 0.956

solution = [[0, 21, 31, 19, 17, 13, 7, 26], [0, 12, 1, 16, 30], [0, 20, 5, 25, 10, 29, 15, 22, 9, 8, 18], [0, 28, 11, 4, 23, 2, 3, 6], [0, 27, 24, 14]]


#################
lambda = 1.0
mu = 1.9000000000000001
nu = 0.1

init = 1200.836
res = 823.383
gap = 4.783

solution = [[0, 26, 7, 13, 21, 31, 19, 17], [0, 12, 1, 16, 30], [0, 27, 24, 14], [0, 6, 3, 2, 23, 28, 8, 9, 22, 29, 20], [0, 5, 25, 10, 15, 11, 4, 18]]


#################
lambda = 1.0
mu = 1.9000000000000001
nu = 0.9

init = 1212.688
res = 795.847
gap = 1.489

solution = [[0, 26, 7, 13, 21, 31, 19, 17], [0, 20, 5, 25, 10, 29, 15, 22, 9, 8, 18], [0, 28, 11, 4, 23, 2, 3, 6], [0, 27, 24, 14], [0, 12, 1, 16, 30]]


#################
lambda = 1.0
mu = 1.9000000000000001
nu = 1.6

init = 1227.664
res = 853.333
gap = 8.125

solution = [[0, 30], [0, 26, 16, 7, 13, 1, 12], [0, 24, 14], [0, 21, 31, 19, 17, 2, 3, 23], [0, 20, 5, 25, 10, 15, 29, 27], [0, 6, 28, 4, 11, 8, 18, 9, 22]]


#################
lambda = 1.1
mu = 0.1
nu = 0.1

init = 1051.76
res = 793.101
gap = 1.148

solution = [[0, 21, 31, 19, 17, 13, 7, 26], [0, 18, 8, 9, 22, 15, 29, 10, 25, 5, 20], [0, 30, 16, 1, 12], [0, 27, 24, 14], [0, 6, 3, 2, 23, 28, 4, 11]]


#################
lambda = 1.1
mu = 0.1
nu = 0.7000000000000001

init = 1059.587
res = 891.892
gap = 12.097

solution = [[0, 21, 31, 19, 17, 13, 7, 26], [0, 12, 1, 16, 30], [0, 20, 5, 25, 10, 15, 29], [0, 14, 24, 27], [0, 23, 2, 3, 6], [0, 18, 8, 28, 4, 11, 9, 22]]


#################
lambda = 1.1
mu = 0.2
nu = 0.1

init = 1048.666
res = 801.962
gap = 2.24

solution = [[0, 7, 13, 21, 31, 19, 17], [0, 28, 11, 4, 23, 2, 3, 6], [0, 12, 1, 16, 26, 30], [0, 29, 18, 8, 9, 22, 15, 10, 25, 5, 20], [0, 27, 24, 14]]


#################
lambda = 1.1
mu = 0.2
nu = 1.0

init = 1047.313
res = 791.57
gap = 0.956

solution = [[0, 18, 8, 9, 22, 15, 29, 10, 25, 5, 20], [0, 28, 11, 4, 23, 2, 3, 6], [0, 26, 7, 13, 17, 19, 31, 21], [0, 12, 1, 16, 30], [0, 27, 24, 14]]


#################
lambda = 1.1
mu = 0.4
nu = 0.1

init = 1052.991
res = 791.57
gap = 0.956

solution = [[0, 28, 11, 4, 23, 2, 3, 6], [0, 21, 31, 19, 17, 13, 7, 26], [0, 20, 5, 25, 10, 29, 15, 22, 9, 8, 18], [0, 14, 24, 27], [0, 12, 1, 16, 30]]


#################
lambda = 1.1
mu = 0.8
nu = 0.1

init = 1004.745
res = 840.884
gap = 6.765

solution = [[0, 3, 2, 17, 19, 31, 21], [0, 22, 9, 18, 8, 11, 4, 28, 23, 6], [0, 30, 14, 24, 27], [0, 12, 1, 13, 7, 16, 26], [0, 20, 5, 25, 10, 15, 29]]


#################
lambda = 1.1
mu = 1.0
nu = 0.1

init = 1056.018
res = 791.57
gap = 0.956

solution = [[0, 28, 11, 4, 23, 2, 3, 6], [0, 20, 5, 25, 10, 29, 15, 22, 9, 8, 18], [0, 27, 24, 14], [0, 21, 31, 19, 17, 13, 7, 26], [0, 12, 1, 16, 30]]


#################
lambda = 1.1
mu = 1.0
nu = 1.5

init = 1081.999
res = 795.847
gap = 1.489

solution = [[0, 26, 7, 13, 21, 31, 19, 17], [0, 18, 8, 9, 22, 15, 29, 10, 25, 5, 20], [0, 12, 1, 16, 30], [0, 27, 24, 14], [0, 28, 11, 4, 23, 2, 3, 6]]


#################
lambda = 1.1
mu = 1.7000000000000002
nu = 1.8

init = 1052.435
res = 791.57
gap = 0.956

solution = [[0, 28, 11, 4, 23, 2, 3, 6], [0, 20, 5, 25, 10, 29, 15, 22, 9, 8, 18], [0, 26, 7, 13, 17, 19, 31, 21], [0, 27, 24, 14], [0, 12, 1, 16, 30]]


#################
lambda = 1.1
mu = 1.8
nu = 0.1

init = 1114.471
res = 797.378
gap = 1.678

solution = [[0, 26, 7, 13, 21, 31, 19, 17], [0, 12, 1, 16, 30], [0, 18, 8, 9, 22, 15, 29, 10, 25, 5, 20], [0, 6, 3, 2, 23, 28, 4, 11], [0, 27, 24, 14]]


#################
lambda = 1.1
mu = 1.8
nu = 1.0

init = 1056.854
res = 793.101
gap = 1.148

solution = [[0, 21, 31, 19, 17, 13, 7, 26], [0, 12, 1, 16, 30], [0, 27, 24, 14], [0, 20, 5, 25, 10, 29, 15, 22, 9, 8, 18], [0, 6, 3, 2, 23, 28, 4, 11]]


#################
lambda = 1.1
mu = 1.9000000000000001
nu = 0.1

init = 1176.164
res = 859.619
gap = 8.797

solution = [[0, 30, 26], [0, 21, 31, 19, 17, 2, 3], [0, 22, 9, 18, 8, 11, 4, 28, 23, 6], [0, 20, 5, 25, 10, 15, 29, 27], [0, 16, 7, 13, 1, 12], [0, 24, 14]]


#################
lambda = 1.1
mu = 1.9000000000000001
nu = 1.7000000000000002

init = 1166.043
res = 859.619
gap = 8.797

solution = [[0, 30, 26], [0, 27, 29, 15, 10, 25, 5, 20], [0, 14, 24], [0, 12, 1, 13, 7, 16], [0, 6, 23, 28, 4, 11, 8, 18, 9, 22], [0, 21, 31, 19, 17, 2, 3]]


#################
lambda = 1.2000000000000002
mu = 0.1
nu = 0.1

init = 1042.792
res = 840.884
gap = 6.765

solution = [[0, 22, 9, 18, 8, 11, 4, 28, 23, 6], [0, 3, 2, 17, 19, 31, 21], [0, 12, 1, 13, 7, 16, 26], [0, 30, 14, 24, 27], [0, 20, 5, 25, 10, 15, 29]]


#################
lambda = 1.2000000000000002
mu = 0.1
nu = 0.30000000000000004

init = 1043.626
res = 791.57
gap = 0.956

solution = [[0, 18, 8, 9, 22, 15, 29, 10, 25, 5, 20], [0, 28, 11, 4, 23, 2, 3, 6], [0, 26, 7, 13, 17, 19, 31, 21], [0, 12, 1, 16, 30], [0, 27, 24, 14]]


#################
lambda = 1.2000000000000002
mu = 0.1
nu = 0.5

init = 1063.27
res = 795.847
gap = 1.489

solution = [[0, 26, 7, 13, 21, 31, 19, 17], [0, 12, 1, 16, 30], [0, 28, 11, 4, 23, 2, 3, 6], [0, 20, 5, 25, 10, 29, 15, 22, 9, 8, 18], [0, 27, 24, 14]]


#################
lambda = 1.2000000000000002
mu = 0.1
nu = 1.0

init = 1064.537
res = 795.847
gap = 1.489

solution = [[0, 26, 7, 13, 21, 31, 19, 17], [0, 12, 1, 16, 30], [0, 28, 11, 4, 23, 2, 3, 6], [0, 20, 5, 25, 10, 29, 15, 22, 9, 8, 18], [0, 27, 24, 14]]


#################
lambda = 1.2000000000000002
mu = 0.2
nu = 0.1

init = 1037.487
res = 793.101
gap = 1.148

solution = [[0, 30, 16, 1, 12], [0, 26, 7, 13, 17, 19, 31, 21], [0, 20, 5, 25, 10, 29, 15, 22, 9, 8, 18], [0, 6, 3, 2, 23, 28, 4, 11], [0, 27, 24, 14]]


#################
lambda = 1.2000000000000002
mu = 0.2
nu = 0.6000000000000001

init = 1038.134
res = 793.101
gap = 1.148

solution = [[0, 30, 16, 1, 12], [0, 26, 7, 13, 17, 19, 31, 21], [0, 20, 5, 25, 10, 29, 15, 22, 9, 8, 18], [0, 6, 3, 2, 23, 28, 4, 11], [0, 27, 24, 14]]


#################
lambda = 1.2000000000000002
mu = 0.2
nu = 0.7000000000000001

init = 1043.499
res = 832.784
gap = 5.858

solution = [[0, 24, 14, 30], [0, 6, 23, 28, 4, 11, 8, 18, 9, 22], [0, 20, 5, 25, 10, 15, 29, 27], [0, 21, 31, 19, 17, 2, 3], [0, 12, 1, 13, 7, 16, 26]]


#################
lambda = 1.2000000000000002
mu = 0.2
nu = 1.4000000000000001

init = 1041.499
res = 793.101
gap = 1.148

solution = [[0, 21, 31, 19, 17, 13, 7, 26], [0, 12, 1, 16, 30], [0, 27, 24, 14], [0, 20, 5, 25, 10, 29, 15, 22, 9, 8, 18], [0, 6, 3, 2, 23, 28, 4, 11]]


#################
lambda = 1.2000000000000002
mu = 0.30000000000000004
nu = 0.9

init = 1049.313
res = 791.57
gap = 0.956

solution = [[0, 18, 8, 9, 22, 15, 29, 10, 25, 5, 20], [0, 28, 11, 4, 23, 2, 3, 6], [0, 26, 7, 13, 17, 19, 31, 21], [0, 12, 1, 16, 30], [0, 27, 24, 14]]


#################
lambda = 1.2000000000000002
mu = 0.30000000000000004
nu = 1.0

init = 1050.402
res = 797.378
gap = 1.678

solution = [[0, 26, 7, 13, 21, 31, 19, 17], [0, 12, 1, 16, 30], [0, 20, 5, 25, 10, 29, 15, 22, 9, 8, 18], [0, 6, 3, 2, 23, 28, 4, 11], [0, 27, 24, 14]]


#################
lambda = 1.2000000000000002
mu = 0.5
nu = 0.7000000000000001

init = 1056.791
res = 833.533
gap = 5.943

solution = [[0, 16, 7, 13, 1, 12], [0, 30, 26, 24, 14], [0, 20, 5, 25, 10, 15, 29, 27], [0, 6, 23, 28, 4, 11, 8, 18, 9, 22], [0, 3, 2, 17, 19, 31, 21]]


#################
lambda = 1.2000000000000002
mu = 0.5
nu = 1.5

init = 1054.198
res = 797.378
gap = 1.678

solution = [[0, 6, 3, 2, 23, 28, 4, 11], [0, 26, 7, 13, 21, 31, 19, 17], [0, 20, 5, 25, 10, 29, 15, 22, 9, 8, 18], [0, 12, 1, 16, 30], [0, 27, 24, 14]]


#################
lambda = 1.2000000000000002
mu = 0.5
nu = 1.6

init = 973.437
res = 797.378
gap = 1.678

solution = [[0, 26, 7, 13, 21, 31, 19, 17], [0, 12, 1, 16, 30], [0, 20, 5, 25, 10, 29, 15, 22, 9, 8, 18], [0, 6, 3, 2, 23, 28, 4, 11], [0, 27, 24, 14]]


#################
lambda = 1.2000000000000002
mu = 1.0
nu = 0.1

init = 981.814
res = 808.334
gap = 3.01

solution = [[0, 13, 21, 31, 19, 17, 6], [0, 30, 26, 16, 7, 1, 12], [0, 27, 24, 14], [0, 29, 22, 9, 15, 10, 25, 5, 20], [0, 3, 2, 23, 28, 4, 11, 8, 18]]


#################
lambda = 1.2000000000000002
mu = 1.1
nu = 0.7000000000000001

init = 1052.437
res = 839.021
gap = 6.558

solution = [[0, 3, 2, 17, 19, 31, 21], [0, 6, 23, 28, 4, 11, 8, 18, 9, 22], [0, 30, 26, 14, 24, 27], [0, 20, 5, 25, 10, 15, 29], [0, 12, 1, 13, 7, 16]]


#################
lambda = 1.2000000000000002
mu = 1.9000000000000001
nu = 1.1

init = 1148.481
res = 793.101
gap = 1.148

solution = [[0, 26, 7, 13, 17, 19, 31, 21], [0, 12, 1, 16, 30], [0, 27, 24, 14], [0, 20, 5, 25, 10, 29, 15, 22, 9, 8, 18], [0, 6, 3, 2, 23, 28, 4, 11]]


#################
lambda = 1.2000000000000002
mu = 1.9000000000000001
nu = 1.4000000000000001

init = 1078.247
res = 791.57
gap = 0.956

solution = [[0, 20, 5, 25, 10, 29, 15, 22, 9, 8, 18], [0, 21, 31, 19, 17, 13, 7, 26], [0, 12, 1, 16, 30], [0, 27, 24, 14], [0, 28, 11, 4, 23, 2, 3, 6]]


#################
lambda = 1.3
mu = 0.1
nu = 0.1

init = 1057.934
res = 890.953
gap = 12.004

solution = [[0, 14, 24], [0, 20, 5, 25, 10, 15, 29, 27], [0, 21, 31, 19, 17, 13, 7], [0, 12, 1, 16, 26, 30], [0, 28, 4, 11, 8, 18, 9, 22], [0, 6, 3, 2, 23]]


#################
lambda = 1.3
mu = 0.1
nu = 1.8

init = 1048.732
res = 797.378
gap = 1.678

solution = [[0, 26, 7, 13, 21, 31, 19, 17], [0, 12, 1, 16, 30], [0, 20, 5, 25, 10, 29, 15, 22, 9, 8, 18], [0, 6, 3, 2, 23, 28, 4, 11], [0, 27, 24, 14]]


#################
lambda = 1.3
mu = 0.2
nu = 0.1

init = 1039.442
res = 832.784
gap = 5.858

solution = [[0, 20, 5, 25, 10, 15, 29, 27], [0, 6, 23, 28, 4, 11, 8, 18, 9, 22], [0, 3, 2, 17, 19, 31, 21], [0, 30, 14, 24], [0, 26, 16, 7, 13, 1, 12]]


#################
lambda = 1.3
mu = 0.6000000000000001
nu = 0.1

init = 1064.409
res = 791.57
gap = 0.956

solution = [[0, 21, 31, 19, 17, 13, 7, 26], [0, 12, 1, 16, 30], [0, 6, 3, 2, 23, 4, 11, 28], [0, 27, 24, 14], [0, 20, 5, 25, 10, 29, 15, 22, 9, 8, 18]]


#################
lambda = 1.3
mu = 1.5
nu = 1.6

init = 1077.328
res = 795.847
gap = 1.489

solution = [[0, 26, 7, 13, 21, 31, 19, 17], [0, 20, 5, 25, 10, 29, 15, 22, 9, 8, 18], [0, 30, 16, 1, 12], [0, 28, 11, 4, 23, 2, 3, 6], [0, 27, 24, 14]]


#################
lambda = 1.3
mu = 1.5
nu = 1.8

init = 1049.296
res = 846.194
gap = 7.35

solution = [[0, 30, 26], [0, 29, 22, 9, 15, 10, 25, 5, 20], [0, 18, 8, 11, 4, 28, 23, 2, 3], [0, 27, 24, 14], [0, 6, 17, 19, 31, 21, 13], [0, 12, 1, 7, 16]]


#################
lambda = 1.3
mu = 1.7000000000000002
nu = 0.1

init = 1077.617
res = 837.753
gap = 6.416

solution = [[0, 21, 31, 19, 17, 13, 7, 26], [0, 18, 8, 28, 4, 11, 9, 22, 15, 29], [0, 12, 1, 16, 30], [0, 27, 24, 14], [0, 20, 5, 25, 10, 6, 3, 2, 23]]


#################
lambda = 1.3
mu = 1.7000000000000002
nu = 1.6

init = 1092.184
res = 867.718
gap = 9.648

solution = [[0, 20, 5, 25, 10, 15, 29], [0, 22, 9, 18, 8, 11, 4, 28, 23, 6], [0, 30, 26], [0, 12, 1, 13, 7, 16], [0, 3, 2, 17, 19, 31, 21], [0, 14, 24, 27]]


#################
lambda = 1.4000000000000001
mu = 0.5
nu = 0.7000000000000001

init = 1042.852
res = 832.784
gap = 5.858

solution = [[0, 24, 14, 30], [0, 6, 23, 28, 4, 11, 8, 18, 9, 22], [0, 20, 5, 25, 10, 15, 29, 27], [0, 21, 31, 19, 17, 2, 3], [0, 12, 1, 13, 7, 16, 26]]


#################
lambda = 1.4000000000000001
mu = 0.8
nu = 0.1

init = 1052.993
res = 801.962
gap = 2.24

solution = [[0, 7, 13, 21, 31, 19, 17], [0, 12, 1, 16, 26, 30], [0, 28, 11, 4, 23, 2, 3, 6], [0, 29, 18, 8, 9, 22, 15, 10, 25, 5, 20], [0, 27, 24, 14]]


#################
lambda = 1.4000000000000001
mu = 1.8
nu = 1.4000000000000001

init = 1090.066
res = 902.798
gap = 13.159

solution = [[0, 21, 31, 19, 17, 2, 3, 23], [0, 20, 5, 25, 10, 15, 29], [0, 16, 30], [0, 12, 1, 7, 13, 6, 26], [0, 22, 9, 11, 4, 28, 8, 18], [0, 27, 24, 14]]


#################
lambda = 1.5
mu = 1.9000000000000001
nu = 0.1

init = 1067.394
res = 797.378
gap = 1.678

solution = [[0, 26, 7, 13, 21, 31, 19, 17], [0, 20, 5, 25, 10, 29, 15, 22, 9, 8, 18], [0, 12, 1, 16, 30], [0, 6, 3, 2, 23, 28, 4, 11], [0, 27, 24, 14]]


#################
lambda = 1.6
mu = 0.1
nu = 0.9

init = 1055.129
res = 795.847
gap = 1.489

solution = [[0, 27, 24, 14], [0, 28, 11, 4, 23, 2, 3, 6], [0, 20, 5, 25, 10, 29, 15, 22, 9, 8, 18], [0, 30, 16, 1, 12], [0, 26, 7, 13, 21, 31, 19, 17]]


#################
lambda = 1.7000000000000002
mu = 0.1
nu = 0.1

init = 1062.621
res = 866.224
gap = 9.492

solution = [[0, 13, 21, 31, 19, 17, 6], [0, 30, 26, 16, 7, 1, 12], [0, 27], [0, 3, 2, 23, 28, 4, 11, 8, 18], [0, 20, 5, 25, 10, 29, 15, 22, 9], [0, 24, 14]]


#################
lambda = 1.7000000000000002
mu = 0.1
nu = 1.0

init = 1059.816
res = 842.698
gap = 6.966

solution = [[0, 20, 5, 25, 10, 15, 29], [0, 16, 12, 1, 13, 7, 26], [0, 30, 14, 24, 27], [0, 6, 23, 28, 4, 11, 8, 18, 9, 22], [0, 21, 31, 19, 17, 2, 3]]


#################
lambda = 1.7000000000000002
mu = 0.5
nu = 1.0

init = 1039.523
res = 863.375
gap = 9.194

solution = [[0, 6, 2, 17, 19, 31, 21], [0, 3, 23, 28, 4, 11, 8, 18, 9, 22], [0, 30, 26], [0, 12, 1, 13, 7, 16], [0, 24, 14], [0, 20, 5, 25, 10, 15, 29, 27]]


#################
lambda = 1.7000000000000002
mu = 1.2000000000000002
nu = 1.7000000000000002

init = 992.223
res = 797.378
gap = 1.678

solution = [[0, 26, 7, 13, 21, 31, 19, 17], [0, 27, 24, 14], [0, 30, 16, 1, 12], [0, 20, 5, 25, 10, 29, 15, 22, 9, 8, 18], [0, 6, 3, 2, 23, 28, 4, 11]]


#################
lambda = 1.8
mu = 1.3
nu = 1.2000000000000002

init = 1021.188
res = 795.847
gap = 1.489

solution = [[0, 26, 7, 13, 21, 31, 19, 17], [0, 28, 11, 4, 23, 2, 3, 6], [0, 12, 1, 16, 30], [0, 27, 24, 14], [0, 20, 5, 25, 10, 29, 15, 22, 9, 8, 18]]


#################
lambda = 1.8
mu = 1.3
nu = 1.6

init = 1004.093
res = 797.356
gap = 1.675

solution = [[0, 28, 11, 4, 23, 2, 3, 6], [0, 20, 5, 25, 10, 29, 15, 22, 9, 8, 18], [0, 27, 24, 14], [0, 30, 16, 1, 12], [0, 26, 7, 13, 21, 31, 17, 19]]


#################
lambda = 1.8
mu = 1.4000000000000001
nu = 1.9000000000000001

init = 1089.205
res = 808.369
gap = 3.015

solution = [[0, 27, 24, 14], [0, 18, 8, 11, 4, 28, 23, 3, 2], [0, 29, 22, 9, 15, 10, 25, 5, 20], [0, 13, 21, 31, 19, 17, 6], [0, 30, 16, 12, 1, 7, 26]]


#################
lambda = 1.9000000000000001
mu = 1.5
nu = 1.9000000000000001

init = 1080.045
res = 801.962
gap = 2.24

solution = [[0, 12, 1, 16, 26, 30], [0, 7, 13, 21, 31, 19, 17], [0, 28, 11, 4, 23, 2, 3, 6], [0, 29, 18, 8, 9, 22, 15, 10, 25, 5, 20], [0, 27, 24, 14]]

execution : 1419 s
