

#################
lambda = 0.0
mu = 0.0
nu = 0.0

init = 996.671
det = 828.461
gap = 5.005

solution = [[0, 26, 7, 13, 21, 31, 19, 17], [0, 30, 16, 12, 1], [0, 14, 24, 27], [0, 6, 3, 2, 23, 10, 25, 5, 20], [0, 29, 15, 22, 9, 11, 4, 28, 8, 18]]


#################
lambda = 0.0
mu = 0.0
nu = 0.2

init = 1021.034
det = 854.435
gap = 7.892

solution = [[0, 29, 15, 22, 9, 11, 4, 28, 8, 18], [0, 23, 3, 2, 17, 19, 31, 21], [0, 20, 5, 25, 10, 27, 24, 14], [0, 16, 30], [0, 12, 1, 7, 13, 6, 26]]


#################
lambda = 0.0
mu = 0.0
nu = 1.1

init = 1022.919
det = 828.952
gap = 5.061

solution = [[0, 18, 8, 28, 4, 11, 9, 22, 15, 29], [0, 7, 13, 21, 31, 19, 17], [0, 12, 1, 16, 26, 30], [0, 27, 24, 14], [0, 20, 5, 25, 10, 23, 2, 3, 6]]


#################
lambda = 0.0
mu = 0.0
nu = 1.4000000000000001

init = 998.556
det = 832.194
gap = 5.431

solution = [[0, 6, 28, 4, 11, 8, 18, 9, 22], [0, 21, 31, 19, 17, 2, 3, 23], [0, 16, 7, 13, 1, 12], [0, 24, 14, 26, 30], [0, 20, 5, 25, 10, 15, 29, 27]]


#################
lambda = 0.0
mu = 0.1
nu = 1.8

init = 1042.261
det = 815.475
gap = 3.492

solution = [[0, 29, 15, 22, 9, 8, 11, 4, 28], [0, 26, 6, 3, 2, 23, 18, 10, 25, 5, 20], [0, 21, 31, 19, 17, 13, 7], [0, 12, 1, 16, 30], [0, 27, 24, 14]]


#################
lambda = 0.0
mu = 0.2
nu = 1.6

init = 1005.72
det = 791.57
gap = 0.577

solution = [[0, 26, 7, 13, 17, 19, 31, 21], [0, 12, 1, 16, 30], [0, 18, 8, 9, 22, 15, 29, 10, 25, 5, 20], [0, 27, 24, 14], [0, 28, 11, 4, 23, 2, 3, 6]]


#################
lambda = 0.0
mu = 0.5
nu = 1.6

init = 1006.886
det = 839.021
gap = 6.2

solution = [[0, 20, 5, 25, 10, 15, 29], [0, 27, 24, 14, 26, 30], [0, 16, 7, 13, 1, 12], [0, 6, 23, 28, 4, 11, 8, 18, 9, 22], [0, 21, 31, 19, 17, 2, 3]]


#################
lambda = 0.0
mu = 0.6000000000000001
nu = 1.7000000000000002

init = 1024.062
det = 830.708
gap = 5.262

solution = [[0, 21, 31, 19, 17, 2, 3, 23], [0, 18, 8, 11, 4, 28, 6, 13, 7], [0, 14, 24, 27], [0, 29, 22, 9, 15, 10, 25, 5, 20], [0, 12, 1, 16, 26, 30]]


#################
lambda = 0.0
mu = 0.7000000000000001
nu = 1.8

init = 1022.896
det = 861.328
gap = 8.629

solution = [[0, 21, 31, 19, 17, 2, 3, 23], [0, 29, 15, 22, 9, 11, 4, 28, 8, 18], [0, 26, 7, 13, 6, 14, 24, 27], [0, 12, 1, 16, 30], [0, 20, 5, 25, 10]]


#################
lambda = 0.0
mu = 0.8
nu = 1.9000000000000001

init = 1031.647
det = 793.445
gap = 0.812

solution = [[0, 26, 7, 13, 21, 31, 19, 17], [0, 12, 1, 16, 30], [0, 6, 3, 2, 23, 28, 4, 11, 18], [0, 27, 24], [0, 14, 8, 9, 22, 15, 29, 10, 25, 5, 20]]


#################
lambda = 0.0
mu = 0.9
nu = 1.3

init = 1035.911
det = 834.448
gap = 5.686

solution = [[0, 7, 13, 21, 31, 19, 17], [0, 12, 1, 16, 26, 30], [0, 27, 24, 14], [0, 28, 4, 11, 9, 22, 15, 29, 20], [0, 6, 3, 2, 23, 8, 18, 10, 25, 5]]


#################
lambda = 0.0
mu = 0.9
nu = 1.4000000000000001

init = 1108.595
det = 813.497
gap = 3.257

solution = [[0, 26, 7, 13, 17, 19, 31, 21], [0, 6, 3, 2, 23, 18, 10, 25, 5, 20], [0, 29, 15, 22, 9, 8, 11, 4, 28], [0, 12, 1, 16, 30], [0, 27, 24, 14]]


#################
lambda = 0.0
mu = 0.9
nu = 1.8

init = 1127.417
det = 793.101
gap = 0.769

solution = [[0, 21, 31, 19, 17, 13, 7, 26], [0, 30, 16, 1, 12], [0, 27, 24, 14], [0, 20, 5, 25, 10, 29, 15, 22, 9, 8, 18], [0, 6, 3, 2, 23, 28, 4, 11]]


#################
lambda = 0.0
mu = 1.0
nu = 0.0

init = 1364.549
det = 795.847
gap = 1.112

solution = [[0, 26, 7, 13, 21, 31, 19, 17], [0, 30, 16, 1, 12], [0, 20, 5, 25, 10, 29, 15, 22, 9, 8, 18], [0, 6, 3, 2, 23, 4, 11, 28], [0, 27, 24, 14]]


#################
lambda = 0.0
mu = 1.0
nu = 0.1

init = 1553.28
det = 807.949
gap = 2.593

solution = [[0, 30, 16, 12, 1, 7, 26], [0, 27, 24, 14], [0, 6, 17, 19, 31, 21, 13], [0, 29, 22, 9, 15, 10, 25, 5, 20], [0, 3, 2, 23, 28, 4, 11, 8, 18]]


#################
lambda = 0.0
mu = 1.1
nu = 0.0

init = 1409.43
det = 791.57
gap = 0.577

solution = [[0, 21, 31, 19, 17, 13, 7, 26], [0, 28, 11, 4, 23, 2, 3, 6], [0, 20, 5, 25, 10, 29, 15, 22, 9, 8, 18], [0, 27, 24, 14], [0, 12, 1, 16, 30]]


#################
lambda = 0.0
mu = 1.1
nu = 0.1

init = 1421.532
det = 840.884
gap = 6.408

solution = [[0, 12, 1, 13, 7, 16, 26], [0, 3, 2, 17, 19, 31, 21], [0, 6, 23, 28, 4, 11, 8, 18, 9, 22], [0, 20, 5, 25, 10, 15, 29], [0, 30, 14, 24, 27]]


#################
lambda = 0.0
mu = 1.1
nu = 0.30000000000000004

init = 1395.17
det = 793.101
gap = 0.769

solution = [[0, 18, 8, 9, 22, 15, 29, 10, 25, 5, 20], [0, 12, 1, 16, 30], [0, 21, 31, 19, 17, 13, 7, 26], [0, 6, 3, 2, 23, 28, 4, 11], [0, 27, 24, 14]]


#################
lambda = 0.0
mu = 1.1
nu = 0.4

init = 1457.545
det = 847.806
gap = 7.172

solution = [[0, 18, 8, 28, 4, 11, 9, 22, 15, 29], [0, 26, 7, 13, 21, 31, 19, 17], [0, 6, 3, 2, 23], [0, 12, 1, 16, 30], [0, 20, 5, 25, 10, 27, 24, 14]]


#################
lambda = 0.0
mu = 1.1
nu = 1.3

init = 1540.549
det = 791.57
gap = 0.577

solution = [[0, 20, 5, 25, 10, 29, 15, 22, 9, 8, 18], [0, 28, 11, 4, 23, 2, 3, 6], [0, 26, 7, 13, 17, 19, 31, 21], [0, 30, 16, 1, 12], [0, 27, 24, 14]]


#################
lambda = 0.0
mu = 1.1
nu = 1.4000000000000001

init = 1576.292
det = 823.865
gap = 4.475

solution = [[0, 29, 22, 9, 15, 10, 25, 5, 20], [0, 3, 2, 23, 28, 4, 11, 8, 18], [0, 26, 7, 13, 21, 17, 19, 31], [0, 27, 24, 14, 6], [0, 12, 1, 16, 30]]


#################
lambda = 0.0
mu = 1.1
nu = 1.5

init = 1543.024
det = 863.434
gap = 8.852

solution = [[0, 28, 4, 11, 8, 18, 9, 22, 15, 29], [0, 14, 24, 27, 20, 5, 25, 10], [0, 6, 23, 3, 2, 17, 19, 31], [0, 7, 13, 21, 1, 12], [0, 30, 16, 26]]


#################
lambda = 0.0
mu = 1.1
nu = 1.7000000000000002

init = 1554.115
det = 793.101
gap = 0.769

solution = [[0, 21, 31, 19, 17, 13, 7, 26], [0, 27, 24, 14], [0, 30, 16, 1, 12], [0, 20, 5, 25, 10, 29, 15, 22, 9, 8, 18], [0, 6, 3, 2, 23, 28, 4, 11]]


#################
lambda = 0.0
mu = 1.2000000000000002
nu = 1.6

init = 1507.281
det = 793.101
gap = 0.769

solution = [[0, 26, 7, 13, 17, 19, 31, 21], [0, 12, 1, 16, 30], [0, 27, 24, 14], [0, 20, 5, 25, 10, 29, 15, 22, 9, 8, 18], [0, 6, 3, 2, 23, 28, 4, 11]]


#################
lambda = 0.0
mu = 1.3
nu = 1.4000000000000001

init = 1456.681
det = 830.708
gap = 5.262

solution = [[0, 21, 31, 19, 17, 2, 3, 23], [0, 12, 1, 16, 26, 30], [0, 27, 24, 14], [0, 7, 13, 6, 28, 4, 11, 8, 18], [0, 29, 22, 9, 15, 10, 25, 5, 20]]


#################
lambda = 0.0
mu = 1.4000000000000001
nu = 1.2000000000000002

init = 1405.161
det = 797.378
gap = 1.301

solution = [[0, 26, 7, 13, 21, 31, 19, 17], [0, 20, 5, 25, 10, 29, 15, 22, 9, 8, 18], [0, 12, 1, 16, 30], [0, 27, 24, 14], [0, 6, 3, 2, 23, 28, 4, 11]]


#################
lambda = 0.0
mu = 1.4000000000000001
nu = 1.4000000000000001

init = 1385.94
det = 829.333
gap = 5.104

solution = [[0, 26, 7, 13, 21, 31, 19, 17], [0, 12, 1, 16, 30], [0, 27, 24, 14], [0, 20, 5, 29, 22, 9, 11, 4, 28, 6], [0, 25, 10, 15, 18, 8, 23, 3, 2]]


#################
lambda = 0.0
mu = 1.5
nu = 1.0

init = 1362.265
det = 791.57
gap = 0.577

solution = [[0, 26, 7, 13, 17, 19, 31, 21], [0, 28, 11, 4, 23, 2, 3, 6], [0, 20, 5, 25, 10, 29, 15, 22, 9, 8, 18], [0, 27, 24, 14], [0, 12, 1, 16, 30]]


#################
lambda = 0.0
mu = 1.5
nu = 1.8

init = 1480.249
det = 791.57
gap = 0.577

solution = [[0, 21, 31, 19, 17, 13, 7, 26], [0, 28, 11, 4, 23, 2, 3, 6], [0, 20, 5, 25, 10, 29, 15, 22, 9, 8, 18], [0, 27, 24, 14], [0, 12, 1, 16, 30]]


#################
lambda = 0.0
mu = 1.8
nu = 0.0

init = 1275.595
det = 807.949
gap = 2.593

solution = [[0, 29, 22, 9, 15, 10, 25, 5, 20], [0, 3, 2, 23, 28, 4, 11, 8, 18], [0, 27, 24, 14], [0, 6, 17, 19, 31, 21, 13], [0, 30, 16, 12, 1, 7, 26]]


#################
lambda = 0.0
mu = 1.8
nu = 0.4

init = 1429.12
det = 821.405
gap = 4.189

solution = [[0, 3, 2, 23, 28, 4, 11, 8, 18], [0, 6, 17, 19, 31, 21, 13], [0, 30, 16, 12, 1, 7, 26], [0, 14, 24, 27], [0, 20, 5, 25, 10, 29, 15, 9, 22]]


#################
lambda = 0.1
mu = 0.0
nu = 0.0

init = 914.931
det = 849.819
gap = 7.392

solution = [[0, 18, 8, 28, 4, 11, 9, 22, 15, 29], [0, 6, 23, 3, 2, 17, 19, 31], [0, 20, 5, 25, 10, 27, 24, 14], [0, 7, 13, 21, 1, 12], [0, 30, 16, 26]]


#################
lambda = 0.1
mu = 0.0
nu = 0.1

init = 908.961
det = 866.884
gap = 9.215

solution = [[0, 18, 8, 28, 4, 11, 9, 22, 15, 29], [0, 21, 31, 19, 17, 2, 3, 23], [0, 12, 1, 7, 13, 6, 26], [0, 16, 30], [0, 14, 24, 27, 20, 5, 25, 10]]


#################
lambda = 0.1
mu = 0.0
nu = 0.8

init = 910.471
det = 828.952
gap = 5.061

solution = [[0, 18, 8, 28, 4, 11, 9, 22, 15, 29], [0, 20, 5, 25, 10, 23, 2, 3, 6], [0, 7, 13, 21, 31, 19, 17], [0, 27, 24, 14], [0, 12, 1, 16, 26, 30]]


#################
lambda = 0.1
mu = 0.2
nu = 0.6000000000000001

init = 890.721
det = 855.655
gap = 8.024

solution = [[0, 18, 8, 28, 4, 11, 9, 22, 15, 29], [0, 23, 3, 2, 17, 19, 31, 21], [0, 27, 24, 14], [0, 30, 16, 1, 12], [0, 26, 7, 13, 6, 10, 25, 5, 20]]


#################
lambda = 0.1
mu = 0.5
nu = 0.0

init = 904.522
det = 791.57
gap = 0.577

solution = [[0, 20, 5, 25, 10, 29, 15, 22, 9, 8, 18], [0, 28, 11, 4, 23, 2, 3, 6], [0, 26, 7, 13, 17, 19, 31, 21], [0, 30, 16, 1, 12], [0, 27, 24, 14]]


#################
lambda = 0.1
mu = 0.6000000000000001
nu = 0.0

init = 1070.979
det = 791.57
gap = 0.577

solution = [[0, 18, 8, 9, 22, 15, 29, 10, 25, 5, 20], [0, 28, 11, 4, 23, 2, 3, 6], [0, 21, 31, 19, 17, 13, 7, 26], [0, 27, 24, 14], [0, 30, 16, 1, 12]]


#################
lambda = 0.1
mu = 0.7000000000000001
nu = 0.0

init = 1044.039
det = 791.57
gap = 0.577

solution = [[0, 21, 31, 19, 17, 13, 7, 26], [0, 28, 11, 4, 23, 2, 3, 6], [0, 20, 5, 25, 10, 29, 15, 22, 9, 8, 18], [0, 27, 24, 14], [0, 12, 1, 16, 30]]


#################
lambda = 0.1
mu = 0.7000000000000001
nu = 0.7000000000000001

init = 898.807
det = 834.599
gap = 5.703

solution = [[0, 3, 2, 17, 19, 31, 21], [0, 20, 5, 25, 10, 15, 29, 27], [0, 22, 9, 18, 8, 11, 4, 28, 23, 6], [0, 26, 7, 13, 1, 12, 16], [0, 30, 14, 24]]


#################
lambda = 0.1
mu = 0.7000000000000001
nu = 1.0

init = 885.006
det = 797.378
gap = 1.301

solution = [[0, 26, 7, 13, 21, 31, 19, 17], [0, 12, 1, 16, 30], [0, 20, 5, 25, 10, 29, 15, 22, 9, 8, 18], [0, 27, 24, 14], [0, 6, 3, 2, 23, 28, 4, 11]]


#################
lambda = 0.1
mu = 0.8
nu = 0.0

init = 1045.756
det = 834.056
gap = 5.642

solution = [[0, 23, 3, 2, 17, 19, 31, 21], [0, 22, 9, 18, 8, 11, 4, 28, 6], [0, 20, 5, 25, 10, 15, 29, 27], [0, 30, 14, 24], [0, 26, 16, 7, 13, 1, 12]]


#################
lambda = 0.1
mu = 0.8
nu = 0.7000000000000001

init = 1031.825
det = 821.405
gap = 4.189

solution = [[0, 20, 5, 25, 10, 29, 15, 9, 22], [0, 3, 2, 23, 28, 4, 11, 8, 18], [0, 13, 21, 31, 19, 17, 6], [0, 27, 24, 14], [0, 26, 7, 1, 12, 16, 30]]


#################
lambda = 0.1
mu = 0.8
nu = 0.9

init = 962.888
det = 791.57
gap = 0.577

solution = [[0, 20, 5, 25, 10, 29, 15, 22, 9, 8, 18], [0, 21, 31, 19, 17, 13, 7, 26], [0, 28, 11, 4, 23, 2, 3, 6], [0, 14, 24, 27], [0, 12, 1, 16, 30]]


#################
lambda = 0.1
mu = 0.8
nu = 1.9000000000000001

init = 929.906
det = 821.405
gap = 4.189

solution = [[0, 13, 21, 31, 19, 17, 6], [0, 30, 16, 12, 1, 7, 26], [0, 14, 24, 27], [0, 18, 8, 11, 4, 28, 23, 2, 3], [0, 20, 5, 25, 10, 29, 15, 9, 22]]


#################
lambda = 0.1
mu = 0.9
nu = 0.0

init = 940.627
det = 797.378
gap = 1.301

solution = [[0, 26, 7, 13, 21, 31, 19, 17], [0, 6, 3, 2, 23, 28, 4, 11], [0, 12, 1, 16, 30], [0, 20, 5, 25, 10, 29, 15, 22, 9, 8, 18], [0, 14, 24, 27]]


#################
lambda = 0.1
mu = 0.9
nu = 0.9

init = 855.352
det = 797.378
gap = 1.301

solution = [[0, 6, 3, 2, 23, 28, 4, 11], [0, 26, 7, 13, 21, 31, 19, 17], [0, 12, 1, 16, 30], [0, 20, 5, 25, 10, 29, 15, 22, 9, 8, 18], [0, 27, 24, 14]]


#################
lambda = 0.1
mu = 0.9
nu = 1.5

init = 853.636
det = 797.378
gap = 1.301

solution = [[0, 6, 3, 2, 23, 28, 4, 11], [0, 26, 7, 13, 21, 31, 19, 17], [0, 12, 1, 16, 30], [0, 20, 5, 25, 10, 29, 15, 22, 9, 8, 18], [0, 27, 24, 14]]


#################
lambda = 0.1
mu = 1.0
nu = 0.0

init = 987.647
det = 807.949
gap = 2.593

solution = [[0, 27, 24, 14], [0, 3, 2, 23, 28, 4, 11, 8, 18], [0, 29, 22, 9, 15, 10, 25, 5, 20], [0, 6, 17, 19, 31, 21, 13], [0, 26, 7, 1, 12, 16, 30]]


#################
lambda = 0.1
mu = 1.0
nu = 0.1

init = 996.405
det = 839.021
gap = 6.2

solution = [[0, 3, 2, 17, 19, 31, 21], [0, 6, 23, 28, 4, 11, 8, 18, 9, 22], [0, 20, 5, 25, 10, 15, 29], [0, 12, 1, 13, 7, 16], [0, 30, 26, 14, 24, 27]]


#################
lambda = 0.1
mu = 1.0
nu = 0.4

init = 992.74
det = 791.57
gap = 0.577

solution = [[0, 28, 11, 4, 23, 2, 3, 6], [0, 20, 5, 25, 10, 29, 15, 22, 9, 8, 18], [0, 26, 7, 13, 17, 19, 31, 21], [0, 27, 24, 14], [0, 12, 1, 16, 30]]


#################
lambda = 0.1
mu = 1.0
nu = 0.9

init = 901.251
det = 843.97
gap = 6.75

solution = [[0, 20, 5, 25, 10, 15, 29], [0, 22, 9, 18, 8, 11, 4, 28, 6], [0, 23, 3, 2, 17, 19, 31, 21], [0, 26, 7, 13, 1, 12, 16], [0, 30, 14, 24, 27]]


#################
lambda = 0.1
mu = 1.0
nu = 1.4000000000000001

init = 915.816
det = 801.842
gap = 1.851

solution = [[0, 18, 8, 9, 22, 15, 29, 10, 25, 5, 20], [0, 28, 11, 4, 23, 2, 3, 6], [0, 27, 24, 14], [0, 7, 13, 21, 31, 19, 17], [0, 30, 26, 16, 1, 12]]


#################
lambda = 0.1
mu = 1.0
nu = 1.7000000000000002

init = 996.664
det = 793.445
gap = 0.812

solution = [[0, 26, 7, 13, 21, 31, 19, 17], [0, 12, 1, 16, 30], [0, 6, 3, 2, 23, 28, 4, 11, 18], [0, 27, 24], [0, 14, 8, 9, 22, 15, 29, 10, 25, 5, 20]]


#################
lambda = 0.1
mu = 1.1
nu = 0.0

init = 1328.809
det = 822.957
gap = 4.369

solution = [[0, 18, 8, 28, 4, 11, 9, 22, 15, 29], [0, 26, 7, 13, 21, 31, 19, 17], [0, 12, 1, 16, 30], [0, 27, 24, 14], [0, 20, 5, 25, 10, 23, 2, 3, 6]]


#################
lambda = 0.1
mu = 1.1
nu = 0.1

init = 1327.2
det = 834.652
gap = 5.709

solution = [[0, 21, 31, 19, 17, 13, 7], [0, 20, 5, 25, 10, 15, 29, 2, 3], [0, 12, 1, 16, 26, 30], [0, 22, 9, 18, 8, 11, 4, 28, 23, 6], [0, 14, 24, 27]]


#################
lambda = 0.1
mu = 1.1
nu = 0.2

init = 1327.083
det = 797.378
gap = 1.301

solution = [[0, 26, 7, 13, 21, 31, 19, 17], [0, 27, 24, 14], [0, 30, 16, 1, 12], [0, 20, 5, 25, 10, 29, 15, 22, 9, 8, 18], [0, 6, 3, 2, 23, 28, 4, 11]]


#################
lambda = 0.1
mu = 1.1
nu = 0.30000000000000004

init = 1313.913
det = 807.949
gap = 2.593

solution = [[0, 6, 17, 19, 31, 21, 13], [0, 30, 16, 12, 1, 7, 26], [0, 27, 24, 14], [0, 29, 22, 9, 15, 10, 25, 5, 20], [0, 3, 2, 23, 28, 4, 11, 8, 18]]


#################
lambda = 0.1
mu = 1.1
nu = 0.4

init = 1103.635
det = 797.378
gap = 1.301

solution = [[0, 6, 3, 2, 23, 28, 4, 11], [0, 26, 7, 13, 21, 31, 19, 17], [0, 20, 5, 25, 10, 29, 15, 22, 9, 8, 18], [0, 12, 1, 16, 30], [0, 27, 24, 14]]


#################
lambda = 0.1
mu = 1.1
nu = 0.6000000000000001

init = 1107.062
det = 836.541
gap = 5.922

solution = [[0, 21, 31, 19, 17, 2, 6], [0, 3, 23, 28, 4, 11, 8, 18, 9, 22], [0, 20, 5, 25, 10, 15, 29, 27], [0, 24, 14, 30], [0, 12, 1, 13, 7, 16, 26]]


#################
lambda = 0.1
mu = 1.1
nu = 0.9

init = 1100.332
det = 871.934
gap = 9.741

solution = [[0, 6, 23, 3, 2, 17, 19, 31], [0, 20, 5, 25, 10], [0, 29, 15, 22, 9, 18, 8, 11, 4, 28], [0, 30, 16, 26, 14, 24, 27], [0, 12, 1, 21, 13, 7]]


#################
lambda = 0.1
mu = 1.1
nu = 1.5

init = 1069.102
det = 851.554
gap = 7.581

solution = [[0, 29, 15, 22, 9, 18, 8, 28, 4, 11], [0, 21, 31, 19, 17, 13, 7, 26], [0, 20, 5, 25, 10, 6, 3, 2, 23], [0, 14, 24, 27], [0, 12, 1, 16, 30]]


#################
lambda = 0.1
mu = 1.1
nu = 1.7000000000000002

init = 1058.43
det = 810.376
gap = 2.885

solution = [[0, 21, 31, 19, 17, 13, 6], [0, 27, 24, 14], [0, 30, 16, 12, 1, 7, 26], [0, 29, 22, 9, 15, 10, 25, 5, 20], [0, 3, 2, 23, 28, 4, 11, 8, 18]]


#################
lambda = 0.1
mu = 1.1
nu = 1.8

init = 1178.719
det = 793.101
gap = 0.769

solution = [[0, 21, 31, 19, 17, 13, 7, 26], [0, 12, 1, 16, 30], [0, 20, 5, 25, 10, 29, 15, 22, 9, 8, 18], [0, 27, 24, 14], [0, 6, 3, 2, 23, 28, 4, 11]]


#################
lambda = 0.1
mu = 1.2000000000000002
nu = 0.0

init = 1331.741
det = 797.378
gap = 1.301

solution = [[0, 26, 7, 13, 21, 31, 19, 17], [0, 12, 1, 16, 30], [0, 20, 5, 25, 10, 29, 15, 22, 9, 8, 18], [0, 27, 24, 14], [0, 6, 3, 2, 23, 28, 4, 11]]


#################
lambda = 0.1
mu = 1.2000000000000002
nu = 0.1

init = 1313.574
det = 797.378
gap = 1.301

solution = [[0, 26, 7, 13, 21, 31, 19, 17], [0, 27, 24, 14], [0, 30, 16, 1, 12], [0, 20, 5, 25, 10, 29, 15, 22, 9, 8, 18], [0, 6, 3, 2, 23, 28, 4, 11]]


#################
lambda = 0.1
mu = 1.2000000000000002
nu = 1.3

init = 1336.493
det = 797.378
gap = 1.301

solution = [[0, 26, 7, 13, 21, 31, 19, 17], [0, 27, 24, 14], [0, 30, 16, 1, 12], [0, 20, 5, 25, 10, 29, 15, 22, 9, 8, 18], [0, 6, 3, 2, 23, 28, 4, 11]]


#################
lambda = 0.1
mu = 1.2000000000000002
nu = 1.5

init = 1315.968
det = 832.784
gap = 5.498

solution = [[0, 12, 1, 13, 7, 16, 26], [0, 27, 29, 15, 10, 25, 5, 20], [0, 24, 14, 30], [0, 6, 23, 28, 4, 11, 8, 18, 9, 22], [0, 21, 31, 19, 17, 2, 3]]


#################
lambda = 0.1
mu = 1.2000000000000002
nu = 1.7000000000000002

init = 1464.397
det = 797.378
gap = 1.301

solution = [[0, 30, 16, 1, 12], [0, 26, 7, 13, 21, 31, 19, 17], [0, 18, 8, 9, 22, 15, 29, 10, 25, 5, 20], [0, 27, 24, 14], [0, 6, 3, 2, 23, 28, 4, 11]]


#################
lambda = 0.1
mu = 1.3
nu = 0.0

init = 1383.646
det = 808.334
gap = 2.639

solution = [[0, 3, 2, 23, 28, 4, 11, 8, 18], [0, 13, 21, 31, 19, 17, 6], [0, 29, 22, 9, 15, 10, 25, 5, 20], [0, 27, 24, 14], [0, 30, 26, 16, 7, 1, 12]]


#################
lambda = 0.1
mu = 1.4000000000000001
nu = 0.0

init = 1480.697
det = 840.884
gap = 6.408

solution = [[0, 12, 1, 13, 7, 16, 26], [0, 20, 5, 25, 10, 15, 29], [0, 30, 14, 24, 27], [0, 6, 23, 28, 4, 11, 8, 18, 9, 22], [0, 21, 31, 19, 17, 2, 3]]


#################
lambda = 0.1
mu = 1.4000000000000001
nu = 0.30000000000000004

init = 1451.658
det = 795.847
gap = 1.112

solution = [[0, 26, 7, 13, 21, 31, 19, 17], [0, 28, 11, 4, 23, 2, 3, 6], [0, 20, 5, 25, 10, 29, 15, 22, 9, 8, 18], [0, 27, 24, 14], [0, 12, 1, 16, 30]]


#################
lambda = 0.1
mu = 1.4000000000000001
nu = 0.9

init = 1445.462
det = 842.698
gap = 6.61

solution = [[0, 22, 9, 18, 8, 11, 4, 28, 23, 6], [0, 21, 31, 19, 17, 2, 3], [0, 20, 5, 25, 10, 15, 29], [0, 16, 12, 1, 13, 7, 26], [0, 27, 24, 14, 30]]


#################
lambda = 0.1
mu = 1.4000000000000001
nu = 1.4000000000000001

init = 1418.096
det = 793.445
gap = 0.812

solution = [[0, 26, 7, 13, 21, 31, 19, 17], [0, 12, 1, 16, 30], [0, 6, 3, 2, 23, 28, 4, 11, 18], [0, 27, 24], [0, 14, 8, 9, 22, 15, 29, 10, 25, 5, 20]]


#################
lambda = 0.1
mu = 1.4000000000000001
nu = 1.5

init = 1451.21
det = 797.378
gap = 1.301

solution = [[0, 20, 5, 25, 10, 29, 15, 22, 9, 8, 18], [0, 26, 7, 13, 21, 31, 19, 17], [0, 27, 24, 14], [0, 6, 3, 2, 23, 28, 4, 11], [0, 12, 1, 16, 30]]


#################
lambda = 0.1
mu = 1.4000000000000001
nu = 1.6

init = 1430.408
det = 803.274
gap = 2.026

solution = [[0, 6, 17, 19, 31, 21, 13], [0, 29, 22, 9, 15, 10, 25, 5, 20], [0, 30, 16, 12, 1, 7, 26], [0, 14, 18, 8, 11, 4, 28, 23, 2, 3], [0, 24, 27]]


#################
lambda = 0.1
mu = 1.5
nu = 1.3

init = 1238.835
det = 821.405
gap = 4.189

solution = [[0, 13, 21, 31, 19, 17, 6], [0, 18, 8, 11, 4, 28, 23, 2, 3], [0, 30, 16, 12, 1, 7, 26], [0, 14, 24, 27], [0, 20, 5, 25, 10, 29, 15, 9, 22]]


#################
lambda = 0.1
mu = 1.5
nu = 1.5

init = 1465.178
det = 795.847
gap = 1.112

solution = [[0, 26, 7, 13, 21, 31, 19, 17], [0, 12, 1, 16, 30], [0, 28, 11, 4, 23, 2, 3, 6], [0, 20, 5, 25, 10, 29, 15, 22, 9, 8, 18], [0, 14, 24, 27]]


#################
lambda = 0.1
mu = 1.9000000000000001
nu = 1.2000000000000002

init = 1250.671
det = 832.784
gap = 5.498

solution = [[0, 3, 2, 17, 19, 31, 21], [0, 22, 9, 18, 8, 11, 4, 28, 23, 6], [0, 26, 16, 7, 13, 1, 12], [0, 20, 5, 25, 10, 15, 29, 27], [0, 24, 14, 30]]


#################
lambda = 0.2
mu = 0.0
nu = 1.9000000000000001

init = 909.172
det = 861.328
gap = 8.629

solution = [[0, 23, 3, 2, 17, 19, 31, 21], [0, 29, 15, 22, 9, 11, 4, 28, 8, 18], [0, 26, 7, 13, 6, 14, 24, 27], [0, 12, 1, 16, 30], [0, 20, 5, 25, 10]]


#################
lambda = 0.2
mu = 0.1
nu = 0.0

init = 986.72
det = 807.949
gap = 2.593

solution = [[0, 6, 17, 19, 31, 21, 13], [0, 29, 22, 9, 15, 10, 25, 5, 20], [0, 3, 2, 23, 28, 4, 11, 8, 18], [0, 27, 24, 14], [0, 30, 16, 12, 1, 7, 26]]


#################
lambda = 0.2
mu = 0.1
nu = 0.1

init = 938.91
det = 870.053
gap = 9.546

solution = [[0, 21, 31, 19, 17, 2, 3, 23], [0, 20, 5, 25, 10, 27, 24, 14], [0, 29, 15, 22, 9, 18, 8, 28, 4, 11], [0, 30, 16, 26], [0, 12, 1, 7, 13, 6]]


#################
lambda = 0.2
mu = 0.30000000000000004
nu = 1.8

init = 904.756
det = 818.68
gap = 3.87

solution = [[0, 20, 5, 25, 10, 23, 2, 3, 6], [0, 21, 31, 19, 17, 13, 7, 26], [0, 12, 1, 16, 30], [0, 18, 8, 28, 4, 11, 9, 22, 15, 29], [0, 27, 24, 14]]


#################
lambda = 0.2
mu = 0.4
nu = 1.4000000000000001

init = 918.557
det = 859.824
gap = 8.47

solution = [[0, 29, 15, 22, 9, 18, 8, 28, 4, 11], [0, 6, 23, 3, 2, 17, 19, 31], [0, 12, 1, 21, 13, 7, 26], [0, 20, 5, 25, 10, 27, 24, 14], [0, 16, 30]]


#################
lambda = 0.2
mu = 0.6000000000000001
nu = 1.9000000000000001

init = 859.422
det = 795.847
gap = 1.112

solution = [[0, 26, 7, 13, 21, 31, 19, 17], [0, 12, 1, 16, 30], [0, 28, 11, 4, 23, 2, 3, 6], [0, 27, 24, 14], [0, 18, 8, 9, 22, 15, 29, 10, 25, 5, 20]]


#################
lambda = 0.2
mu = 0.9
nu = 1.7000000000000002

init = 984.194
det = 839.335
gap = 6.235

solution = [[0, 29, 15, 22, 9, 11, 4, 28, 8], [0, 26, 13, 21, 31, 19, 17], [0, 6, 3, 2, 23, 18, 10, 25, 5, 20], [0, 27, 24, 14], [0, 30, 16, 7, 1, 12]]


#################
lambda = 0.2
mu = 0.9
nu = 1.9000000000000001

init = 963.466
det = 791.57
gap = 0.577

solution = [[0, 21, 31, 19, 17, 13, 7, 26], [0, 12, 1, 16, 30], [0, 20, 5, 25, 10, 29, 15, 22, 9, 8, 18], [0, 28, 11, 4, 23, 2, 3, 6], [0, 27, 24, 14]]


#################
lambda = 0.2
mu = 1.0
nu = 0.0

init = 957.618
det = 793.101
gap = 0.769

solution = [[0, 21, 31, 19, 17, 13, 7, 26], [0, 30, 16, 1, 12], [0, 27, 24, 14], [0, 20, 5, 25, 10, 29, 15, 22, 9, 8, 18], [0, 6, 3, 2, 23, 28, 4, 11]]


#################
lambda = 0.2
mu = 1.0
nu = 0.4

init = 987.842
det = 832.784
gap = 5.498

solution = [[0, 22, 9, 18, 8, 11, 4, 28, 23, 6], [0, 3, 2, 17, 19, 31, 21], [0, 26, 16, 7, 13, 1, 12], [0, 20, 5, 25, 10, 15, 29, 27], [0, 24, 14, 30]]


#################
lambda = 0.2
mu = 1.0
nu = 1.7000000000000002

init = 917.062
det = 791.57
gap = 0.577

solution = [[0, 21, 31, 19, 17, 13, 7, 26], [0, 18, 8, 9, 22, 15, 29, 10, 25, 5, 20], [0, 28, 11, 4, 23, 2, 3, 6], [0, 12, 1, 16, 30], [0, 14, 24, 27]]


#################
lambda = 0.2
mu = 1.1
nu = 0.0

init = 887.843
det = 797.378
gap = 1.301

solution = [[0, 26, 7, 13, 21, 31, 19, 17], [0, 27, 24, 14], [0, 30, 16, 1, 12], [0, 20, 5, 25, 10, 29, 15, 22, 9, 8, 18], [0, 6, 3, 2, 23, 28, 4, 11]]


#################
lambda = 0.2
mu = 1.1
nu = 0.4

init = 878.431
det = 832.784
gap = 5.498

solution = [[0, 12, 1, 13, 7, 16, 26], [0, 6, 23, 28, 4, 11, 8, 18, 9, 22], [0, 21, 31, 19, 17, 2, 3], [0, 20, 5, 25, 10, 15, 29, 27], [0, 24, 14, 30]]


#################
lambda = 0.2
mu = 1.1
nu = 1.4000000000000001

init = 1003.572
det = 834.599
gap = 5.703

solution = [[0, 6, 23, 28, 4, 11, 8, 18, 9, 22], [0, 21, 31, 19, 17, 2, 3], [0, 20, 5, 25, 10, 15, 29, 27], [0, 30, 14, 24], [0, 26, 7, 13, 1, 12, 16]]


#################
lambda = 0.2
mu = 1.1
nu = 1.6

init = 1026.941
det = 830.708
gap = 5.262

solution = [[0, 21, 31, 19, 17, 2, 3, 23], [0, 20, 5, 25, 10, 15, 9, 22, 29], [0, 18, 8, 11, 4, 28, 6, 13, 7], [0, 30, 26, 16, 1, 12], [0, 27, 24, 14]]


#################
lambda = 0.2
mu = 1.2000000000000002
nu = 1.1

init = 1053.577
det = 797.378
gap = 1.301

solution = [[0, 6, 3, 2, 23, 28, 4, 11], [0, 26, 7, 13, 21, 31, 19, 17], [0, 12, 1, 16, 30], [0, 20, 5, 25, 10, 29, 15, 22, 9, 8, 18], [0, 27, 24, 14]]


#################
lambda = 0.2
mu = 1.2000000000000002
nu = 1.7000000000000002

init = 1046.847
det = 871.934
gap = 9.741

solution = [[0, 6, 23, 3, 2, 17, 19, 31], [0, 20, 5, 25, 10], [0, 29, 15, 22, 9, 18, 8, 11, 4, 28], [0, 30, 16, 26, 14, 24, 27], [0, 12, 1, 21, 13, 7]]


#################
lambda = 0.2
mu = 1.3
nu = 0.0

init = 1202.082
det = 859.638
gap = 8.45

solution = [[0, 29, 15, 22, 9, 18, 8, 11, 4, 28], [0, 16, 30], [0, 6, 23, 3, 2, 17, 19, 31], [0, 14, 24, 27, 20, 5, 25, 10], [0, 26, 7, 13, 21, 1, 12]]


#################
lambda = 0.2
mu = 1.3
nu = 0.7000000000000001

init = 1199.288
det = 819.106
gap = 3.92

solution = [[0, 20, 29, 22, 9, 8, 28, 23, 2, 3, 6], [0, 21, 31, 19, 17, 13, 7, 26], [0, 5, 25, 10, 15, 11, 4, 18], [0, 27, 24, 14], [0, 12, 1, 16, 30]]


#################
lambda = 0.2
mu = 1.3
nu = 1.3

init = 1265.815
det = 832.784
gap = 5.498

solution = [[0, 30, 14, 24], [0, 12, 1, 13, 7, 16, 26], [0, 21, 31, 19, 17, 2, 3], [0, 20, 5, 25, 10, 15, 29, 27], [0, 22, 9, 18, 8, 11, 4, 28, 23, 6]]


#################
lambda = 0.2
mu = 1.4000000000000001
nu = 0.0

init = 1316.294
det = 797.378
gap = 1.301

solution = [[0, 26, 7, 13, 21, 31, 19, 17], [0, 12, 1, 16, 30], [0, 20, 5, 25, 10, 29, 15, 22, 9, 8, 18], [0, 27, 24, 14], [0, 6, 3, 2, 23, 28, 4, 11]]


#################
lambda = 0.2
mu = 1.4000000000000001
nu = 0.1

init = 1298.127
det = 834.056
gap = 5.642

solution = [[0, 21, 31, 19, 17, 2, 3, 23], [0, 22, 9, 18, 8, 11, 4, 28, 6], [0, 20, 5, 25, 10, 15, 29, 27], [0, 30, 14, 24], [0, 12, 1, 13, 7, 16, 26]]


#################
lambda = 0.2
mu = 1.4000000000000001
nu = 0.5

init = 1316.368
det = 834.056
gap = 5.642

solution = [[0, 23, 3, 2, 17, 19, 31, 21], [0, 6, 28, 4, 11, 8, 18, 9, 22], [0, 20, 5, 25, 10, 15, 29, 27], [0, 12, 1, 13, 7, 16, 26], [0, 24, 14, 30]]


#################
lambda = 0.2
mu = 1.5
nu = 0.0

init = 1311.884
det = 797.378
gap = 1.301

solution = [[0, 26, 7, 13, 21, 31, 19, 17], [0, 20, 5, 25, 10, 29, 15, 22, 9, 8, 18], [0, 6, 3, 2, 23, 28, 4, 11], [0, 27, 24, 14], [0, 12, 1, 16, 30]]


#################
lambda = 0.2
mu = 1.6
nu = 0.5

init = 1313.014
det = 807.949
gap = 2.593

solution = [[0, 6, 17, 19, 31, 21, 13], [0, 30, 16, 12, 1, 7, 26], [0, 27, 24, 14], [0, 29, 22, 9, 15, 10, 25, 5, 20], [0, 3, 2, 23, 28, 4, 11, 8, 18]]


#################
lambda = 0.2
mu = 1.6
nu = 1.1

init = 1427.6
det = 797.378
gap = 1.301

solution = [[0, 26, 7, 13, 21, 31, 19, 17], [0, 27, 24, 14], [0, 30, 16, 1, 12], [0, 20, 5, 25, 10, 29, 15, 22, 9, 8, 18], [0, 6, 3, 2, 23, 28, 4, 11]]


#################
lambda = 0.2
mu = 1.6
nu = 1.9000000000000001

init = 1424.472
det = 797.378
gap = 1.301

solution = [[0, 6, 3, 2, 23, 28, 4, 11], [0, 26, 7, 13, 21, 31, 19, 17], [0, 12, 1, 16, 30], [0, 20, 5, 25, 10, 29, 15, 22, 9, 8, 18], [0, 27, 24, 14]]


#################
lambda = 0.2
mu = 1.7000000000000002
nu = 0.0

init = 1489.187
det = 797.378
gap = 1.301

solution = [[0, 26, 7, 13, 21, 31, 19, 17], [0, 12, 1, 16, 30], [0, 27, 24, 14], [0, 20, 5, 25, 10, 29, 15, 22, 9, 8, 18], [0, 6, 3, 2, 23, 28, 4, 11]]


#################
lambda = 0.2
mu = 1.7000000000000002
nu = 0.6000000000000001

init = 1448.839
det = 793.101
gap = 0.769

solution = [[0, 21, 31, 19, 17, 13, 7, 26], [0, 12, 1, 16, 30], [0, 27, 24, 14], [0, 20, 5, 25, 10, 29, 15, 22, 9, 8, 18], [0, 6, 3, 2, 23, 28, 4, 11]]


#################
lambda = 0.2
mu = 1.7000000000000002
nu = 1.4000000000000001

init = 1414.227
det = 793.101
gap = 0.769

solution = [[0, 26, 7, 13, 17, 19, 31, 21], [0, 12, 1, 16, 30], [0, 27, 24, 14], [0, 20, 5, 25, 10, 29, 15, 22, 9, 8, 18], [0, 6, 3, 2, 23, 28, 4, 11]]


#################
lambda = 0.2
mu = 1.8
nu = 1.3

init = 1247.65
det = 795.847
gap = 1.112

solution = [[0, 26, 7, 13, 21, 31, 19, 17], [0, 28, 11, 4, 23, 2, 3, 6], [0, 20, 5, 25, 10, 29, 15, 22, 9, 8, 18], [0, 27, 24, 14], [0, 12, 1, 16, 30]]


#################
lambda = 0.30000000000000004
mu = 0.0
nu = 0.0

init = 963.411
det = 797.378
gap = 1.301

solution = [[0, 26, 7, 13, 21, 31, 19, 17], [0, 6, 3, 2, 23, 28, 4, 11], [0, 12, 1, 16, 30], [0, 20, 5, 25, 10, 29, 15, 22, 9, 8, 18], [0, 14, 24, 27]]


#################
lambda = 0.30000000000000004
mu = 0.0
nu = 0.2

init = 967.737
det = 868.236
gap = 9.356

solution = [[0, 29, 15, 22, 9, 18, 8, 28, 4, 11], [0, 23, 3, 2, 17, 19, 31, 21], [0, 12, 1, 7, 13, 6, 26], [0, 16, 30], [0, 20, 5, 25, 10, 27, 24, 14]]


#################
lambda = 0.30000000000000004
mu = 0.0
nu = 1.7000000000000002

init = 913.375
det = 854.996
gap = 7.953

solution = [[0, 29, 15, 22, 9, 18, 8, 28, 4, 11], [0, 24, 14, 6, 3, 2, 23], [0, 26, 7, 13, 21, 31, 19, 17], [0, 12, 1, 16, 30], [0, 20, 5, 25, 10, 27]]


#################
lambda = 0.30000000000000004
mu = 0.30000000000000004
nu = 0.0

init = 994.354
det = 793.101
gap = 0.769

solution = [[0, 21, 31, 19, 17, 13, 7, 26], [0, 12, 1, 16, 30], [0, 27, 24, 14], [0, 20, 5, 25, 10, 29, 15, 22, 9, 8, 18], [0, 6, 3, 2, 23, 28, 4, 11]]


#################
lambda = 0.30000000000000004
mu = 0.6000000000000001
nu = 0.0

init = 962.972
det = 863.434
gap = 8.852

solution = [[0, 6, 23, 3, 2, 17, 19, 31], [0, 28, 4, 11, 8, 18, 9, 22, 15, 29], [0, 14, 24, 27, 20, 5, 25, 10], [0, 7, 13, 21, 1, 12], [0, 30, 16, 26]]


#################
lambda = 0.30000000000000004
mu = 0.8
nu = 0.0

init = 952.765
det = 795.847
gap = 1.112

solution = [[0, 28, 11, 4, 23, 2, 3, 6], [0, 26, 7, 13, 21, 31, 19, 17], [0, 20, 5, 25, 10, 29, 15, 22, 9, 8, 18], [0, 12, 1, 16, 30], [0, 27, 24, 14]]


#################
lambda = 0.30000000000000004
mu = 0.9
nu = 0.0

init = 989.847
det = 872.273
gap = 9.776

solution = [[0, 29, 15, 22, 9, 18, 8, 28, 4, 11], [0, 14, 24, 27, 20, 5, 25, 10], [0, 6, 23, 3, 2, 17, 19, 31], [0, 16, 30], [0, 26, 7, 13, 21, 1, 12]]


#################
lambda = 0.30000000000000004
mu = 0.9
nu = 0.5

init = 980.347
det = 791.57
gap = 0.577

solution = [[0, 6, 3, 2, 23, 4, 11, 28], [0, 20, 5, 25, 10, 29, 15, 22, 9, 8, 18], [0, 27, 24, 14], [0, 21, 31, 19, 17, 13, 7, 26], [0, 12, 1, 16, 30]]


#################
lambda = 0.30000000000000004
mu = 0.9
nu = 1.9000000000000001

init = 959.046
det = 795.847
gap = 1.112

solution = [[0, 26, 7, 13, 21, 31, 19, 17], [0, 28, 11, 4, 23, 2, 3, 6], [0, 20, 5, 25, 10, 29, 15, 22, 9, 8, 18], [0, 27, 24, 14], [0, 12, 1, 16, 30]]


#################
lambda = 0.30000000000000004
mu = 1.0
nu = 1.0

init = 992.083
det = 807.949
gap = 2.593

solution = [[0, 3, 2, 23, 28, 4, 11, 8, 18], [0, 6, 17, 19, 31, 21, 13], [0, 30, 16, 12, 1, 7, 26], [0, 29, 22, 9, 15, 10, 25, 5, 20], [0, 14, 24, 27]]


#################
lambda = 0.30000000000000004
mu = 1.1
nu = 0.0

init = 865.149
det = 797.378
gap = 1.301

solution = [[0, 26, 7, 13, 21, 31, 19, 17], [0, 20, 5, 25, 10, 29, 15, 22, 9, 8, 18], [0, 6, 3, 2, 23, 28, 4, 11], [0, 27, 24, 14], [0, 12, 1, 16, 30]]


#################
lambda = 0.30000000000000004
mu = 1.2000000000000002
nu = 0.0

init = 983.125
det = 832.784
gap = 5.498

solution = [[0, 12, 1, 13, 7, 16, 26], [0, 20, 5, 25, 10, 15, 29, 27], [0, 24, 14, 30], [0, 6, 23, 28, 4, 11, 8, 18, 9, 22], [0, 21, 31, 19, 17, 2, 3]]


#################
lambda = 0.30000000000000004
mu = 1.2000000000000002
nu = 0.8

init = 979.241
det = 832.784
gap = 5.498

solution = [[0, 21, 31, 19, 17, 2, 3], [0, 22, 9, 18, 8, 11, 4, 28, 23, 6], [0, 12, 1, 13, 7, 16, 26], [0, 24, 14, 30], [0, 20, 5, 25, 10, 15, 29, 27]]


#################
lambda = 0.30000000000000004
mu = 1.2000000000000002
nu = 1.1

init = 852.521
det = 837.014
gap = 5.975

solution = [[0, 24, 18, 8, 28, 4, 11, 9, 22], [0, 20, 5, 25, 10, 15, 29, 27], [0, 7, 13, 17, 19, 31, 21], [0, 6, 3, 2, 23, 14], [0, 12, 1, 16, 26, 30]]


#################
lambda = 0.30000000000000004
mu = 1.3
nu = 1.2000000000000002

init = 1105.09
det = 795.847
gap = 1.112

solution = [[0, 26, 7, 13, 21, 31, 19, 17], [0, 12, 1, 16, 30], [0, 20, 5, 25, 10, 29, 15, 22, 9, 8, 18], [0, 6, 3, 2, 23, 4, 11, 28], [0, 27, 24, 14]]


#################
lambda = 0.30000000000000004
mu = 1.3
nu = 1.7000000000000002

init = 1023.102
det = 795.847
gap = 1.112

solution = [[0, 18, 8, 9, 22, 15, 29, 10, 25, 5, 20], [0, 26, 7, 13, 21, 31, 19, 17], [0, 12, 1, 16, 30], [0, 27, 24, 14], [0, 6, 3, 2, 23, 4, 11, 28]]


#################
lambda = 0.30000000000000004
mu = 1.4000000000000001
nu = 0.0

init = 1363.372
det = 855.986
gap = 8.059

solution = [[0, 23, 3, 2, 17, 19, 31, 21], [0, 20, 5, 25, 10, 27], [0, 29, 15, 22, 9, 18, 8, 11, 4, 28], [0, 26, 7, 13, 6, 14, 24], [0, 12, 1, 16, 30]]


#################
lambda = 0.30000000000000004
mu = 1.4000000000000001
nu = 0.7000000000000001

init = 1289.407
det = 793.101
gap = 0.769

solution = [[0, 21, 31, 19, 17, 13, 7, 26], [0, 20, 5, 25, 10, 29, 15, 22, 9, 8, 18], [0, 6, 3, 2, 23, 28, 4, 11], [0, 27, 24, 14], [0, 12, 1, 16, 30]]


#################
lambda = 0.30000000000000004
mu = 1.4000000000000001
nu = 1.3

init = 1209.666
det = 840.547
gap = 6.371

solution = [[0, 28, 4, 11, 8, 18, 9, 22, 15, 29], [0, 26, 7, 13, 21, 31, 19, 17], [0, 12, 1, 16, 30], [0, 20, 5, 25, 10, 27], [0, 6, 3, 2, 23, 14, 24]]


#################
lambda = 0.30000000000000004
mu = 1.5
nu = 0.0

init = 1306.913
det = 856.711
gap = 8.137

solution = [[0, 23, 3, 2, 17, 19, 31, 21], [0, 12, 1, 16, 30], [0, 26, 7, 13, 6, 24, 14], [0, 20, 5, 25, 10, 15, 29, 27], [0, 18, 8, 28, 4, 11, 9, 22]]


#################
lambda = 0.30000000000000004
mu = 1.6
nu = 0.0

init = 1342.089
det = 791.57
gap = 0.577

solution = [[0, 21, 31, 19, 17, 13, 7, 26], [0, 20, 5, 25, 10, 29, 15, 22, 9, 8, 18], [0, 28, 11, 4, 23, 2, 3, 6], [0, 27, 24, 14], [0, 12, 1, 16, 30]]


#################
lambda = 0.30000000000000004
mu = 1.8
nu = 1.4000000000000001

init = 1220.466
det = 797.378
gap = 1.301

solution = [[0, 26, 7, 13, 21, 31, 19, 17], [0, 20, 5, 25, 10, 29, 15, 22, 9, 8, 18], [0, 6, 3, 2, 23, 28, 4, 11], [0, 14, 24, 27], [0, 12, 1, 16, 30]]


#################
lambda = 0.4
mu = 0.0
nu = 0.0

init = 942.813
det = 791.57
gap = 0.577

solution = [[0, 26, 7, 13, 17, 19, 31, 21], [0, 30, 16, 1, 12], [0, 27, 24, 14], [0, 6, 3, 2, 23, 4, 11, 28], [0, 20, 5, 25, 10, 29, 15, 22, 9, 8, 18]]


#################
lambda = 0.4
mu = 0.0
nu = 0.2

init = 921.676
det = 838.355
gap = 6.126

solution = [[0, 3, 23, 28, 4, 11, 8, 18, 9, 22], [0, 20, 5, 25, 10, 15, 29, 27], [0, 21, 31, 19, 17, 2, 6], [0, 30, 14, 24], [0, 26, 7, 13, 1, 12, 16]]


#################
lambda = 0.4
mu = 0.0
nu = 0.4

init = 901.211
det = 795.847
gap = 1.112

solution = [[0, 20, 5, 25, 10, 29, 15, 22, 9, 8, 18], [0, 12, 1, 16, 30], [0, 26, 7, 13, 21, 31, 19, 17], [0, 28, 11, 4, 23, 2, 3, 6], [0, 27, 24, 14]]


#################
lambda = 0.4
mu = 0.0
nu = 1.4000000000000001

init = 950.79
det = 832.784
gap = 5.498

solution = [[0, 12, 1, 13, 7, 16, 26], [0, 21, 31, 19, 17, 2, 3], [0, 22, 9, 18, 8, 11, 4, 28, 23, 6], [0, 30, 14, 24], [0, 20, 5, 25, 10, 15, 29, 27]]


#################
lambda = 0.4
mu = 0.30000000000000004
nu = 0.0

init = 963.493
det = 791.57
gap = 0.577

solution = [[0, 26, 7, 13, 17, 19, 31, 21], [0, 12, 1, 16, 30], [0, 18, 8, 9, 22, 15, 29, 10, 25, 5, 20], [0, 27, 24, 14], [0, 28, 11, 4, 23, 2, 3, 6]]


#################
lambda = 0.4
mu = 0.4
nu = 1.3

init = 975.371
det = 795.847
gap = 1.112

solution = [[0, 26, 7, 13, 21, 31, 19, 17], [0, 28, 11, 4, 23, 2, 3, 6], [0, 20, 5, 25, 10, 29, 15, 22, 9, 8, 18], [0, 30, 16, 1, 12], [0, 27, 24, 14]]


#################
lambda = 0.4
mu = 0.9
nu = 0.0

init = 955.685
det = 797.378
gap = 1.301

solution = [[0, 26, 7, 13, 21, 31, 19, 17], [0, 27, 24, 14], [0, 30, 16, 1, 12], [0, 20, 5, 25, 10, 29, 15, 22, 9, 8, 18], [0, 6, 3, 2, 23, 28, 4, 11]]


#################
lambda = 0.4
mu = 0.9
nu = 1.3

init = 951.34
det = 834.056
gap = 5.642

solution = [[0, 20, 5, 25, 10, 15, 29, 27], [0, 6, 28, 4, 11, 8, 18, 9, 22], [0, 21, 31, 19, 17, 2, 3, 23], [0, 24, 14, 30], [0, 12, 1, 13, 7, 16, 26]]


#################
lambda = 0.4
mu = 1.2000000000000002
nu = 1.9000000000000001

init = 879.941
det = 797.378
gap = 1.301

solution = [[0, 26, 7, 13, 21, 31, 19, 17], [0, 12, 1, 16, 30], [0, 20, 5, 25, 10, 29, 15, 22, 9, 8, 18], [0, 6, 3, 2, 23, 28, 4, 11], [0, 27, 24, 14]]


#################
lambda = 0.4
mu = 1.3
nu = 0.0

init = 1030.203
det = 795.847
gap = 1.112

solution = [[0, 28, 11, 4, 23, 2, 3, 6], [0, 12, 1, 16, 30], [0, 26, 7, 13, 21, 31, 19, 17], [0, 27, 24, 14], [0, 20, 5, 25, 10, 29, 15, 22, 9, 8, 18]]


#################
lambda = 0.4
mu = 1.3
nu = 0.1

init = 896.294
det = 797.378
gap = 1.301

solution = [[0, 26, 7, 13, 21, 31, 19, 17], [0, 20, 5, 25, 10, 29, 15, 22, 9, 8, 18], [0, 12, 1, 16, 30], [0, 6, 3, 2, 23, 28, 4, 11], [0, 27, 24, 14]]


#################
lambda = 0.4
mu = 1.3
nu = 0.6000000000000001

init = 1050.637
det = 836.081
gap = 5.87

solution = [[0, 21, 31, 19, 17, 2, 3], [0, 12, 1, 13, 7, 14, 24], [0, 26, 16, 30], [0, 22, 9, 18, 8, 11, 4, 28, 23, 6], [0, 20, 5, 25, 10, 15, 29, 27]]


#################
lambda = 0.4
mu = 1.3
nu = 1.3

init = 1091.522
det = 818.68
gap = 3.87

solution = [[0, 29, 15, 22, 9, 11, 4, 28, 8, 18], [0, 21, 31, 19, 17, 13, 7, 26], [0, 12, 1, 16, 30], [0, 27, 24, 14], [0, 20, 5, 25, 10, 23, 2, 3, 6]]


#################
lambda = 0.4
mu = 1.3
nu = 1.7000000000000002

init = 912.217
det = 844.37
gap = 6.794

solution = [[0, 29, 15, 22, 9, 18, 8, 11, 4, 28], [0, 13, 17, 19, 31, 21, 1], [0, 20, 5, 25, 10, 27, 24, 14], [0, 16, 30], [0, 26, 6, 23, 3, 2, 7, 12]]


#################
lambda = 0.4
mu = 1.4000000000000001
nu = 0.0

init = 1247.58
det = 810.761
gap = 2.931

solution = [[0, 21, 31, 19, 17, 13, 6], [0, 29, 22, 9, 15, 10, 25, 5, 20], [0, 3, 2, 23, 28, 4, 11, 8, 18], [0, 27, 24, 14], [0, 30, 26, 16, 7, 1, 12]]


#################
lambda = 0.4
mu = 1.4000000000000001
nu = 0.30000000000000004

init = 1245.971
det = 840.884
gap = 6.408

solution = [[0, 3, 2, 17, 19, 31, 21], [0, 6, 23, 28, 4, 11, 8, 18, 9, 22], [0, 26, 16, 7, 13, 1, 12], [0, 30, 14, 24, 27], [0, 20, 5, 25, 10, 15, 29]]


#################
lambda = 0.4
mu = 1.4000000000000001
nu = 0.5

init = 1245.854
det = 793.445
gap = 0.812

solution = [[0, 26, 7, 13, 21, 31, 19, 17], [0, 12, 1, 16, 30], [0, 6, 3, 2, 23, 28, 4, 11, 18], [0, 27, 24], [0, 14, 8, 9, 22, 15, 29, 10, 25, 5, 20]]


#################
lambda = 0.4
mu = 1.4000000000000001
nu = 1.2000000000000002

init = 1232.683
det = 793.101
gap = 0.769

solution = [[0, 27, 24, 14], [0, 12, 1, 16, 30], [0, 21, 31, 19, 17, 13, 7, 26], [0, 20, 5, 25, 10, 29, 15, 22, 9, 8, 18], [0, 6, 3, 2, 23, 28, 4, 11]]


#################
lambda = 0.4
mu = 1.4000000000000001
nu = 1.5

init = 1277.101
det = 795.847
gap = 1.112

solution = [[0, 26, 7, 13, 21, 31, 19, 17], [0, 28, 11, 4, 23, 2, 3, 6], [0, 20, 5, 25, 10, 29, 15, 22, 9, 8, 18], [0, 27, 24, 14], [0, 12, 1, 16, 30]]


#################
lambda = 0.4
mu = 1.5
nu = 0.0

init = 1173.225
det = 834.056
gap = 5.642

solution = [[0, 21, 31, 19, 17, 2, 3, 23], [0, 22, 9, 18, 8, 11, 4, 28, 6], [0, 20, 5, 25, 10, 15, 29, 27], [0, 30, 14, 24], [0, 26, 16, 7, 13, 1, 12]]


#################
lambda = 0.4
mu = 1.5
nu = 0.4

init = 1245.131
det = 834.056
gap = 5.642

solution = [[0, 21, 31, 19, 17, 2, 3, 23], [0, 22, 9, 18, 8, 11, 4, 28, 6], [0, 20, 5, 25, 10, 15, 29, 27], [0, 30, 14, 24], [0, 26, 16, 7, 13, 1, 12]]


#################
lambda = 0.4
mu = 1.5
nu = 1.0

init = 1374.297
det = 832.784
gap = 5.498

solution = [[0, 22, 9, 18, 8, 11, 4, 28, 23, 6], [0, 20, 5, 25, 10, 15, 29, 27], [0, 21, 31, 19, 17, 2, 3], [0, 12, 1, 13, 7, 16, 26], [0, 24, 14, 30]]


#################
lambda = 0.4
mu = 1.6
nu = 0.0

init = 1183.841
det = 819.106
gap = 3.92

solution = [[0, 20, 29, 22, 9, 8, 28, 23, 2, 3, 6], [0, 21, 31, 19, 17, 13, 7, 26], [0, 5, 25, 10, 15, 11, 4, 18], [0, 27, 24, 14], [0, 12, 1, 16, 30]]


#################
lambda = 0.4
mu = 1.7000000000000002
nu = 0.0

init = 1332.407
det = 808.334
gap = 2.639

solution = [[0, 3, 2, 23, 28, 4, 11, 8, 18], [0, 29, 22, 9, 15, 10, 25, 5, 20], [0, 27, 24, 14], [0, 6, 17, 19, 31, 21, 13], [0, 30, 26, 16, 7, 1, 12]]


#################
lambda = 0.4
mu = 1.7000000000000002
nu = 1.9000000000000001

init = 1314.139
det = 851.641
gap = 7.59

solution = [[0, 21, 31, 19, 17, 2, 3, 23], [0, 24, 14, 6, 13, 7, 26], [0, 30, 16, 1, 12], [0, 18, 8, 28, 4, 11, 9, 22, 27], [0, 20, 5, 25, 10, 15, 29]]


#################
lambda = 0.4
mu = 1.8
nu = 1.8

init = 1297.41
det = 791.57
gap = 0.577

solution = [[0, 20, 5, 25, 10, 29, 15, 22, 9, 8, 18], [0, 28, 11, 4, 23, 2, 3, 6], [0, 26, 7, 13, 17, 19, 31, 21], [0, 30, 16, 1, 12], [0, 27, 24, 14]]


#################
lambda = 0.5
mu = 0.0
nu = 0.0

init = 884.278
det = 840.884
gap = 6.408

solution = [[0, 6, 23, 28, 4, 11, 8, 18, 9, 22], [0, 20, 5, 25, 10, 15, 29], [0, 21, 31, 19, 17, 2, 3], [0, 12, 1, 13, 7, 16, 26], [0, 30, 14, 24, 27]]


#################
lambda = 0.5
mu = 0.0
nu = 0.5

init = 897.144
det = 855.752
gap = 8.034

solution = [[0, 18, 8, 28, 4, 11, 9, 22, 15], [0, 23, 3, 2, 17, 19, 31, 21], [0, 30, 16, 1, 12], [0, 20, 5, 25, 10, 29, 6, 13, 7, 26], [0, 27, 24, 14]]


#################
lambda = 0.5
mu = 0.0
nu = 0.9

init = 910.978
det = 854.82
gap = 7.934

solution = [[0, 23, 3, 2, 17, 19, 31, 21], [0, 29, 15, 22, 9, 11, 4, 28, 8, 18], [0, 20, 5, 25, 10, 27], [0, 12, 1, 16, 30], [0, 24, 14, 6, 13, 7, 26]]


#################
lambda = 0.5
mu = 0.0
nu = 1.4000000000000001

init = 919.324
det = 807.949
gap = 2.593

solution = [[0, 13, 21, 31, 19, 17, 6], [0, 30, 16, 12, 1, 7, 26], [0, 27, 24, 14], [0, 29, 22, 9, 15, 10, 25, 5, 20], [0, 3, 2, 23, 28, 4, 11, 8, 18]]


#################
lambda = 0.5
mu = 0.1
nu = 0.0

init = 879.145
det = 795.847
gap = 1.112

solution = [[0, 28, 11, 4, 23, 2, 3, 6], [0, 26, 7, 13, 21, 31, 19, 17], [0, 12, 1, 16, 30], [0, 27, 24, 14], [0, 20, 5, 25, 10, 29, 15, 22, 9, 8, 18]]


#################
lambda = 0.5
mu = 0.1
nu = 0.4

init = 907.307
det = 808.334
gap = 2.639

solution = [[0, 13, 21, 31, 19, 17, 6], [0, 27, 24, 14], [0, 12, 1, 7, 16, 26, 30], [0, 29, 22, 9, 15, 10, 25, 5, 20], [0, 3, 2, 23, 28, 4, 11, 8, 18]]


#################
lambda = 0.5
mu = 0.1
nu = 0.8

init = 875.793
det = 834.056
gap = 5.642

solution = [[0, 6, 28, 4, 11, 8, 18, 9, 22], [0, 20, 5, 25, 10, 15, 29, 27], [0, 21, 31, 19, 17, 2, 3, 23], [0, 12, 1, 13, 7, 16, 26], [0, 24, 14, 30]]


#################
lambda = 0.5
mu = 0.2
nu = 0.0

init = 847.631
det = 797.378
gap = 1.301

solution = [[0, 26, 7, 13, 21, 31, 19, 17], [0, 6, 3, 2, 23, 28, 4, 11], [0, 12, 1, 16, 30], [0, 20, 5, 25, 10, 29, 15, 22, 9, 8, 18], [0, 27, 24, 14]]


#################
lambda = 0.5
mu = 0.30000000000000004
nu = 0.0

init = 893.579
det = 791.57
gap = 0.577

solution = [[0, 28, 11, 4, 23, 2, 3, 6], [0, 20, 5, 25, 10, 29, 15, 22, 9, 8, 18], [0, 26, 7, 13, 17, 19, 31, 21], [0, 27, 24, 14], [0, 12, 1, 16, 30]]


#################
lambda = 0.5
mu = 0.30000000000000004
nu = 0.6000000000000001

init = 902.105
det = 791.57
gap = 0.577

solution = [[0, 21, 31, 19, 17, 13, 7, 26], [0, 6, 3, 2, 23, 4, 11, 28], [0, 20, 5, 25, 10, 29, 15, 22, 9, 8, 18], [0, 27, 24, 14], [0, 12, 1, 16, 30]]


#################
lambda = 0.5
mu = 0.7000000000000001
nu = 0.0

init = 901.964
det = 807.949
gap = 2.593

solution = [[0, 13, 21, 31, 19, 17, 6], [0, 18, 8, 11, 4, 28, 23, 2, 3], [0, 29, 22, 9, 15, 10, 25, 5, 20], [0, 14, 24, 27], [0, 30, 16, 12, 1, 7, 26]]


#################
lambda = 0.5
mu = 0.8
nu = 0.0

init = 949.043
det = 840.884
gap = 6.408

solution = [[0, 30, 14, 24, 27], [0, 20, 5, 25, 10, 15, 29], [0, 12, 1, 13, 7, 16, 26], [0, 3, 2, 17, 19, 31, 21], [0, 6, 23, 28, 4, 11, 8, 18, 9, 22]]


#################
lambda = 0.5
mu = 0.9
nu = 0.0

init = 957.501
det = 797.378
gap = 1.301

solution = [[0, 6, 3, 2, 23, 28, 4, 11], [0, 26, 7, 13, 21, 31, 19, 17], [0, 12, 1, 16, 30], [0, 20, 5, 25, 10, 29, 15, 22, 9, 8, 18], [0, 14, 24, 27]]


#################
lambda = 0.5
mu = 1.0
nu = 0.9

init = 957.194
det = 842.156
gap = 6.549

solution = [[0, 6, 28, 4, 11, 8, 18, 9, 22], [0, 23, 3, 2, 17, 19, 31, 21], [0, 20, 5, 25, 10, 15, 29], [0, 30, 14, 24, 27], [0, 26, 16, 7, 13, 1, 12]]


#################
lambda = 0.5
mu = 1.0
nu = 1.6

init = 977.629
det = 832.194
gap = 5.431

solution = [[0, 21, 31, 19, 17, 2, 3, 23], [0, 6, 28, 4, 11, 8, 18, 9, 22], [0, 16, 7, 13, 1, 12], [0, 24, 14, 26, 30], [0, 20, 5, 25, 10, 15, 29, 27]]


#################
lambda = 0.5
mu = 1.0
nu = 1.9000000000000001

init = 966.749
det = 793.445
gap = 0.812

solution = [[0, 26, 7, 13, 21, 31, 19, 17], [0, 12, 1, 16, 30], [0, 6, 3, 2, 23, 28, 4, 11, 18], [0, 27, 24], [0, 14, 8, 9, 22, 15, 29, 10, 25, 5, 20]]


#################
lambda = 0.5
mu = 1.1
nu = 0.0

init = 857.367
det = 816.996
gap = 3.671

solution = [[0, 21, 31, 19, 17, 13, 7, 26], [0, 27, 24, 14], [0, 12, 1, 16, 30], [0, 29, 22, 9, 8, 11, 4, 28, 23, 6], [0, 2, 3, 18, 15, 10, 25, 5, 20]]


#################
lambda = 0.5
mu = 1.2000000000000002
nu = 0.0

init = 865.695
det = 821.405
gap = 4.189

solution = [[0, 13, 21, 31, 19, 17, 6], [0, 18, 8, 11, 4, 28, 23, 2, 3], [0, 20, 5, 25, 10, 29, 15, 9, 22], [0, 30, 16, 12, 1, 7, 26], [0, 14, 24, 27]]


#################
lambda = 0.5
mu = 1.2000000000000002
nu = 1.3

init = 873.477
det = 826.286
gap = 4.754

solution = [[0, 14, 6, 23, 28, 4, 11, 8, 9, 22, 29], [0, 27, 24], [0, 20, 5, 25, 10, 15, 18, 3, 2], [0, 26, 7, 13, 21, 31, 19, 17], [0, 30, 16, 12, 1]]


#################
lambda = 0.5
mu = 1.3
nu = 0.0

init = 948.768
det = 834.056
gap = 5.642

solution = [[0, 21, 31, 19, 17, 2, 3, 23], [0, 6, 28, 4, 11, 8, 18, 9, 22], [0, 20, 5, 25, 10, 15, 29, 27], [0, 30, 14, 24], [0, 26, 16, 7, 13, 1, 12]]


#################
lambda = 0.5
mu = 1.3
nu = 0.30000000000000004

init = 990.825
det = 791.57
gap = 0.577

solution = [[0, 21, 31, 19, 17, 13, 7, 26], [0, 12, 1, 16, 30], [0, 20, 5, 25, 10, 29, 15, 22, 9, 8, 18], [0, 28, 11, 4, 23, 2, 3, 6], [0, 14, 24, 27]]


#################
lambda = 0.5
mu = 1.3
nu = 1.5

init = 992.335
det = 791.57
gap = 0.577

solution = [[0, 28, 11, 4, 23, 2, 3, 6], [0, 21, 31, 19, 17, 13, 7, 26], [0, 12, 1, 16, 30], [0, 20, 5, 25, 10, 29, 15, 22, 9, 8, 18], [0, 27, 24, 14]]


#################
lambda = 0.5
mu = 1.4000000000000001
nu = 0.0

init = 1005.558
det = 823.833
gap = 4.471

solution = [[0, 3, 2, 23, 28, 4, 11, 8, 18], [0, 21, 31, 19, 17, 13, 6], [0, 26, 7, 1, 12, 16, 30], [0, 27, 24, 14], [0, 20, 5, 25, 10, 29, 15, 9, 22]]


#################
lambda = 0.5
mu = 1.4000000000000001
nu = 1.4000000000000001

init = 1030.93
det = 821.405
gap = 4.189

solution = [[0, 6, 17, 19, 31, 21, 13], [0, 30, 16, 12, 1, 7, 26], [0, 14, 24, 27], [0, 20, 5, 25, 10, 29, 15, 9, 22], [0, 3, 2, 23, 28, 4, 11, 8, 18]]


#################
lambda = 0.5
mu = 1.4000000000000001
nu = 1.7000000000000002

init = 1085.808
det = 818.68
gap = 3.87

solution = [[0, 26, 7, 13, 17, 19, 31, 21], [0, 30, 16, 1, 12], [0, 18, 8, 28, 4, 11, 9, 22, 15, 29], [0, 20, 5, 25, 10, 23, 2, 3, 6], [0, 27, 24, 14]]


#################
lambda = 0.5
mu = 1.6
nu = 1.2000000000000002

init = 1184.15
det = 797.378
gap = 1.301

solution = [[0, 26, 7, 13, 21, 31, 19, 17], [0, 20, 5, 25, 10, 29, 15, 22, 9, 8, 18], [0, 6, 3, 2, 23, 28, 4, 11], [0, 27, 24, 14], [0, 12, 1, 16, 30]]


#################
lambda = 0.5
mu = 1.6
nu = 1.7000000000000002

init = 1288.385
det = 793.101
gap = 0.769

solution = [[0, 21, 31, 19, 17, 13, 7, 26], [0, 12, 1, 16, 30], [0, 27, 24, 14], [0, 20, 5, 25, 10, 29, 15, 22, 9, 8, 18], [0, 6, 3, 2, 23, 28, 4, 11]]


#################
lambda = 0.5
mu = 1.7000000000000002
nu = 0.0

init = 1181.162
det = 821.405
gap = 4.189

solution = [[0, 3, 2, 23, 28, 4, 11, 8, 18], [0, 20, 5, 25, 10, 29, 15, 9, 22], [0, 30, 16, 12, 1, 7, 26], [0, 14, 24, 27], [0, 6, 17, 19, 31, 21, 13]]


#################
lambda = 0.5
mu = 1.7000000000000002
nu = 0.6000000000000001

init = 1218.895
det = 793.101
gap = 0.769

solution = [[0, 26, 7, 13, 17, 19, 31, 21], [0, 20, 5, 25, 10, 29, 15, 22, 9, 8, 18], [0, 6, 3, 2, 23, 28, 4, 11], [0, 27, 24, 14], [0, 12, 1, 16, 30]]


#################
lambda = 0.5
mu = 1.7000000000000002
nu = 1.2000000000000002

init = 1203.448
det = 793.101
gap = 0.769

solution = [[0, 26, 7, 13, 17, 19, 31, 21], [0, 20, 5, 25, 10, 29, 15, 22, 9, 8, 18], [0, 6, 3, 2, 23, 28, 4, 11], [0, 27, 24, 14], [0, 12, 1, 16, 30]]


#################
lambda = 0.5
mu = 1.7000000000000002
nu = 1.5

init = 1279.325
det = 793.101
gap = 0.769

solution = [[0, 21, 31, 19, 17, 13, 7, 26], [0, 20, 5, 25, 10, 29, 15, 22, 9, 8, 18], [0, 6, 3, 2, 23, 28, 4, 11], [0, 27, 24, 14], [0, 12, 1, 16, 30]]


#################
lambda = 0.5
mu = 1.8
nu = 0.0

init = 1224.107
det = 795.847
gap = 1.112

solution = [[0, 26, 7, 13, 21, 31, 19, 17], [0, 12, 1, 16, 30], [0, 20, 5, 25, 10, 29, 15, 22, 9, 8, 18], [0, 27, 24, 14], [0, 6, 3, 2, 23, 4, 11, 28]]


#################
lambda = 0.5
mu = 1.8
nu = 1.3

init = 1291.466
det = 797.378
gap = 1.301

solution = [[0, 26, 7, 13, 21, 31, 19, 17], [0, 27, 24, 14], [0, 30, 16, 1, 12], [0, 20, 5, 25, 10, 29, 15, 22, 9, 8, 18], [0, 6, 3, 2, 23, 28, 4, 11]]


#################
lambda = 0.5
mu = 1.9000000000000001
nu = 0.0

init = 1297.445
det = 832.784
gap = 5.498

solution = [[0, 22, 9, 18, 8, 11, 4, 28, 23, 6], [0, 21, 31, 19, 17, 2, 3], [0, 20, 5, 25, 10, 15, 29, 27], [0, 24, 14, 30], [0, 12, 1, 13, 7, 16, 26]]


#################
lambda = 0.6000000000000001
mu = 0.0
nu = 0.0

init = 856.045
det = 855.601
gap = 8.018

solution = [[0, 16, 30], [0, 21, 31, 19, 17, 2, 3, 23], [0, 28, 4, 11, 8, 18, 9, 22, 15, 29], [0, 20, 5, 25, 10, 27, 24, 14], [0, 12, 1, 7, 13, 6, 26]]


#################
lambda = 0.6000000000000001
mu = 0.0
nu = 0.2

init = 871.201
det = 795.847
gap = 1.112

solution = [[0, 6, 3, 2, 23, 4, 11, 28], [0, 26, 7, 13, 21, 31, 19, 17], [0, 12, 1, 16, 30], [0, 27, 24, 14], [0, 18, 8, 9, 22, 15, 29, 10, 25, 5, 20]]


#################
lambda = 0.6000000000000001
mu = 0.0
nu = 0.8

init = 890.952
det = 807.949
gap = 2.593

solution = [[0, 27, 24, 14], [0, 3, 2, 23, 28, 4, 11, 8, 18], [0, 29, 22, 9, 15, 10, 25, 5, 20], [0, 6, 17, 19, 31, 21, 13], [0, 26, 7, 1, 12, 16, 30]]


#################
lambda = 0.6000000000000001
mu = 0.1
nu = 0.0

init = 900.453
det = 834.056
gap = 5.642

solution = [[0, 21, 31, 19, 17, 2, 3, 23], [0, 12, 1, 13, 7, 16, 26], [0, 24, 14, 30], [0, 20, 5, 25, 10, 15, 29, 27], [0, 6, 28, 4, 11, 8, 18, 9, 22]]


#################
lambda = 0.6000000000000001
mu = 0.2
nu = 0.0

init = 818.189
det = 818.189
gap = 3.812

solution = [[0, 18, 8, 28, 4, 11, 9, 22, 15, 29], [0, 20, 5, 25, 10, 23, 2, 3, 6, 14], [0, 21, 31, 19, 17, 13, 7, 26], [0, 24, 27], [0, 12, 1, 16, 30]]


#################
lambda = 0.6000000000000001
mu = 0.5
nu = 0.30000000000000004

init = 875.738
det = 844.641
gap = 6.824

solution = [[0, 21, 31, 19, 17, 2, 6], [0, 22, 9, 18, 8, 11, 4, 28, 23, 3], [0, 12, 1, 13, 7, 16, 26], [0, 30, 14, 24, 27], [0, 20, 5, 25, 10, 15, 29]]
