

#################
lambda = 0.0
mu = 0.0
nu = 0.0

init = 995
det = 843
gap = 2.491

solution = [[0, 18, 8, 28, 4, 11, 9, 22, 15, 29], [0, 7, 13, 17, 19, 31, 21], [0, 20, 5, 25, 10, 27, 24, 14], [0, 12, 1, 16, 30], [0, 6, 23, 2, 3, 26]]


#################
lambda = 0.0
mu = 0.0
nu = 0.2

init = 1019
det = 843
gap = 2.491

solution = [[0, 18, 8, 28, 4, 11, 9, 22, 15, 29], [0, 7, 13, 17, 19, 31, 21], [0, 20, 5, 25, 10, 27, 24, 14], [0, 12, 1, 16, 30], [0, 6, 23, 2, 3, 26]]


#################
lambda = 0.0
mu = 0.0
nu = 1.1

init = 1021
det = 827
gap = 0.605

solution = [[0, 18, 8, 28, 4, 11, 9, 22, 15, 29], [0, 20, 5, 25, 10, 23, 2, 3, 6], [0, 27, 24, 14], [0, 26, 7, 13, 21, 31, 19, 17], [0, 30, 16, 12, 1]]


#################
lambda = 0.0
mu = 0.0
nu = 1.4000000000000001

init = 997
det = 827
gap = 0.605

solution = [[0, 18, 8, 28, 4, 11, 9, 22, 15, 29], [0, 20, 5, 25, 10, 23, 2, 3, 6], [0, 27, 24, 14], [0, 26, 7, 13, 21, 31, 19, 17], [0, 30, 16, 12, 1]]


#################
lambda = 0.0
mu = 0.1
nu = 1.8

init = 1040
det = 822
gap = 0.0

solution = [[0, 18, 8, 28, 4, 11, 9, 22, 15, 29], [0, 26, 7, 13, 21, 31, 19, 17], [0, 20, 5, 25, 10, 23, 2, 3, 6], [0, 27, 24, 14], [0, 12, 1, 16, 30]]


#################
lambda = 0.0
mu = 0.2
nu = 1.6

init = 1003
det = 822
gap = 0.0

solution = [[0, 18, 8, 28, 4, 11, 9, 22, 15, 29], [0, 26, 7, 13, 21, 31, 19, 17], [0, 20, 5, 25, 10, 23, 2, 3, 6], [0, 27, 24, 14], [0, 12, 1, 16, 30]]


#################
lambda = 0.0
mu = 0.5
nu = 1.6

init = 1004
det = 822
gap = 0.0

solution = [[0, 18, 8, 28, 4, 11, 9, 22, 15, 29], [0, 26, 7, 13, 21, 31, 19, 17], [0, 20, 5, 25, 10, 23, 2, 3, 6], [0, 27, 24, 14], [0, 12, 1, 16, 30]]


#################
lambda = 0.0
mu = 0.7000000000000001
nu = 1.8

init = 1020
det = 790
gap = -4.051

solution = [[0, 12, 1, 16, 30], [0, 28, 11, 4, 23, 2, 3, 6], [0, 21, 31, 19, 17, 13, 7, 26], [0, 27, 24, 14], [0, 20, 5, 25, 10, 29, 15, 22, 9, 8, 18]]


#################
lambda = 0.0
mu = 0.8
nu = 1.9000000000000001

init = 1028
det = 829
gap = 0.844

solution = [[0, 18, 8, 28, 4, 11, 9, 22, 15, 29], [0, 7, 13, 21, 31, 19, 17], [0, 6, 3, 2, 23, 10, 25, 5, 20], [0, 12, 1, 16, 26, 30], [0, 27, 24, 14]]


#################
lambda = 0.0
mu = 0.9
nu = 1.3

init = 1032
det = 829
gap = 0.844

solution = [[0, 18, 8, 28, 4, 11, 9, 22, 15, 29], [0, 7, 13, 21, 31, 19, 17], [0, 6, 3, 2, 23, 10, 25, 5, 20], [0, 12, 1, 16, 26, 30], [0, 27, 24, 14]]


#################
lambda = 0.0
mu = 0.9
nu = 1.4000000000000001

init = 1106
det = 819
gap = -0.366

solution = [[0, 6, 17, 19, 31, 21, 13], [0, 29, 18, 8, 11, 4, 28, 23, 2, 3], [0, 20, 5, 25, 10, 15, 9, 22], [0, 30, 16, 12, 1, 7, 26], [0, 14, 24, 27]]


#################
lambda = 0.0
mu = 0.9
nu = 1.8

init = 1125
det = 790
gap = -4.051

solution = [[0, 28, 11, 4, 23, 2, 3, 6], [0, 26, 7, 13, 17, 19, 31, 21], [0, 12, 1, 16, 30], [0, 20, 5, 25, 10, 29, 15, 22, 9, 8, 18], [0, 27, 24, 14]]


#################
lambda = 0.0
mu = 1.0
nu = 0.0

init = 1364
det = 790
gap = -4.051

solution = [[0, 12, 1, 16, 30], [0, 26, 7, 13, 17, 19, 31, 21], [0, 6, 3, 2, 23, 28, 4, 11], [0, 29, 18, 8, 9, 22, 15, 10, 25, 5, 20], [0, 27, 24, 14]]


#################
lambda = 0.0
mu = 1.0
nu = 0.1

init = 1554
det = 791
gap = -3.919

solution = [[0, 21, 31, 19, 17, 13, 7, 26], [0, 6, 3, 2, 23, 28, 4, 11], [0, 12, 1, 16, 30], [0, 20, 5, 25, 10, 29, 15, 22, 9, 8, 18], [0, 27, 24, 14]]


#################
lambda = 0.0
mu = 1.1
nu = 0.0

init = 1407
det = 843
gap = 2.491

solution = [[0, 21, 31, 19, 17, 2, 3, 23], [0, 30, 26, 16, 1, 12], [0, 7, 13, 6, 28, 4, 11, 8, 18], [0, 14, 24, 27], [0, 20, 5, 25, 10, 29, 15, 9, 22]]


#################
lambda = 0.0
mu = 1.1
nu = 0.1

init = 1419
det = 795
gap = -3.396

solution = [[0, 28, 11, 4, 23, 2, 3, 6], [0, 18, 8, 9, 22, 15, 29, 10, 25, 5, 20], [0, 26, 7, 13, 21, 31, 19, 17], [0, 27, 24, 14], [0, 30, 16, 1, 12]]


#################
lambda = 0.0
mu = 1.1
nu = 0.30000000000000004

init = 1393
det = 795
gap = -3.396

solution = [[0, 28, 11, 4, 23, 2, 3, 6], [0, 26, 7, 13, 21, 31, 19, 17], [0, 12, 1, 16, 30], [0, 14, 24, 27], [0, 20, 5, 25, 10, 29, 15, 22, 9, 8, 18]]


#################
lambda = 0.0
mu = 1.1
nu = 0.4

init = 1456
det = 790
gap = -4.051

solution = [[0, 18, 8, 9, 22, 15, 29, 10, 25, 5, 20], [0, 28, 11, 4, 23, 2, 3, 6], [0, 26, 7, 13, 17, 19, 31, 21], [0, 12, 1, 16, 30], [0, 27, 24, 14]]


#################
lambda = 0.0
mu = 1.1
nu = 1.3

init = 1539
det = 796
gap = -3.266

solution = [[0, 6, 3, 2, 23, 28, 4, 11], [0, 26, 7, 13, 21, 31, 19, 17], [0, 20, 5, 25, 10, 29, 15, 22, 9, 8, 18], [0, 27, 24, 14], [0, 30, 16, 1, 12]]


#################
lambda = 0.0
mu = 1.1
nu = 1.4000000000000001

init = 1576
det = 790
gap = -4.051

solution = [[0, 28, 11, 4, 23, 2, 3, 6], [0, 26, 7, 13, 17, 19, 31, 21], [0, 12, 1, 16, 30], [0, 20, 5, 25, 10, 29, 15, 22, 9, 8, 18], [0, 27, 24, 14]]


#################
lambda = 0.0
mu = 1.1
nu = 1.5

init = 1543
det = 795
gap = -3.396

solution = [[0, 28, 11, 4, 23, 2, 3, 6], [0, 20, 5, 25, 10, 29, 15, 22, 9, 8, 18], [0, 26, 7, 13, 21, 31, 19, 17], [0, 27, 24, 14], [0, 30, 16, 1, 12]]


#################
lambda = 0.0
mu = 1.2000000000000002
nu = 1.6

init = 1506
det = 837
gap = 1.792

solution = [[0, 22, 9, 18, 8, 11, 4, 28, 23, 6], [0, 21, 31, 19, 17, 2, 3], [0, 27, 24, 14, 26, 30], [0, 12, 1, 13, 7, 16], [0, 20, 5, 25, 10, 15, 29]]


#################
lambda = 0.0
mu = 1.3
nu = 1.4000000000000001

init = 1455
det = 791
gap = -3.919

solution = [[0, 6, 3, 2, 23, 28, 4, 11], [0, 21, 31, 19, 17, 13, 7, 26], [0, 12, 1, 16, 30], [0, 20, 5, 25, 10, 29, 15, 22, 9, 8, 18], [0, 14, 24, 27]]


#################
lambda = 0.0
mu = 1.4000000000000001
nu = 1.2000000000000002

init = 1403
det = 790
gap = -4.051

solution = [[0, 20, 5, 25, 10, 29, 15, 22, 9, 8, 18], [0, 28, 11, 4, 23, 2, 3, 6], [0, 26, 7, 13, 17, 19, 31, 21], [0, 30, 16, 1, 12], [0, 27, 24, 14]]


#################
lambda = 0.0
mu = 1.4000000000000001
nu = 1.4000000000000001

init = 1383
det = 790
gap = -4.051

solution = [[0, 20, 5, 25, 10, 29, 15, 22, 9, 8, 18], [0, 28, 11, 4, 23, 2, 3, 6], [0, 26, 7, 13, 17, 19, 31, 21], [0, 12, 1, 16, 30], [0, 27, 24, 14]]


#################
lambda = 0.0
mu = 1.5
nu = 1.0

init = 1360
det = 790
gap = -4.051

solution = [[0, 20, 5, 25, 10, 29, 15, 22, 9, 8, 18], [0, 28, 11, 4, 23, 2, 3, 6], [0, 26, 7, 13, 17, 19, 31, 21], [0, 30, 16, 1, 12], [0, 27, 24, 14]]


#################
lambda = 0.0
mu = 1.5
nu = 1.8

init = 1478
det = 796
gap = -3.266

solution = [[0, 20, 5, 25, 10, 29, 15, 22, 9, 8, 18], [0, 26, 7, 13, 21, 31, 19, 17], [0, 6, 3, 2, 23, 28, 4, 11], [0, 27, 24, 14], [0, 30, 16, 1, 12]]


#################
lambda = 0.0
mu = 1.8
nu = 0.0

init = 1274
det = 831
gap = 1.083

solution = [[0, 21, 31, 19, 17, 2, 3], [0, 6, 23, 28, 4, 11, 8, 18, 9, 22], [0, 20, 5, 25, 10, 15, 29, 27], [0, 24, 14, 30], [0, 12, 1, 13, 7, 16, 26]]


#################
lambda = 0.0
mu = 1.8
nu = 0.4

init = 1426
det = 790
gap = -4.051

solution = [[0, 28, 11, 4, 23, 2, 3, 6], [0, 26, 7, 13, 17, 19, 31, 21], [0, 12, 1, 16, 30], [0, 20, 5, 25, 10, 29, 15, 22, 9, 8, 18], [0, 27, 24, 14]]


#################
lambda = 0.1
mu = 0.0
nu = 0.0

init = 912
det = 817
gap = -0.612

solution = [[0, 18, 8, 28, 4, 11, 9, 22, 15, 29], [0, 14, 24, 27], [0, 26, 7, 13, 17, 19, 31, 21], [0, 20, 5, 25, 10, 23, 2, 3, 6], [0, 30, 16, 1, 12]]


#################
lambda = 0.1
mu = 0.0
nu = 0.1

init = 906
det = 817
gap = -0.612

solution = [[0, 18, 8, 28, 4, 11, 9, 22, 15, 29], [0, 14, 24, 27], [0, 26, 7, 13, 17, 19, 31, 21], [0, 20, 5, 25, 10, 23, 2, 3, 6], [0, 30, 16, 1, 12]]


#################
lambda = 0.1
mu = 0.0
nu = 0.8

init = 908
det = 806
gap = -1.985

solution = [[0, 13, 21, 31, 19, 17, 6], [0, 18, 8, 11, 4, 28, 23, 2, 3], [0, 29, 22, 9, 15, 10, 25, 5, 20], [0, 27, 24, 14], [0, 26, 7, 1, 12, 16, 30]]


#################
lambda = 0.1
mu = 0.2
nu = 0.6000000000000001

init = 887
det = 853
gap = 3.634

solution = [[0, 18, 8, 28, 4, 11, 9, 22, 15], [0, 21, 31, 19, 17, 2, 3, 23], [0, 20, 5, 25, 10, 29, 6, 13, 7, 26], [0, 30, 16, 1, 12], [0, 27, 24, 14]]


#################
lambda = 0.1
mu = 0.5
nu = 0.0

init = 900
det = 866
gap = 5.081

solution = [[0, 27, 24, 14], [0, 15, 22, 9, 18, 8, 28, 4, 11], [0, 21, 31, 19, 17, 2, 3, 23], [0, 20, 5, 25, 10, 29, 6, 13, 7, 26], [0, 12, 1, 16, 30]]


#################
lambda = 0.1
mu = 0.6000000000000001
nu = 0.0

init = 1068
det = 795
gap = -3.396

solution = [[0, 26, 7, 13, 21, 31, 19, 17], [0, 20, 5, 25, 10, 29, 15, 22, 9, 8, 18], [0, 28, 11, 4, 23, 2, 3, 6], [0, 27, 24, 14], [0, 12, 1, 16, 30]]


#################
lambda = 0.1
mu = 0.7000000000000001
nu = 0.0

init = 1042
det = 791
gap = -3.919

solution = [[0, 21, 31, 19, 17, 13, 7, 26], [0, 20, 5, 25, 10, 29, 15, 22, 9, 8, 18], [0, 27, 24, 14], [0, 6, 3, 2, 23, 28, 4, 11], [0, 12, 1, 16, 30]]


#################
lambda = 0.1
mu = 0.7000000000000001
nu = 0.7000000000000001

init = 896
det = 790
gap = -4.051

solution = [[0, 20, 5, 25, 10, 29, 15, 22, 9, 8, 18], [0, 28, 11, 4, 23, 2, 3, 6], [0, 26, 7, 13, 17, 19, 31, 21], [0, 30, 16, 1, 12], [0, 27, 24, 14]]


#################
lambda = 0.1
mu = 0.7000000000000001
nu = 1.0

init = 883
det = 819
gap = -0.366

solution = [[0, 3, 2, 23, 28, 4, 11, 8, 18, 29], [0, 6, 17, 19, 31, 21, 13], [0, 30, 16, 12, 1, 7, 26], [0, 20, 5, 25, 10, 15, 9, 22], [0, 27, 24, 14]]


#################
lambda = 0.1
mu = 0.8
nu = 0.0

init = 1044
det = 832
gap = 1.202

solution = [[0, 21, 31, 19, 17, 2, 3], [0, 20, 5, 25, 10, 15, 29, 27], [0, 22, 9, 18, 8, 11, 4, 28, 23, 6], [0, 30, 14, 24], [0, 26, 7, 13, 1, 12, 16]]


#################
lambda = 0.1
mu = 0.8
nu = 0.7000000000000001

init = 1031
det = 795
gap = -3.396

solution = [[0, 28, 11, 4, 23, 2, 3, 6], [0, 12, 1, 16, 30], [0, 26, 7, 13, 21, 31, 19, 17], [0, 20, 5, 25, 10, 29, 15, 22, 9, 8, 18], [0, 27, 24, 14]]


#################
lambda = 0.1
mu = 0.8
nu = 0.9

init = 962
det = 835
gap = 1.557

solution = [[0, 26, 7, 13, 21, 31, 19, 17], [0, 27, 24, 14], [0, 30, 16, 1, 12], [0, 29, 15, 22, 9, 18, 8, 11, 4, 6], [0, 20, 5, 25, 10, 28, 23, 3, 2]]


#################
lambda = 0.1
mu = 0.8
nu = 1.9000000000000001

init = 930
det = 831
gap = 1.083

solution = [[0, 22, 9, 18, 8, 11, 4, 28, 23, 6], [0, 21, 31, 19, 17, 2, 3], [0, 12, 1, 13, 7, 16, 26], [0, 20, 5, 25, 10, 15, 29, 27], [0, 24, 14, 30]]


#################
lambda = 0.1
mu = 0.9
nu = 0.0

init = 937
det = 795
gap = -3.396

solution = [[0, 26, 7, 13, 21, 31, 19, 17], [0, 20, 5, 25, 10, 29, 15, 22, 9, 8, 18], [0, 12, 1, 16, 30], [0, 27, 24, 14], [0, 6, 3, 2, 23, 4, 11, 28]]


#################
lambda = 0.1
mu = 0.9
nu = 0.9

init = 853
det = 817
gap = -0.612

solution = [[0, 21, 31, 19, 17, 13, 7, 26], [0, 12, 1, 16, 30], [0, 6, 3, 2, 23, 10, 25, 5, 20], [0, 29, 15, 22, 9, 11, 4, 28, 8, 18], [0, 14, 24, 27]]


#################
lambda = 0.1
mu = 0.9
nu = 1.5

init = 851
det = 790
gap = -4.051

solution = [[0, 21, 31, 19, 17, 13, 7, 26], [0, 12, 1, 16, 30], [0, 28, 11, 4, 23, 2, 3, 6], [0, 20, 5, 25, 10, 29, 15, 22, 9, 8, 18], [0, 27, 24, 14]]


#################
lambda = 0.1
mu = 1.0
nu = 0.0

init = 985
det = 839
gap = 2.026

solution = [[0, 6, 23, 28, 4, 11, 8, 18, 9, 22], [0, 20, 5, 25, 10, 15, 29], [0, 21, 31, 19, 17, 2, 3], [0, 27, 24, 14, 30], [0, 12, 1, 13, 7, 16, 26]]


#################
lambda = 0.1
mu = 1.0
nu = 0.1

init = 994
det = 819
gap = -0.366

solution = [[0, 30, 16, 12, 1, 7, 26], [0, 6, 17, 19, 31, 21, 13], [0, 14, 24, 27], [0, 29, 18, 8, 11, 4, 28, 23, 2, 3], [0, 20, 5, 25, 10, 15, 9, 22]]


#################
lambda = 0.1
mu = 1.0
nu = 0.4

init = 992
det = 790
gap = -4.051

solution = [[0, 28, 11, 4, 23, 2, 3, 6], [0, 20, 5, 25, 10, 29, 15, 22, 9, 8, 18], [0, 26, 7, 13, 17, 19, 31, 21], [0, 27, 24, 14], [0, 12, 1, 16, 30]]


#################
lambda = 0.1
mu = 1.0
nu = 0.9

init = 899
det = 830
gap = 0.964

solution = [[0, 23, 3, 2, 17, 19, 31, 21], [0, 22, 9, 18, 8, 11, 4, 28, 6], [0, 20, 5, 25, 10, 15, 29, 27], [0, 12, 1, 13, 7, 16], [0, 24, 14, 26, 30]]


#################
lambda = 0.1
mu = 1.0
nu = 1.4000000000000001

init = 914
det = 832
gap = 1.202

solution = [[0, 21, 31, 19, 17, 2, 3], [0, 20, 5, 25, 10, 15, 29, 27], [0, 22, 9, 18, 8, 11, 4, 28, 23, 6], [0, 30, 14, 24], [0, 26, 7, 13, 1, 12, 16]]


#################
lambda = 0.1
mu = 1.1
nu = 0.0

init = 1327
det = 789
gap = -4.183

solution = [[0, 21, 31, 19, 17, 13, 7, 26], [0, 12, 1, 16, 30], [0, 6, 3, 2, 23, 4, 11, 28], [0, 29, 18, 8, 9, 22, 15, 10, 25, 5, 20], [0, 27, 24, 14]]


#################
lambda = 0.1
mu = 1.1
nu = 0.1

init = 1326
det = 831
gap = 1.083

solution = [[0, 21, 31, 19, 17, 2, 3], [0, 22, 9, 18, 8, 11, 4, 28, 23, 6], [0, 20, 5, 25, 10, 15, 29, 27], [0, 24, 14, 30], [0, 12, 1, 13, 7, 16, 26]]


#################
lambda = 0.1
mu = 1.1
nu = 0.30000000000000004

init = 1313
det = 831
gap = 1.083

solution = [[0, 21, 31, 19, 17, 2, 3], [0, 22, 9, 18, 8, 11, 4, 28, 23, 6], [0, 20, 5, 25, 10, 15, 29, 27], [0, 24, 14, 30], [0, 12, 1, 13, 7, 16, 26]]


#################
lambda = 0.1
mu = 1.1
nu = 0.4

init = 1103
det = 867
gap = 5.19

solution = [[0, 29, 15, 22, 9, 18, 8, 28, 4, 11], [0, 20, 5, 25, 10, 27, 24, 14], [0, 21, 31, 19, 17, 2, 3, 23], [0, 26, 16, 30], [0, 12, 1, 7, 13, 6]]


#################
lambda = 0.1
mu = 1.1
nu = 0.9

init = 1099
det = 790
gap = -4.051

solution = [[0, 21, 31, 19, 17, 13, 7, 26], [0, 12, 1, 16, 30], [0, 6, 3, 2, 23, 28, 4, 11], [0, 20, 5, 25, 10, 15, 22, 9, 8, 18, 29], [0, 27, 24, 14]]


#################
lambda = 0.1
mu = 1.1
nu = 1.5

init = 1066
det = 827
gap = 0.605

solution = [[0, 12, 1, 16, 26, 30], [0, 27, 24, 14], [0, 7, 13, 21, 31, 19, 17], [0, 6, 23, 28, 4, 11, 8, 9, 22, 29], [0, 20, 5, 25, 10, 15, 18, 3, 2]]


#################
lambda = 0.1
mu = 1.1
nu = 1.7000000000000002

init = 1056
det = 827
gap = 0.605

solution = [[0, 12, 1, 16, 26, 30], [0, 27, 24, 14], [0, 7, 13, 21, 31, 19, 17], [0, 6, 23, 28, 4, 11, 8, 9, 22, 29], [0, 20, 5, 25, 10, 15, 18, 3, 2]]


#################
lambda = 0.1
mu = 1.1
nu = 1.8

init = 1179
det = 839
gap = 2.026

solution = [[0, 12, 1, 13, 7, 16, 26], [0, 6, 23, 28, 4, 11, 8, 18, 9, 22], [0, 21, 31, 19, 17, 2, 3], [0, 20, 5, 25, 10, 15, 29], [0, 30, 14, 24, 27]]


#################
lambda = 0.1
mu = 1.2000000000000002
nu = 0.0

init = 1332
det = 796
gap = -3.266

solution = [[0, 26, 7, 13, 21, 31, 19, 17], [0, 12, 1, 16, 30], [0, 20, 5, 25, 10, 29, 15, 22, 9, 8, 18], [0, 6, 3, 2, 23, 28, 4, 11], [0, 27, 24, 14]]


#################
lambda = 0.1
mu = 1.2000000000000002
nu = 1.3

init = 1336
det = 819
gap = -0.366

solution = [[0, 3, 2, 23, 28, 4, 11, 8, 18, 29], [0, 13, 21, 31, 19, 17, 6], [0, 26, 7, 1, 12, 16, 30], [0, 27, 24, 14], [0, 20, 5, 25, 10, 15, 9, 22]]


#################
lambda = 0.1
mu = 1.2000000000000002
nu = 1.5

init = 1316
det = 819
gap = -0.366

solution = [[0, 3, 2, 23, 28, 4, 11, 8, 18, 29], [0, 13, 21, 31, 19, 17, 6], [0, 26, 7, 1, 12, 16, 30], [0, 27, 24, 14], [0, 20, 5, 25, 10, 15, 9, 22]]


#################
lambda = 0.1
mu = 1.2000000000000002
nu = 1.7000000000000002

init = 1464
det = 840
gap = 2.143

solution = [[0, 16, 12, 1, 13, 7, 26], [0, 20, 5, 25, 10, 15, 29], [0, 30, 14, 24, 27], [0, 6, 23, 28, 4, 11, 8, 18, 9, 22], [0, 21, 31, 19, 17, 2, 3]]


#################
lambda = 0.1
mu = 1.4000000000000001
nu = 0.0

init = 1482
det = 795
gap = -3.396

solution = [[0, 20, 5, 25, 10, 29, 15, 22, 9, 8, 18], [0, 28, 11, 4, 23, 2, 3, 6], [0, 26, 7, 13, 21, 31, 19, 17], [0, 27, 24, 14], [0, 30, 16, 1, 12]]


#################
lambda = 0.1
mu = 1.4000000000000001
nu = 0.30000000000000004

init = 1452
det = 795
gap = -3.396

solution = [[0, 20, 5, 25, 10, 29, 15, 22, 9, 8, 18], [0, 28, 11, 4, 23, 2, 3, 6], [0, 26, 7, 13, 21, 31, 19, 17], [0, 27, 24, 14], [0, 30, 16, 1, 12]]


#################
lambda = 0.1
mu = 1.4000000000000001
nu = 0.9

init = 1445
det = 790
gap = -4.051

solution = [[0, 28, 11, 4, 23, 2, 3, 6], [0, 20, 5, 25, 10, 29, 15, 22, 9, 8, 18], [0, 26, 7, 13, 17, 19, 31, 21], [0, 27, 24, 14], [0, 12, 1, 16, 30]]


#################
lambda = 0.1
mu = 1.4000000000000001
nu = 1.5

init = 1451
det = 790
gap = -4.051

solution = [[0, 28, 11, 4, 23, 2, 3, 6], [0, 20, 5, 25, 10, 29, 15, 22, 9, 8, 18], [0, 26, 7, 13, 17, 19, 31, 21], [0, 27, 24, 14], [0, 12, 1, 16, 30]]


#################
lambda = 0.1
mu = 1.4000000000000001
nu = 1.6

init = 1431
det = 819
gap = -0.366

solution = [[0, 13, 21, 31, 19, 17, 6], [0, 3, 2, 23, 28, 4, 11, 8, 18, 29], [0, 26, 7, 1, 12, 16, 30], [0, 27, 24, 14], [0, 20, 5, 25, 10, 15, 9, 22]]


#################
lambda = 0.1
mu = 1.5
nu = 1.3

init = 1238
det = 819
gap = -0.366

solution = [[0, 6, 17, 19, 31, 21, 13], [0, 30, 16, 12, 1, 7, 26], [0, 3, 2, 23, 28, 4, 11, 8, 18, 29], [0, 20, 5, 25, 10, 15, 9, 22], [0, 14, 24, 27]]


#################
lambda = 0.1
mu = 1.5
nu = 1.5

init = 1465
det = 831
gap = 1.083

solution = [[0, 21, 31, 19, 17, 2, 3], [0, 6, 23, 28, 4, 11, 8, 18, 9, 22], [0, 20, 5, 25, 10, 15, 29, 27], [0, 24, 14, 30], [0, 12, 1, 13, 7, 16, 26]]


#################
lambda = 0.1
mu = 1.9000000000000001
nu = 1.2000000000000002

init = 1251
det = 790
gap = -4.051

solution = [[0, 28, 11, 4, 23, 2, 3, 6], [0, 12, 1, 16, 30], [0, 21, 31, 19, 17, 13, 7, 26], [0, 20, 5, 25, 10, 29, 15, 22, 9, 8, 18], [0, 27, 24, 14]]


#################
lambda = 0.2
mu = 0.1
nu = 0.0

init = 984
det = 790
gap = -4.051

solution = [[0, 18, 8, 9, 22, 15, 29, 10, 25, 5, 20], [0, 28, 11, 4, 23, 2, 3, 6], [0, 21, 31, 19, 17, 13, 7, 26], [0, 27, 24, 14], [0, 30, 16, 1, 12]]


#################
lambda = 0.2
mu = 0.1
nu = 0.1

init = 935
det = 865
gap = 4.971

solution = [[0, 29, 15, 22, 9, 18, 8, 11, 4, 28], [0, 16, 30], [0, 21, 31, 19, 17, 2, 3, 23], [0, 14, 24, 27, 20, 5, 25, 10], [0, 26, 6, 13, 7, 1, 12]]


#################
lambda = 0.2
mu = 0.30000000000000004
nu = 1.8

init = 904
det = 852
gap = 3.521

solution = [[0, 18, 8, 28, 4, 11, 9, 22, 15, 29], [0, 23, 3, 2, 17, 19, 31, 21], [0, 20, 5, 25, 10, 27], [0, 12, 1, 16, 30], [0, 26, 7, 13, 6, 14, 24]]


#################
lambda = 0.2
mu = 0.4
nu = 1.4000000000000001

init = 917
det = 870
gap = 5.517

solution = [[0, 22, 9, 18, 8, 28, 4, 11], [0, 23, 3, 2, 17, 19, 31, 21], [0, 26, 7, 13, 6, 14, 24, 27], [0, 12, 1, 16, 30], [0, 20, 5, 25, 10, 15, 29]]


#################
lambda = 0.2
mu = 0.6000000000000001
nu = 1.9000000000000001

init = 858
det = 810
gap = -1.481

solution = [[0, 27, 24, 14], [0, 30, 16, 1, 12], [0, 21, 31, 19, 17, 13, 7, 26], [0, 20, 5, 25, 10, 15, 9, 28], [0, 29, 22, 18, 8, 11, 4, 23, 2, 3, 6]]


#################
lambda = 0.2
mu = 0.9
nu = 1.7000000000000002

init = 983
det = 817
gap = -0.612

solution = [[0, 29, 15, 22, 9, 8, 11, 4, 28], [0, 6, 3, 2, 23, 18, 10, 25, 5, 20], [0, 21, 31, 19, 17, 13, 7, 26], [0, 30, 16, 12, 1], [0, 27, 24, 14]]


#################
lambda = 0.2
mu = 1.0
nu = 0.0

init = 955
det = 790
gap = -4.051

solution = [[0, 21, 31, 19, 17, 13, 7, 26], [0, 28, 11, 4, 23, 2, 3, 6], [0, 20, 5, 25, 10, 29, 15, 22, 9, 8, 18], [0, 27, 24, 14], [0, 12, 1, 16, 30]]


#################
lambda = 0.2
mu = 1.0
nu = 0.4

init = 986
det = 832
gap = 1.202

solution = [[0, 21, 31, 19, 17, 2, 3], [0, 20, 5, 25, 10, 15, 29, 27], [0, 6, 23, 28, 4, 11, 8, 18, 9, 22], [0, 30, 14, 24], [0, 26, 7, 13, 1, 12, 16]]


#################
lambda = 0.2
mu = 1.0
nu = 1.7000000000000002

init = 915
det = 839
gap = 2.026

solution = [[0, 30, 14, 24, 27], [0, 20, 5, 25, 10, 15, 29], [0, 26, 16, 7, 13, 1, 12], [0, 3, 2, 17, 19, 31, 21], [0, 6, 23, 28, 4, 11, 8, 18, 9, 22]]


#################
lambda = 0.2
mu = 1.1
nu = 0.0

init = 885
det = 795
gap = -3.396

solution = [[0, 12, 1, 16, 30], [0, 26, 7, 13, 21, 31, 19, 17], [0, 28, 11, 4, 23, 2, 3, 6], [0, 27, 24, 14], [0, 20, 5, 25, 10, 29, 15, 22, 9, 8, 18]]


#################
lambda = 0.2
mu = 1.1
nu = 0.4

init = 876
det = 840
gap = 2.143

solution = [[0, 20, 5, 25, 10, 15, 29], [0, 27, 24, 14, 30], [0, 16, 12, 1, 13, 7, 26], [0, 6, 23, 28, 4, 11, 8, 18, 9, 22], [0, 21, 31, 19, 17, 2, 3]]


#################
lambda = 0.2
mu = 1.1
nu = 1.4000000000000001

init = 1002
det = 832
gap = 1.202

solution = [[0, 6, 23, 28, 4, 11, 8, 18, 9, 22], [0, 21, 31, 19, 17, 2, 3], [0, 20, 5, 25, 10, 15, 29, 27], [0, 26, 7, 13, 1, 12, 16], [0, 30, 14, 24]]


#################
lambda = 0.2
mu = 1.1
nu = 1.6

init = 1025
det = 791
gap = -3.919

solution = [[0, 6, 3, 2, 23, 28, 4, 11], [0, 21, 31, 19, 17, 13, 7, 26], [0, 30, 16, 1, 12], [0, 27, 24, 14], [0, 20, 5, 25, 10, 29, 15, 22, 9, 8, 18]]


#################
lambda = 0.2
mu = 1.2000000000000002
nu = 1.1

init = 1052
det = 796
gap = -3.266

solution = [[0, 26, 7, 13, 21, 31, 19, 17], [0, 20, 5, 25, 10, 29, 15, 22, 9, 8, 18], [0, 6, 3, 2, 23, 28, 4, 11], [0, 12, 1, 16, 30], [0, 14, 24, 27]]


#################
lambda = 0.2
mu = 1.2000000000000002
nu = 1.7000000000000002

init = 1045
det = 790
gap = -4.051

solution = [[0, 12, 1, 16, 30], [0, 21, 31, 19, 17, 13, 7, 26], [0, 6, 3, 2, 23, 28, 4, 11], [0, 20, 5, 25, 10, 15, 22, 9, 8, 18, 29], [0, 27, 24, 14]]


#################
lambda = 0.2
mu = 1.3
nu = 0.0

init = 1200
det = 790
gap = -4.051

solution = [[0, 20, 5, 25, 10, 29, 15, 22, 9, 8, 18], [0, 28, 11, 4, 23, 2, 3, 6], [0, 26, 7, 13, 17, 19, 31, 21], [0, 30, 16, 1, 12], [0, 27, 24, 14]]


#################
lambda = 0.2
mu = 1.3
nu = 0.7000000000000001

init = 1197
det = 790
gap = -4.051

solution = [[0, 20, 5, 25, 10, 29, 15, 22, 9, 8, 18], [0, 28, 11, 4, 23, 2, 3, 6], [0, 26, 7, 13, 17, 19, 31, 21], [0, 30, 16, 1, 12], [0, 27, 24, 14]]


#################
lambda = 0.2
mu = 1.3
nu = 1.3

init = 1264
det = 833
gap = 1.321

solution = [[0, 21, 31, 19, 17, 2, 3, 23], [0, 20, 5, 25, 10, 15, 29, 27], [0, 22, 9, 18, 8, 11, 4, 28, 6], [0, 30, 14, 24], [0, 26, 7, 13, 1, 12, 16]]


#################
lambda = 0.2
mu = 1.4000000000000001
nu = 0.1

init = 1297
det = 822
gap = 0.0

solution = [[0, 29, 15, 22, 9, 8, 11, 4, 28], [0, 6, 3, 2, 23, 18, 10, 25, 5, 20], [0, 27, 24, 14], [0, 26, 7, 13, 21, 31, 19, 17], [0, 30, 16, 12, 1]]


#################
lambda = 0.2
mu = 1.5
nu = 0.0

init = 1311
det = 796
gap = -3.266

solution = [[0, 6, 3, 2, 23, 28, 4, 11], [0, 26, 7, 13, 21, 31, 19, 17], [0, 12, 1, 16, 30], [0, 20, 5, 25, 10, 29, 15, 22, 9, 8, 18], [0, 14, 24, 27]]


#################
lambda = 0.2
mu = 1.6
nu = 0.5

init = 1312
det = 832
gap = 1.202

solution = [[0, 6, 28, 4, 11, 8, 18, 9, 22], [0, 21, 31, 19, 17, 2, 3, 23], [0, 20, 5, 25, 10, 15, 29, 27], [0, 24, 14, 30], [0, 12, 1, 13, 7, 16, 26]]


#################
lambda = 0.2
mu = 1.6
nu = 1.1

init = 1428
det = 832
gap = 1.202

solution = [[0, 6, 28, 4, 11, 8, 18, 9, 22], [0, 21, 31, 19, 17, 2, 3, 23], [0, 20, 5, 25, 10, 15, 29, 27], [0, 24, 14, 30], [0, 12, 1, 13, 7, 16, 26]]


#################
lambda = 0.2
mu = 1.6
nu = 1.9000000000000001

init = 1425
det = 808
gap = -1.733

solution = [[0, 13, 21, 31, 19, 17, 6], [0, 18, 8, 11, 4, 28, 23, 2, 3], [0, 29, 22, 9, 15, 10, 25, 5, 20], [0, 27, 24, 14], [0, 30, 26, 16, 7, 1, 12]]


#################
lambda = 0.2
mu = 1.7000000000000002
nu = 0.0

init = 1490
det = 795
gap = -3.396

solution = [[0, 28, 11, 4, 23, 2, 3, 6], [0, 26, 7, 13, 21, 31, 19, 17], [0, 20, 5, 25, 10, 29, 15, 22, 9, 8, 18], [0, 27, 24, 14], [0, 30, 16, 1, 12]]


#################
lambda = 0.2
mu = 1.7000000000000002
nu = 0.6000000000000001

init = 1449
det = 840
gap = 2.143

solution = [[0, 16, 12, 1, 13, 7, 26], [0, 30, 14, 24, 27], [0, 20, 5, 25, 10, 15, 29], [0, 6, 23, 28, 4, 11, 8, 18, 9, 22], [0, 21, 31, 19, 17, 2, 3]]


#################
lambda = 0.2
mu = 1.7000000000000002
nu = 1.4000000000000001

init = 1414
det = 832
gap = 1.202

solution = [[0, 6, 28, 4, 11, 8, 18, 9, 22], [0, 21, 31, 19, 17, 2, 3, 23], [0, 20, 5, 25, 10, 15, 29, 27], [0, 24, 14, 30], [0, 12, 1, 13, 7, 16, 26]]


#################
lambda = 0.2
mu = 1.8
nu = 1.3

init = 1247
det = 790
gap = -4.051

solution = [[0, 28, 11, 4, 23, 2, 3, 6], [0, 21, 31, 19, 17, 13, 7, 26], [0, 12, 1, 16, 30], [0, 20, 5, 25, 10, 29, 15, 22, 9, 8, 18], [0, 27, 24, 14]]


#################
lambda = 0.30000000000000004
mu = 0.0
nu = 0.0

init = 960
det = 791
gap = -3.919

solution = [[0, 21, 31, 19, 17, 13, 7, 26], [0, 18, 8, 9, 22, 15, 29, 10, 25, 5, 20], [0, 6, 3, 2, 23, 28, 4, 11], [0, 27, 24, 14], [0, 30, 16, 1, 12]]


#################
lambda = 0.30000000000000004
mu = 0.0
nu = 0.2

init = 965
det = 833
gap = 1.321

solution = [[0, 6, 2, 17, 19, 31, 21], [0, 12, 1, 13, 7, 16], [0, 24, 14, 26, 30], [0, 20, 5, 25, 10, 15, 29, 27], [0, 3, 23, 28, 4, 11, 8, 18, 9, 22]]


#################
lambda = 0.30000000000000004
mu = 0.0
nu = 1.7000000000000002

init = 910
det = 790
gap = -4.051

solution = [[0, 28, 11, 4, 23, 2, 3, 6], [0, 20, 5, 25, 10, 29, 15, 22, 9, 8, 18], [0, 26, 7, 13, 17, 19, 31, 21], [0, 27, 24, 14], [0, 12, 1, 16, 30]]


#################
lambda = 0.30000000000000004
mu = 0.6000000000000001
nu = 0.0

init = 961
det = 839
gap = 2.026

solution = [[0, 22, 9, 18, 8, 11, 4, 28, 23, 6], [0, 20, 5, 25, 10, 15, 29], [0, 3, 2, 17, 19, 31, 21], [0, 27, 24, 14, 30], [0, 12, 1, 13, 7, 16, 26]]


#################
lambda = 0.30000000000000004
mu = 0.8
nu = 0.0

init = 950
det = 836
gap = 1.675

solution = [[0, 21, 31, 19, 17, 2, 6], [0, 20, 5, 25, 10, 15, 29, 27], [0, 22, 9, 18, 8, 11, 4, 28, 23, 3], [0, 30, 14, 24], [0, 26, 7, 13, 1, 12, 16]]


#################
lambda = 0.30000000000000004
mu = 0.9
nu = 0.0

init = 987
det = 867
gap = 5.19

solution = [[0, 29, 15, 22, 9, 18, 8, 28, 4, 11], [0, 21, 31, 19, 17, 2, 3, 23], [0, 12, 1, 7, 13, 6], [0, 20, 5, 25, 10, 27, 24, 14], [0, 30, 16, 26]]


#################
lambda = 0.30000000000000004
mu = 0.9
nu = 0.5

init = 978
det = 821
gap = -0.122

solution = [[0, 3, 2, 23, 28, 4, 11, 8, 18, 29], [0, 21, 31, 19, 17, 13, 6], [0, 30, 16, 12, 1, 7, 26], [0, 20, 5, 25, 10, 15, 9, 22], [0, 27, 24, 14]]


#################
lambda = 0.30000000000000004
mu = 0.9
nu = 1.9000000000000001

init = 957
det = 831
gap = 1.083

solution = [[0, 21, 31, 19, 17, 2, 3], [0, 12, 1, 13, 7, 16, 26], [0, 24, 14, 30], [0, 20, 5, 25, 10, 15, 29, 27], [0, 6, 23, 28, 4, 11, 8, 18, 9, 22]]


#################
lambda = 0.30000000000000004
mu = 1.0
nu = 1.0

init = 990
det = 790
gap = -4.051

solution = [[0, 28, 11, 4, 23, 2, 3, 6], [0, 20, 5, 25, 10, 29, 15, 22, 9, 8, 18], [0, 26, 7, 13, 17, 19, 31, 21], [0, 27, 24, 14], [0, 12, 1, 16, 30]]


#################
lambda = 0.30000000000000004
mu = 1.1
nu = 0.0

init = 862
det = 822
gap = 0.0

solution = [[0, 29, 22, 9, 8, 11, 4, 28, 23, 6], [0, 20, 5, 25, 10, 15, 18, 3, 2], [0, 7, 13, 17, 19, 31, 21], [0, 12, 1, 16, 26, 30], [0, 27, 24, 14]]


#################
lambda = 0.30000000000000004
mu = 1.2000000000000002
nu = 0.0

init = 982
det = 839
gap = 2.026

solution = [[0, 6, 23, 28, 4, 11, 8, 18, 9, 22], [0, 3, 2, 17, 19, 31, 21], [0, 12, 1, 13, 7, 16, 26], [0, 20, 5, 25, 10, 15, 29], [0, 27, 24, 14, 30]]


#################
lambda = 0.30000000000000004
mu = 1.3
nu = 1.2000000000000002

init = 1104
det = 790
gap = -4.051

solution = [[0, 26, 7, 13, 17, 19, 31, 21], [0, 20, 5, 25, 10, 29, 15, 22, 9, 8, 18], [0, 28, 11, 4, 23, 2, 3, 6], [0, 27, 24, 14], [0, 12, 1, 16, 30]]


#################
lambda = 0.30000000000000004
mu = 1.4000000000000001
nu = 0.0

init = 1362
det = 828
gap = 0.725

solution = [[0, 26, 7, 13, 17, 19, 31, 21], [0, 12, 1, 16, 30], [0, 27, 24, 14, 6], [0, 3, 2, 23, 28, 4, 11, 8, 18, 29], [0, 20, 5, 25, 10, 15, 9, 22]]


#################
lambda = 0.30000000000000004
mu = 1.4000000000000001
nu = 0.7000000000000001

init = 1286
det = 831
gap = 1.083

solution = [[0, 20, 5, 25, 10, 15, 29, 27], [0, 22, 9, 18, 8, 11, 4, 28, 23, 6], [0, 12, 1, 13, 7, 16, 26], [0, 24, 14, 30], [0, 21, 31, 19, 17, 2, 3]]


#################
lambda = 0.30000000000000004
mu = 1.4000000000000001
nu = 1.3

init = 1207
det = 796
gap = -3.266

solution = [[0, 26, 7, 13, 21, 31, 19, 17], [0, 20, 5, 25, 10, 29, 15, 22, 9, 8, 18], [0, 6, 3, 2, 23, 28, 4, 11], [0, 27, 24, 14], [0, 30, 16, 1, 12]]


#################
lambda = 0.30000000000000004
mu = 1.5
nu = 0.0

init = 1305
det = 795
gap = -3.396

solution = [[0, 28, 11, 4, 23, 2, 3, 6], [0, 26, 7, 13, 21, 31, 19, 17], [0, 12, 1, 16, 30], [0, 27, 24, 14], [0, 20, 5, 25, 10, 29, 15, 22, 9, 8, 18]]


#################
lambda = 0.30000000000000004
mu = 1.6
nu = 0.0

init = 1342
det = 822
gap = 0.0

solution = [[0, 29, 15, 22, 9, 8, 11, 4, 28], [0, 6, 3, 2, 23, 18, 10, 25, 5, 20], [0, 27, 24, 14], [0, 26, 7, 13, 21, 31, 19, 17], [0, 30, 16, 12, 1]]


#################
lambda = 0.30000000000000004
mu = 1.8
nu = 1.4000000000000001

init = 1220
det = 795
gap = -3.396

solution = [[0, 26, 7, 13, 21, 31, 19, 17], [0, 28, 11, 4, 23, 2, 3, 6], [0, 20, 5, 25, 10, 29, 15, 22, 9, 8, 18], [0, 27, 24, 14], [0, 30, 16, 1, 12]]


#################
lambda = 0.4
mu = 0.0
nu = 0.0

init = 941
det = 790
gap = -4.051

solution = [[0, 28, 11, 4, 23, 2, 3, 6], [0, 20, 5, 25, 10, 29, 15, 22, 9, 8, 18], [0, 26, 7, 13, 17, 19, 31, 21], [0, 27, 24, 14], [0, 12, 1, 16, 30]]


#################
lambda = 0.4
mu = 0.0
nu = 0.2

init = 921
det = 795
gap = -3.396

solution = [[0, 28, 11, 4, 23, 2, 3, 6], [0, 18, 8, 9, 22, 15, 29, 10, 25, 5, 20], [0, 12, 1, 16, 30], [0, 14, 24, 27], [0, 26, 7, 13, 21, 31, 19, 17]]


#################
lambda = 0.4
mu = 0.4
nu = 1.3

init = 973
det = 867
gap = 5.19

solution = [[0, 29, 15, 22, 9, 18, 8, 28, 4, 11], [0, 23, 3, 2, 17, 19, 31, 21], [0, 12, 1, 7, 13, 6], [0, 30, 16, 26], [0, 20, 5, 25, 10, 27, 24, 14]]


#################
lambda = 0.4
mu = 0.9
nu = 0.0

init = 953
det = 796
gap = -3.266

solution = [[0, 27, 24, 14], [0, 20, 5, 25, 10, 29, 15, 22, 9, 8, 18], [0, 6, 3, 2, 23, 28, 4, 11], [0, 26, 7, 13, 21, 31, 19, 17], [0, 12, 1, 16, 30]]


#################
lambda = 0.4
mu = 0.9
nu = 1.3

init = 947
det = 795
gap = -3.396

solution = [[0, 12, 1, 16, 30], [0, 26, 7, 13, 21, 31, 19, 17], [0, 20, 5, 25, 10, 29, 15, 22, 9, 8, 18], [0, 27, 24, 14], [0, 6, 3, 2, 23, 4, 11, 28]]


#################
lambda = 0.4
mu = 1.2000000000000002
nu = 1.9000000000000001

init = 878
det = 840
gap = 2.143

solution = [[0, 20, 5, 25, 10, 15, 29], [0, 27, 24, 14, 30], [0, 16, 12, 1, 13, 7, 26], [0, 6, 23, 28, 4, 11, 8, 18, 9, 22], [0, 21, 31, 19, 17, 2, 3]]


#################
lambda = 0.4
mu = 1.3
nu = 0.1

init = 895
det = 790
gap = -4.051

solution = [[0, 20, 5, 25, 10, 29, 15, 22, 9, 8, 18], [0, 28, 11, 4, 23, 2, 3, 6], [0, 26, 7, 13, 17, 19, 31, 21], [0, 27, 24, 14], [0, 12, 1, 16, 30]]


#################
lambda = 0.4
mu = 1.3
nu = 0.6000000000000001

init = 1049
det = 790
gap = -4.051

solution = [[0, 28, 11, 4, 23, 2, 3, 6], [0, 20, 5, 25, 10, 29, 15, 22, 9, 8, 18], [0, 26, 7, 13, 17, 19, 31, 21], [0, 27, 24, 14], [0, 12, 1, 16, 30]]


#################
lambda = 0.4
mu = 1.3
nu = 1.3

init = 1091
det = 791
gap = -3.919

solution = [[0, 21, 31, 19, 17, 13, 7, 26], [0, 6, 3, 2, 23, 28, 4, 11], [0, 12, 1, 16, 30], [0, 20, 5, 25, 10, 29, 15, 22, 9, 8, 18], [0, 27, 24, 14]]


#################
lambda = 0.4
mu = 1.4000000000000001
nu = 0.0

init = 1246
det = 790
gap = -4.051

solution = [[0, 28, 11, 4, 23, 2, 3, 6], [0, 26, 7, 13, 17, 19, 31, 21], [0, 12, 1, 16, 30], [0, 20, 5, 25, 10, 29, 15, 22, 9, 8, 18], [0, 27, 24, 14]]


#################
lambda = 0.4
mu = 1.4000000000000001
nu = 0.30000000000000004

init = 1245
det = 821
gap = -0.122

solution = [[0, 3, 2, 23, 28, 4, 11, 8, 18, 29], [0, 21, 31, 19, 17, 13, 6], [0, 30, 16, 12, 1, 7, 26], [0, 20, 5, 25, 10, 15, 9, 22], [0, 27, 24, 14]]


#################
lambda = 0.4
mu = 1.4000000000000001
nu = 1.2000000000000002

init = 1232
det = 821
gap = -0.122

solution = [[0, 3, 2, 23, 28, 4, 11, 8, 18, 29], [0, 21, 31, 19, 17, 13, 6], [0, 30, 16, 12, 1, 7, 26], [0, 20, 5, 25, 10, 15, 9, 22], [0, 27, 24, 14]]


#################
lambda = 0.4
mu = 1.4000000000000001
nu = 1.5

init = 1276
det = 791
gap = -3.919

solution = [[0, 6, 3, 2, 23, 28, 4, 11], [0, 20, 5, 25, 10, 29, 15, 22, 9, 8, 18], [0, 27, 24, 14], [0, 21, 31, 19, 17, 13, 7, 26], [0, 12, 1, 16, 30]]


#################
lambda = 0.4
mu = 1.5
nu = 0.0

init = 1171
det = 829
gap = 0.844

solution = [[0, 18, 8, 11, 4, 28, 6, 13, 7], [0, 21, 31, 19, 17, 2, 3, 23], [0, 20, 5, 25, 10, 15, 9, 22, 29], [0, 27, 24, 14], [0, 30, 26, 16, 1, 12]]


#################
lambda = 0.4
mu = 1.5
nu = 0.4

init = 1244
det = 796
gap = -3.266

solution = [[0, 20, 5, 25, 10, 29, 15, 22, 9, 8, 18], [0, 26, 7, 13, 21, 31, 19, 17], [0, 6, 3, 2, 23, 28, 4, 11], [0, 27, 24, 14], [0, 30, 16, 1, 12]]


#################
lambda = 0.4
mu = 1.5
nu = 1.0

init = 1373
det = 829
gap = 0.844

solution = [[0, 23, 3, 2, 17, 19, 31, 21], [0, 18, 8, 11, 4, 28, 6, 13, 7], [0, 29, 22, 9, 15, 10, 25, 5, 20], [0, 27, 24, 14], [0, 12, 1, 16, 26, 30]]


#################
lambda = 0.4
mu = 1.6
nu = 0.0

init = 1181
det = 790
gap = -4.051

solution = [[0, 20, 5, 25, 10, 29, 15, 22, 9, 8, 18], [0, 28, 11, 4, 23, 2, 3, 6], [0, 26, 7, 13, 17, 19, 31, 21], [0, 30, 16, 1, 12], [0, 27, 24, 14]]


#################
lambda = 0.4
mu = 1.7000000000000002
nu = 0.0

init = 1330
det = 791
gap = -3.919

solution = [[0, 6, 3, 2, 23, 28, 4, 11], [0, 20, 5, 25, 10, 29, 15, 22, 9, 8, 18], [0, 27, 24, 14], [0, 21, 31, 19, 17, 13, 7, 26], [0, 12, 1, 16, 30]]


#################
lambda = 0.5
mu = 0.0
nu = 0.0

init = 881
det = 856
gap = 3.972

solution = [[0, 18, 8, 28, 4, 11, 9, 22, 15, 29], [0, 6, 23, 3, 2, 17, 19, 31], [0, 16, 30], [0, 14, 24, 27, 20, 5, 25, 10], [0, 26, 7, 13, 21, 1, 12]]


#################
lambda = 0.5
mu = 0.0
nu = 0.9

init = 909
det = 836
gap = 1.675

solution = [[0, 29, 15, 22, 9, 11, 4, 28, 8, 18], [0, 21, 31, 19, 17, 13, 7, 26], [0, 27, 24, 14], [0, 12, 1, 16, 30], [0, 20, 5, 25, 10, 6, 3, 2, 23]]


#################
lambda = 0.5
mu = 0.0
nu = 1.4000000000000001

init = 918
det = 840
gap = 2.143

solution = [[0, 21, 31, 19, 17, 2, 3, 23], [0, 30, 14, 24, 27], [0, 26, 16, 7, 13, 1, 12], [0, 20, 5, 25, 10, 15, 29], [0, 6, 28, 4, 11, 8, 18, 9, 22]]


#################
lambda = 0.5
mu = 0.1
nu = 0.0

init = 877
det = 837
gap = 1.792

solution = [[0, 6, 23, 28, 4, 11, 8, 18, 9, 22], [0, 21, 31, 19, 17, 2, 3], [0, 20, 5, 25, 10, 15, 29], [0, 30, 26, 14, 24, 27], [0, 12, 1, 13, 7, 16]]


#################
lambda = 0.5
mu = 0.1
nu = 0.4

init = 905
det = 844
gap = 2.607

solution = [[0, 21, 31, 19, 17, 2, 6], [0, 22, 9, 18, 8, 11, 4, 28, 23, 3], [0, 20, 5, 25, 10, 15, 29], [0, 30, 14, 24, 27], [0, 16, 12, 1, 13, 7, 26]]


#################
lambda = 0.5
mu = 0.1
nu = 0.8

init = 873
det = 835
gap = 1.557

solution = [[0, 21, 31, 19, 17, 2, 6], [0, 22, 9, 18, 8, 11, 4, 28, 23, 3], [0, 12, 1, 13, 7, 16, 26], [0, 20, 5, 25, 10, 15, 29, 27], [0, 24, 14, 30]]


#################
lambda = 0.5
mu = 0.2
nu = 0.0

init = 845
det = 790
gap = -4.051

solution = [[0, 20, 5, 25, 10, 29, 15, 22, 9, 8, 18], [0, 28, 11, 4, 23, 2, 3, 6], [0, 26, 7, 13, 17, 19, 31, 21], [0, 27, 24, 14], [0, 12, 1, 16, 30]]


#################
lambda = 0.5
mu = 0.30000000000000004
nu = 0.0

init = 891
det = 790
gap = -4.051

solution = [[0, 20, 5, 25, 10, 29, 15, 22, 9, 8, 18], [0, 28, 11, 4, 23, 2, 3, 6], [0, 26, 7, 13, 17, 19, 31, 21], [0, 30, 16, 1, 12], [0, 27, 24, 14]]


#################
lambda = 0.5
mu = 0.7000000000000001
nu = 0.0

init = 898
det = 808
gap = -1.733

solution = [[0, 3, 2, 23, 28, 4, 11, 8, 18], [0, 29, 22, 9, 15, 10, 25, 5, 20], [0, 13, 21, 31, 19, 17, 6], [0, 30, 26, 16, 7, 1, 12], [0, 27, 24, 14]]


#################
lambda = 0.5
mu = 1.0
nu = 1.6

init = 977
det = 796
gap = -3.266

solution = [[0, 26, 7, 13, 21, 31, 19, 17], [0, 20, 5, 25, 10, 29, 15, 22, 9, 8, 18], [0, 6, 3, 2, 23, 28, 4, 11], [0, 27, 24, 14], [0, 30, 16, 1, 12]]


#################
lambda = 0.5
mu = 1.1
nu = 0.0

init = 855
det = 795
gap = -3.396

solution = [[0, 26, 7, 13, 21, 31, 19, 17], [0, 28, 11, 4, 23, 2, 3, 6], [0, 20, 5, 25, 10, 29, 15, 22, 9, 8, 18], [0, 27, 24, 14], [0, 30, 16, 1, 12]]


#################
lambda = 0.5
mu = 1.2000000000000002
nu = 0.0

init = 863
det = 795
gap = -3.396

solution = [[0, 26, 7, 13, 21, 31, 19, 17], [0, 28, 11, 4, 23, 2, 3, 6], [0, 20, 5, 25, 10, 29, 15, 22, 9, 8, 18], [0, 27, 24, 14], [0, 30, 16, 1, 12]]


#################
lambda = 0.5
mu = 1.2000000000000002
nu = 1.3

init = 870
det = 795
gap = -3.396

solution = [[0, 12, 1, 16, 30], [0, 26, 7, 13, 21, 31, 19, 17], [0, 28, 11, 4, 23, 2, 3, 6], [0, 27, 24, 14], [0, 20, 5, 25, 10, 29, 15, 22, 9, 8, 18]]


#################
lambda = 0.5
mu = 1.3
nu = 0.0

init = 946
det = 815
gap = -0.859

solution = [[0, 20, 5, 25, 10, 15, 18, 3, 2], [0, 6, 23, 28, 4, 11, 8, 9, 22, 29], [0, 27, 24, 14], [0, 21, 31, 19, 17, 13, 7, 26], [0, 12, 1, 16, 30]]


#################
lambda = 0.5
mu = 1.3
nu = 0.30000000000000004

init = 988
det = 825
gap = 0.364

solution = [[0, 26, 7, 13, 21, 31, 19, 17], [0, 27, 24, 14], [0, 30, 16, 12, 1], [0, 6, 23, 28, 4, 11, 8, 9, 22, 29], [0, 20, 5, 25, 10, 15, 18, 3, 2]]


#################
lambda = 0.5
mu = 1.4000000000000001
nu = 1.4000000000000001

init = 1029
det = 790
gap = -4.051

solution = [[0, 21, 31, 19, 17, 13, 7, 26], [0, 28, 11, 4, 23, 2, 3, 6], [0, 12, 1, 16, 30], [0, 27, 24, 14], [0, 20, 5, 25, 10, 29, 15, 22, 9, 8, 18]]


#################
lambda = 0.5
mu = 1.4000000000000001
nu = 1.7000000000000002

init = 1085
det = 831
gap = 1.083

solution = [[0, 21, 31, 19, 17, 2, 3], [0, 22, 9, 18, 8, 11, 4, 28, 23, 6], [0, 26, 16, 7, 13, 1, 12], [0, 20, 5, 25, 10, 15, 29, 27], [0, 24, 14, 30]]


#################
lambda = 0.5
mu = 1.6
nu = 1.2000000000000002

init = 1182
det = 827
gap = 0.605

solution = [[0, 20, 5, 25, 10, 11, 4, 28], [0, 29, 15, 22, 9, 18, 8, 23, 2, 3, 6], [0, 12, 1, 16, 30], [0, 27, 24, 14], [0, 26, 7, 13, 21, 31, 19, 17]]


#################
lambda = 0.5
mu = 1.7000000000000002
nu = 0.6000000000000001

init = 1217
det = 790
gap = -4.051

solution = [[0, 20, 5, 25, 10, 29, 15, 22, 9, 8, 18], [0, 28, 11, 4, 23, 2, 3, 6], [0, 26, 7, 13, 17, 19, 31, 21], [0, 30, 16, 1, 12], [0, 27, 24, 14]]


#################
lambda = 0.5
mu = 1.7000000000000002
nu = 1.2000000000000002

init = 1201
det = 790
gap = -4.051

solution = [[0, 20, 5, 25, 10, 29, 15, 22, 9, 8, 18], [0, 28, 11, 4, 23, 2, 3, 6], [0, 26, 7, 13, 17, 19, 31, 21], [0, 30, 16, 1, 12], [0, 27, 24, 14]]


#################
lambda = 0.5
mu = 1.7000000000000002
nu = 1.5

init = 1277
det = 791
gap = -3.919

solution = [[0, 6, 3, 2, 23, 28, 4, 11], [0, 20, 5, 25, 10, 29, 15, 22, 9, 8, 18], [0, 27, 24, 14], [0, 12, 1, 16, 30], [0, 21, 31, 19, 17, 13, 7, 26]]


#################
lambda = 0.5
mu = 1.8
nu = 0.0

init = 1222
det = 790
gap = -4.051

solution = [[0, 28, 11, 4, 23, 2, 3, 6], [0, 20, 5, 25, 10, 29, 15, 22, 9, 8, 18], [0, 26, 7, 13, 17, 19, 31, 21], [0, 27, 24, 14], [0, 12, 1, 16, 30]]


#################
lambda = 0.5
mu = 1.8
nu = 1.3

init = 1289
det = 789
gap = -4.183

solution = [[0, 21, 31, 19, 17, 13, 7, 26], [0, 29, 18, 8, 9, 22, 15, 10, 25, 5, 20], [0, 28, 11, 4, 23, 2, 3, 6], [0, 27, 24, 14], [0, 12, 1, 16, 30]]


#################
lambda = 0.5
mu = 1.9000000000000001
nu = 0.0

init = 1296
det = 790
gap = -4.051

solution = [[0, 21, 31, 19, 17, 13, 7, 26], [0, 28, 11, 4, 23, 2, 3, 6], [0, 12, 1, 16, 30], [0, 20, 5, 25, 10, 29, 15, 22, 9, 8, 18], [0, 27, 24, 14]]


#################
lambda = 0.6000000000000001
mu = 0.0
nu = 0.0

init = 854
det = 872
gap = 5.734

solution = [[0, 27, 24], [0, 23, 3, 2, 21, 31, 19, 17], [0, 15, 22, 9, 11, 4, 28, 8, 18, 14], [0, 20, 5, 25, 10, 29, 6, 13, 7, 26], [0, 30, 16, 12, 1]]


#################
lambda = 0.6000000000000001
mu = 0.0
nu = 0.2

init = 869
det = 791
gap = -3.919

solution = [[0, 26, 7, 13, 17, 19, 31, 21], [0, 20, 5, 25, 10, 29, 15, 22, 9, 8, 18], [0, 6, 3, 2, 23, 28, 4, 11], [0, 27, 24, 14], [0, 30, 16, 1, 12]]


#################
lambda = 0.6000000000000001
mu = 0.0
nu = 0.8

init = 890
det = 832
gap = 1.202

solution = [[0, 21, 31, 19, 17, 2, 3, 23], [0, 22, 9, 18, 8, 11, 4, 28, 6], [0, 20, 5, 25, 10, 15, 29, 27], [0, 24, 14, 30], [0, 12, 1, 13, 7, 16, 26]]


#################
lambda = 0.6000000000000001
mu = 0.1
nu = 0.0

init = 897
det = 832
gap = 1.202

solution = [[0, 12, 1, 13, 7, 16], [0, 30, 26, 24, 14], [0, 20, 5, 25, 10, 15, 29, 27], [0, 3, 2, 17, 19, 31, 21], [0, 6, 23, 28, 4, 11, 8, 18, 9, 22]]


#################
lambda = 0.6000000000000001
mu = 0.2
nu = 0.0

init = 816
det = 860
gap = 4.419

solution = [[0, 21, 31, 19, 17, 13, 7, 26], [0, 24, 27], [0, 12, 1, 16, 30], [0, 18, 8, 28, 4, 11, 9, 22, 15, 29], [0, 14, 6, 3, 2, 23, 20, 5, 25, 10]]


#################
lambda = 0.6000000000000001
mu = 0.5
nu = 0.6000000000000001

init = 882
det = 790
gap = -4.051

solution = [[0, 6, 3, 2, 23, 28, 4, 11], [0, 26, 7, 13, 17, 19, 31, 21], [0, 12, 1, 16, 30], [0, 29, 18, 8, 9, 22, 15, 10, 25, 5, 20], [0, 27, 24, 14]]


#################
lambda = 0.6000000000000001
mu = 0.7000000000000001
nu = 0.9

init = 888
det = 806
gap = -1.985

solution = [[0, 30, 16, 12, 1, 7, 26], [0, 6, 17, 19, 31, 21, 13], [0, 14, 24, 27], [0, 29, 22, 9, 15, 10, 25, 5, 20], [0, 18, 8, 11, 4, 28, 23, 3, 2]]


#################
lambda = 0.6000000000000001
mu = 1.3
nu = 1.9000000000000001

init = 850
det = 837
gap = 1.792

solution = [[0, 14, 6, 23, 28, 4, 11, 8, 18, 9, 22, 29], [0, 20, 5, 25, 10, 15, 2, 3], [0, 27, 24], [0, 16, 21, 31, 19, 17, 13], [0, 12, 1, 7, 26, 30]]


#################
lambda = 0.6000000000000001
mu = 1.5
nu = 1.6

init = 1063
det = 791
gap = -3.919

solution = [[0, 21, 31, 19, 17, 13, 7, 26], [0, 30, 16, 1, 12], [0, 6, 3, 2, 23, 28, 4, 11], [0, 27, 24, 14], [0, 20, 5, 25, 10, 29, 15, 22, 9, 8, 18]]


#################
lambda = 0.6000000000000001
mu = 1.7000000000000002
nu = 1.4000000000000001

init = 1077
det = 790
gap = -4.051

solution = [[0, 28, 11, 4, 23, 2, 3, 6], [0, 26, 7, 13, 17, 19, 31, 21], [0, 12, 1, 16, 30], [0, 20, 5, 25, 10, 29, 15, 22, 9, 8, 18], [0, 27, 24, 14]]


#################
lambda = 0.6000000000000001
mu = 1.8
nu = 1.0

init = 1346
det = 802
gap = -2.494

solution = [[0, 6, 3, 2, 23, 28, 4, 11], [0, 29, 18, 8, 9, 22, 15, 10, 25, 5, 20], [0, 7, 13, 21, 31, 19, 17], [0, 27, 24, 14], [0, 12, 1, 16, 26, 30]]


#################
lambda = 0.6000000000000001
mu = 1.8
nu = 1.4000000000000001

init = 1270
det = 796
gap = -3.266

solution = [[0, 26, 7, 13, 21, 31, 19, 17], [0, 6, 3, 2, 23, 28, 4, 11], [0, 18, 8, 9, 22, 15, 29, 10, 25, 5, 20], [0, 27, 24, 14], [0, 12, 1, 16, 30]]


#################
lambda = 0.7000000000000001
mu = 0.0
nu = 0.0

init = 828
det = 847
gap = 2.952

solution = [[0, 3, 2, 21, 31, 19, 17], [0, 20, 5, 25, 10, 15, 29, 27], [0, 14, 22, 9, 18, 8, 11, 4, 28, 23, 6, 26], [0, 12, 1, 13, 7, 16], [0, 24, 30]]


#################
lambda = 0.7000000000000001
mu = 0.0
nu = 0.30000000000000004

init = 817
det = 875
gap = 6.057

solution = [[0, 21, 31, 19, 17, 13, 7, 26], [0, 24, 27], [0, 12, 1, 16, 30], [0, 6, 3, 2, 23, 29, 20, 5, 25, 10], [0, 15, 22, 9, 11, 4, 28, 8, 18, 14]]


#################
lambda = 0.7000000000000001
mu = 0.0
nu = 1.0

init = 875
det = 790
gap = -4.051

solution = [[0, 28, 11, 4, 23, 2, 3, 6], [0, 26, 7, 13, 17, 19, 31, 21], [0, 12, 1, 16, 30], [0, 20, 5, 25, 10, 29, 15, 22, 9, 8, 18], [0, 27, 24, 14]]


#################
lambda = 0.7000000000000001
mu = 0.2
nu = 0.8

init = 893
det = 831
gap = 1.083

solution = [[0, 29, 15, 22, 9, 11, 4, 28, 8, 18], [0, 20, 5, 25, 10, 23, 2, 3, 6], [0, 7, 13, 21, 31, 17, 19], [0, 27, 24, 14], [0, 12, 1, 16, 26, 30]]


#################
lambda = 0.7000000000000001
mu = 0.5
nu = 0.0

init = 864
det = 790
gap = -4.051

solution = [[0, 21, 31, 19, 17, 13, 7, 26], [0, 12, 1, 16, 30], [0, 28, 11, 4, 23, 2, 3, 6], [0, 20, 5, 25, 10, 29, 15, 22, 9, 8, 18], [0, 27, 24, 14]]


#################
lambda = 0.7000000000000001
mu = 0.8
nu = 0.30000000000000004

init = 871
det = 790
gap = -4.051

solution = [[0, 27, 24, 14], [0, 12, 1, 16, 30], [0, 26, 7, 13, 17, 19, 31, 21], [0, 28, 11, 4, 23, 2, 3, 6], [0, 20, 5, 25, 10, 29, 15, 22, 9, 8, 18]]


#################
lambda = 0.7000000000000001
mu = 1.0
nu = 1.9000000000000001

init = 880
det = 833
gap = 1.321

solution = [[0, 12, 1, 13, 7, 16], [0, 20, 5, 25, 10, 15, 29, 27], [0, 30, 26, 24, 14], [0, 23, 3, 2, 17, 19, 31, 21], [0, 22, 9, 18, 8, 11, 4, 28, 6]]


#################
lambda = 0.7000000000000001
mu = 1.5
nu = 1.0

init = 894
det = 790
gap = -4.051

solution = [[0, 12, 1, 16, 30], [0, 21, 31, 19, 17, 13, 7, 26], [0, 28, 11, 4, 23, 2, 3, 6], [0, 20, 5, 25, 10, 29, 15, 22, 9, 8, 18], [0, 27, 24, 14]]


#################
lambda = 0.7000000000000001
mu = 1.6
nu = 0.0

init = 1024
det = 831
gap = 1.083

solution = [[0, 22, 9, 18, 8, 11, 4, 28, 23, 6], [0, 21, 31, 19, 17, 2, 3], [0, 20, 5, 25, 10, 15, 29, 27], [0, 12, 1, 13, 7, 16, 26], [0, 30, 14, 24]]


#################
lambda = 0.7000000000000001
mu = 1.6
nu = 1.9000000000000001

init = 1043
det = 806
gap = -1.985

solution = [[0, 3, 2, 23, 28, 4, 11, 8, 18], [0, 6, 17, 19, 31, 21, 13], [0, 29, 22, 9, 15, 10, 25, 5, 20], [0, 14, 24, 27], [0, 30, 16, 12, 1, 7, 26]]


#################
lambda = 0.7000000000000001
mu = 1.7000000000000002
nu = 0.0

init = 1206
det = 835
gap = 1.557

solution = [[0, 18, 8, 28, 4, 11, 9, 22, 15, 29], [0, 21, 31, 19, 17, 13, 7, 26], [0, 24, 14, 6, 3, 2, 23], [0, 12, 1, 16, 30], [0, 20, 5, 25, 10, 27]]


#################
lambda = 0.7000000000000001
mu = 1.7000000000000002
nu = 0.5

init = 1205
det = 819
gap = -0.366

solution = [[0, 3, 2, 23, 28, 4, 11, 8, 18, 29], [0, 6, 17, 19, 31, 21, 13], [0, 30, 16, 12, 1, 7, 26], [0, 20, 5, 25, 10, 15, 9, 22], [0, 14, 24, 27]]


#################
lambda = 0.7000000000000001
mu = 1.7000000000000002
nu = 1.2000000000000002

init = 1195
det = 795
gap = -3.396

solution = [[0, 20, 5, 25, 10, 29, 15, 22, 9, 8, 18], [0, 28, 11, 4, 23, 2, 3, 6], [0, 26, 7, 13, 21, 31, 19, 17], [0, 27, 24, 14], [0, 30, 16, 1, 12]]


#################
lambda = 0.7000000000000001
mu = 1.8
nu = 0.0

init = 1083
det = 838
gap = 1.909

solution = [[0, 6, 23, 28, 4, 11, 8, 18, 9, 22], [0, 21, 31, 19, 17, 2, 3], [0, 20, 5, 25, 10, 15, 29, 27], [0, 12, 1, 13, 7, 24, 14], [0, 30, 16, 26]]


#################
lambda = 0.7000000000000001
mu = 1.9000000000000001
nu = 0.1

init = 1294
det = 796
gap = -3.266

solution = [[0, 20, 5, 25, 10, 29, 15, 22, 9, 8, 18], [0, 6, 3, 2, 23, 28, 4, 11], [0, 27, 24, 14], [0, 30, 16, 1, 12], [0, 26, 7, 13, 21, 31, 19, 17]]


#################
lambda = 0.8
mu = 0.0
nu = 1.3

init = 827
det = 827
gap = 0.605

solution = [[0, 20, 5, 25, 10, 15, 29, 27], [0, 6, 23, 28, 4, 11, 8, 18, 9, 22, 14], [0, 12, 1, 13, 7, 16], [0, 21, 31, 19, 17, 2, 3, 26], [0, 24, 30]]


#################
lambda = 0.8
mu = 0.1
nu = 1.2000000000000002

init = 849
det = 832
gap = 1.202

solution = [[0, 21, 31, 19, 17, 3, 2], [0, 22, 9, 18, 8, 11, 4, 28, 23, 6, 26], [0, 12, 1, 13, 7, 16], [0, 20, 5, 25, 10, 15, 29, 27], [0, 24, 14, 30]]


#################
lambda = 0.8
mu = 1.5
nu = 0.0

init = 861
det = 846
gap = 2.837

solution = [[0, 21, 31, 19, 17, 13, 7], [0, 20, 5, 25, 10, 15, 29], [0, 30, 16, 1, 12], [0, 22, 9, 18, 8, 11, 4, 28, 23, 6, 26], [0, 27, 24, 14, 3, 2]]


#################
lambda = 0.8
mu = 1.5
nu = 1.0

init = 834
det = 834
gap = 1.439

solution = [[0, 12], [0, 14, 22, 9, 18, 8, 11, 4, 28, 23, 6, 26], [0, 20, 5, 25, 10, 15, 29, 27], [0, 24, 3, 2, 7, 16, 30], [0, 13, 17, 19, 31, 21, 1]]


#################
lambda = 0.8
mu = 1.7000000000000002
nu = 0.0

init = 1035
det = 790
gap = -4.051

solution = [[0, 26, 7, 13, 17, 19, 31, 21], [0, 27, 24, 14], [0, 12, 1, 16, 30], [0, 20, 5, 25, 10, 29, 15, 22, 9, 8, 18], [0, 28, 11, 4, 23, 2, 3, 6]]


#################
lambda = 0.8
mu = 1.7000000000000002
nu = 1.2000000000000002

init = 926
det = 790
gap = -4.051

solution = [[0, 28, 11, 4, 23, 2, 3, 6], [0, 20, 5, 25, 10, 29, 15, 22, 9, 8, 18], [0, 26, 7, 13, 17, 19, 31, 21], [0, 27, 24, 14], [0, 12, 1, 16, 30]]


#################
lambda = 0.9
mu = 0.0
nu = 0.0

init = 836
det = 789
gap = -4.183

solution = [[0, 21, 31, 19, 17, 13, 7, 26], [0, 12, 1, 16, 30], [0, 6, 3, 2, 23, 4, 11, 28], [0, 27, 24, 14], [0, 29, 18, 8, 9, 22, 15, 10, 25, 5, 20]]


#################
lambda = 0.9
mu = 0.0
nu = 0.1

init = 830
det = 920
gap = 10.652

solution = [[0, 21, 31, 19, 17, 13, 7, 26], [0, 16, 30], [0, 3, 2, 23, 18, 22, 9, 8, 4, 11], [0, 20, 5, 25, 10, 15, 29, 27], [0, 12, 1, 24, 14, 6, 28]]


#################
lambda = 0.9
mu = 0.0
nu = 1.1

init = 829
det = 790
gap = -4.051

solution = [[0, 21, 31, 19, 17, 13, 7, 26], [0, 20, 5, 25, 10, 29, 15, 22, 9, 8, 18], [0, 12, 1, 16, 30], [0, 27, 24, 14], [0, 28, 11, 4, 23, 2, 3, 6]]


#################
lambda = 0.9
mu = 0.1
nu = 1.2000000000000002

init = 847
det = 791
gap = -3.919

solution = [[0, 21, 31, 19, 17, 13, 7, 26], [0, 12, 1, 16, 30], [0, 6, 3, 2, 23, 28, 4, 11], [0, 20, 5, 25, 10, 29, 15, 22, 9, 8, 18], [0, 27, 24, 14]]


#################
lambda = 0.9
mu = 0.2
nu = 0.0

init = 826
det = 815
gap = -0.859

solution = [[0, 21, 31, 19, 17, 13, 7, 26], [0, 14, 24, 27], [0, 12, 1, 16, 30], [0, 29, 22, 9, 8, 11, 4, 28, 23, 6], [0, 20, 5, 25, 10, 15, 18, 3, 2]]


#################
lambda = 0.9
mu = 0.4
nu = 1.1

init = 846
det = 813
gap = -1.107

solution = [[0, 21, 31, 19, 17, 13, 7, 26], [0, 12, 1, 16, 30], [0, 27, 24, 14], [0, 20, 5, 29, 18, 11, 4, 23, 2, 3, 6], [0, 28, 8, 9, 22, 15, 10, 25]]


#################
lambda = 0.9
mu = 0.5
nu = 1.1

init = 889
det = 796
gap = -3.266

solution = [[0, 26, 7, 13, 21, 31, 19, 17], [0, 20, 5, 25, 10, 29, 15, 22, 9, 8, 18], [0, 6, 3, 2, 23, 28, 4, 11], [0, 27, 24, 14], [0, 30, 16, 1, 12]]


#################
lambda = 0.9
mu = 0.8
nu = 0.0

init = 867
det = 831
gap = 1.083

solution = [[0, 29, 15, 22, 9, 8, 28, 4, 11], [0, 20, 5, 25, 10, 18, 23, 2, 3, 6], [0, 27, 24, 14], [0, 7, 13, 17, 19, 31, 21], [0, 12, 1, 16, 26, 30]]


#################
lambda = 0.9
mu = 1.4000000000000001
nu = 0.30000000000000004

init = 879
det = 790
gap = -4.051

solution = [[0, 20, 5, 25, 10, 29, 15, 22, 9, 8, 18], [0, 28, 11, 4, 23, 2, 3, 6], [0, 26, 7, 13, 17, 19, 31, 21], [0, 27, 24, 14], [0, 12, 1, 16, 30]]


#################
lambda = 0.9
mu = 1.8
nu = 0.6000000000000001

init = 1055
det = 791
gap = -3.919

solution = [[0, 6, 3, 2, 23, 28, 4, 11], [0, 21, 31, 19, 17, 13, 7, 26], [0, 12, 1, 16, 30], [0, 27, 24, 14], [0, 20, 5, 25, 10, 29, 15, 22, 9, 8, 18]]


#################
lambda = 0.9
mu = 1.8
nu = 1.9000000000000001

init = 954
det = 844
gap = 2.607

solution = [[0, 18, 8, 28, 4, 11, 9, 22, 15, 29], [0, 14, 24, 27, 10, 25, 5, 20], [0, 16, 30], [0, 26, 7, 13, 21, 1, 12], [0, 6, 23, 3, 2, 17, 19, 31]]


#################
lambda = 0.9
mu = 1.9000000000000001
nu = 0.0

init = 1153
det = 790
gap = -4.051

solution = [[0, 20, 5, 25, 10, 29, 15, 22, 9, 8, 18], [0, 28, 11, 4, 23, 2, 3, 6], [0, 26, 7, 13, 17, 19, 31, 21], [0, 27, 24, 14], [0, 12, 1, 16, 30]]


#################
lambda = 0.9
mu = 1.9000000000000001
nu = 0.1

init = 1151
det = 818
gap = -0.489

solution = [[0, 26, 7, 13, 17, 19, 31, 21], [0, 28, 4, 11, 8, 18, 9, 22, 15, 29], [0, 27, 24, 14], [0, 12, 1, 16, 30], [0, 20, 5, 25, 10, 23, 2, 3, 6]]


#################
lambda = 0.9
mu = 1.9000000000000001
nu = 0.6000000000000001

init = 1150
det = 795
gap = -3.396

solution = [[0, 26, 7, 13, 21, 31, 19, 17], [0, 20, 5, 25, 10, 29, 15, 22, 9, 8, 18], [0, 12, 1, 16, 30], [0, 27, 24, 14], [0, 6, 3, 2, 23, 4, 11, 28]]


#################
lambda = 0.9
mu = 1.9000000000000001
nu = 1.5

init = 1140
det = 795
gap = -3.396

solution = [[0, 26, 7, 13, 21, 31, 19, 17], [0, 20, 5, 25, 10, 29, 15, 22, 9, 8, 18], [0, 12, 1, 16, 30], [0, 27, 24, 14], [0, 6, 3, 2, 23, 4, 11, 28]]


#################
lambda = 1.0
mu = 0.0
nu = 0.0

init = 831
det = 790
gap = -4.051

solution = [[0, 21, 31, 19, 17, 13, 7, 26], [0, 12, 1, 16, 30], [0, 18, 8, 9, 22, 15, 29, 10, 25, 5, 20], [0, 28, 11, 4, 23, 2, 3, 6], [0, 27, 24, 14]]


#################
lambda = 1.0
mu = 0.0
nu = 1.8

init = 860
det = 839
gap = 2.026

solution = [[0, 21, 31, 19, 17, 2, 3], [0, 12, 1, 13, 7, 16, 26], [0, 30, 14, 24, 27], [0, 22, 9, 18, 8, 11, 4, 28, 23, 6], [0, 20, 5, 25, 10, 15, 29]]


#################
lambda = 1.0
mu = 0.2
nu = 0.0

init = 823
det = 790
gap = -4.051

solution = [[0, 21, 31, 19, 17, 13, 7, 26], [0, 12, 1, 16, 30], [0, 27, 24, 14], [0, 29, 11, 4, 28, 23, 2, 3, 6], [0, 20, 5, 25, 10, 15, 22, 9, 8, 18]]


#################
lambda = 1.0
mu = 0.30000000000000004
nu = 0.4

init = 848
det = 790
gap = -4.051

solution = [[0, 21, 31, 19, 17, 13, 7, 26], [0, 28, 11, 4, 23, 2, 3, 6], [0, 18, 8, 9, 22, 15, 29, 10, 25, 5, 20], [0, 27, 24, 14], [0, 12, 1, 16, 30]]


#################
lambda = 1.0
mu = 0.8
nu = 1.1

init = 857
det = 832
gap = 1.202

solution = [[0, 20, 5, 25, 10, 15, 29, 27], [0, 24, 14, 30], [0, 12, 1, 13, 7, 16, 26], [0, 6, 28, 4, 11, 8, 18, 9, 22], [0, 21, 31, 19, 17, 2, 3, 23]]


#################
lambda = 1.0
mu = 1.0
nu = 0.9

init = 874
det = 790
gap = -4.051

solution = [[0, 21, 31, 19, 17, 13, 7, 26], [0, 29, 18, 8, 9, 22, 15, 10, 25, 5, 20], [0, 6, 3, 2, 23, 28, 4, 11], [0, 30, 16, 1, 12], [0, 27, 24, 14]]


#################
lambda = 1.0
mu = 1.0
nu = 1.7000000000000002

init = 886
det = 790
gap = -4.051

solution = [[0, 28, 11, 4, 23, 2, 3, 6], [0, 20, 5, 25, 10, 29, 15, 22, 9, 8, 18], [0, 26, 7, 13, 17, 19, 31, 21], [0, 27, 24, 14], [0, 12, 1, 16, 30]]


#################
lambda = 1.0
mu = 1.1
nu = 0.0

init = 859
det = 790
gap = -4.051

solution = [[0, 21, 31, 19, 17, 13, 7, 26], [0, 12, 1, 16, 30], [0, 27, 24, 14], [0, 28, 11, 4, 23, 2, 3, 6], [0, 20, 5, 25, 10, 29, 15, 22, 9, 8, 18]]


#################
lambda = 1.0
mu = 1.1
nu = 0.7000000000000001

init = 841
det = 790
gap = -4.051

solution = [[0, 20, 5, 25, 10, 29, 15, 22, 9, 8, 18], [0, 28, 11, 4, 23, 2, 3, 6], [0, 26, 7, 13, 17, 19, 31, 21], [0, 27, 24, 14], [0, 12, 1, 16, 30]]


#################
lambda = 1.0
mu = 1.2000000000000002
nu = 1.8

init = 866
det = 790
gap = -4.051

solution = [[0, 21, 31, 19, 17, 13, 7, 26], [0, 6, 3, 2, 23, 28, 4, 11], [0, 12, 1, 16, 30], [0, 20, 5, 25, 10, 15, 22, 9, 8, 18, 29], [0, 27, 24, 14]]


#################
lambda = 1.0
mu = 1.7000000000000002
nu = 0.30000000000000004

init = 868
det = 790
gap = -4.051

solution = [[0, 28, 11, 4, 23, 2, 3, 6], [0, 18, 8, 9, 22, 15, 29, 10, 25, 5, 20], [0, 26, 7, 13, 17, 19, 31, 21], [0, 27, 24, 14], [0, 12, 1, 16, 30]]


#################
lambda = 1.0
mu = 1.7000000000000002
nu = 1.9000000000000001

init = 945
det = 790
gap = -4.051

solution = [[0, 20, 5, 25, 10, 29, 15, 22, 9, 8, 18], [0, 28, 11, 4, 23, 2, 3, 6], [0, 26, 7, 13, 17, 19, 31, 21], [0, 30, 16, 1, 12], [0, 27, 24, 14]]


#################
lambda = 1.0
mu = 1.9000000000000001
nu = 0.9

init = 1047
det = 844
gap = 2.607

solution = [[0, 18, 8, 28, 4, 11, 9, 22, 15, 29], [0, 14, 24, 27, 10, 25, 5, 20], [0, 16, 30], [0, 26, 7, 13, 21, 1, 12], [0, 6, 23, 3, 2, 17, 19, 31]]


#################
lambda = 1.0
mu = 1.9000000000000001
nu = 1.6

init = 1105
det = 796
gap = -3.266

solution = [[0, 20, 5, 25, 10, 29, 15, 22, 9, 8, 18], [0, 26, 7, 13, 21, 31, 19, 17], [0, 6, 3, 2, 23, 28, 4, 11], [0, 27, 24, 14], [0, 30, 16, 1, 12]]


#################
lambda = 1.1
mu = 0.0
nu = 0.0

init = 835
det = 790
gap = -4.051

solution = [[0, 21, 31, 19, 17, 13, 7, 26], [0, 12, 1, 16, 30], [0, 6, 3, 2, 23, 28, 4, 11], [0, 20, 5, 25, 10, 15, 22, 9, 8, 18, 29], [0, 27, 24, 14]]


#################
lambda = 1.1
mu = 0.2
nu = 0.2

init = 837
det = 814
gap = -0.983

solution = [[0, 21, 31, 19, 17, 13, 7, 26], [0, 20, 5, 25, 10, 15, 18, 8, 28, 23], [0, 6, 3, 2, 4, 11, 9, 22, 29], [0, 27, 24, 14], [0, 12, 1, 16, 30]]


#################
lambda = 1.1
mu = 1.4000000000000001
nu = 0.0

init = 872
det = 806
gap = -1.985

solution = [[0, 13, 21, 31, 19, 17, 6], [0, 3, 2, 23, 28, 4, 11, 8, 18], [0, 30, 16, 12, 1, 7, 26], [0, 29, 22, 9, 15, 10, 25, 5, 20], [0, 14, 24, 27]]


#################
lambda = 1.1
mu = 1.9000000000000001
nu = 0.1

init = 1001
det = 791
gap = -3.919

solution = [[0, 6, 3, 2, 23, 28, 4, 11], [0, 21, 31, 19, 17, 13, 7, 26], [0, 12, 1, 16, 30], [0, 20, 5, 25, 10, 29, 15, 22, 9, 8, 18], [0, 27, 24, 14]]


#################
lambda = 1.2000000000000002
mu = 0.0
nu = 0.4

init = 838
det = 790
gap = -4.051

solution = [[0, 21, 31, 19, 17, 13, 7, 26], [0, 12, 1, 16, 30], [0, 28, 11, 4, 23, 2, 3, 6], [0, 20, 5, 25, 10, 29, 15, 22, 9, 8, 18], [0, 27, 24, 14]]


#################
lambda = 1.2000000000000002
mu = 0.1
nu = 0.0

init = 832
det = 789
gap = -4.183

solution = [[0, 21, 31, 19, 17, 13, 7, 26], [0, 28, 11, 4, 23, 2, 3, 6], [0, 12, 1, 16, 30], [0, 27, 24, 14], [0, 29, 18, 8, 9, 22, 15, 10, 25, 5, 20]]


#################
lambda = 1.2000000000000002
mu = 0.4
nu = 1.2000000000000002

init = 852
det = 835
gap = 1.557

solution = [[0, 21, 31, 19, 17, 13, 7, 26], [0, 29, 15, 22, 9, 11, 4, 28, 8, 18], [0, 30, 16, 1, 12], [0, 20, 5, 25, 10, 27], [0, 24, 14, 6, 3, 2, 23]]


#################
lambda = 1.2000000000000002
mu = 0.5
nu = 1.9000000000000001

init = 843
det = 790
gap = -4.051

solution = [[0, 21, 31, 19, 17, 13, 7, 26], [0, 12, 1, 16, 30], [0, 28, 11, 4, 23, 2, 3, 6], [0, 27, 24, 14], [0, 20, 5, 25, 10, 29, 15, 22, 9, 8, 18]]


#################
lambda = 1.2000000000000002
mu = 1.9000000000000001
nu = 1.1

init = 1006
det = 808
gap = -1.733

solution = [[0, 13, 21, 31, 19, 17, 6], [0, 30, 26, 16, 7, 1, 12], [0, 29, 22, 9, 15, 10, 25, 5, 20], [0, 3, 2, 23, 28, 4, 11, 8, 18], [0, 27, 24, 14]]


#################
lambda = 1.6
mu = 1.0
nu = 1.5

init = 839
det = 800
gap = -2.75

solution = [[0, 21, 31, 19, 17, 13, 7, 26], [0, 3, 2, 23, 28, 4, 11, 8, 22, 29], [0, 20, 5, 25, 10, 15, 9, 18, 6], [0, 14, 24, 27], [0, 12, 1, 16, 30]]


#################
lambda = 1.8
mu = 1.3
nu = 1.2000000000000002

init = 856
det = 790
gap = -4.051

solution = [[0, 20, 5, 25, 10, 29, 15, 22, 9, 8, 18], [0, 28, 11, 4, 23, 2, 3, 6], [0, 21, 31, 19, 17, 13, 7, 26], [0, 27, 24, 14], [0, 12, 1, 16, 30]]


#################
lambda = 1.8
mu = 1.3
nu = 1.6

init = 840
det = 819
gap = -0.366

solution = [[0, 14, 24, 27], [0, 30, 16, 12, 1, 7, 26], [0, 6, 17, 19, 31, 21, 13], [0, 29, 18, 8, 11, 4, 28, 23, 2, 3], [0, 20, 5, 25, 10, 15, 9, 22]]
