Aretes fixées après apprentissage pour cette exécution
Fixed edges = [[0, 31, 23, 24, 26, 22, 0], [0, 25, 16, 30, 27, 0], [0, 11, 29, 0], [0, 9, 15, 0], [0, 4, 8, 0], [0, 12, 21, 0], [0, 1, 0], [0, 2, 0], [0, 3, 0], [0, 5, 0], [0, 6, 0], [0, 7, 0], [0, 10, 0], [0, 13, 0], [0, 14, 0], [0, 17, 0], [0, 18, 0], [0, 19, 0], [0, 20, 0], [0, 28, 0], [0, 32, 0]]
Time = 0.2693336009979248


#################

init = 807.027
res = 745.453
gap = -1027.368

solution = [[0, 21, 12], [0, 31, 23, 24, 26, 22, 5, 13], [0, 1, 7, 19, 6, 18], [0, 4, 8, 3, 2, 15, 9, 20], [0, 14, 17, 29, 11, 10, 32], [0, 25, 16, 30, 27, 28]]


#################

init = 807.027
res = 745.453
gap = -1027.368

solution = [[0, 4, 8, 3, 2, 15, 9, 20], [0, 1, 7, 19, 6, 18], [0, 21, 12], [0, 32, 10, 11, 29, 17, 14], [0, 31, 23, 24, 26, 22, 5, 13], [0, 25, 16, 30, 27, 28]]


#################

init = 807.027
res = 745.962
gap = -1026.599

solution = [[0, 4, 8, 3, 2, 15, 9, 20], [0, 1, 18, 6, 7, 19], [0, 21, 12], [0, 14, 17, 29, 11, 10, 32], [0, 31, 23, 24, 26, 22, 5, 13], [0, 25, 16, 30, 27, 28]]


#################

init = 807.027
res = 745.962
gap = -1026.599

solution = [[0, 31, 23, 24, 26, 22, 5, 13], [0, 21, 12], [0, 14, 17, 29, 11, 10, 32], [0, 4, 8, 3, 2, 15, 9, 20], [0, 28, 27, 30, 16, 25], [0, 1, 18, 6, 7, 19]]


#################

init = 807.027
res = 745.453
gap = -1027.368

solution = [[0, 4, 8, 3, 2, 15, 9, 20], [0, 18, 6, 19, 7, 1], [0, 21, 12], [0, 14, 17, 29, 11, 10, 32], [0, 25, 16, 30, 27, 28], [0, 31, 23, 24, 26, 22, 5, 13]]


#################

init = 797.482
res = 745.453
gap = -1027.368

solution = [[0, 14, 17, 29, 11, 10, 32], [0, 21, 12], [0, 13, 5, 22, 26, 24, 23, 31], [0, 25, 16, 30, 27, 28], [0, 18, 6, 19, 7, 1], [0, 20, 9, 15, 2, 3, 8, 4]]


#################

init = 797.482
res = 745.453
gap = -1027.368

solution = [[0, 21, 12], [0, 4, 8, 3, 2, 15, 9, 20], [0, 18, 6, 19, 7, 1], [0, 31, 23, 24, 26, 22, 5, 13], [0, 25, 16, 30, 27, 28], [0, 14, 17, 29, 11, 10, 32]]


#################

init = 797.482
res = 746.076
gap = -1026.426

solution = [[0, 14, 17, 29, 11, 10, 32], [0, 21, 12], [0, 2, 20, 15, 9, 3, 8, 4], [0, 18, 6, 19, 7, 1], [0, 25, 16, 30, 27, 28], [0, 31, 23, 24, 26, 22, 5, 13]]


#################

init = 797.482
res = 745.453
gap = -1027.368

solution = [[0, 31, 23, 24, 26, 22, 5, 13], [0, 14, 17, 29, 11, 10, 32], [0, 18, 6, 19, 7, 1], [0, 4, 8, 3, 2, 15, 9, 20], [0, 21, 12], [0, 25, 16, 30, 27, 28]]


#################

init = 797.482
res = 745.453
gap = -1027.368

solution = [[0, 14, 17, 29, 11, 10, 32], [0, 21, 12], [0, 13, 5, 22, 26, 24, 23, 31], [0, 25, 16, 30, 27, 28], [0, 18, 6, 19, 7, 1], [0, 20, 9, 15, 2, 3, 8, 4]]


#################

init = 802.209
res = 745.453
gap = -1027.368

solution = [[0, 14, 17, 29, 11, 10, 32], [0, 21, 12], [0, 18, 6, 19, 7, 1], [0, 4, 8, 3, 2, 15, 9, 20], [0, 25, 16, 30, 27, 28], [0, 31, 23, 24, 26, 22, 5, 13]]


#################

init = 802.209
res = 745.453
gap = -1027.368

solution = [[0, 14, 17, 29, 11, 10, 32], [0, 21, 12], [0, 18, 6, 19, 7, 1], [0, 4, 8, 3, 2, 15, 9, 20], [0, 25, 16, 30, 27, 28], [0, 31, 23, 24, 26, 22, 5, 13]]


#################

init = 802.209
res = 745.453
gap = -1027.368

solution = [[0, 25, 16, 30, 27, 28], [0, 14, 17, 29, 11, 10, 32], [0, 21, 12], [0, 31, 23, 24, 26, 22, 5, 13], [0, 18, 6, 19, 7, 1], [0, 4, 8, 3, 2, 15, 9, 20]]


#################

init = 802.209
res = 746.076
gap = -1026.426

solution = [[0, 14, 17, 29, 11, 10, 32], [0, 21, 12], [0, 2, 20, 15, 9, 3, 8, 4], [0, 18, 6, 19, 7, 1], [0, 25, 16, 30, 27, 28], [0, 31, 23, 24, 26, 22, 5, 13]]


#################

init = 802.209
res = 745.453
gap = -1027.368

solution = [[0, 14, 17, 29, 11, 10, 32], [0, 21, 12], [0, 25, 16, 30, 27, 28], [0, 31, 23, 24, 26, 22, 5, 13], [0, 18, 6, 19, 7, 1], [0, 4, 8, 3, 2, 15, 9, 20]]


#################

init = 802.209
res = 745.453
gap = -1027.368

solution = [[0, 14, 17, 29, 11, 10, 32], [0, 21, 12], [0, 20, 9, 15, 2, 3, 8, 4], [0, 18, 6, 19, 7, 1], [0, 13, 5, 22, 26, 24, 23, 31], [0, 25, 16, 30, 27, 28]]


#################

init = 802.209
res = 745.453
gap = -1027.368

solution = [[0, 21, 12], [0, 18, 6, 19, 7, 1], [0, 31, 23, 24, 26, 22, 5, 13], [0, 14, 17, 29, 11, 10, 32], [0, 20, 9, 15, 2, 3, 8, 4], [0, 25, 16, 30, 27, 28]]


#################

init = 802.209
res = 745.453
gap = -1027.368

solution = [[0, 25, 16, 30, 27, 28], [0, 14, 17, 29, 11, 10, 32], [0, 21, 12], [0, 31, 23, 24, 26, 22, 5, 13], [0, 18, 6, 19, 7, 1], [0, 4, 8, 3, 2, 15, 9, 20]]


#################

init = 802.209
res = 744.256
gap = -1029.181

solution = [[0, 21, 12], [0, 13, 7, 6, 18, 1], [0, 19, 20, 9, 15, 2, 3, 5], [0, 8, 4, 26, 22, 24, 23, 31], [0, 25, 16, 30, 27, 28], [0, 14, 17, 29, 11, 10, 32]]


#################

init = 802.209
res = 745.453
gap = -1027.368

solution = [[0, 14, 17, 29, 11, 10, 32], [0, 13, 5, 22, 26, 24, 23, 31], [0, 21, 12], [0, 25, 16, 30, 27, 28], [0, 20, 9, 15, 2, 3, 8, 4], [0, 18, 6, 19, 7, 1]]


#################

init = 824.029
res = 745.962
gap = -1026.599

solution = [[0, 14, 17, 29, 11, 10, 32], [0, 21, 12], [0, 4, 8, 3, 2, 15, 9, 20], [0, 1, 18, 6, 7, 19], [0, 31, 23, 24, 26, 22, 5, 13], [0, 25, 16, 30, 27, 28]]


#################

init = 824.029
res = 744.256
gap = -1029.181

solution = [[0, 21, 12], [0, 1, 18, 6, 7, 13], [0, 8, 4, 26, 22, 24, 23, 31], [0, 19, 20, 9, 15, 2, 3, 5], [0, 25, 16, 30, 27, 28], [0, 14, 17, 29, 11, 10, 32]]


#################

init = 824.029
res = 746.585
gap = -1025.658

solution = [[0, 25, 16, 30, 27, 28], [0, 14, 17, 29, 11, 10, 32], [0, 21, 12], [0, 2, 20, 15, 9, 3, 8, 4], [0, 31, 23, 24, 26, 22, 5, 13], [0, 1, 18, 6, 7, 19]]


#################

init = 824.029
res = 746.585
gap = -1025.658

solution = [[0, 21, 12], [0, 2, 20, 15, 9, 3, 8, 4], [0, 1, 18, 6, 7, 19], [0, 13, 5, 22, 26, 24, 23, 31], [0, 32, 10, 11, 29, 17, 14], [0, 25, 16, 30, 27, 28]]


#################

init = 824.029
res = 744.256
gap = -1029.181

solution = [[0, 21, 12], [0, 1, 18, 6, 7, 13], [0, 8, 4, 26, 22, 24, 23, 31], [0, 19, 20, 9, 15, 2, 3, 5], [0, 25, 16, 30, 27, 28], [0, 14, 17, 29, 11, 10, 32]]


#################

init = 830.783
res = 744.256
gap = -1029.181

solution = [[0, 21, 12], [0, 1, 18, 6, 7, 13], [0, 8, 4, 26, 22, 24, 23, 31], [0, 19, 20, 9, 15, 2, 3, 5], [0, 25, 16, 30, 27, 28], [0, 14, 17, 29, 11, 10, 32]]


#################

init = 830.783
res = 745.962
gap = -1026.599

solution = [[0, 21, 12], [0, 14, 17, 29, 11, 10, 32], [0, 25, 16, 30, 27, 28], [0, 31, 23, 24, 26, 22, 5, 13], [0, 4, 8, 3, 2, 15, 9, 20], [0, 1, 18, 6, 7, 19]]


#################

init = 830.783
res = 745.962
gap = -1026.599

solution = [[0, 14, 17, 29, 11, 10, 32], [0, 21, 12], [0, 31, 23, 24, 26, 22, 5, 13], [0, 4, 8, 3, 2, 15, 9, 20], [0, 28, 27, 30, 16, 25], [0, 1, 18, 6, 7, 19]]


#################

init = 830.783
res = 748.468
gap = -1022.827

solution = [[0, 21, 12], [0, 25, 16, 30, 27, 28], [0, 13, 7, 19, 6, 18, 14], [0, 1, 5, 22, 26, 24, 23, 31], [0, 17, 29, 11, 10, 32], [0, 20, 9, 15, 2, 3, 8, 4]]


#################

init = 830.783
res = 744.256
gap = -1029.181

solution = [[0, 21, 12], [0, 1, 18, 6, 7, 13], [0, 8, 4, 26, 22, 24, 23, 31], [0, 19, 20, 9, 15, 2, 3, 5], [0, 25, 16, 30, 27, 28], [0, 14, 17, 29, 11, 10, 32]]


#################

init = 834.711
res = 745.453
gap = -1027.368

solution = [[0, 21, 12], [0, 4, 8, 3, 2, 15, 9, 20], [0, 18, 6, 19, 7, 1], [0, 32, 10, 11, 29, 17, 14], [0, 13, 5, 22, 26, 24, 23, 31], [0, 25, 16, 30, 27, 28]]


#################

init = 834.711
res = 745.453
gap = -1027.368

solution = [[0, 21, 12], [0, 4, 8, 3, 2, 15, 9, 20], [0, 18, 6, 19, 7, 1], [0, 32, 10, 11, 29, 17, 14], [0, 31, 23, 24, 26, 22, 5, 13], [0, 25, 16, 30, 27, 28]]


#################

init = 834.711
res = 746.027
gap = -1026.502

solution = [[0, 21, 12], [0, 6, 20, 9, 15, 2, 3, 8, 4], [0, 13, 5, 22, 26, 24, 23, 31], [0, 1, 18, 7, 19, 14], [0, 25, 16, 30, 27, 28], [0, 32, 10, 17, 29, 11]]


#################

init = 834.711
res = 745.453
gap = -1027.368

solution = [[0, 21, 12], [0, 4, 8, 3, 2, 15, 9, 20], [0, 18, 6, 19, 7, 1], [0, 31, 23, 24, 26, 22, 5, 13], [0, 25, 16, 30, 27, 28], [0, 32, 10, 11, 29, 17, 14]]


#################

init = 834.711
res = 745.453
gap = -1027.368

solution = [[0, 21, 12], [0, 32, 10, 11, 29, 17, 14], [0, 25, 16, 30, 27, 28], [0, 13, 5, 22, 26, 24, 23, 31], [0, 18, 6, 19, 7, 1], [0, 4, 8, 3, 2, 15, 9, 20]]


#################

init = 825.673
res = 746.027
gap = -1026.502

solution = [[0, 21, 12], [0, 6, 20, 9, 15, 2, 3, 8, 4], [0, 1, 18, 7, 19, 14], [0, 32, 10, 17, 29, 11], [0, 25, 16, 30, 27, 28], [0, 31, 23, 24, 26, 22, 5, 13]]


#################

init = 825.673
res = 744.256
gap = -1029.181

solution = [[0, 21, 12], [0, 1, 18, 6, 7, 13], [0, 5, 3, 2, 15, 9, 20, 19], [0, 31, 23, 24, 22, 26, 4, 8], [0, 25, 16, 30, 27, 28], [0, 14, 17, 29, 11, 10, 32]]


#################

init = 825.673
res = 745.962
gap = -1026.599

solution = [[0, 25, 16, 30, 27, 28], [0, 21, 12], [0, 20, 9, 15, 2, 3, 8, 4], [0, 31, 23, 24, 26, 22, 5, 13], [0, 1, 18, 6, 7, 19], [0, 32, 10, 11, 29, 17, 14]]


#################

init = 825.673
res = 745.962
gap = -1026.599

solution = [[0, 21, 12], [0, 1, 18, 6, 7, 19], [0, 20, 9, 15, 2, 3, 8, 4], [0, 31, 23, 24, 26, 22, 5, 13], [0, 25, 16, 30, 27, 28], [0, 32, 10, 11, 29, 17, 14]]


#################

init = 825.673
res = 746.027
gap = -1026.502

solution = [[0, 21, 12], [0, 6, 20, 9, 15, 2, 3, 8, 4], [0, 31, 23, 24, 26, 22, 5, 13], [0, 1, 18, 7, 19, 14], [0, 25, 16, 30, 27, 28], [0, 32, 10, 17, 29, 11]]


#################

init = 844.295
res = 745.453
gap = -1027.368

solution = [[0, 21, 12], [0, 31, 23, 24, 26, 22, 5, 13], [0, 18, 6, 19, 7, 1], [0, 4, 8, 3, 2, 15, 9, 20], [0, 14, 17, 29, 11, 10, 32], [0, 25, 16, 30, 27, 28]]


#################

init = 844.295
res = 745.453
gap = -1027.368

solution = [[0, 18, 6, 19, 7, 1], [0, 21, 12], [0, 4, 8, 3, 2, 15, 9, 20], [0, 31, 23, 24, 26, 22, 5, 13], [0, 14, 17, 29, 11, 10, 32], [0, 25, 16, 30, 27, 28]]


#################

init = 844.295
res = 745.453
gap = -1027.368

solution = [[0, 25, 16, 30, 27, 28], [0, 21, 12], [0, 31, 23, 24, 26, 22, 5, 13], [0, 14, 17, 29, 11, 10, 32], [0, 20, 9, 15, 2, 3, 8, 4], [0, 18, 6, 19, 7, 1]]


#################

init = 844.295
res = 745.453
gap = -1027.368

solution = [[0, 21, 12], [0, 32, 10, 11, 29, 17, 14], [0, 25, 16, 30, 27, 28], [0, 13, 5, 22, 26, 24, 23, 31], [0, 18, 6, 19, 7, 1], [0, 20, 9, 15, 2, 3, 8, 4]]
Aretes fixées après apprentissage pour cette exécution
Fixed edges = [[0, 31, 23, 24, 26, 22, 0], [0, 16, 30, 27, 0], [0, 12, 21, 0], [0, 11, 29, 0], [0, 9, 15, 0], [0, 4, 8, 0], [0, 7, 19, 0], [0, 1, 0], [0, 2, 0], [0, 3, 0], [0, 5, 0], [0, 6, 0], [0, 10, 0], [0, 13, 0], [0, 14, 0], [0, 17, 0], [0, 18, 0], [0, 20, 0], [0, 25, 0], [0, 28, 0], [0, 32, 0]]
Time = 0.2584514617919922


#################

init = 845.074
res = 745.453
gap = -1027.368

solution = [[0, 21, 12], [0, 25, 16, 30, 27, 28], [0, 14, 17, 29, 11, 10, 32], [0, 13, 5, 22, 26, 24, 23, 31], [0, 18, 6, 19, 7, 1], [0, 4, 8, 3, 2, 15, 9, 20]]


#################

init = 845.074
res = 748.468
gap = -1022.827

solution = [[0, 21, 12], [0, 4, 8, 3, 2, 15, 9, 20], [0, 14, 18, 6, 19, 7, 13], [0, 31, 23, 24, 26, 22, 5, 1], [0, 25, 16, 30, 27, 28], [0, 17, 29, 11, 10, 32]]


#################

init = 845.074
res = 748.096
gap = -1023.386

solution = [[0, 21, 12], [0, 4, 8, 3, 9, 15, 20, 2, 5], [0, 13, 6, 18, 1, 14], [0, 17, 11, 29, 19, 7], [0, 31, 23, 24, 26, 22], [0, 32, 10, 25, 16, 30, 27, 28]]


#################

init = 845.074
res = 743.132
gap = -1030.889

solution = [[0, 21, 12], [0, 4, 8, 3, 9, 15, 20, 2, 5], [0, 7, 19, 29, 11, 17, 10], [0, 32, 25, 16, 30, 27, 28], [0, 31, 23, 24, 26, 22], [0, 13, 6, 18, 1, 14]]


#################

init = 845.074
res = 749.595
gap = -1021.139

solution = [[0, 21, 12], [0, 4, 8, 3, 9, 15, 20, 2, 5], [0, 31, 23, 24, 26, 22, 1], [0, 14, 18, 6, 19, 7, 13], [0, 32, 10, 11, 29, 17], [0, 25, 16, 30, 27, 28]]


#################

init = 813.792
res = 744.256
gap = -1029.181

solution = [[0, 21, 12], [0, 13, 7, 6, 18, 1], [0, 19, 20, 9, 15, 2, 3, 5], [0, 8, 4, 26, 22, 24, 23, 31], [0, 25, 16, 30, 27, 28], [0, 14, 17, 29, 11, 10, 32]]


#################

init = 813.792
res = 745.453
gap = -1027.368

solution = [[0, 25, 16, 30, 27, 28], [0, 31, 23, 24, 26, 22, 5, 13], [0, 21, 12], [0, 32, 10, 11, 29, 17, 14], [0, 18, 6, 19, 7, 1], [0, 4, 8, 3, 2, 15, 9, 20]]


#################

init = 813.792
res = 745.453
gap = -1027.368

solution = [[0, 4, 8, 3, 2, 15, 9, 20], [0, 18, 6, 19, 7, 1], [0, 21, 12], [0, 14, 17, 29, 11, 10, 32], [0, 25, 16, 30, 27, 28], [0, 31, 23, 24, 26, 22, 5, 13]]


#################

init = 813.792
res = 751.651
gap = -1018.072

solution = [[0, 18, 6, 19, 7, 1], [0, 21, 12], [0, 31, 23, 24, 22, 26, 4, 8], [0, 5, 3, 2, 15, 9, 20, 13], [0, 25, 16, 30, 27, 28], [0, 14, 17, 29, 11, 10, 32]]


#################

init = 813.792
res = 745.453
gap = -1027.368

solution = [[0, 4, 8, 3, 2, 15, 9, 20], [0, 18, 6, 19, 7, 1], [0, 21, 12], [0, 32, 10, 11, 29, 17, 14], [0, 25, 16, 30, 27, 28], [0, 31, 23, 24, 26, 22, 5, 13]]


#################

init = 824.029
res = 745.962
gap = -1026.599

solution = [[0, 25, 16, 30, 27, 28], [0, 14, 17, 29, 11, 10, 32], [0, 21, 12], [0, 20, 9, 15, 2, 3, 8, 4], [0, 31, 23, 24, 26, 22, 5, 13], [0, 1, 18, 6, 7, 19]]


#################

init = 824.029
res = 744.565
gap = -1028.713

solution = [[0, 14, 17, 29, 11, 10, 32], [0, 1, 18, 6, 7, 13], [0, 5, 4, 26, 22, 24, 23, 31], [0, 8, 3, 2, 15, 9, 20, 19], [0, 25, 16, 30, 27, 28], [0, 21, 12]]
