Aretes fixées après apprentissage pour cette exécution
Fixed edges = [[0, 48, 57, 23, 0], [0, 46, 64, 6, 26, 31, 34, 47, 0], [0, 40, 59, 56, 44, 0], [0, 30, 37, 0], [0, 32, 20, 58, 61, 42, 38, 2, 0], [0, 16, 50, 0], [0, 15, 22, 9, 14, 27, 0], [0, 11, 63, 0], [0, 4, 49, 0], [0, 35, 36, 3, 0], [0, 1, 12, 13, 0], [0, 8, 10, 0], [0, 5, 0], [0, 7, 0], [0, 17, 0], [0, 18, 0], [0, 19, 0], [0, 21, 0], [0, 24, 0], [0, 25, 0], [0, 28, 0], [0, 29, 0], [0, 33, 0], [0, 39, 0], [0, 41, 0], [0, 43, 0], [0, 45, 0], [0, 51, 0], [0, 52, 0], [0, 53, 0], [0, 54, 0], [0, 55, 0], [0, 60, 0], [0, 62, 0]]
Time = 2.403658151626587


#################

init = 1421.19
res = 1223.626

solution = [[0, 32, 20, 58, 61, 42, 38, 2, 41], [0, 53, 59, 56, 44, 21], [0, 7, 63, 11, 54, 48, 57, 23, 28], [0, 62, 33, 1, 12, 13, 24, 52, 19, 18], [0, 29, 55, 25, 8, 10, 40], [0, 47, 34, 31, 26, 6, 64, 46], [0, 17, 9, 22, 15, 43], [0, 39, 51], [0, 37, 30, 60, 50, 16, 45, 5], [0, 27, 14, 3, 36, 35, 4, 49]]


#################

init = 1573.721
res = 1246.275

solution = [[0, 32, 20, 58, 61, 42, 38, 2, 41], [0, 28, 23, 57, 48, 54, 11, 63, 7], [0, 47, 34, 31, 26, 6, 46, 64], [0, 39, 51, 17], [0, 3, 36, 35, 50, 16, 60, 45, 5], [0, 40, 10, 8, 52, 24, 12, 1], [0, 53, 59, 44, 56, 18], [0, 29, 55, 21, 25, 19, 13, 33, 62], [0, 30, 37, 4, 49], [0, 43, 15, 27, 14, 9, 22]]


#################

init = 1518.587
res = 1202.783

solution = [[0, 47, 34, 31, 26, 6, 64, 46], [0, 23, 57, 48, 54, 63, 11, 7, 39, 51], [0, 43, 15, 27, 14, 9, 22], [0, 62, 28, 33, 1, 12, 13, 19, 18, 29], [0, 60, 50, 16, 41, 2, 38, 42, 61], [0, 30, 37, 35, 36, 3, 4, 49], [0, 56, 59, 10, 8, 52, 24], [0, 44, 40, 58, 20, 32, 45, 5], [0, 17, 53, 25, 21, 55]]


#################

init = 1470.79
res = 1220.819

solution = [[0, 43, 15, 27, 14, 9, 22], [0, 47, 34, 31, 26, 6, 64, 46], [0, 7, 63, 11, 54, 48, 57, 23, 28], [0, 53, 40, 10, 8, 24, 52], [0, 55, 21, 59, 44, 56, 18], [0, 62, 33, 1, 12, 13, 19, 25, 29], [0, 39, 51, 17, 49, 4, 35, 36, 3], [0, 37, 30, 60, 50, 16, 45, 5], [0, 32, 20, 58, 61, 42, 38, 2, 41]]


#################

init = 1470.79
res = 1216.398

solution = [[0, 43, 15, 27, 14, 9, 22], [0, 32, 20, 58, 61, 42, 38, 2, 41], [0, 7, 63, 11, 54, 48, 57, 23, 28], [0, 29, 18, 25, 19, 13, 12, 1, 33, 62], [0, 59, 56, 44, 21, 55], [0, 53, 40, 10, 8, 24, 52], [0, 47, 34, 31, 26, 6, 64, 46], [0, 39, 51, 17, 3, 36, 35, 4, 49], [0, 37, 30, 60, 50, 16, 45, 5]]


#################

init = 1398.326
res = 1245.863

solution = [[0, 47, 34, 31, 26, 6, 46, 64], [0, 17], [0, 25, 19, 13, 12, 1, 33, 28, 62], [0, 15, 22, 9, 14, 27, 43], [0, 30, 37, 35, 36, 3, 4, 49], [0, 23, 57, 48, 54, 11, 63, 7, 39, 51], [0, 53, 59, 56, 44, 21], [0, 18, 24, 52, 8, 10, 40], [0, 29, 55, 5, 45, 41, 50, 60], [0, 32, 20, 58, 61, 42, 38, 2, 16]]


#################

init = 1579.307
res = 1210.305

solution = [[0, 47, 34, 31, 26, 6, 64, 46], [0, 28, 23, 57, 48, 54, 63, 11, 7], [0, 55, 25, 13, 12, 1, 33, 62], [0, 32, 20, 58, 61, 42, 38, 2, 41], [0, 53, 59, 56, 44, 21], [0, 29, 18, 19, 24, 52, 8, 10, 40], [0, 39, 51], [0, 37, 30, 60, 50, 16, 45, 5], [0, 27, 14, 3, 36, 35, 4, 49], [0, 43, 15, 22, 9, 17]]


#################

init = 1445.641
res = 1249.308

solution = [[0, 21, 44, 56, 59, 53], [0, 40, 10, 8, 52, 24, 19, 12, 13], [0, 47, 34, 31, 26, 6, 46, 64], [0, 28, 33, 1, 18, 29, 55, 25], [0, 15, 22, 9, 14, 27, 43], [0, 62, 23, 57, 48, 54, 7, 11, 63], [0, 39, 51, 17, 3, 36, 35, 4, 49], [0, 32, 20, 58, 61, 42, 38, 2, 41], [0, 37, 30, 60, 50, 16, 45, 5]]


#################

init = 1486.759
res = 1233.706

solution = [[0, 47, 34, 31, 26, 6, 46, 64], [0, 15, 22, 9, 14, 27, 43], [0, 62, 23, 57, 48, 54, 7, 11, 63], [0, 39, 51, 17, 49, 3, 36, 35, 4], [0, 59, 40, 10, 8, 52, 24, 13], [0, 29, 18, 44, 56, 53], [0, 28, 33, 1, 12, 19, 25, 21, 55], [0, 32, 20, 58, 61, 42, 38, 2, 41], [0, 37, 30, 60, 50, 16, 45, 5]]


#################

init = 1462.455
res = 1237.371

solution = [[0, 32, 20, 58, 61, 42, 38, 2, 41], [0, 28, 23, 57, 48, 54, 11, 63, 7], [0, 56, 44, 59, 40, 10], [0, 33, 1, 12, 13, 24, 52, 8, 19, 18], [0, 29, 55, 21, 25, 53], [0, 47, 34, 31, 26, 6, 64, 46], [0, 62, 39, 51], [0, 5, 45, 16, 50, 60, 30, 37], [0, 27, 14, 3, 36, 35, 4, 49], [0, 17, 9, 22, 15, 43]]


#################

init = 1440.618
res = 1202.245

solution = [[0, 47, 34, 31, 26, 6, 46, 64], [0, 18, 19, 24, 52, 8, 10, 59, 40], [0, 53, 56, 44, 25, 21], [0, 27, 15, 22, 9, 17, 51, 39], [0, 43, 14, 3, 36, 35, 4, 49], [0, 7, 63, 11, 54, 48, 57, 23, 28], [0, 62, 33, 1, 12, 13, 29, 55], [0, 37, 30, 60, 50, 16, 45, 5], [0, 41, 2, 38, 42, 61, 58, 20, 32]]


#################

init = 1628.16
res = 1279.18

solution = [[0, 45, 16, 50, 60, 30, 37, 49], [0, 47, 34, 31, 26, 6, 46, 64], [0, 28, 1, 23, 57, 48, 54, 63], [0, 15, 22, 9, 17, 51, 39, 7, 11], [0, 4, 35, 36, 3, 14, 27, 43], [0, 32, 20, 58, 61, 42, 38, 2, 41], [0, 21, 44, 56, 59, 40, 5], [0, 19, 52, 8, 10, 24, 13, 12, 33], [0, 29, 55, 53, 25, 18, 62]]


#################

init = 1607.828
res = 1235.46

solution = [[0, 7, 11, 63, 54, 48, 57, 23, 28], [0, 32, 20, 58, 61, 42, 38, 2, 41], [0, 37, 30, 60, 50, 16, 45, 5], [0, 15, 27, 14, 3, 36, 35, 4, 49], [0, 47, 31, 26, 6, 64, 46, 39, 51], [0, 43, 22, 9, 34, 17], [0, 62], [0, 33, 1, 12, 13, 18, 29, 55], [0, 21, 25, 19, 24, 52, 8, 53], [0, 44, 56, 59, 40, 10]]


#################

init = 1497.933
res = 1252.263

solution = [[0, 57, 48, 54, 11, 63, 7, 39, 51], [0, 62, 28, 23, 33, 1, 12, 13], [0, 21, 25, 53, 44, 56], [0, 46, 64, 6, 26, 31, 34, 47], [0, 22, 9, 14, 3, 36, 35, 4], [0, 49, 43, 27, 15, 17], [0, 59, 40, 10, 8, 52, 24, 19, 18], [0, 29, 55], [0, 37, 30, 60, 50, 16, 45, 5], [0, 32, 20, 58, 61, 42, 38, 2, 41]]


#################

init = 1416.192
res = 1207.841

solution = [[0, 32, 20, 58, 61, 42, 38, 2, 41], [0, 7, 11, 63, 54, 48, 57, 23, 28], [0, 46, 64, 6, 26, 31, 34, 47], [0, 43, 15, 22, 9, 17], [0, 18, 19, 24, 52, 8, 10, 59, 40], [0, 55, 29, 13, 12, 1, 33, 62], [0, 30, 37, 50, 16, 60, 45, 5], [0, 27, 14, 3, 36, 35, 4, 49], [0, 39, 51], [0, 53, 44, 56, 25, 21]]


#################

init = 1402.251
res = 1227.791

solution = [[0, 32, 20, 58, 61, 42, 38, 2, 41], [0, 7, 11, 63, 54, 48, 57, 23, 28], [0, 17], [0, 55, 21, 25, 19, 13, 12, 1, 62], [0, 53, 10, 8, 52, 24, 33], [0, 40, 59, 44, 56, 18, 29], [0, 34, 9, 22, 15, 43], [0, 47, 31, 26, 6, 64, 46, 39, 51], [0, 27, 14, 3, 36, 35, 4, 49], [0, 5, 45, 16, 50, 60, 30, 37]]


#################

init = 1508.708
res = 1237.237

solution = [[0, 25, 44, 56, 59, 40], [0, 28, 23, 57, 48, 54, 7, 11, 63], [0, 17, 51, 39], [0, 46, 64, 6, 26, 31, 34, 47], [0, 15, 22, 9, 14, 27, 43], [0, 3, 36, 35, 4, 49], [0, 29, 55, 21, 18, 13, 12, 1, 62], [0, 32, 20, 58, 61, 42, 38, 2, 41], [0, 33, 19, 24, 52, 8, 10, 53], [0, 37, 30, 60, 50, 16, 45, 5]]


#################

init = 1461.826
res = 1200.118

solution = [[0, 46, 64, 6, 26, 31, 34, 47], [0, 15, 22, 9, 14, 27, 43], [0, 30, 37, 35, 36, 3, 4, 49], [0, 23, 57, 48, 54, 11, 63, 7, 39, 51], [0, 17], [0, 18, 13, 12, 1, 33, 28, 62], [0, 25, 8, 10, 52, 24, 19, 29], [0, 55, 21, 56, 44, 59], [0, 60, 50, 16, 41, 2, 38, 42, 61, 45], [0, 5, 32, 20, 58, 40, 53]]


#################

init = 1488.167
res = 1203.922

solution = [[0, 23, 57, 48, 54, 11, 63, 7, 39, 51], [0, 30, 37, 35, 36, 3, 4, 49], [0, 46, 64, 6, 26, 31, 34, 47], [0, 43, 15, 27, 14, 9, 22], [0, 44, 56, 59, 10, 8, 19], [0, 17, 55, 29, 18, 28, 62], [0, 33, 1, 12, 13, 24, 52, 25, 21], [0, 60, 50, 16, 41, 2, 38, 42, 61], [0, 53, 40, 58, 20, 32, 45, 5]]


#################

init = 1448.471
res = 1242.555

solution = [[0, 47, 34, 31, 26, 6, 64, 46], [0, 10, 40, 59, 44, 56], [0, 28, 23, 57, 48, 54, 7, 11, 63], [0, 32, 20, 58, 61, 42, 38, 2, 41], [0, 53, 25, 21, 55, 29], [0, 62, 39, 51], [0, 18, 19, 8, 52, 24, 13, 12, 1, 33], [0, 37, 30, 60, 50, 16, 45, 5], [0, 27, 14, 3, 36, 35, 4, 49], [0, 17, 9, 22, 15, 43]]


#################

init = 1413.662
res = 1275.105

solution = [[0, 7, 63, 11, 54, 48, 57, 23, 28], [0, 32, 20, 58, 40, 59, 53], [0, 60, 50, 16, 41, 2, 38, 42, 61], [0, 43, 17, 62, 29, 55], [0, 5, 45, 30, 37, 35, 36, 3, 4], [0, 15, 27, 14, 22, 9, 47, 51, 39], [0, 46, 64, 6, 26, 31, 34, 49], [0, 33, 1, 12, 13, 18, 25, 19, 24, 52], [0, 44, 56, 10, 8, 21]]


#################

init = 1664.404
res = 1204.735

solution = [[0, 30, 37, 35, 36, 3, 4, 49], [0, 8, 10, 59, 44, 56], [0, 15, 22, 9, 14, 27, 43], [0, 46, 64, 6, 26, 31, 34, 47], [0, 17, 51, 39], [0, 53, 40, 58, 20, 32, 5], [0, 60, 50, 16, 41, 2, 38, 42, 61, 45], [0, 33, 1, 12, 13, 24, 52, 19, 25, 21], [0, 62, 18, 29, 55], [0, 28, 23, 57, 48, 54, 63, 11, 7]]


#################

init = 1412.585
res = 1223.322

solution = [[0, 32, 20, 58, 40, 59, 53], [0, 60, 50, 16, 41, 2, 38, 42, 61, 45], [0, 4, 3, 36, 35, 37, 30, 5], [0, 15, 22, 9, 14, 27, 43], [0, 46, 64, 6, 26, 31, 34, 47], [0, 62, 23, 57, 48, 54, 63, 11, 7], [0, 44, 56, 25, 21, 55], [0, 29, 18, 1, 33, 28, 39, 51, 17], [0, 12, 13, 19, 24, 52, 10, 8, 49]]
Aretes fixées après apprentissage pour cette exécution
Fixed edges = [[0, 46, 64, 6, 26, 31, 34, 47, 0], [0, 44, 56, 59, 40, 0], [0, 20, 58, 61, 42, 38, 2, 0], [0, 16, 50, 0], [0, 11, 63, 0], [0, 43, 27, 14, 9, 22, 15, 0], [0, 8, 10, 0], [0, 54, 48, 57, 23, 0], [0, 30, 37, 0], [0, 4, 49, 0], [0, 3, 36, 35, 0], [0, 1, 12, 13, 0], [0, 5, 0], [0, 7, 0], [0, 17, 0], [0, 18, 0], [0, 19, 0], [0, 21, 0], [0, 24, 0], [0, 25, 0], [0, 28, 0], [0, 29, 0], [0, 32, 0], [0, 33, 0], [0, 39, 0], [0, 41, 0], [0, 45, 0], [0, 51, 0], [0, 52, 0], [0, 53, 0], [0, 55, 0], [0, 60, 0], [0, 62, 0]]
Time = 2.4085512161254883


#################

init = 1414.853
res = 1239.264

solution = [[0, 17, 62, 28, 33, 1, 12, 13], [0, 23, 57, 48, 54, 63, 11, 7, 39, 51], [0, 5, 45, 32, 20, 58, 40, 53], [0, 46, 64, 6, 26, 31, 34, 47], [0, 49, 43, 27, 15, 22, 9], [0, 60, 30, 37, 35, 3, 14], [0, 61, 42, 38, 2, 41, 16, 50, 36, 4], [0, 18, 19, 24, 52, 56, 44, 59], [0, 55, 21, 25, 10, 8, 29]]


#################

init = 1529.489
res = 1206.024

solution = [[0, 47, 34, 31, 26, 6, 64, 46], [0, 23, 57, 48, 54, 63, 11, 7, 39, 51], [0, 17, 13, 12, 1, 33, 28, 62], [0, 21, 25, 8, 10, 52, 24, 19, 18], [0, 60, 50, 16, 41, 2, 38, 42, 61, 45], [0, 49, 4, 30, 37, 35, 36, 3], [0, 55, 59, 44, 56, 29], [0, 53, 40, 58, 20, 32, 5], [0, 43, 15, 27, 14, 9, 22]]


#################

init = 1493.023
res = 1201.08

solution = [[0, 46, 64, 6, 26, 31, 34, 47], [0, 15, 22, 9, 14, 27, 43], [0, 60, 50, 16, 41, 2, 38, 42, 61], [0, 30, 37, 35, 36, 3, 4, 49], [0, 23, 57, 48, 54, 11, 63, 7, 39, 51], [0, 29, 18, 19, 24, 52, 25, 21, 55], [0, 8, 10, 59, 44, 56], [0, 53, 40, 58, 20, 32, 45, 5], [0, 13, 12, 1, 33, 28, 62, 17]]


#################

init = 1525.343
res = 1202.55

solution = [[0, 47, 34, 31, 26, 6, 64, 46], [0, 44, 56, 59, 10, 8], [0, 23, 57, 48, 54, 63, 11, 7, 39, 51], [0, 30, 37, 35, 36, 3, 4, 49], [0, 17, 13, 12, 1, 33, 28, 62], [0, 55, 21, 25, 52, 24, 19, 18, 29], [0, 15, 22, 9, 14, 27, 43], [0, 60, 50, 16, 41, 2, 38, 42, 61], [0, 53, 40, 58, 20, 32, 45, 5]]


#################

init = 1508.421
res = 1201.407

solution = [[0, 51, 39, 7, 11, 63, 54, 48, 57, 23], [0, 49, 4, 3, 36, 35, 37, 30], [0, 43, 15, 27, 14, 9, 22], [0, 46, 64, 6, 26, 31, 34, 47], [0, 60, 50, 16, 41, 2, 38, 42, 61, 45], [0, 5, 32, 20, 58, 40, 53], [0, 17, 13, 12, 1, 33, 28, 62], [0, 21, 25, 8, 10, 52, 24, 19, 18], [0, 55, 59, 56, 44, 29]]


#################

init = 1305.287
res = 1204.645

solution = [[0, 46, 64, 6, 26, 31, 34, 47], [0, 44, 56, 59, 10, 8], [0, 60, 50, 16, 41, 2, 38, 42, 61], [0, 30, 37, 35, 36, 3, 4, 49], [0, 43, 15, 27, 14, 9, 22], [0, 29, 18, 13, 12, 1, 33, 28, 62], [0, 51, 39, 7, 11, 63, 54, 48, 57, 23], [0, 19, 24, 52, 40, 58, 20, 32, 45, 5], [0, 17, 53, 25, 21, 55]]


#################

init = 1367.267
res = 1198.055

solution = [[0, 46, 64, 6, 26, 31, 34, 47], [0, 44, 56, 59, 8, 10], [0, 60, 50, 16, 41, 2, 38, 42, 61, 45], [0, 53, 40, 58, 20, 32, 5], [0, 55, 21, 25, 29, 39, 51, 17], [0, 7, 63, 11, 54, 48, 57, 23, 28], [0, 62, 33, 1, 12, 13, 24, 52, 19, 18], [0, 30, 37, 35, 36, 3, 4, 49], [0, 15, 22, 9, 14, 27, 43]]


#################

init = 1348.756
res = 1248.891

solution = [[0, 46, 64, 6, 26, 31, 34, 47], [0, 55, 21, 25, 53, 20], [0, 60, 50, 16, 41, 2, 38, 42, 61, 45], [0, 43, 15, 27, 14, 9, 22], [0, 4, 3, 36, 35, 37, 30, 5], [0, 7, 63, 11, 54, 48, 57, 23, 28], [0, 44, 56, 59, 40, 58, 32], [0, 62, 12, 13, 19, 24, 52, 8, 10], [0, 17, 51, 39, 33, 1, 18, 29, 49]]


#################

init = 1344.139
res = 1202.809

solution = [[0, 46, 64, 6, 26, 31, 34, 47], [0, 55, 21, 25, 40, 58, 20, 32], [0, 60, 50, 16, 41, 2, 38, 42, 61, 45], [0, 49, 4, 3, 36, 35, 37, 30], [0, 43, 15, 27, 14, 9, 22], [0, 33, 1, 12, 57, 48, 23, 28, 62], [0, 5, 53, 59, 44, 56], [0, 29, 18, 19, 52, 8, 10, 24, 13], [0, 17, 51, 39, 7, 54, 11, 63]]


#################

init = 1311.569
res = 1205.529

solution = [[0, 46, 64, 6, 26, 31, 34, 47], [0, 44, 56, 59, 10, 8], [0, 49, 4, 3, 36, 35, 37, 30], [0, 43, 15, 27, 14, 9, 22], [0, 60, 50, 16, 2, 38, 42, 61, 41, 45], [0, 53, 40, 58, 20, 32, 5], [0, 29, 18, 19, 24, 52, 25, 21, 55], [0, 7, 63, 11, 54, 48, 57, 23, 62], [0, 13, 12, 1, 33, 28, 39, 51, 17]]


#################

init = 1344.071
res = 1187.962

solution = [[0, 46, 64, 6, 26, 31, 34, 47], [0, 49, 4, 3, 36, 35, 37, 30], [0, 15, 22, 9, 14, 27, 43], [0, 60, 50, 16, 41, 2, 38, 42, 61, 45], [0, 17, 51, 39, 7, 63, 11, 57, 48, 54], [0, 62, 28, 23, 12, 13, 1, 33], [0, 29, 55, 21, 25, 53, 5], [0, 56, 10, 8, 52, 24, 19, 18], [0, 32, 20, 58, 40, 59, 44]]


#################

init = 1358.005
res = 1180.829

solution = [[0, 46, 64, 6, 26, 31, 34, 47], [0, 32, 20, 58, 40, 59, 44, 56], [0, 49, 4, 3, 36, 35, 37, 30], [0, 15, 22, 9, 14, 27, 43], [0, 29, 55, 21, 25, 53, 5], [0, 60, 50, 16, 41, 2, 38, 42, 61, 45], [0, 12, 13, 24, 10, 8, 52, 19, 18], [0, 17, 51, 39, 28, 1, 33], [0, 62, 23, 57, 48, 54, 7, 11, 63]]


#################

init = 1333.986
res = 1198.248

solution = [[0, 46, 64, 6, 26, 31, 34, 47], [0, 49, 4, 3, 36, 35, 37, 30], [0, 15, 22, 9, 14, 27, 43], [0, 60, 50, 16, 41, 2, 38, 42, 61, 45], [0, 51, 39, 7, 11, 63, 54, 48, 57, 23], [0, 55, 21, 25, 52, 24, 19, 18, 29], [0, 44, 56, 59, 10, 8], [0, 53, 40, 58, 20, 32, 5], [0, 13, 12, 1, 33, 28, 62, 17]]


#################

init = 1333.986
res = 1205.717

solution = [[0, 46, 64, 6, 26, 31, 34, 47], [0, 49, 4, 3, 36, 35, 37, 30], [0, 15, 22, 9, 14, 27, 43], [0, 60, 50, 16, 41, 2, 38, 42, 61], [0, 53, 40, 58, 20, 32, 45, 5], [0, 19, 52, 8, 10, 24, 13, 12, 1], [0, 17], [0, 21, 25, 56, 44, 59], [0, 55, 29, 18, 33, 28, 62], [0, 23, 57, 48, 54, 11, 63, 7, 39, 51]]


#################

init = 1333.986
res = 1202.425

solution = [[0, 46, 64, 6, 26, 31, 34, 47], [0, 32, 20, 58, 40, 59, 44, 56], [0, 39, 51, 17], [0, 49, 4, 3, 36, 35, 37, 30], [0, 15, 22, 9, 14, 27, 43], [0, 60, 50, 16, 41, 2, 38, 42, 61, 45], [0, 7, 11, 63, 54, 48, 57, 23, 62], [0, 28, 33, 1, 12, 13], [0, 29, 55, 21, 25, 53, 5], [0, 18, 19, 24, 52, 8, 10]]


#################

init = 1349.279
res = 1204.355

solution = [[0, 46, 64, 6, 26, 31, 34, 47], [0, 15, 22, 9, 14, 27, 43], [0, 17, 51, 39], [0, 32, 20, 58, 40, 59, 44], [0, 60, 50, 16, 41, 2, 38, 42, 61, 45], [0, 18, 19, 24, 52, 8, 10, 56], [0, 49, 4, 3, 36, 35, 37, 30], [0, 7, 63, 11, 54, 48, 57, 23, 28], [0, 29, 55, 21, 25, 53, 5], [0, 62, 33, 1, 12, 13]]


#################

init = 1346.027
res = 1202.072

solution = [[0, 46, 64, 6, 26, 31, 34, 47], [0, 44, 59, 40, 58, 20, 32], [0, 15, 22, 9, 14, 27, 43], [0, 45, 61, 42, 38, 2, 41, 16, 50, 60], [0, 18, 19, 24, 52, 8, 56, 10], [0, 49, 4, 3, 36, 35, 37, 30], [0, 29, 55, 21, 25, 53, 5], [0, 62, 23, 57, 48, 54, 11, 63, 7], [0, 17, 51, 39, 28, 33, 1, 12, 13]]


#################

init = 1346.027
res = 1203.835

solution = [[0, 46, 64, 6, 26, 31, 34, 47], [0, 15, 22, 9, 14, 27, 43], [0, 60, 50, 16, 41, 2, 38, 42, 61, 45], [0, 49, 4, 3, 36, 35, 37, 30], [0, 62, 23, 57, 48, 54, 11, 63, 7], [0, 17, 51, 39, 28, 33, 1, 12, 13], [0, 55, 21, 25, 52, 24, 19, 18, 29], [0, 44, 59, 40, 58, 20, 32], [0, 8, 10, 56, 53, 5]]


#################

init = 1346.027
res = 1202.072

solution = [[0, 46, 64, 6, 26, 31, 34, 47], [0, 44, 59, 40, 58, 20, 32], [0, 15, 22, 9, 14, 27, 43], [0, 60, 50, 16, 41, 2, 38, 42, 61, 45], [0, 18, 19, 24, 52, 8, 56, 10], [0, 49, 4, 3, 36, 35, 37, 30], [0, 29, 55, 21, 25, 53, 5], [0, 62, 23, 57, 48, 54, 11, 63, 7], [0, 17, 51, 39, 28, 33, 1, 12, 13]]


#################

init = 1346.027
res = 1187.539

solution = [[0, 46, 64, 6, 26, 31, 34, 47], [0, 44, 59, 40, 58, 20, 32], [0, 15, 22, 9, 14, 27, 43], [0, 60, 50, 16, 41, 2, 38, 42, 61, 45], [0, 49, 4, 3, 36, 35, 37, 30], [0, 17, 51, 39, 28, 33, 1, 12, 13], [0, 62, 23, 57, 48, 54, 11, 63, 7], [0, 56, 10, 8, 52, 24, 19, 18], [0, 29, 55, 21, 25, 53, 5]]


#################

init = 1430.394
res = 1198.962

solution = [[0, 44, 59, 40, 58, 20, 32], [0, 13, 12, 1, 33, 28, 62, 17], [0, 15, 22, 9, 14, 27, 43], [0, 60, 50, 16, 41, 2, 38, 42, 61, 45], [0, 56, 10, 8, 52, 24, 19, 18], [0, 47, 34, 31, 26, 64, 46, 6], [0, 30, 37, 35, 36, 3, 4, 49], [0, 23, 57, 48, 54, 11, 63, 7, 39, 51], [0, 29, 55, 21, 25, 53, 5]]


#################

init = 1498.331
res = 1191.336

solution = [[0, 44, 59, 40, 58, 20, 32], [0, 15, 22, 9, 14, 27, 43], [0, 60, 50, 16, 41, 2, 38, 42, 61, 45], [0, 47, 34, 31, 26, 6, 64, 46], [0, 30, 37, 35, 36, 3, 4, 49], [0, 23, 57, 48, 54, 63, 11, 7, 39, 51], [0, 13, 12, 1, 33, 28, 62, 17], [0, 56, 10, 8, 52, 24, 19, 18], [0, 29, 55, 21, 25, 53, 5]]


#################

init = 1498.331
res = 1199.87

solution = [[0, 15, 22, 9, 14, 27, 43], [0, 30, 37, 35, 36, 3, 4, 49], [0, 23, 57, 48, 54, 11, 63, 7, 39, 51], [0, 47, 34, 31, 26, 6, 64, 46], [0, 60, 50, 16, 41, 2, 38, 42, 61], [0, 29, 44, 56, 59, 55], [0, 21, 25, 8, 10, 52, 24, 19, 18], [0, 53, 40, 58, 20, 32, 45, 5], [0, 13, 12, 1, 33, 28, 62, 17]]


#################

init = 1504.458
res = 1193.614

solution = [[0, 44, 59, 40, 58, 20, 32], [0, 60, 50, 16, 41, 2, 38, 42, 61, 45], [0, 23, 57, 48, 54, 11, 63, 7, 39, 51], [0, 30, 37, 35, 36, 3, 4, 49], [0, 55, 21, 25, 53, 5], [0, 62, 28, 33, 1, 12, 13, 18, 29], [0, 56, 10, 8, 52, 24, 19], [0, 46, 64, 6, 26, 31, 34, 47], [0, 17], [0, 15, 22, 9, 14, 27, 43]]


#################

init = 1504.458
res = 1200.432

solution = [[0, 44, 59, 40, 58, 20, 32], [0, 15, 22, 9, 14, 27, 43], [0, 60, 50, 16, 41, 2, 38, 42, 61, 45], [0, 56, 10, 8, 52, 24, 19, 18], [0, 17, 13, 12, 1, 33, 28, 62], [0, 23, 57, 48, 54, 11, 63, 7, 39, 51], [0, 47, 34, 31, 26, 64, 46, 6], [0, 30, 37, 35, 36, 3, 4, 49], [0, 29, 55, 21, 25, 53, 5]]
Execution = 420.8084511756897
Aretes fixées après apprentissage pour cette exécution
Fixed edges = [[0, 35, 36, 3, 4, 49, 0], [0, 15, 22, 9, 14, 27, 43, 0], [0, 44, 56, 59, 40, 0], [0, 10, 8, 52, 24, 19, 0], [0, 33, 1, 12, 13, 0], [0, 60, 50, 16, 41, 0], [0, 28, 23, 57, 48, 54, 63, 11, 7, 39, 51, 0], [0, 46, 64, 6, 26, 31, 34, 47, 0], [0, 2, 38, 42, 61, 58, 20, 32, 0], [0, 30, 37, 0], [0, 21, 25, 0], [0, 29, 55, 0], [0, 5, 0], [0, 17, 0], [0, 18, 0], [0, 45, 0], [0, 53, 0], [0, 62, 0]]
Time = 2.541534185409546


#################

init = 1323.992
res = 1218.173

solution = [[0, 28, 23, 57, 48, 54, 63, 11, 7, 39, 51], [0, 46, 64, 6, 26, 31, 34, 47], [0, 40, 10, 8, 52, 24, 19, 18, 62], [0, 53, 59, 44, 56, 33], [0, 29, 55, 21, 25, 13, 12, 1], [0, 32, 20, 58, 61, 42, 38, 2, 41], [0, 37, 30, 60, 50, 16, 45, 5], [0, 22, 9, 14, 3, 36, 35, 4], [0, 17, 15, 27, 49, 43]]


#################

init = 1446.895
res = 1199.02

solution = [[0, 17], [0, 30, 37, 35, 36, 3, 4, 49], [0, 15, 22, 9, 14, 27, 43], [0, 46, 64, 6, 26, 31, 34, 47], [0, 23, 57, 48, 54, 63, 11, 7, 39, 51, 0], [0, 18, 19, 24, 52, 10, 8, 21, 55], [0, 29, 25, 44, 56, 59], [0, 62, 28, 33, 1, 12, 13], [0, 53, 40, 58, 20, 32, 5], [0, 60, 50, 16, 41, 2, 38, 42, 61, 45]]


#################

init = 1397.34
res = 1210.305

solution = [[0, 46, 64, 6, 26, 31, 34, 47], [0, 53, 59, 56, 44, 21], [0, 40, 10, 8, 52, 24, 19, 18, 29], [0, 32, 20, 58, 61, 42, 38, 2, 41], [0, 37, 30, 60, 50, 16, 45, 5], [0, 62, 33, 1, 12, 13, 25, 55], [0, 7, 11, 63, 54, 48, 57, 23, 28], [0, 39, 51], [0, 27, 14, 3, 36, 35, 4, 49], [0, 17, 9, 22, 15, 43]]


#################

init = 1397.34
res = 1217.148

solution = [[0, 7, 11, 63, 54, 48, 57, 23, 28], [0, 21, 25, 44, 56, 59, 19, 18], [0, 62, 33, 1, 12, 13, 29, 55], [0, 47, 34, 31, 26, 6, 64, 46], [0, 39, 51], [0, 53, 40, 10, 8, 52, 24], [0, 32, 20, 58, 61, 42, 38, 2, 41], [0, 43, 15, 22, 9, 17], [0, 37, 30, 60, 50, 16, 45, 5], [0, 49, 4, 35, 36, 3, 14, 27]]


#################

init = 1249.873
res = 1227.76

solution = [[0, 41, 2, 38, 42, 61, 58, 20, 32], [0, 15, 22, 9, 14, 3, 36, 35, 4, 49], [0, 46, 64, 6, 26, 31, 34, 47], [0, 51, 39, 7, 11, 63, 54, 48, 57, 23, 28], [0, 5, 45, 16, 50, 60, 30, 37], [0, 44, 56, 59, 53], [0, 29, 19, 24, 52, 8, 10, 40], [0, 55, 21, 25, 18, 33, 1, 12, 13], [0, 43, 27, 17, 62]]


#################

init = 1141.444
res = 1096.371

solution = [[0, 30, 37, 35, 36, 3, 4, 49], [0, 21, 25, 44, 56, 59, 40, 58, 20, 32, 61, 42, 38, 2], [0, 62, 28, 23, 57, 48, 54, 63, 11, 7, 39, 51], [0, 46, 64, 6, 26, 31, 34, 47], [0, 15, 22, 9, 14, 27, 43], [0, 53, 10, 8, 52, 24, 19, 18], [0, 33, 1, 12, 13, 29, 55], [0, 5, 45, 41, 16, 50, 60, 17]]


#################

init = 1138.236
res = 1096.324

solution = [[0, 30, 37, 35, 36, 3, 4, 49], [0, 21, 25, 44, 56, 59, 40, 58, 20, 32, 61, 42, 38, 2], [0, 62, 28, 23, 57, 48, 54, 63, 11, 7, 39, 51], [0, 46, 64, 6, 26, 31, 34, 47], [0, 15, 22, 9, 14, 27, 43], [0, 19, 24, 52, 8, 10, 53], [0, 33, 1, 12, 13, 18, 29, 55], [0, 5, 45, 41, 16, 50, 60, 17]]


#################

init = 1138.236
res = 1096.324

solution = [[0, 30, 37, 35, 36, 3, 4, 49], [0, 21, 25, 44, 56, 59, 40, 58, 20, 32, 61, 42, 38, 2], [0, 62, 28, 23, 57, 48, 54, 63, 11, 7, 39, 51], [0, 46, 64, 6, 26, 31, 34, 47], [0, 15, 22, 9, 14, 27, 43], [0, 5, 45, 41, 16, 50, 60, 17], [0, 33, 1, 12, 13, 18, 29, 55], [0, 19, 24, 52, 8, 10, 53]]


#################

init = 1138.236
res = 1096.324

solution = [[0, 30, 37, 35, 36, 3, 4, 49], [0, 21, 25, 44, 56, 59, 40, 58, 20, 32, 61, 42, 38, 2], [0, 62, 28, 23, 57, 48, 54, 63, 11, 7, 39, 51], [0, 46, 64, 6, 26, 31, 34, 47], [0, 15, 22, 9, 14, 27, 43], [0, 19, 24, 52, 8, 10, 53], [0, 33, 1, 12, 13, 18, 29, 55], [0, 5, 45, 41, 16, 50, 60, 17]]


#################

init = 1138.236
res = 1090.34

solution = [[0, 21, 25, 44, 56, 59, 40, 58, 20, 32, 61, 42, 38, 2], [0, 62, 28, 23, 57, 48, 54, 63, 11, 7, 39, 51], [0, 46, 64, 6, 26, 31, 34, 47], [0, 55, 29, 18, 13, 12, 1, 33], [0, 19, 24, 52, 8, 10, 53], [0, 30, 60, 50, 16, 41, 45, 5], [0, 43, 4, 3, 36, 35, 37, 49], [0, 15, 27, 14, 9, 22, 17]]


#################

init = 1251.6
res = 1181.895

solution = [[0, 62, 28, 23, 57, 48, 54, 63, 11, 7], [0, 2, 38, 42, 61, 32, 20, 58, 40, 59, 56, 44], [0, 30, 37, 35, 36, 3, 4, 49], [0, 46, 64, 6, 26, 31, 34, 47], [0, 15, 22, 9, 14, 27, 43], [0, 55], [0, 17], [0, 53, 10, 8, 52, 24, 19, 18], [0, 5, 45, 41, 16, 50, 60, 60], [0, 29, 21, 25, 13, 12, 1, 33, 39, 51]]


#################

init = 1225.721
res = 1180.608

solution = [[0, 62, 28, 23, 57, 48, 54, 63, 11, 7], [0, 2, 38, 42, 61, 32, 20, 58, 40, 59, 56, 44], [0, 30, 37, 35, 36, 3, 4, 49], [0, 46, 64, 6, 26, 31, 34, 47], [0, 15, 22, 9, 14, 27, 43], [0, 5, 45, 41, 16, 50, 60, 60], [0, 13, 12, 1, 33, 39, 51, 17], [0, 18, 19, 24, 52, 8, 10, 53], [0, 55, 21, 25, 29]]


#################

init = 1225.721
res = 1180.608

solution = [[0, 62, 28, 23, 57, 48, 54, 63, 11, 7], [0, 2, 38, 42, 61, 32, 20, 58, 40, 59, 56, 44], [0, 30, 37, 35, 36, 3, 4, 49], [0, 46, 64, 6, 26, 31, 34, 47], [0, 15, 22, 9, 14, 27, 43], [0, 5, 45, 41, 16, 50, 60, 60], [0, 13, 12, 1, 33, 39, 51, 17], [0, 53, 10, 8, 52, 24, 19, 18], [0, 55, 21, 25, 29]]


#################

init = 1225.721
res = 1144.09

solution = [[0, 62, 28, 23, 57, 48, 54, 63, 11, 7], [0, 2, 38, 42, 61, 20, 58, 40, 59, 56, 44], [0, 49, 4, 3, 36, 35, 37, 30], [0, 46, 64, 6, 26, 31, 34, 47], [0, 15, 22, 9, 14, 27, 43], [0, 53, 10, 8, 52, 24, 29], [0, 5, 45, 32, 41, 16, 50, 60, 60], [0, 17, 51, 39], [0, 55, 18, 21, 25, 19, 13, 12, 1, 33]]


#################

init = 1225.721
res = 1182.36

solution = [[0, 62, 28, 23, 57, 48, 54, 63, 11, 7], [0, 2, 38, 42, 61, 20, 58, 40, 59, 56, 44], [0, 30, 37, 35, 36, 3, 4, 49], [0, 46, 64, 6, 26, 31, 34, 47], [0, 15, 22, 9, 14, 27, 43], [0, 5, 45, 41, 16, 50, 60, 60], [0, 18, 19, 24, 52, 8, 10, 53, 32], [0, 17, 51, 39, 33, 1, 12, 13], [0, 55, 21, 25, 29]]


#################

init = 1335.737
res = 1233.368

solution = [[0, 30, 37, 35, 36, 3, 4, 49], [0, 15, 22, 9, 14, 27, 43], [0, 28, 23, 57, 48, 54, 63, 11, 7], [0, 46, 64, 6, 26, 31, 34, 47], [0, 40, 59, 56, 44, 25], [0, 17, 51, 39], [0, 53, 10, 8, 52, 24, 19, 33], [0, 29, 55, 21, 18, 13, 12, 1, 62], [0, 5, 45, 16, 50, 60, 60], [0, 32, 20, 58, 61, 42, 38, 2, 41]]


#################

init = 1332.456
res = 1231.142

solution = [[0, 33, 1, 12, 13, 24, 52, 8, 10], [0, 60, 60, 30, 37, 35, 36, 3, 4], [0, 15, 22, 9, 14, 27, 43], [0, 28, 23, 57, 48, 54, 63, 11, 7], [0, 46, 64, 6, 26, 31, 34, 47], [0, 32, 20, 58, 61, 42, 38, 2, 41], [0, 29, 18, 19, 56, 44, 59, 40], [0, 62, 55, 21, 25, 53], [0, 5, 45, 16, 50, 49, 17, 51, 39]]


#################

init = 1332.456
res = 1198.917

solution = [[0, 33, 1, 12, 13, 24, 52, 8, 10], [0, 60, 60, 30, 37, 35, 36, 3, 4], [0, 46, 64, 6, 26, 31, 34, 47], [0, 15, 22, 9, 14, 27, 43], [0, 55, 29, 28, 23, 57, 48, 54], [0, 17, 51, 39, 7, 11, 63, 62], [0, 5, 45, 61, 42, 38, 2, 41, 16, 50, 49], [0, 32, 20, 58, 40, 53], [0, 21, 25, 44, 56, 59, 19, 18]]


#################

init = 1275.338
res = 1194.23

solution = [[0, 33, 1, 12, 13, 19, 24, 52, 8, 10], [0, 62, 28, 23, 57, 48, 54, 63, 11, 7, 39, 51, 17], [0, 15, 22, 9, 14, 27, 43], [0, 46, 64, 6, 26, 31, 34, 47], [0, 32, 20, 58, 61, 42, 38, 2, 41], [0, 29, 18, 44, 56, 59, 40], [0, 53, 25, 21, 55], [0, 60, 60, 50, 16, 45, 5], [0, 30, 37, 35, 36, 3, 4, 49]]


#################

init = 1275.338
res = 1171.434

solution = [[0, 33, 1, 12, 13, 24, 52, 8, 10], [0, 60, 60, 30, 37, 35, 36, 3], [0, 62, 28, 23, 57, 48, 54, 63, 11, 7, 39, 51, 17], [0, 15, 22, 9, 14, 27, 43], [0, 46, 64, 6, 26, 31, 34, 47], [0, 21, 25, 56, 44, 59, 19, 18], [0, 29, 55], [0, 53, 40, 58, 20, 32, 45, 5], [0, 49, 4, 50, 16, 41, 2, 38, 42, 61]]


#################

init = 1357.876
res = 1217.148

solution = [[0, 46, 64, 6, 26, 31, 34, 47], [0, 37, 30, 60, 50, 16, 45, 5], [0, 53, 40, 10, 8, 52, 24], [0, 21, 25, 56, 44, 59, 19, 18], [0, 32, 20, 58, 61, 42, 38, 2, 41], [0, 62, 33, 1, 12, 13, 29, 55], [0, 7, 11, 63, 54, 48, 57, 23, 28], [0, 39, 51], [0, 27, 14, 3, 36, 35, 4, 49], [0, 43, 15, 22, 9, 17]]


#################

init = 1250.068
res = 1195.82

solution = [[0, 23, 57, 48, 54, 63, 11, 7, 39, 51], [0, 49, 3, 36, 35, 37, 30, 60], [0, 53, 40, 59, 56, 44, 55], [0, 46, 64, 6, 26, 31, 34, 47], [0, 19, 24, 52, 10, 8, 25, 21], [0, 29, 18, 13, 12, 1, 33, 28, 62], [0, 17, 15, 27, 43, 43], [0, 22, 9, 14, 4, 50, 16, 45, 5], [0, 32, 20, 58, 61, 42, 38, 2, 41]]


#################

init = 1250.068
res = 1189.049

solution = [[0, 23, 57, 48, 54, 63, 11, 7, 39, 51], [0, 49, 3, 36, 35, 37, 30, 60], [0, 53, 40, 59, 56, 44, 55], [0, 46, 64, 6, 26, 31, 34, 47], [0, 32, 20, 58, 61, 42, 38, 2, 41], [0, 21, 25, 8, 10, 52, 24, 19], [0, 62, 28, 33, 1, 12, 13, 18, 29], [0, 43, 43, 4, 50, 16, 45, 5], [0, 15, 27, 14, 9, 22, 17]]


#################

init = 1250.068
res = 1185.891

solution = [[0, 23, 57, 48, 54, 63, 11, 7, 39, 51], [0, 53, 40, 59, 56, 44, 55], [0, 62, 28, 33, 1, 12, 13, 29], [0, 15, 22, 9, 14, 27, 43, 43], [0, 46, 64, 6, 26, 31, 34, 47], [0, 18, 19, 24, 52, 10, 8, 25, 21], [0, 32, 20, 58, 61, 42, 38, 2, 41], [0, 49, 4, 37, 30, 60], [0, 5, 45, 16, 50, 35, 36, 3, 17]]


#################

init = 1250.068
res = 1189.049

solution = [[0, 23, 57, 48, 54, 63, 11, 7, 39, 51], [0, 49, 3, 36, 35, 37, 30, 60], [0, 53, 40, 59, 56, 44, 55], [0, 29, 18, 13, 12, 1, 33, 28, 62], [0, 46, 64, 6, 26, 31, 34, 47], [0, 19, 24, 52, 10, 8, 25, 21], [0, 15, 27, 14, 9, 22, 17], [0, 43, 43, 4, 50, 16, 45, 5], [0, 32, 20, 58, 61, 42, 38, 2, 41]]
Execution = 450.77727699279785
Aretes fixées après apprentissage pour cette exécution
Fixed edges = [[0, 35, 36, 3, 4, 49, 0], [0, 8, 10, 52, 24, 19, 0], [0, 51, 39, 7, 11, 63, 54, 48, 57, 23, 28, 62, 0], [0, 60, 50, 16, 41, 60, 0], [0, 13, 12, 1, 33, 0], [0, 21, 25, 44, 56, 59, 40, 0], [0, 32, 20, 58, 61, 42, 38, 2, 45, 0], [0, 15, 22, 9, 14, 27, 43, 0], [0, 46, 64, 6, 26, 31, 34, 47, 0], [0, 30, 37, 0], [0, 5, 0], [0, 17, 0], [0, 18, 0], [0, 29, 0], [0, 53, 0], [0, 55, 0]]
Time = 2.409252405166626


#################

init = 1293.048
res = 1208.708

solution = [[0, 51, 39, 7, 11, 63, 54, 48, 57, 23, 28, 62], [0, 15, 22, 9, 14, 27, 43], [0, 46, 64, 6, 26, 31, 34, 47], [0, 17], [0, 32, 20, 58, 61, 42, 38, 2, 41], [0, 30, 37, 35, 36, 3, 4, 49], [0, 5, 45, 16, 50, 60, 60], [0, 33, 1, 12, 13, 19, 18, 29, 55], [0, 53, 40, 10, 8, 52, 24], [0, 21, 25, 44, 56, 59]]


#################

init = 1393.07
res = 1232.018

solution = [[0, 60, 41, 16, 50, 37, 30], [0, 21, 25, 8, 10, 52, 24, 19, 18], [0, 55, 56, 44, 40, 59], [0, 5, 45, 2, 38, 42, 61, 58, 20, 32], [0, 46, 64, 6, 26, 31, 34, 47], [0, 15, 22, 9, 14, 27, 43], [0, 29, 53, 13, 12, 1, 33, 62], [0, 28, 23, 57, 48, 54, 11, 63, 7], [0, 0, 39, 51, 17, 49, 4, 3, 36, 35]]


#################

init = 1446.218
res = 1229.159

solution = [[0, 32, 20, 58, 61, 42, 38, 2, 41], [0, 18, 52, 8, 10, 56, 59, 40], [0, 53, 44, 24, 19, 25, 21], [0, 46, 64, 6, 26, 31, 34, 47], [0, 55, 29, 13, 12, 1, 33, 62], [0, 7, 63, 11, 54, 48, 57, 23, 28], [0, 39, 51], [0, 43, 15, 22, 9, 17], [0, 37, 30, 60, 50, 16, 45, 5], [0, 27, 14, 3, 36, 35, 4, 49]]


#################

init = 1490.718
res = 1217.199

solution = [[0, 46, 64, 6, 26, 31, 34, 47], [0, 32, 20, 58, 61, 42, 38, 2, 41], [0, 28, 23, 57, 48, 54, 11, 63, 7], [0, 39, 51], [0, 53, 40, 10, 8, 52, 24], [0, 29, 18, 25, 19, 13, 12, 1, 33, 62], [0, 59, 56, 44, 21, 55], [0, 43, 15, 22, 9, 17], [0, 27, 14, 3, 36, 35, 4, 49], [0, 37, 30, 60, 50, 16, 45, 5]]


#################

init = 1465.262
res = 1215.9

solution = [[0, 32, 20, 58, 61, 42, 38, 2, 41], [0, 7, 63, 11, 54, 48, 57, 23, 28], [0, 46, 64, 6, 26, 31, 34, 47], [0, 5, 45, 16, 50, 60, 30, 37], [0, 29, 55, 19, 13, 12, 1, 33, 62], [0, 53, 59, 44, 56, 21], [0, 25, 40, 10, 8, 52, 24, 18], [0, 39, 51], [0, 43, 15, 22, 9, 17], [0, 49, 4, 35, 36, 3, 14, 27]]


#################

init = 1317.798
res = 1225.736

solution = [[0, 46, 64, 6, 26, 31, 34, 47], [0, 32, 20, 58, 61, 42, 38, 2, 41], [0, 29, 21, 53, 56, 59, 40], [0, 44, 10, 8, 52, 24, 18], [0, 5, 45, 60, 30, 37, 50, 16], [0, 27, 14, 3, 36, 35, 4, 49], [0, 43, 15, 22, 9, 17], [0, 51, 39], [0, 7, 11, 63, 54, 48, 57, 23, 28], [0, 55, 25, 19, 13, 12, 1, 33, 62]]


#################

init = 1554.226
res = 1228.312

solution = [[0, 29, 21, 53, 56, 59, 40], [0, 32, 20, 58, 61, 42, 38, 2, 41], [0, 18, 19, 24, 52, 8, 10, 44], [0, 55, 25, 13, 12, 1, 33, 62], [0, 28, 23, 57, 48, 54, 7, 11, 63], [0, 47, 34, 31, 26, 6, 46, 64], [0, 39, 51, 17, 43, 9, 22], [0, 49, 4, 35, 36, 3, 14, 27, 15], [0, 5, 45, 60, 30, 37, 50, 16]]


#################

init = 1452.646
res = 1214.667

solution = [[0, 29, 21, 53, 56, 59, 40], [0, 32, 20, 58, 61, 42, 38, 2, 41], [0, 44, 10, 8, 52, 24, 19, 18], [0, 55, 25, 13, 12, 1, 33, 62], [0, 28, 23, 57, 48, 54, 11, 63, 7], [0, 47, 34, 31, 26, 6, 46, 64], [0, 43, 22, 9, 17, 51, 39], [0, 15, 27, 14, 3, 36, 35, 4, 49], [0, 5, 45, 60, 30, 37, 50, 16]]


#################

init = 1452.646
res = 1214.667

solution = [[0, 29, 21, 53, 56, 59, 40], [0, 32, 20, 58, 61, 42, 38, 2, 41], [0, 44, 10, 8, 52, 24, 19, 18], [0, 55, 25, 13, 12, 1, 33, 62], [0, 28, 23, 57, 48, 54, 11, 63, 7], [0, 47, 34, 31, 26, 6, 46, 64], [0, 43, 22, 9, 17, 51, 39], [0, 15, 27, 14, 3, 36, 35, 4, 49], [0, 5, 45, 60, 30, 37, 50, 16]]


#################

init = 1452.646
res = 1214.667

solution = [[0, 29, 21, 53, 56, 59, 40], [0, 32, 20, 58, 61, 42, 38, 2, 41], [0, 44, 10, 8, 52, 24, 19, 18], [0, 55, 25, 13, 12, 1, 33, 62], [0, 28, 23, 57, 48, 54, 11, 63, 7], [0, 5, 45, 60, 30, 37, 50, 16], [0, 47, 34, 31, 26, 6, 46, 64], [0, 15, 27, 14, 3, 36, 35, 4, 49], [0, 43, 22, 9, 17, 51, 39]]


#################

init = 1286.463
res = 1230.06

solution = [[0, 51, 39, 7, 63, 11, 54, 48, 57, 23], [0, 46, 64, 6, 26, 31, 34, 47], [0, 30, 37, 35, 36, 3, 4, 49], [0, 15, 22, 9, 14, 27, 43], [0, 19, 24, 52, 8, 10, 44, 21], [0, 53, 40, 59, 56, 25, 18], [0, 17, 62, 28, 33, 1, 12, 13], [0, 29, 55, 45, 16, 50, 60, 5], [0, 32, 20, 58, 61, 42, 38, 2, 41]]


#################

init = 1620.029
res = 1243.147

solution = [[0, 28, 23, 57, 48, 54, 11, 63, 7], [0, 19, 52, 8, 10, 44, 59, 40], [0, 53, 56, 25, 21, 18, 62], [0, 33, 1, 12, 13, 24, 55, 29], [0, 32, 20, 58, 61, 42, 38, 2, 41], [0, 39, 51], [0, 47, 34, 31, 26, 6, 64, 46], [0, 43, 15, 22, 9, 17], [0, 37, 30, 60, 50, 16, 45, 5], [0, 27, 14, 3, 36, 35, 4, 49]]


#################

init = 1477.952
res = 1210.907

solution = [[0, 17], [0, 47, 34, 31, 26, 64, 46, 6], [0, 29, 18, 13, 12, 1, 33, 28, 62], [0, 51, 39, 7, 11, 63, 54, 48, 57, 23], [0, 43, 15, 27, 14, 9, 22], [0, 30, 37, 35, 36, 3, 4, 49], [0, 60, 50, 16, 41, 2, 38, 42, 61, 45], [0, 53, 40, 58, 20, 32, 5], [0, 59, 44, 56, 55], [0, 19, 24, 52, 10, 8, 25, 21]]


#################

init = 1405.466
res = 1233.313

solution = [[0, 21, 25, 8, 10, 52, 24, 19, 18], [0, 40, 59, 56, 44, 55], [0, 49, 4, 35, 36, 3, 14, 27, 15], [0, 47, 34, 31, 26, 6, 46, 64], [0, 7, 63, 11, 54, 48, 57, 23, 28], [0, 62, 29, 33, 1, 12, 13, 53], [0, 43, 22, 9, 17, 51, 39], [0, 32, 20, 58, 61, 42, 38, 2, 41], [0, 5, 45, 16, 50, 37, 30, 60]]


#################

init = 1405.466
res = 1205.813

solution = [[0, 47, 34, 31, 26, 6, 64, 46], [0, 7, 63, 11, 54, 48, 57, 23, 28], [0, 43, 22, 9, 17, 51, 39], [0, 49, 4, 35, 36, 3, 14, 27, 15], [0, 53, 40, 10, 8, 52, 24], [0, 62, 33, 1, 12, 13, 19, 25, 29], [0, 18, 44, 56, 59, 21, 55], [0, 37, 30, 60, 50, 16, 45, 5], [0, 32, 20, 58, 61, 42, 38, 2, 41]]


#################

init = 1421.349
res = 1256.272

solution = [[0, 46, 64, 6, 26, 31, 34, 47], [0, 32, 20, 58, 61, 42, 38, 2, 41], [0, 11, 63, 63, 7, 39, 51, 17], [0, 62, 28, 23, 57, 48, 54], [0, 15, 22, 9, 14, 27, 43], [0, 21, 25, 44, 56, 53], [0, 33, 1, 12, 13, 18, 29, 55], [0, 19, 24, 52, 8, 10, 59, 40], [0, 30, 37, 35, 36, 3, 4, 49], [0, 5, 45, 16, 50, 60, 60]]


#################

init = 1518.963
res = 1260.579

solution = [[0, 53, 56, 44, 25, 21], [0, 32, 20, 58, 61, 42, 38, 2, 41], [0, 19, 24, 52, 8, 10, 40, 59], [0, 43, 15, 27, 14, 9, 22], [0, 55, 29, 18, 13, 12, 1, 33], [0, 60, 60, 50, 16, 45, 5], [0, 47, 34, 31, 26, 6, 46, 64], [0, 30, 37, 35, 36, 3, 4, 49], [0, 54, 48, 57, 23, 28, 62], [0, 17, 51, 39, 7, 11, 63, 63]]


#################

init = 1484.293
res = 1256.272

solution = [[0, 53, 56, 44, 25, 21], [0, 15, 22, 9, 14, 27, 43], [0, 47, 34, 31, 26, 6, 64, 46], [0, 17, 51, 39, 7, 11, 63, 63], [0, 54, 48, 57, 23, 28, 62], [0, 30, 37, 35, 36, 3, 4, 49], [0, 55, 29, 18, 13, 12, 1, 33], [0, 19, 24, 52, 8, 10, 59, 40], [0, 32, 20, 58, 61, 42, 38, 2, 41], [0, 5, 45, 16, 50, 60, 60]]


#################

init = 1484.293
res = 1257.682

solution = [[0, 53, 56, 44, 25, 21], [0, 32, 20, 58, 61, 42, 38, 2, 41], [0, 19, 24, 52, 8, 10, 40, 59], [0, 55, 29, 18, 13, 12, 1, 33], [0, 60, 60, 50, 16, 45, 5], [0, 47, 34, 31, 26, 6, 46, 64], [0, 15, 22, 9, 14, 27, 43], [0, 30, 37, 35, 36, 3, 4, 49], [0, 54, 48, 57, 23, 28, 62], [0, 17, 51, 39, 7, 11, 63, 63]]


#################

init = 1484.293
res = 1257.682

solution = [[0, 53, 56, 44, 25, 21], [0, 19, 24, 52, 8, 10, 40, 59], [0, 55, 29, 18, 13, 12, 1, 33], [0, 47, 34, 31, 26, 6, 46, 64], [0, 15, 22, 9, 14, 27, 43], [0, 30, 37, 35, 36, 3, 4, 49], [0, 60, 60, 50, 16, 45, 5], [0, 32, 20, 58, 61, 42, 38, 2, 41], [0, 54, 48, 57, 23, 28, 62], [0, 17, 51, 39, 7, 11, 63, 63]]


#################

init = 1359.742
res = 1267.746

solution = [[0, 37, 30, 60, 50, 16, 41], [0, 5, 45, 32, 20, 58, 61, 42, 38, 2], [0, 15, 27, 14, 3, 36, 35, 4, 49], [0, 39, 7, 54, 48, 57, 11, 63, 63], [0, 53, 40, 10, 8, 52, 24], [0, 17, 31, 26, 6, 64, 46, 51], [0, 47, 34, 9, 22, 43], [0, 18, 44, 56, 59, 21, 55], [0, 23, 33, 1, 12, 13, 19, 25, 29], [0, 62, 28]]


#################

init = 1620.388
res = 1244.788

solution = [[0, 57, 48, 54, 11, 63, 63, 7, 39], [0, 59, 40, 10, 8, 52, 24, 19, 18], [0, 33, 13, 12, 1, 23, 28, 62], [0, 43, 27, 14, 3, 36, 35, 4], [0, 17, 31, 26, 6, 64, 46, 51], [0, 49, 15, 22, 9, 34, 47], [0, 21, 25, 56, 44, 53], [0, 29, 55], [0, 37, 30, 60, 50, 16, 45, 5], [0, 32, 20, 58, 61, 42, 38, 2, 41]]


#################

init = 1484.62
res = 1246.466

solution = [[0, 17, 31, 26, 6, 64, 46, 51], [0, 32, 20, 58, 61, 42, 38, 2, 41], [0, 53, 56, 44, 25, 21], [0, 59, 40, 10, 8, 52, 24, 19, 18], [0, 54, 48, 57, 23, 1, 12, 13, 33], [0, 37, 30, 60, 50, 16, 45, 5], [0, 55, 29], [0, 62, 28, 63, 11, 63, 7, 39], [0, 47, 34, 9, 22, 43], [0, 15, 27, 14, 3, 36, 35, 4, 49]]


#################

init = 1501.618
res = 1208.471

solution = [[0, 53, 56, 44, 25, 21], [0, 32, 40, 59, 10, 8, 52, 24, 19, 18], [0, 55, 29, 13, 12, 1, 33, 62], [0, 7, 11, 63, 54, 48, 57, 23, 28], [0, 46, 64, 6, 26, 31, 34, 47], [0, 39, 51], [0, 30, 37, 50, 16, 60, 5], [0, 20, 58, 61, 42, 38, 2, 41, 45], [0, 17, 9, 22, 15, 43], [0, 27, 14, 3, 36, 35, 4, 49]]


#################

init = 1429.484
res = 1217.148

solution = [[0, 39, 51], [0, 32, 20, 58, 61, 42, 38, 2, 41], [0, 46, 64, 6, 26, 31, 34, 47], [0, 7, 11, 63, 54, 48, 57, 23, 28], [0, 55, 29, 13, 12, 1, 33, 62], [0, 53, 40, 10, 8, 52, 24], [0, 21, 25, 56, 44, 59, 19, 18], [0, 37, 30, 60, 50, 16, 45, 5], [0, 17, 9, 22, 15, 43], [0, 27, 14, 3, 36, 35, 4, 49]]
Execution = 504.0192885398865
Aretes fixées après apprentissage pour cette exécution
Fixed edges = [[0, 46, 64, 6, 26, 31, 0], [0, 44, 56, 0], [0, 40, 59, 0], [0, 30, 37, 0], [0, 16, 50, 0], [0, 15, 22, 9, 14, 27, 43, 0], [0, 11, 63, 0], [0, 8, 10, 0], [0, 4, 49, 0], [0, 2, 38, 42, 61, 58, 20, 0], [0, 23, 57, 48, 54, 0], [0, 3, 36, 35, 0], [0, 34, 47, 0], [0, 12, 1, 33, 0], [0, 19, 24, 52, 0], [0, 5, 0], [0, 7, 0], [0, 13, 0], [0, 17, 0], [0, 18, 0], [0, 21, 0], [0, 25, 0], [0, 28, 0], [0, 29, 0], [0, 32, 0], [0, 39, 0], [0, 41, 0], [0, 45, 0], [0, 51, 0], [0, 53, 0], [0, 55, 0], [0, 60, 0], [0, 62, 0]]
Time = 2.499290704727173


#################

init = 1462.763
res = 1227.472

solution = [[0, 39, 51], [0, 32, 20, 58, 61, 42, 38, 2, 41], [0, 46, 64, 6, 26, 31, 34, 47], [0, 7, 11, 63, 54, 48, 57, 23, 28], [0, 53, 59, 44, 56, 21], [0, 37, 30, 60, 50, 16, 45, 5], [0, 29, 18, 25, 19, 13, 12, 1, 33, 62], [0, 55, 24, 52, 8, 10, 40], [0, 15, 22, 9, 14, 27, 43], [0, 49, 4, 35, 36, 3, 17]]
