Aretes fixées après apprentissage pour cette exécution
Fixed edges = [[0, 16, 50, 0], [0, 43, 27, 14, 9, 22, 15, 0], [0, 6, 46, 0], [0, 2, 38, 42, 61, 58, 20, 0], [0, 26, 31, 0], [0, 3, 36, 35, 0], [0, 40, 59, 56, 44, 0], [0, 11, 63, 0], [0, 30, 37, 0], [0, 8, 10, 0], [0, 34, 47, 0], [0, 48, 57, 0], [0, 1, 12, 0], [0, 4, 49, 0], [0, 5, 0], [0, 7, 0], [0, 13, 0], [0, 17, 0], [0, 18, 0], [0, 19, 0], [0, 21, 0], [0, 23, 0], [0, 24, 0], [0, 25, 0], [0, 28, 0], [0, 29, 0], [0, 32, 0], [0, 33, 0], [0, 39, 0], [0, 41, 0], [0, 45, 0], [0, 51, 0], [0, 52, 0], [0, 53, 0], [0, 54, 0], [0, 55, 0], [0, 60, 0], [0, 62, 0], [0, 64, 0]]
Time = 7.5290069580078125


#################

init = 1312.226
res = 1220.303
gap = 3.139

solution = [[0, 43, 27, 14, 9, 22, 15], [0, 47, 34, 31, 26, 64, 46, 6], [0, 62, 23, 57, 48, 54, 63, 11, 7], [0, 39, 28, 33, 1, 12, 13, 19, 25, 29], [0, 18, 56, 44, 59, 21, 55], [0, 53, 40, 10, 8, 52, 24], [0, 32, 20, 58, 61, 42, 38, 2, 41], [0, 37, 30, 60, 50, 16, 45, 5], [0, 51, 17, 3, 36, 35, 4, 49]]


#################

init = 1263.54
res = 1221.39
gap = 3.225

solution = [[0, 24, 52, 8, 10, 40, 53], [0, 43, 27, 14, 9, 22, 15], [0, 47, 34, 31, 26, 6, 64, 46], [0, 39, 51, 17, 49, 3, 36, 35, 4], [0, 28, 23, 57, 48, 54, 7, 11, 63], [0, 37, 30, 60, 50, 16, 45, 5], [0, 41, 2, 38, 42, 61, 58, 20, 32], [0, 55, 21, 18, 19, 13, 12, 1, 33, 62], [0, 59, 56, 44, 25, 29]]


#################

init = 1333.549
res = 1225.455
gap = 3.546

solution = [[0, 24, 52, 8, 10, 40, 53], [0, 7, 63, 11, 54, 48, 57, 23, 28], [0, 29, 55, 21, 25, 18, 33, 62], [0, 1, 12, 13, 19, 56, 44, 59], [0, 17], [0, 27, 14, 3, 36, 35, 4, 49], [0, 34, 9, 22, 15, 43], [0, 47, 31, 26, 6, 64, 46, 39, 51], [0, 37, 30, 60, 50, 16, 45, 5], [0, 32, 20, 58, 61, 42, 38, 2, 41]]


#################

init = 1310.382
res = 1203.08
gap = 1.752

solution = [[0, 24, 52, 8, 10, 40, 53], [0, 43, 27, 14, 3, 36, 35, 4], [0, 29, 44, 56, 59, 55], [0, 39, 46, 64, 6, 26, 31, 17], [0, 49, 15, 22, 9, 34, 47, 51], [0, 18, 21, 25, 19, 13, 12, 1, 33, 62], [0, 7, 63, 11, 54, 48, 57, 23, 28], [0, 5, 45, 16, 50, 60, 30, 37], [0, 41, 2, 38, 42, 61, 58, 20, 32]]


#################

init = 1306.098
res = 1270.5
gap = 6.966

solution = [[0, 24, 52, 8, 10, 40, 53], [0, 12, 13, 19, 59, 56, 44, 21], [0, 7, 63, 11, 54, 48, 57, 23, 28], [0, 43, 27, 14, 4, 35, 36, 3], [0, 62, 33, 1, 18, 29, 55, 25], [0, 15, 22, 9, 34, 31, 26, 51], [0, 39, 46, 64, 6, 47, 17, 49], [0, 45, 41, 16, 50, 60, 30, 37], [0, 32, 20, 58, 61, 42, 38, 2, 5]]


#################

init = 1267.116
res = 1240.317
gap = 4.702

solution = [[0, 24, 52, 8, 10, 40, 53], [0, 7, 63, 11, 54, 48, 57, 23, 28], [0, 43, 27, 14, 4, 35, 36, 3], [0, 18, 21, 25, 19, 13, 12, 1, 33, 62], [0, 55, 59, 44, 56, 29], [0, 51, 17, 46, 64, 6, 47, 49], [0, 15, 22, 9, 34, 31, 26, 39], [0, 37, 30, 60, 50, 16, 45, 5], [0, 32, 20, 58, 61, 42, 38, 2, 41]]


#################

init = 1267.116
res = 1267.116
gap = 6.717

solution = [[0, 24, 52, 8, 10, 40, 53], [0, 12, 13, 19, 59, 56, 44, 21], [0, 7, 63, 11, 54, 48, 57, 23, 28], [0, 43, 27, 14, 4, 35, 36, 3], [0, 62, 33, 1, 18, 29, 55, 25], [0, 15, 22, 9, 34, 31, 26, 51], [0, 39, 46, 64, 6, 47, 17, 49], [0, 37, 30, 60, 50, 16, 45, 5], [0, 32, 20, 58, 61, 42, 38, 2, 41]]


#################

init = 1267.116
res = 1267.116
gap = 6.717

solution = [[0, 24, 52, 8, 10, 40, 53], [0, 12, 13, 19, 59, 56, 44, 21], [0, 7, 63, 11, 54, 48, 57, 23, 28], [0, 43, 27, 14, 4, 35, 36, 3], [0, 62, 33, 1, 18, 29, 55, 25], [0, 15, 22, 9, 34, 31, 26, 51], [0, 39, 46, 64, 6, 47, 17, 49], [0, 37, 30, 60, 50, 16, 45, 5], [0, 41, 2, 38, 42, 61, 58, 20, 32]]


#################

init = 1267.116
res = 1267.116
gap = 6.717

solution = [[0, 24, 52, 8, 10, 40, 53], [0, 12, 13, 19, 59, 56, 44, 21], [0, 7, 63, 11, 54, 48, 57, 23, 28], [0, 43, 27, 14, 4, 35, 36, 3], [0, 62, 33, 1, 18, 29, 55, 25], [0, 15, 22, 9, 34, 31, 26, 51], [0, 39, 46, 64, 6, 47, 17, 49], [0, 37, 30, 60, 50, 16, 45, 5], [0, 41, 2, 38, 42, 61, 58, 20, 32]]


#################

init = 1267.116
res = 1267.116
gap = 6.717

solution = [[0, 24, 52, 8, 10, 40, 53], [0, 12, 13, 19, 59, 44, 56, 21], [0, 7, 63, 11, 54, 48, 57, 23, 28], [0, 43, 27, 14, 4, 35, 36, 3], [0, 62, 33, 1, 18, 29, 55, 25], [0, 15, 22, 9, 34, 31, 26, 51], [0, 39, 46, 64, 6, 47, 17, 49], [0, 37, 30, 60, 50, 16, 45, 5], [0, 32, 20, 58, 61, 42, 38, 2, 41]]
Execution = 832.1027812957764

Aretes fixées après apprentissage pour cette exécution
Fixed edges = [[0, 41, 16, 50, 0], [0, 27, 14, 9, 22, 15, 0], [0, 2, 38, 42, 61, 58, 20, 0], [0, 44, 56, 59, 40, 0], [0, 30, 37, 0], [0, 26, 31, 0], [0, 11, 63, 0], [0, 8, 10, 0], [0, 3, 36, 35, 0], [0, 6, 46, 0], [0, 1, 12, 0], [0, 48, 57, 0], [0, 34, 47, 0], [0, 24, 52, 0], [0, 4, 49, 0], [0, 5, 0], [0, 7, 0], [0, 13, 0], [0, 17, 0], [0, 18, 0], [0, 19, 0], [0, 21, 0], [0, 23, 0], [0, 25, 0], [0, 28, 0], [0, 29, 0], [0, 32, 0], [0, 33, 0], [0, 39, 0], [0, 43, 0], [0, 45, 0], [0, 51, 0], [0, 53, 0], [0, 54, 0], [0, 55, 0], [0, 60, 0], [0, 62, 0], [0, 64, 0]]
Time = 7.565524339675903


#################

init = 1299.901
res = 1217.199
gap = 2.892

solution = [[0, 46, 64, 6, 26, 31, 34, 47], [0, 7, 63, 11, 54, 48, 57, 23, 28], [0, 53, 40, 10, 8, 52, 24], [0, 27, 14, 3, 36, 35, 4, 49], [0, 43, 15, 22, 9, 17], [0, 39, 51], [0, 29, 18, 25, 19, 13, 12, 1, 33, 62], [0, 59, 44, 56, 21, 55], [0, 37, 30, 60, 50, 16, 45, 5], [0, 41, 2, 38, 42, 61, 58, 20, 32]]


#################

init = 1306.411
res = 1220.44
gap = 3.15

solution = [[0, 17], [0, 24, 52, 8, 10, 40, 53], [0, 28, 23, 57, 48, 54, 7, 11, 63], [0, 47, 31, 26, 6, 64, 46, 39, 51], [0, 55, 21, 56, 44, 59], [0, 29, 18, 25, 19, 13, 12, 1, 33, 62], [0, 34, 9, 22, 15, 43], [0, 27, 14, 3, 36, 35, 4, 49], [0, 37, 30, 60, 50, 16, 45, 5], [0, 32, 20, 58, 61, 42, 38, 2, 41]]


#################

init = 1254.488
res = 1214.367
gap = 2.665

solution = [[0, 55, 21, 44, 56, 59], [0, 24, 52, 8, 10, 40, 53], [0, 29, 18, 25, 19, 13, 12, 1, 33, 62], [0, 43, 15, 27, 14, 9, 22], [0, 28, 23, 57, 48, 54, 11, 63, 7], [0, 46, 64, 6, 26, 31, 34, 47], [0, 39, 51, 17, 3, 36, 35, 4, 49], [0, 37, 30, 60, 50, 16, 45, 5], [0, 41, 2, 38, 42, 61, 58, 20, 32]]


#################

init = 1254.891
res = 1219.459
gap = 3.072

solution = [[0, 53, 40, 8, 52, 24, 10], [0, 59, 44, 56, 21, 55], [0, 29, 18, 25, 19, 13, 12, 1, 33, 62], [0, 28, 23, 57, 48, 54, 11, 63, 7], [0, 49, 4, 35, 36, 3, 27, 43], [0, 15, 14, 22, 9, 34, 17], [0, 47, 31, 26, 6, 64, 46, 39, 51], [0, 37, 30, 60, 50, 16, 41, 45], [0, 32, 20, 58, 61, 42, 38, 2, 5]]


#################

init = 1261.838
res = 1220.623
gap = 3.164

solution = [[0, 24, 52, 8, 10, 40, 53], [0, 29, 18, 25, 19, 13, 12, 1, 33, 62], [0, 59, 56, 44, 21, 55], [0, 28, 23, 57, 48, 54, 7, 11, 63], [0, 46, 64, 6, 26, 31, 34, 47], [0, 15, 22, 9, 14, 27, 43], [0, 39, 51, 17, 49, 3, 36, 35, 4], [0, 41, 2, 38, 42, 61, 58, 20, 32], [0, 37, 30, 60, 50, 16, 45, 5]]


#################

init = 1378.695
res = 1199.87
gap = 1.489

solution = [[0, 43, 27, 14, 9, 22, 15], [0, 51, 39, 7, 11, 63, 54, 48, 57, 23], [0, 46, 64, 6, 26, 31, 34, 47], [0, 55, 59, 56, 44, 29], [0, 30, 37, 35, 36, 3, 4, 49], [0, 13, 12, 1, 33, 28, 62, 17], [0, 21, 25, 8, 10, 52, 24, 19, 18], [0, 53, 40, 58, 20, 32, 45, 5], [0, 60, 50, 16, 41, 2, 38, 42, 61]]


#################

init = 1269.943
res = 1208.327
gap = 2.179

solution = [[0, 46, 64, 6, 26, 31, 34, 47], [0, 15, 22, 9, 14, 27, 43], [0, 30, 37, 35, 36, 3, 4, 49], [0, 21, 8, 10, 52, 24, 19, 13, 12, 18], [0, 7, 63, 11, 54, 48, 57, 23, 62], [0, 17, 51, 39, 28, 1, 33, 55], [0, 29, 25, 56, 44, 59], [0, 53, 40, 58, 20, 32, 5], [0, 60, 50, 16, 41, 2, 38, 42, 61, 45]]


#################

init = 1276.922
res = 1206.92
gap = 2.065

solution = [[0, 12, 13, 19, 24, 52, 10, 8, 25], [0, 15, 22, 9, 14, 27, 43], [0, 55, 21, 44, 56, 59], [0, 7, 63, 11, 54, 48, 57, 23, 62], [0, 30, 37, 35, 36, 3, 4, 49], [0, 17, 51, 39, 28, 33, 1, 18, 29], [0, 46, 64, 6, 26, 31, 34, 47], [0, 53, 40, 58, 20, 32, 5], [0, 60, 50, 16, 2, 38, 42, 61, 41, 45]]


#################

init = 1386.019
res = 1213.602
gap = 2.604

solution = [[0, 29, 55, 32, 20, 58, 40], [0, 30, 37, 35, 36, 3, 4, 49], [0, 21, 25, 8, 10, 52, 24, 19, 18], [0, 5, 53, 59, 44, 56], [0, 46, 64, 6, 26, 31, 34, 47], [0, 60, 50, 16, 41, 2, 38, 42, 61, 45], [0, 62, 23, 57, 48, 54, 7, 11, 63], [0, 15, 22, 9, 14, 27, 43], [0, 17, 51, 39, 28, 33, 1, 12, 13]]


#################

init = 1259.111
res = 1228.836
gap = 3.811

solution = [[0, 53, 59, 32, 20, 58, 40], [0, 60, 50, 16, 2, 38, 42, 61, 41, 45], [0, 30, 37, 35, 36, 3, 4, 49], [0, 15, 22, 9, 14, 27, 43], [0, 46, 64, 6, 26, 31, 34, 47], [0, 7, 63, 11, 54, 48, 57, 23, 28], [0, 17, 51, 39, 62, 29, 55, 5], [0, 21, 25, 24, 13, 12, 1, 33], [0, 44, 56, 10, 8, 52, 19, 18]]
Execution = 911.5308754444122
